0 284556 187133
1 308823 148606
2 186200 154700
3 396751 171733
4 179312 163800
5 60921 159251
6 74838 151666
7 163685 179200
8 347957 193117
9 225475 157800
10 167152 190400
11 177460 182000
12 171997 191800
13 132065 116200
14 202041 230475
15 278117 95666
16 279537 34300
17 78810 155650
18 212420 109200
19 179407 171500
20 370742 162555
21 176913 184100
22 282188 153720
23 292192 175400
24 275310 166010
25 203928 100751
26 261022 141400
27 358304 184837
28 272412 141400
29 293102 80294
30 122824 36187
31 197741 125676
32 180832 136500
33 252652 120400
34 339525 108570
35 262504 168280
36 270906 174269
37 193515 200900
38 271818 187950
39 201067 202300
40 180262 200900
41 257236 182000
42 143276 49471
43 139745 37800
44 239922 203700
45 352628 216300
46 231673 205488
47 177396 110911
48 174562 208600
49 184980 188066
50 185487 212100
51 187572 197711
52 192137 219100
53 79007 77910
54 160122 69300
55 359290 195500
56 177317 74900
57 81723 98271
58 182162 64400
59 280695 197110
60 183350 189000
61 237310 208600
62 257716 181720
63 267322 188896
64 155515 77000
65 158830 106680
66 174847 84000
67 173838 204050
68 156813 63933
69 242962 44800
70 343360 164011
71 235932 21700
72 145540 4200
73 247902 29400
74 384399 227123
75 243539 31000
76 214548 220360
77 107484 108033
78 253887 53900
79 265034 101266
80 250182 23100
81 258922 32900
82 245754 44955
83 257212 24500
84 264432 132300
85 257365 125533
86 266712 99400
87 261107 112000
88 266712 86100
89 357457 113729
90 285434 145400
91 308864 69300
92 294690 151900
93 139837 135097
94 274197 222466
95 336537 91000
96 346917 105494
97 273879 114882
98 304000 86726
99 306660 111300
100 167770 99400
101 258261 119509
102 296925 225729
103 302875 118533
104 373126 62670
105 317046 121800
106 300437 89600
107 157740 149750
108 381430 89526
109 287850 103800
110 300010 104066
111 319010 95666
112 314117 102900
113 299706 120680
114 166397 150214
115 291688 121520
116 334104 95977
117 297033 143266
118 335200 132000
119 252874 191800
120 213611 144454
121 223453 143400
122 303408 99088
123 83001 148696
124 221558 91569
125 223876 158660
126 99908 104600
127 333803 166594
128 500819 69447
129 475701 141400
130 334839 35632
131 339789 101173
132 516172 76076
133 469680 119466
134 335621 143800
135 338718 102738
136 357200 93100
137 340442 141680
138 346940 86800
139 454606 79800
140 365218 86240
141 470896 113400
142 367396 138600
143 381203 77000
144 463916 120400
145 469908 55720
146 252469 58000
147 493418 131360
148 339530 150111
149 217634 35000
150 493468 89880
151 405270 63000
152 490516 101266
153 226543 18822
154 365560 147000
155 395136 76066
156 455219 262716
157 443151 118650
158 426621 248150
159 497545 147056
160 429198 89439
161 446392 263839
162 194839 34875
163 358378 211400
164 323665 247800
165 469184 215303
166 341382 211500
167 446310 108111
168 225862 252700
169 329365 249900
170 420307 98200
171 434834 121240
172 195971 289800
173 395943 221160
174 403876 265533
175 179669 262158
176 438710 264366
177 471742 223800
178 396530 273000
179 408251 207523
180 461645 217000
181 185503 264133
182 416564 243133
183 410944 237160
184 454100 235200
185 179692 277900
186 422370 102200
187 191161 262577
188 451083 213850
189 410210 256900
190 416995 35400
191 143391 189430
192 292106 101920
193 422813 34066
194 475851 206063
195 298716 77666
196 435427 31378
197 380271 145800
198 275760 70957
199 316635 73500
200 391552 148680
201 135813 191371
202 311683 31721
203 315020 78400
204 320530 23800
205 421154 22680
206 346370 117040
207 285691 47626
208 375756 39666
209 445372 39573
210 398442 135986
211 195953 151666
212 375123 34066
213 428996 19250
214 375883 34066
215 423835 41000
216 301593 29400
217 182352 123200
218 359986 105000
219 289496 33133
220 318212 33880
221 224221 179953
222 268141 215345
223 230137 264600
224 239898 173950
225 283152 203622
226 261512 261893
227 231641 134400
228 338466 252840
229 283757 209676
230 303726 225312
231 203953 179900
232 349129 253739
233 198113 108360
234 270127 242200
235 337313 260244
236 199044 138040
237 219585 194600
238 227080 225761
239 301150 257133
240 246357 258104
241 309757 247520
242 331075 273466
243 230311 251533
244 344171 265000
245 239624 215557
246 232370 115733
247 260157 232400
248 207290 153533
249 300770 253400
250 297160 248733
251 330790 237533
252 241490 128600
253 265002 248150
254 322145 112700
255 323950 102900
256 315970 91933
257 214019 173681
258 321543 189933
259 263266 161861
260 362570 98280
261 332183 93800
262 363153 131133
263 373065 157500
264 328700 163800
265 414647 163206
266 405776 233800
267 404003 200200
268 394250 211400
269 347890 76066
270 304095 74900
271 292790 41300
272 280998 86275
273 299060 186900
274 338643 69533
275 444753 96942
276 331296 69533
277 340421 84323
278 320530 66733
279 326103 77000
280 203395 248500
281 121447 209019
282 255740 215880
283 252415 221200
284 281706 259000
285 210583 261800
286 210710 266466
287 186302 226907
288 195320 255000
289 363216 26600
290 359575 83300
291 350170 77000
292 370816 25666
293 336137 53575
294 375388 78272
295 374870 35933
296 374838 38733
297 370364 60800
298 362128 254498
299 361285 252700
300 322430 209222
301 315210 248500
302 383103 268333
303 363850 220733
304 390703 229506
305 269610 29400
306 282150 39200
307 271415 191800
308 271510 27533
309 298236 25666
310 204330 21069
311 254790 14466
312 234445 53874
313 286203 21933
314 263910 22866
315 165553 261227
316 308750 252700
317 307040 98000
318 214383 237533
319 209570 243133
320 230976 273000
321 367555 128520
322 320530 207200
323 357493 114672
324 357010 92866
325 392147 110413
326 419456 205800
327 384243 44333
328 390070 203933
329 360715 238000
330 326800 242900
331 370056 265533
332 410250 151417
333 379556 268333
334 363497 204600
335 350170 264600
336 300200 198100
337 283765 177100
338 239716 27533
339 216118 109957
340 237943 30333
341 248836 23800
342 257497 34300
343 261744 66360
344 251695 40600
345 289750 206640
346 290890 200200
347 302290 234500
348 300643 267400
349 311410 228200
350 294795 191800
351 312129 213600
352 272602 102200
353 276830 107652
354 241490 208600
355 237690 218400
356 463410 131600
357 292790 281400
358 297540 274400
359 310080 267400
360 310270 273000
361 255930 18200
362 389500 53200
363 321480 268800
364 335730 292600
365 399570 196000
366 386650 288400
367 414010 124600
368 247950 217000
369 284373 130573
370 280250 7000
371 269610 295400
372 389310 7000
373 376390 7000
374 382850 7000
375 390450 295400
376 355110 7000
377 347130 4200
378 347890 77000
379 365370 9800
380 376010 15400
381 396530 26600
382 237310 289800
383 384370 46200
384 369930 4200
385 338390 79800
386 301530 281400
387 338390 96600
388 262770 161000
389 381330 130200
390 378290 18200
391 370310 85400
392 320910 105000
393 141930 295400
394 361950 79800
395 355870 85400
396 341430 77000
397 545110 141400
398 529530 121800
399 389690 9800
400 530290 130200
401 536750 124600
402 201590 267400
403 232370 295400
404 203870 295400
405 140030 292600
406 200450 270200
407 209950 292600
408 212230 281400
409 209950 289800
410 221730 287000
411 205770 261800
412 207290 287000
413 187150 295400
414 197790 281400
415 289370 292600
416 311030 253400
417 276450 295400
418 306470 289800
419 301530 273000
420 275310 292600
421 204630 284200
422 317490 245000
423 269610 289800
424 299630 7000
425 266950 7000
426 292030 284200
427 257450 4200
428 260110 7000
429 246810 7000
430 238830 4200
431 231230 9800
432 220970 292600
433 286710 7000
434 273410 7000
435 277970 4200
436 264290 9800
437 271890 12600
438 282910 23800
439 298870 4200
440 274170 9800
441 245670 4200
442 231230 12600
443 215270 295400
444 295070 289800
445 228570 7000
446 223630 4200
447 281390 9800
448 264670 26600
449 265810 4200
450 290890 4200
451 373350 9800
452 322810 4200
453 398430 4200
454 218690 281400
455 392730 12600
456 388930 21000
457 384370 26600
458 385130 35000
459 371070 12600
460 320910 295400
461 325470 287000
462 339910 295400
463 344850 287000
464 372970 295400
465 230090 287000
466 367270 292600
467 346370 295400
468 285570 295400
469 292030 295400
470 307230 287000
471 312550 295400
472 386650 284200
473 299630 295400
474 352450 289800
475 365370 295400
476 200830 287000
477 398050 9800
478 353590 71400
479 295450 9800
480 404510 9800
481 386650 292600
482 395770 7000
483 399570 15400
484 368790 77000
485 360810 4200
486 379430 295400
487 285570 287000
488 326990 292600
489 402990 289800
490 412870 295400
491 423890 292600
492 419330 295400
493 399570 295400
494 307610 121800
495 364990 71400
496 399570 18200
497 390830 4200
498 249470 295400
499 285790 140
500 127870 140
501 171550 298760
502 234270 298760
503 172670 298760
504 179390 298760
505 139070 140
506 178270 140
507 246590 298760
508 143550 140
509 224190 140
510 235390 140
511 255550 298760
512 248830 298760
513 255550 140
514 184990 298760
515 197310 298760
516 277950 298760
517 200670 298760
518 188350 298760
519 276830 140
520 262270 298760
521 257790 298760
522 141310 140
523 281310 298760
524 280190 140
525 289150 140
526 302590 140
527 301470 140
528 313790 140
529 318270 140
530 308190 140
531 148030 140
532 144670 140
533 142430 140
534 128990 140
535 140 155820
536 140 156940
537 268990 298760
538 140 159180
539 125630 140
540 140 152460
541 140 150220
542 145790 140
543 140 151340
544 161470 140
545 179390 140
546 169310 140
547 173790 140
548 196190 140
549 159230 140
550 267870 298760
551 249950 298760
552 216350 298760
553 266750 298760
554 251070 298760
555 253310 298760
556 219710 298760
557 272350 298760
558 227550 298760
559 217470 298760
560 210750 298760
561 124510 140
562 216350 140
563 191710 298760
564 244350 298760
565 193950 140
566 217470 140
567 233150 140
568 245470 140
569 252190 140
570 180510 298760
571 212990 298760
572 126750 140
573 324990 298760
574 214110 298760
575 195070 298760
576 277950 140
577 267870 140
578 260030 140
579 299230 298760
580 295870 140
581 298110 140
582 310430 140
583 132350 140
584 323870 140
585 296990 140
586 314910 140
587 336190 140
588 265630 298760
589 240990 298760
590 263390 298760
591 237630 298760
592 261150 298760
593 232030 298760
594 136830 140
595 177150 298760
596 204030 298760
597 215230 140
598 176030 298760
599 243230 298760
600 181630 298760
601 218590 140
602 234270 140
603 244350 140
604 253310 140
605 130110 140
606 202910 298760
607 174910 298760
608 283550 298760
609 226430 298760
610 186110 298760
611 281310 140
612 270110 298760
613 264510 140
614 290270 298760
615 337310 140
616 137950 140
617 303710 140
618 311550 140
619 293630 140
620 294750 140
621 300350 140
622 329470 140
623 254430 298760
624 178270 298760
625 256670 298760
626 230910 298760
627 156990 140
628 276830 298760
629 279070 298760
630 284670 298760
631 396670 298760
632 410110 140
633 400030 298760
634 400030 140
635 360830 140
636 365310 140
637 349630 140
638 382110 140
639 385470 140
640 374270 140
641 344030 140
642 376510 140
643 364190 140
644 316030 140
645 220830 298760
646 321630 140
647 235390 298760
648 320510 298760
649 339550 140
650 319390 140
651 332830 140
652 228670 298760
653 346270 140
654 593660 139020
655 345150 140
656 593660 130060
657 398910 140
658 389950 140
659 380990 140
660 408990 140
661 215230 298760
662 224190 298760
663 187230 298760
664 258910 298760
665 242110 298760
666 199550 298760
667 274590 298760
668 182750 298760
669 260030 298760
670 183870 298760
671 196190 298760
672 173790 298760
673 209630 298760
674 300350 298760
675 345150 298760
676 348510 298760
677 349630 298760
678 338430 298760
679 301470 298760
680 289150 298760
681 333950 298760
682 332830 298760
683 303710 298760
684 236510 140
685 282430 298760
686 243230 140
687 251070 140
688 249950 140
689 228670 140
690 229790 140
691 229790 298760
692 284670 140
693 271230 140
694 264510 298760
695 254430 140
696 262270 140
697 272350 140
698 290270 140
699 304830 140
700 299230 140
701 328350 140
702 238750 298760
703 298110 298760
704 322750 140
705 320510 140
706 326110 140
707 330590 140
708 335070 140
709 333950 140
710 391070 140
711 317150 140
712 373150 140
713 295870 298760
714 288030 140
715 352990 140
716 348510 140
717 351870 140
718 340670 298760
719 312670 298760
720 319390 298760
721 331710 298760
722 327230 298760
723 317150 298760
724 271230 298760
725 374270 298760
726 366430 298760
727 359710 298760
728 420190 298760
729 309310 298760
730 421310 298760
731 407870 298760
732 395550 298760
733 394430 298760
734 385470 298760
735 286910 298760
736 367550 140
737 340670 140
738 331710 140
739 397790 298760
740 377630 140
741 405630 298760
742 388830 298760
743 401150 298760
744 313790 298760
745 386590 298760
746 308190 298760
747 318270 298760
748 404510 298760
749 411230 298760
750 419070 298760
751 403390 298760
752 392190 298760
753 314910 298760
754 407870 140
755 354110 140
756 406750 298760
757 247710 298760
758 275710 298760
759 393310 140
760 378750 140
761 386590 140
762 393310 298760
763 358590 140
764 347390 140
765 350750 140
766 369790 140
767 366430 140
768 401150 140
769 239870 298760
770 405630 140
771 356350 140
772 341790 140
773 304830 298760
774 338430 140
775 245470 298760
776 384350 140
777 379870 140
778 375390 140
779 324990 140
780 141310 298760
781 363070 140
782 359710 140
783 342910 140
784 593660 144620
785 593660 133420
786 397790 140
787 593660 134540
788 593660 132300
789 205150 298760
790 236510 298760
791 142430 298760
792 140190 298760
793 198430 298760
794 211870 298760
795 208510 298760
796 206270 298760
797 225310 298760
798 207390 298760
799 190590 298760
800 189470 298760
801 201790 298760
802 292510 298760
803 316030 298760
804 280190 298760
805 310430 298760
806 307070 298760
807 291390 298760
808 193950 298760
809 322750 298760
810 273470 298760
811 312670 140
812 270110 140
813 293630 298760
814 247710 140
815 261150 140
816 248830 140
817 237630 140
818 226430 140
819 223070 298760
820 305950 140
821 275710 140
822 282430 140
823 266750 140
824 273470 140
825 286910 140
826 307070 140
827 279070 140
828 246590 140
829 232030 140
830 218590 298760
831 296990 298760
832 230910 140
833 219710 140
834 283550 140
835 265630 140
836 268990 140
837 292510 140
838 357470 140
839 327230 140
840 404510 140
841 221950 298760
842 395550 140
843 392190 140
844 387710 140
845 388830 140
846 370910 140
847 321630 298760
848 326110 298760
849 342910 298760
850 328350 298760
851 368670 298760
852 233150 298760
853 369790 298760
854 336190 298760
855 285790 298760
856 294750 298760
857 305950 298760
858 311550 298760
859 389950 298760
860 302590 298760
861 382110 298760
862 379870 298760
863 192830 298760
864 406750 140
865 355230 140
866 291390 140
867 383230 140
868 387710 298760
869 396670 140
870 402270 140
871 372030 140
872 361950 140
873 391070 298760
874 288030 298760
875 323870 298760
876 398910 298760
877 415710 298760
878 431390 298760
879 453790 298760
880 402270 298760
881 309310 140
882 368670 140
883 403390 140
884 394430 140
885 252190 298760
