0 177396 229133
1 233412 205930
2 151971 188860
3 353903 255080
4 220608 224866
5 270232 182700
6 145816 53405
7 128870 79063
8 241794 158200
9 189004 203112
10 184119 259560
11 147792 220800
12 226606 229237
13 226049 277050
14 133950 108129
15 153258 278775
16 240074 136500
17 185688 137738
18 148898 68528
19 226177 110663
20 192865 161233
21 157007 185000
22 142798 258600
23 181779 232680
24 247427 189700
25 297684 228424
26 272555 242900
27 213267 268261
28 68065 146389
29 254705 193273
30 188658 250270
31 221041 240100
32 233320 232120
33 258975 192684
34 182522 295800
35 260680 228709
36 219678 297360
37 184403 271870
38 93747 156826
39 117325 65800
40 311270 153778
41 341536 275275
42 188618 283690
43 195467 136733
44 228902 252700
45 228031 287466
46 216790 265160
47 377499 316120
48 201531 301646
49 127969 119486
50 65674 94671
51 127347 171500
52 144043 195300
53 203919 233696
54 253684 166727
55 129792 112056
56 128731 228760
57 290521 115705
58 165846 114275
59 109440 4200
60 145872 93100
61 317168 254046
62 161323 99200
63 154934 254177
64 78625 253072
65 218934 107800
66 186057 102200
67 76905 106604
68 167910 98515
69 177317 95900
70 206803 105000
71 162329 141145
72 427390 213165
73 174439 89880
74 265149 184333
75 188625 144211
76 232224 292270
77 295336 139860
78 286781 138541
79 304621 188809
80 264790 291480
81 265091 251737
82 236338 130977
83 283070 302031
84 351557 204120
85 252234 108360
86 199566 155923
87 321280 108466
88 261376 115453
89 366487 174505
90 344672 142520
91 255705 303800
92 253270 112840
93 232028 125440
94 295386 117133
95 235220 112155
96 297784 136000
97 202832 245861
98 163542 187133
99 166899 166366
100 172601 332654
101 77707 198170
102 326651 66457
103 415365 105849
104 347443 67238
105 311964 146167
106 223430 190257
107 263447 66530
108 320577 122237
109 308108 139650
110 298965 88900
111 211620 179035
112 297773 252430
113 300525 67800
114 258943 75827
115 333730 85989
116 335682 74900
117 348336 236392
118 335388 185640
119 347125 229568
120 438526 227730
121 370500 189000
122 482318 180635
123 241553 75276
124 374338 245000
125 304194 196048
126 311972 234553
127 326135 162400
128 321252 207106
129 355870 197400
130 368698 232773
131 476456 190633
132 492616 187118
133 106704 250600
134 391985 180833
135 445606 280534
136 244646 243103
137 281170 244410
138 389585 153437
139 444610 274385
140 371735 282100
141 385917 302200
142 303582 295960
143 365298 329350
144 270275 286300
145 115211 306716
146 370310 116200
147 417968 287000
148 341291 318563
149 416994 111766
150 257403 275118
151 338263 335533
152 428311 283945
153 204237 263106
154 236296 316866
155 282662 341511
156 234324 281800
157 181697 339080
158 273093 286377
159 186352 327682
160 179505 279835
161 256267 305044
162 269144 349987
163 231016 288750
164 258685 351400
165 272356 280127
166 298560 280500
167 277273 299133
168 290320 160300
169 284525 232400
170 206530 268955
171 90541 211720
172 389595 248500
173 358177 221000
174 315400 224840
175 391076 320196
176 380190 314066
177 286456 157266
178 268166 233240
179 236835 242200
180 286954 195600
181 327122 197768
182 137180 270200
183 92019 297859
184 182970 314300
185 195415 312900
186 169796 335533
187 128440 273400
188 342950 102200
189 310422 120680
190 296020 120400
191 340543 106866
192 357539 107800
193 354313 139000
194 321896 277831
195 325137 301700
196 351215 296800
197 331835 242200
198 347677 262952
199 247570 287933
200 259426 261240
201 220020 249900
202 241616 274866
203 257336 151760
204 220526 102407
205 151267 256600
206 73882 250553
207 228798 260120
208 256405 203700
209 314374 157640
210 304823 112466
211 349695 304500
212 317300 235900
213 288040 282100
214 227430 283500
215 197572 301000
216 182430 339551
217 223535 261800
218 251370 277900
219 242630 289800
220 175817 277600
221 243532 41300
222 239621 44644
223 281295 86800
224 314830 35000
225 190000 364000
226 225910 291200
227 352450 124600
228 244429 123694
229 249090 35000
230 228570 303800
231 374870 7000
232 368790 18200
233 334970 9800
234 373350 15400
235 316350 9800
236 301530 9800
237 288610 4200
238 326610 21000
239 360430 15400
240 365750 4200
241 198930 376600
242 329650 7000
243 339530 7000
244 307230 26600
245 173850 368200
246 320150 4200
247 191330 376600
248 146110 4200
249 322050 7000
250 325470 23800
251 305710 4200
252 17290 250600
253 315590 7000
254 318630 21000
255 313690 4200
256 334590 12600
257 349410 15400
258 300770 15400
259 341050 12600
260 358910 7000
261 7790 256200
262 170430 373800
263 153330 376600
264 172710 365400
265 11210 239400
266 25650 231000
267 10070 233800
268 16530 247800
269 214890 376600
270 16910 242200
271 23750 250600
272 13110 245000
273 18050 236600
274 246810 376600
275 238070 373800
276 262390 376600
277 274170 373800
278 274550 371000
279 227810 359800
280 184870 376600
281 238830 368200
282 222110 362600
283 295450 376600
284 252510 312200
285 257450 264600
286 266190 309400
287 254790 368200
288 269230 4200
289 275690 4200
290 253270 376600
291 176890 373800
292 267710 373800
293 244150 371000
294 246810 247800
295 229710 371000
296 260490 371000
297 276070 7000
298 282150 4200
299 258590 4200
300 218690 373800
301 225150 373800
302 173850 376600
303 229330 376600
304 232370 368200
305 236550 376600
306 289370 15400
307 296210 7000
308 311790 376600
309 374490 376600
310 279110 376600
311 386650 362600
312 156750 371000
313 361570 376600
314 396150 371000
315 349790 376600
316 358530 368200
317 384370 371000
318 332690 32200
319 328510 9800
320 347510 373800
321 375630 362600
322 392350 376600
323 221730 365400
324 356630 373800
325 343330 376600
326 33250 225400
327 22230 225400
328 209190 365400
329 29830 228200
330 5890 236600
331 159030 373800
332 250610 292600
333 336870 376600
334 183350 373800
335 365370 7000
336 350930 4200
337 342950 4200
338 534090 208600
339 385890 376600
340 525730 155400
341 529530 147000
342 533710 149800
343 380570 365400
344 374490 4200
345 166250 365400
346 336490 4200
347 519270 152600
348 538650 155400
349 537890 169400
350 482030 116200
351 532190 155400
352 262010 7000
353 309890 9800
354 310650 23800
355 358910 4200
356 167390 376600
357 252190 140
358 108830 140
359 218590 382090
360 196190 382090
361 226430 382090
362 149150 382090
363 122270 140
364 140 203980
365 188350 382090
366 124510 140
367 155870 140
368 142430 140
369 205150 382090
370 187230 382090
371 153630 140
372 120030 140
373 152510 382090
374 169310 382090
375 140 195020
376 140 200620
377 173790 140
378 170430 140
379 154750 140
380 100990 140
381 197310 382090
382 198430 140
383 251070 140
384 289150 382090
385 255550 140
386 256670 140
387 257790 140
388 235390 140
389 145790 140
390 98750 140
391 176030 140
392 149150 140
393 113310 140
394 111070 140
395 161470 382090
396 99870 140
397 102110 140
398 130110 140
399 105470 140
400 152510 140
401 107710 140
402 127870 140
403 140190 140
404 150270 140
405 141310 140
406 193950 140
407 148030 140
408 209630 382090
409 216350 382090
410 210750 382090
411 288030 382090
412 164830 140
413 208510 382090
414 172670 382090
415 207390 382090
416 181630 382090
417 206270 382090
418 202910 382090
419 104350 140
420 117790 140
421 140 206220
422 195070 382090
423 116670 140
424 133470 140
425 132350 140
426 177150 140
427 151390 140
428 140 211820
429 163710 382090
430 109950 140
431 182750 382090
432 158110 382090
433 140 197260
434 151390 382090
435 187230 140
436 179390 140
437 285790 382090
438 261150 140
439 265630 140
440 284670 382090
441 112190 140
442 263390 140
443 267870 140
444 290270 140
445 299230 140
446 286910 382090
447 167070 140
448 224190 382090
449 154750 382090
450 211870 382090
451 190590 382090
452 214110 382090
453 204030 382090
454 198430 382090
455 126750 140
456 140 201740
457 199550 382090
458 125630 140
459 144670 140
460 134590 140
461 174910 140
462 143550 140
463 106590 140
464 140 205100
465 168190 382090
466 183870 382090
467 159230 382090
468 140 196140
469 190590 140
470 188350 140
471 165950 140
472 281310 382090
473 266750 140
474 103230 140
475 260030 140
476 240990 382090
477 268990 140
478 275710 140
479 307070 140
480 308190 140
481 282430 382090
482 171550 140
483 223070 382090
484 150270 382090
485 118910 140
486 140 223020
487 226430 140
488 215230 382090
489 374270 140
490 377630 140
491 363070 140
492 408990 382090
493 347390 140
494 340670 140
495 312670 140
496 411230 382090
497 406750 382090
498 379870 140
499 316030 140
500 410110 382090
501 357470 140
502 300350 140
503 140 208460
504 291390 382090
505 140 202860
506 295870 140
507 238750 382090
508 140 217420
509 140 212940
510 140 227500
511 314910 140
512 336190 140
513 311550 140
514 321630 140
515 339550 140
516 345150 140
517 341790 140
518 344030 140
519 171550 382090
520 165950 382090
521 164830 382090
522 140 263340
523 173790 382090
524 140 245420
525 191710 382090
526 140 268940
527 192830 382090
528 140 265580
529 153630 382090
530 180510 382090
531 184990 382090
532 279070 382090
533 274590 382090
534 298110 382090
535 290270 382090
536 273470 382090
537 276830 382090
538 261150 382090
539 253310 382090
540 260030 382090
541 293630 382090
542 284670 140
543 228670 382090
544 285790 140
545 275710 382090
546 276830 140
547 268990 382090
548 247710 382090
549 227550 382090
550 262270 382090
551 251070 382090
552 217470 382090
553 219710 140
554 257790 382090
555 243230 382090
556 271230 140
557 296990 140
558 267870 382090
559 303710 140
560 200670 382090
561 236510 382090
562 291390 140
563 288030 140
564 277950 140
565 286910 140
566 298110 140
567 305950 382090
568 365310 382090
569 272350 382090
570 376510 382090
571 235390 382090
572 324990 382090
573 336190 382090
574 338430 382090
575 346270 382090
576 348510 382090
577 299230 382090
578 318270 140
579 327230 382090
580 326110 382090
581 345150 382090
582 246590 382090
583 355230 382090
584 359710 382090
585 364190 382090
586 352990 382090
587 338430 140
588 370910 382090
589 363070 382090
590 368670 382090
591 372030 382090
592 358590 382090
593 264510 382090
594 358590 140
595 395550 382090
596 328350 140
597 401150 382090
598 394430 382090
599 402270 382090
600 404510 382090
601 403390 382090
602 388830 382090
603 367550 140
604 242110 382090
605 333950 140
606 380990 140
607 544190 154700
608 544190 165900
609 544190 159180
610 544190 184940
611 305950 140
612 383230 140
613 324990 140
614 544190 178220
615 156990 382090
616 234270 382090
617 382110 140
618 373150 140
619 356350 140
620 376510 140
621 319390 140
622 304830 140
623 293630 140
624 330590 140
625 365310 140
626 375390 140
627 201790 382090
628 332830 140
629 366430 140
630 310430 140
631 179390 382090
632 323870 140
633 193950 382090
634 146910 140
635 327230 140
636 329470 140
637 309310 140
638 140 249900
639 320510 140
640 322750 140
641 317150 140
642 337310 140
643 352990 140
644 302590 140
645 355230 140
646 361950 140
647 140 257740
648 174910 382090
649 155870 382090
650 176030 382090
651 140 240940
652 140 231980
653 140 233100
654 140 247660
655 221950 382090
656 140 243180
657 140 251020
658 140 246540
659 140 237580
660 249950 382090
661 252190 382090
662 266750 382090
663 277950 382090
664 280190 382090
665 230910 382090
666 189470 382090
667 244350 382090
668 219710 382090
669 307070 382090
670 255550 382090
671 265630 382090
672 271230 382090
673 258910 382090
674 273470 140
675 279070 140
676 256670 382090
677 178270 382090
678 270110 382090
679 245470 382090
680 248830 382090
681 233150 382090
682 263390 382090
683 280190 140
684 289150 140
685 262270 140
686 220830 382090
687 229790 382090
688 177150 382090
689 232030 382090
690 237630 382090
691 239870 382090
692 294750 140
693 292510 140
694 301470 140
695 314910 382090
696 377630 382090
697 283550 382090
698 391070 382090
699 160350 382090
700 361950 382090
701 400030 382090
702 351870 382090
703 354110 382090
704 387710 382090
705 335070 140
706 331710 140
707 349630 382090
708 378750 382090
709 398910 382090
710 225310 382090
711 341790 382090
712 340670 382090
713 140 226380
714 140 225260
715 212990 382090
716 140 230860
717 140 235340
718 162590 382090
719 254430 382090
720 357470 382090
721 186110 382090
722 368670 140
723 354110 140
724 346270 140
725 544190 189420
726 396670 382090
727 544190 155820
728 544190 146860
729 544190 149100
730 384350 382090
731 378750 140
732 167070 382090
733 342910 140
734 544190 152460
735 544190 153580
736 544190 161420
737 544190 113260
738 544190 151340
739 264510 140
740 313790 140
741 326110 140
742 364190 140
743 170430 382090
