0 266316 133933
1 312157 140174
2 204521 175000
3 363923 179200
4 198550 176680
5 38560 123515
6 97037 106244
7 198914 189112
8 321931 188720
9 208620 137200
10 242541 122546
11 184205 187600
12 243390 144321
13 125299 108788
14 174847 209475
15 250030 110320
16 243991 148866
17 56807 123502
18 174642 42280
19 177602 186900
20 334178 168933
21 195510 159707
22 155528 205400
23 275048 116900
24 238888 141507
25 267876 111650
26 253639 216120
27 100179 89710
28 254851 90909
29 210567 93800
30 262428 117320
31 253986 122690
32 195612 92166
33 192137 86800
34 208643 84700
35 118099 102005
36 129960 4200
37 330999 96040
38 338453 195720
39 227160 115966
40 174230 88200
41 189891 109400
42 156132 112000
43 165917 88900
44 250623 113200
45 185012 98000
46 152900 82356
47 249422 221200
48 123001 153171
49 173992 74900
50 188157 80360
51 218361 188236
52 276344 95200
53 233707 130953
54 151240 69300
55 152866 105875
56 157272 74900
57 168664 191964
58 175132 68600
59 177586 70000
60 137940 4200
61 313837 77000
62 351079 217200
63 193697 76353
64 200386 191986
65 143244 223704
66 233272 94500
67 228922 83800
68 137226 165738
69 233937 73500
70 384397 243414
71 230382 78723
72 223297 177100
73 224200 145366
74 219022 171500
75 469550 125913
76 243613 130858
77 259517 64811
78 222902 210148
79 284709 75847
80 133417 33231
81 351310 50400
82 314517 126000
83 223299 31834
84 265701 203800
85 288061 75133
86 221787 25991
87 287010 206094
88 346412 51333
89 249300 37947
90 277552 206733
91 146980 49554
92 358107 76066
93 264445 43654
94 368790 176811
95 324469 81480
96 275025 225166
97 249660 63000
98 242440 59360
99 281411 46822
100 259255 50750
101 280471 29555
102 226179 107100
103 188210 103833
104 214557 163333
105 59353 127972
106 190640 132309
107 209539 241157
108 267221 172287
109 469878 76098
110 453360 125263
111 320787 38672
112 327418 96956
113 317984 95312
114 465828 55079
115 281178 138600
116 380237 69300
117 221021 26345
118 310270 85400
119 312835 81200
120 462159 72800
121 456912 108920
122 292635 170125
123 360683 72333
124 385750 68226
125 470494 86600
126 219265 34740
127 275864 156158
128 375756 77933
129 440863 62066
130 381330 74200
131 462051 216563
132 368182 140560
133 320587 183210
134 346143 184935
135 468652 141807
136 463926 203991
137 202889 37105
138 296818 130760
139 315875 172900
140 344592 152600
141 364534 127400
142 413564 112986
143 362583 231000
144 445740 212333
145 417131 130200
146 355743 231933
147 406260 135800
148 154888 227080
149 425885 232400
150 144162 229950
151 337901 157400
152 356959 198706
153 392492 199966
154 392730 39800
155 89426 179044
156 274694 90066
157 412369 100951
158 404400 34724
159 369360 145400
160 282625 43400
161 400971 148664
162 310599 47210
163 80091 171618
164 308370 40815
165 390038 36400
166 280915 69440
167 328256 27533
168 409558 31266
169 337376 29400
170 318630 28466
171 379113 45266
172 250053 69800
173 330916 24733
174 386061 15120
175 213065 245633
176 241878 206818
177 314903 237260
178 276497 242200
179 200751 154247
180 265525 234500
181 275296 212944
182 190663 237707
183 184737 155120
184 308860 250950
185 369993 249666
186 168720 227800
187 262770 254333
188 194924 147494
189 340822 258440
190 288071 251066
191 363225 257400
192 268786 245933
193 195763 198333
194 293740 93100
195 288990 88900
196 283036 237533
197 291602 200200
198 236011 193822
199 322430 170800
200 335350 175000
201 303848 192360
202 402253 169457
203 378670 208600
204 376010 203933
205 375123 136733
206 314830 90066
207 283290 53900
208 278065 135100
209 309636 28466
210 294605 114800
211 252890 46200
212 302290 34066
213 66927 190676
214 169860 235200
215 238070 236600
216 243326 242200
217 163463 256200
218 189556 251533
219 164268 232200
220 336743 75133
221 353115 76300
222 295640 79800
223 327496 71400
224 343076 65800
225 353621 65100
226 353471 69825
227 398849 239885
228 359432 245700
229 334685 204400
230 279680 233100
231 362076 246866
232 350803 238466
233 371640 209825
234 244783 71400
235 261402 84840
236 247266 128520
237 254030 32200
238 202547 64723
239 225171 96288
240 267836 28466
241 234333 192733
242 130833 220001
243 271035 231000
244 265810 198100
245 173850 197400
246 242630 255266
247 296210 105560
248 335476 87266
249 372257 36400
250 372843 73266
251 363596 49933
252 319200 198800
253 304855 193200
254 348903 253400
255 354096 252466
256 278825 183400
257 259635 129500
258 217170 74200
259 237690 69533
260 220590 87000
261 255645 221900
262 271225 190400
263 254663 251533
264 256310 243133
265 218649 185200
266 236502 14000
267 242725 17733
268 372875 70000
269 247950 266000
270 218310 86800
271 352070 14000
272 321290 204400
273 349030 173600
274 370880 25200
275 246857 41650
276 232370 4200
277 254790 267400
278 365370 9800
279 344470 9800
280 376010 12600
281 357010 9800
282 321290 4200
283 312170 4200
284 317110 74200
285 363090 12600
286 360430 32200
287 345230 4200
288 218310 273000
289 354350 4200
290 337250 4200
291 303430 71400
292 292790 7000
293 301910 77000
294 232750 273000
295 340670 102200
296 351310 74200
297 343330 85400
298 266950 4200
299 143450 273000
300 322430 77000
301 471770 105000
302 320530 7000
303 384370 7000
304 472530 96600
305 369550 12600
306 486210 99400
307 478990 102200
308 156370 261800
309 211850 273000
310 152570 259000
311 135470 273000
312 158270 273000
313 192090 267400
314 202350 267400
315 182210 273000
316 196650 270200
317 184870 267400
318 173850 273000
319 167390 273000
320 166630 250600
321 260490 250600
322 265810 267400
323 281390 253400
324 276830 267400
325 263150 273000
326 250990 270200
327 208810 267400
328 252890 261800
329 246430 261800
330 277590 7000
331 238830 4200
332 271510 264600
333 236930 7000
334 247950 4200
335 229710 7000
336 225530 74200
337 209570 77000
338 168910 267400
339 274550 9800
340 254410 9800
341 260490 4200
342 248330 21000
343 256690 7000
344 263530 7000
345 273790 4200
346 255550 12600
347 249850 7000
348 284050 18200
349 191330 273000
350 264290 270200
351 246810 273000
352 205010 4200
353 243390 7000
354 224770 4200
355 238830 9800
356 286330 7000
357 366130 29400
358 303430 7000
359 343710 7000
360 174230 270200
361 378670 4200
362 364610 21000
363 356250 21000
364 373730 18200
365 385130 4200
366 304950 270200
367 299630 273000
368 391590 71400
369 335350 270200
370 349790 267400
371 229710 267400
372 342950 267400
373 342570 273000
374 155990 270200
375 284430 273000
376 265050 264600
377 296970 270200
378 290890 273000
379 262390 245000
380 274930 273000
381 356250 273000
382 151810 273000
383 372210 4200
384 326610 79800
385 304190 4200
386 364230 7000
387 360810 4200
388 378670 9800
389 385130 9800
390 360810 15400
391 356630 12600
392 268090 247800
393 309890 74200
394 364610 267400
395 377910 270200
396 393870 273000
397 418190 267400
398 361190 270200
399 285570 4200
400 329650 77000
401 323570 82600
402 351310 7000
403 229330 270200
404 237630 140
405 120030 140
406 141310 278990
407 309310 278990
408 161470 278990
409 162590 278990
410 133470 140
411 173790 140
412 239870 278990
413 141310 140
414 204030 140
415 204030 278990
416 235390 278990
417 227550 278990
418 234270 140
419 143550 278990
420 180510 278990
421 240990 278990
422 207390 278990
423 173790 278990
424 229790 278990
425 208510 278990
426 214110 278990
427 125630 140
428 249950 278990
429 251070 278990
430 256670 140
431 266750 140
432 273470 140
433 271230 140
434 274590 140
435 265630 140
436 132350 140
437 126750 140
438 130110 140
439 121150 140
440 140 140140
441 140 141260
442 247710 278990
443 140 152460
444 118910 140
445 155870 140
446 140 142380
447 154750 140
448 140 143500
449 149150 140
450 162590 140
451 151390 140
452 153630 140
453 170430 140
454 144670 140
455 254430 278990
456 243230 278990
457 196190 140
458 308190 278990
459 206270 278990
460 248830 278990
461 149150 278990
462 205150 278990
463 145790 278990
464 156990 278990
465 189470 278990
466 117790 140
467 182750 140
468 177150 278990
469 228670 278990
470 160350 140
471 201790 140
472 212990 140
473 223070 140
474 232030 140
475 167070 278990
476 164830 278990
477 123390 140
478 237630 278990
479 187230 278990
480 183870 278990
481 236510 278990
482 223070 278990
483 221950 278990
484 268990 140
485 291390 140
486 275710 140
487 276830 140
488 124510 140
489 295870 140
490 283550 140
491 279070 140
492 299230 140
493 263390 278990
494 209630 278990
495 303710 278990
496 150270 278990
497 210750 278990
498 220830 278990
499 128990 140
500 165950 278990
501 159230 278990
502 180510 140
503 179390 278990
504 224190 278990
505 155870 278990
506 202910 140
507 146910 278990
508 218590 278990
509 233150 278990
510 122270 140
511 182750 278990
512 196190 278990
513 307070 278990
514 201790 278990
515 163710 278990
516 238750 278990
517 219710 278990
518 198430 278990
519 277950 140
520 264510 140
521 127870 140
522 282430 140
523 285790 140
524 300350 140
525 288030 140
526 280190 140
527 298110 140
528 302590 278990
529 199550 278990
530 265630 278990
531 200670 278990
532 140190 140
533 261150 278990
534 242110 140
535 256670 278990
536 398910 140
537 367550 140
538 366430 140
539 377630 140
540 379870 140
541 340670 140
542 239870 140
543 385470 140
544 351870 140
545 347390 140
546 291390 278990
547 341790 140
548 332830 140
549 294750 140
550 178270 278990
551 284670 140
552 212990 278990
553 274590 278990
554 243230 140
555 288030 278990
556 281310 278990
557 193950 278990
558 307070 140
559 382110 140
560 309310 140
561 391070 140
562 396670 140
563 363070 140
564 361950 140
565 376510 140
566 148030 278990
567 192830 278990
568 153630 278990
569 226430 278990
570 225310 278990
571 171550 278990
572 246590 278990
573 142430 278990
574 242110 278990
575 181630 278990
576 169310 278990
577 191710 278990
578 154750 278990
579 300350 278990
580 324990 278990
581 327230 278990
582 326110 278990
583 317150 278990
584 271230 278990
585 283550 278990
586 296990 278990
587 313790 278990
588 284670 278990
589 218590 140
590 262270 278990
591 229790 140
592 235390 140
593 238750 140
594 217470 140
595 215230 140
596 215230 278990
597 260030 140
598 244350 140
599 245470 278990
600 236510 140
601 248830 140
602 255550 140
603 272350 140
604 263390 140
605 316030 140
606 326110 140
607 188350 278990
608 279070 278990
609 310430 140
610 253310 140
611 303710 140
612 312670 140
613 318270 140
614 313790 140
615 350750 140
616 301470 140
617 352990 140
618 275710 278990
619 331710 140
620 319390 140
621 335070 140
622 328350 140
623 310430 278990
624 292510 278990
625 286910 278990
626 312670 278990
627 305950 278990
628 301470 278990
629 258910 278990
630 344030 278990
631 347390 278990
632 339550 140
633 360830 278990
634 282430 278990
635 383230 278990
636 377630 278990
637 370910 278990
638 376510 278990
639 351870 278990
640 260030 278990
641 336190 140
642 320510 140
643 295870 278990
644 372030 278990
645 355230 140
646 379870 278990
647 392190 140
648 378750 278990
649 249950 140
650 349630 140
651 294750 278990
652 314910 140
653 373150 278990
654 382110 278990
655 385470 278990
656 367550 278990
657 366430 278990
658 261150 140
659 373150 140
660 337310 140
661 372030 140
662 244350 278990
663 257790 278990
664 383230 140
665 345150 140
666 380990 140
667 357470 140
668 324990 140
669 317150 140
670 323870 140
671 395550 140
672 393310 140
673 348510 140
674 216350 278990
675 359710 140
676 342910 140
677 305950 140
678 296990 140
679 304830 140
680 230910 278990
681 338430 140
682 356350 140
683 346270 140
684 281310 140
685 144670 278990
686 329470 140
687 554110 128940
688 322750 140
689 389950 140
690 554110 126700
691 378750 140
692 554110 124460
693 554110 125580
694 151390 278990
695 217470 278990
696 139070 278990
697 103230 278990
698 160350 278990
699 195070 278990
700 202910 278990
701 184990 278990
702 190590 278990
703 186110 278990
704 174910 278990
705 172670 278990
706 170430 278990
707 264510 278990
708 268990 278990
709 289150 278990
710 285790 278990
711 267870 278990
712 253310 278990
713 211870 278990
714 255550 278990
715 252190 278990
716 292510 140
717 246590 140
718 277950 278990
719 240990 140
720 251070 140
721 230910 140
722 226430 140
723 214110 140
724 168190 278990
725 293630 140
726 257790 140
727 270110 140
728 252190 140
729 258910 140
730 267870 140
731 290270 140
732 262270 140
733 254430 140
734 289150 140
735 197310 278990
736 276830 278990
737 272350 278990
738 206270 140
739 247710 140
740 227550 140
741 245470 140
742 321630 140
743 369790 140
744 308190 140
745 344030 140
746 176030 278990
747 386590 140
748 368670 140
749 358590 140
750 384350 140
751 397790 140
752 304830 278990
753 298110 278990
754 394430 140
755 311550 278990
756 348510 278990
757 234270 278990
758 346270 278990
759 345150 278990
760 158110 278990
761 290270 278990
762 270110 278990
763 299230 278990
764 293630 278990
765 266750 278990
766 280190 278990
767 358590 278990
768 152510 278990
769 375390 140
770 330590 140
771 302590 140
772 365310 140
773 364190 140
774 387710 140
775 374270 140
776 388830 140
777 370910 140
778 360830 140
779 273470 278990
780 311550 140
781 369790 278990
782 380990 278990
783 396670 278990
784 421310 278990
785 375390 278990
786 286910 140
787 333950 140
788 327230 140
789 354110 140
790 232030 278990
