0 30497 19191
1 14880 27641
2 22000 25180
3 33842 19305
4 27618 14273
5 22679 34873
6 9182 19148
7 10334 25920
8 34059 13936
9 36988 14888
10 35937 34533
11 31674 27141
12 2403 23085
13 29444 15085
14 34375 35565
15 21454 32586
16 14403 25421
17 14186 12055
18 42575 21232
19 34776 32175
20 26458 32229
21 31762 13668
22 35650 34155
23 24500 32240
24 29931 13290
25 40520 27135
26 42738 30876
27 8205 26333
28 38959 26136
29 45016 25155
30 26901 39927
31 9585 31434
32 38062 25553
33 52095 34148
34 24150 40826
35 28563 32805
36 30274 41885
37 18538 33210
38 32020 28755
39 43484 29442
40 31106 44022
41 12844 34050
42 9803 24624
43 33364 25393
44 11946 26124
45 2403 23355
46 26655 22605
47 22410 26826
48 14094 23085
49 11778 11850
50 37017 25979
51 36279 37806
52 39907 28243
53 21249 23394
54 40116 26397
55 43769 20345
56 24440 31641
57 36619 21293
58 23051 27540
59 32832 22207
60 18552 11272
61 13671 18453
62 33438 17544
63 36946 15555
64 15907 16605
65 35322 37581
66 10539 33113
67 25661 22792
68 41787 18985
69 36238 39119
70 34735 37953
71 16590 36919
72 20145 19343
73 31842 21886
74 27193 16335
75 32389 45540
76 27312 17977
77 20802 20955
78 31193 14771
79 33487 10153
80 39960 11776
81 37290 36060
82 32279 24335
83 31973 32840
84 38184 26607
85 22494 20853
86 33289 17381
87 29241 2295
88 40255 18873
89 14013 19777
90 40037 20593
91 42793 24777
92 40194 23091
93 46922 13297
94 34377 30003
95 41118 6529
96 30061 25447
97 35626 17476
98 38387 23618
99 37503 23872
100 43993 16875
101 49942 14298
102 34722 26445
103 41221 24244
104 33856 42502
105 43918 12393
106 48263 12077
107 42393 19004
108 49996 21465
109 37656 16999
110 61049 17415
111 24285 22572
112 39808 15639
113 57595 17374
114 47142 20065
115 27226 20547
116 48794 19278
117 56314 16103
118 20272 20205
119 50752 27713
120 53983 14985
121 45457 19725
122 59167 19715
123 52550 22871
124 35103 41512
125 53978 41229
126 35465 40540
127 51370 32892
128 33319 40747
129 42183 48049
130 50466 37780
131 41016 48305
132 38706 48735
133 32094 42915
134 31660 43929
135 35495 43621
136 44281 47381
137 34602 45427
138 57425 40210
139 36202 41857
140 15226 40664
141 22324 29911
142 17023 17448
143 24821 9340
144 20322 43155
145 19583 32564
146 13442 40198
147 23605 41637
148 20190 35565
149 19098 31911
150 15507 43531
151 25723 32400
152 13122 38981
153 23243 32224
154 28420 49786
155 20574 17640
156 17955 43965
157 17937 38880
158 27825 9114
159 35373 16841
160 36490 15828
161 25281 10530
162 32515 9623
163 39857 7243
164 35548 8442
165 39600 34421
166 37917 33152
167 37388 33581
168 25679 38472
169 24579 26451
170 21512 17384
171 27856 40341
172 29639 37793
173 26534 38610
174 50849 31739
175 40113 28547
176 39186 27726
177 49108 35092
178 51387 32703
179 22331 15485
180 44849 40983
181 42187 36990
182 47726 40697
183 44786 37158
184 39522 39705
185 46393 36777
186 51713 24562
187 51003 27675
188 52740 25275
189 56626 38406
190 52731 40635
191 51887 39453
192 23194 46990
193 30127 44528
194 22736 45577
195 21630 44839
196 21641 43629
197 22267 29850
198 31005 28248
199 34369 28570
200 33669 28248
201 18445 28087
202 2902 25920
203 2794 27540
204 3631 30105
205 62518 29025
206 38326 51165
207 40162 51840
208 61870 28755
209 60223 29835
210 62032 26595
211 60682 29295
212 61654 29835
213 63004 29835
214 39109 52110
215 2713 28080
216 62869 26055
217 62869 25785
218 35086 6075
219 38866 3105
220 34276 6480
221 35626 2835
222 38515 6615
223 37732 2835
224 37570 3105
225 38704 7155
226 2659 23895
227 40918 8910
228 43915 2835
229 41755 7695
230 42484 2700
231 38704 8505
232 38299 7830
233 37462 8505
234 64219 21735
235 25690 4455
236 25366 2835
237 2551 25515
238 3010 25245
239 2713 29025
240 2875 24435
241 2902 27000
242 26527 2970
243 18778 51165
244 2875 24840
245 27553 7695
246 2821 26190
247 3145 30510
248 2956 29295
249 20101 47520
250 20749 51435
251 29227 51975
252 30172 52245
253 33196 51570
254 18427 51570
255 22531 51570
256 21964 51165
257 32386 50760
258 29740 50355
259 17401 52245
260 33655 50085
261 33115 50220
262 34141 50220
263 32899 50895
264 31144 49950
265 19426 51300
266 41647 48060
267 40324 48060
268 39244 51975
269 32305 52110
270 40756 52245
271 37651 50625
272 37570 50625
273 36436 50220
274 35383 50355
275 30415 52110
276 18751 52245
277 34465 51975
278 29767 49140
279 37030 50355
280 35545 50220
281 35302 51975
282 36247 49275
283 37624 51975
284 34438 51570
285 31630 50220
286 31198 49545
287 19885 51570
288 32332 51435
289 34870 50085
290 33250 51165
291 32008 50085
292 60763 26055
293 62248 27135
294 58954 29025
295 59035 28755
296 63355 30105
297 63166 27945
298 2578 28485
299 63193 28215
300 63706 28755
301 31144 4590
302 30604 3915
303 21100 4050
304 33412 2430
305 35437 3510
306 36193 50355
307 33682 6480
308 37246 8640
309 3037 28755
310 46075 9855
311 47074 3240
312 42970 9720
313 41269 7290
314 44644 2835
315 44374 2970
316 48478 3510
317 42538 7290
318 50800 4320
319 51070 3915
320 2713 26595
321 51232 2835
322 63652 21060
323 63949 21465
324 45724 3375
325 64057 22680
326 62734 22005
327 63436 29565
328 63490 27135
329 61816 27675
330 64084 29160
331 37323 20475
332 36627 18075
333 25470 43100
334 29722 51075
335 36311 51478
336 34137 49632
337 41684 34155
338 37421 21195
339 36978 17101
340 45500 19383
341 42 26892
342 42 29676
343 34380 54364
344 36108 54364
345 34188 54364
346 34572 54364
347 32268 42
348 42 26316
349 42 26796
350 32172 42
351 34284 54364
352 35052 54364
353 42 26988
354 32748 42
355 35436 54364
356 33420 42
357 28332 42
358 28524 42
359 33228 42
360 36684 42
361 35052 42
362 35916 42
363 36588 42
364 42 23532
365 30732 42
366 29292 42
367 29772 42
368 31020 42
369 29964 42
370 32460 42
371 31596 42
372 30156 42
373 42 24204
374 42 24492
375 42 25164
376 42 25740
377 42 24876
378 42 24780
379 42 25548
380 42 25356
381 42 29580
382 42 24588
383 42 25068
384 42 25260
385 42 24396
386 28620 42
387 42 29772
388 18924 54364
389 42 30348
390 42 29964
391 42 30636
392 42 27756
393 42 30444
394 19692 54364
395 28716 42
396 42 29004
397 42 29100
398 32940 54364
399 31116 42
400 31980 42
401 31212 42
402 29388 42
403 42 28236
404 29484 42
405 29580 42
406 42 27468
407 30636 42
408 32844 42
409 32940 42
410 30540 42
411 35340 42
412 33324 42
413 34476 42
414 42 28716
415 27948 42
416 33900 42
417 34188 42
418 33516 42
419 33612 42
420 34668 42
421 31404 42
422 31308 42
423 30060 42
424 28428 42
425 42 27276
426 30732 54364
427 32844 54364
428 32268 54364
429 31404 54364
430 32556 54364
431 42 28332
432 42 28140
433 36780 54364
434 37356 54364
435 37452 54364
436 42 27564
437 33324 54364
438 34764 54364
439 29004 42
440 28812 42
441 42 26700
442 31788 42
443 33804 42
444 34764 42
445 32076 42
446 36204 54364
447 42 25836
448 33036 42
449 32364 42
450 26508 42
451 34092 42
452 36492 42
453 35436 42
454 35244 42
455 36300 42
456 29196 42
457 29100 42
458 42 26220
459 28908 42
460 30444 42
461 30828 42
462 31884 42
463 31692 42
464 30252 42
465 32460 54364
466 42 27084
467 42 27180
468 35916 54364
469 42 26028
470 42 27660
471 42 27852
472 30348 42
473 38604 54364
474 39660 54364
475 37548 54364
476 66966 28524
477 66966 28236
478 66966 26988
479 66966 28716
480 66966 27852
481 39180 54364
482 36684 54364
483 34380 42
484 38412 54364
485 38220 54364
486 34284 42
487 36876 42
488 32652 42
489 32556 42
490 37644 42
491 36396 42
492 36588 54364
493 35628 42
494 28140 42
495 40140 42
496 40620 42
497 40332 42
498 40044 42
499 40428 42
500 37548 42
501 36012 42
502 66966 25548
503 28044 42
504 42 27372
505 27852 42
506 27372 42
507 42 28044
508 23916 54364
509 21900 54364
510 26604 54364
511 21996 54364
512 24012 54364
513 26796 54364
514 29388 54364
515 27372 54364
516 38124 54364
517 37932 54364
518 29580 54364
519 28044 54364
520 28140 54364
521 32076 54364
522 27564 54364
523 28908 54364
524 31116 54364
525 28428 54364
526 28524 54364
527 27756 54364
528 29292 54364
529 31020 54364
530 30444 54364
531 30924 54364
532 29676 54364
533 28236 54364
534 39468 54364
535 39372 54364
536 37164 54364
537 36972 54364
538 37836 54364
539 38796 54364
540 35724 54364
541 35820 54364
542 39564 54364
543 38988 54364
544 33996 54364
545 34092 54364
546 38892 54364
547 37260 54364
548 36300 54364
549 35340 54364
550 35148 54364
551 33036 54364
552 31308 54364
553 30540 54364
554 30252 54364
555 30156 54364
556 30828 54364
557 33132 54364
558 34860 54364
559 32172 54364
560 66966 29580
561 66966 28332
562 66966 30540
563 66966 28044
564 66966 28908
565 66966 28140
566 29676 42
567 66966 28812
568 66966 25068
569 27084 42
570 27660 42
571 26892 42
572 44172 42
573 42924 42
574 34860 42
575 33132 42
576 35148 42
577 29868 42
578 36204 42
579 42156 42
580 34956 42
581 39180 42
582 66966 24876
583 39276 42
584 66966 24492
585 43884 42
586 66966 23244
587 66966 24204
588 35820 42
589 49356 42
590 45228 42
591 48204 42
592 43692 42
593 66966 25356
594 66966 25452
595 66966 26796
596 66966 26124
597 66966 27084
598 36492 54364
599 42 25644
600 42 30156
601 66966 29388
602 38508 54364
603 39756 54364
604 66966 29100
605 66966 29964
606 66966 26508
607 66966 29676
608 66966 30348
609 66966 30252
610 39084 54364
611 42 27948
612 66966 26220
613 66966 26316
614 35532 42
615 39564 42
616 34572 42
617 36108 42
618 38988 42
619 38124 42
620 38220 42
621 39468 42
622 42 24300
623 43116 42
624 44652 42
625 45132 42
626 45708 42
627 39660 42
628 38796 42
629 37836 42
630 66966 24300
631 26124 42
632 25644 42
633 42 25452
634 42 26508
635 42 28908
636 42 24684
637 42 26412
638 26988 42
639 18636 54364
640 42 24972
641 27468 42
642 42 25932
643 42 28428
644 42 28812
645 19788 54364
646 28332 54364
647 29772 54364
648 31692 54364
649 33804 54364
650 18732 54364
651 30348 54364
652 30636 54364
653 32748 54364
654 30060 54364
655 16428 54364
656 34668 54364
657 33708 54364
658 34476 54364
659 33612 54364
660 31500 54364
661 16140 54364
662 43596 54364
663 42636 54364
664 39276 54364
665 32364 54364
666 41004 54364
667 38316 54364
668 38028 54364
669 37068 54364
670 36012 54364
671 29964 54364
672 18348 54364
673 34956 54364
674 29868 54364
675 38700 54364
676 35628 54364
677 35532 54364
678 37644 54364
679 37740 54364
680 36396 54364
681 31596 54364
682 31212 54364
683 18540 54364
684 32652 54364
685 35244 54364
686 33228 54364
687 31884 54364
688 66966 25932
689 66966 26700
690 66966 29292
691 66966 29196
692 66966 30060
693 66966 27660
694 42 28524
695 66966 28428
696 66966 28620
697 31500 42
698 30924 42
699 20460 42
700 33708 42
701 35724 42
702 36876 54364
703 33996 42
704 37452 42
705 42 28620
706 46572 42
707 47724 42
708 45612 42
709 41580 42
710 45420 42
711 44940 42
712 49068 42
713 45516 42
714 51372 42
715 51468 42
716 42 26604
717 51564 42
718 66966 21708
719 66966 23148
720 46092 42
721 66966 24972
722 66966 25260
723 66966 29484
724 66966 27372
725 66966 27756
726 66966 29772
727 42 26124
