0 149910 230066
1 236404 200808
2 108791 98686
3 174306 117880
4 315409 103460
5 182637 113400
6 237060 140957
7 55196 185589
8 85634 135964
9 195418 206862
10 158894 207400
11 161614 226520
12 113877 133200
13 160628 291282
14 204250 105736
15 311030 82600
16 199310 79545
17 78497 181560
18 178220 60330
19 155182 114100
20 309953 103600
21 181099 117923
22 146408 298000
23 170672 234572
24 156332 231560
25 261145 117600
26 190680 218031
27 165205 255150
28 53639 82178
29 120127 72940
30 164106 212296
31 147516 191240
32 265099 96392
33 174346 125676
34 177511 89218
35 150511 91000
36 173565 279917
37 79550 90709
38 105165 32200
39 288029 70466
40 318093 203823
41 178116 37290
42 138974 95977
43 188134 34490
44 372352 214494
45 151287 7700
46 167627 25900
47 180321 39282
48 144391 119852
49 95343 134086
50 133522 196000
51 277352 285880
52 152399 202160
53 157250 271727
54 168968 222020
55 183768 224840
56 223772 150500
57 131810 101315
58 178279 291025
59 245089 140933
60 159942 86520
61 143260 4200
62 289834 78866
63 330070 280000
64 203747 40200
65 198841 298760
66 251227 318266
67 215602 22400
68 298662 215472
69 206789 21254
70 118138 142232
71 217692 28700
72 323195 325500
73 216264 26105
74 165819 145320
75 260066 118760
76 171902 35700
77 157181 159218
78 381269 65419
79 157491 62160
80 179191 153377
81 241913 225018
82 104695 31080
83 232340 132353
84 177293 142916
85 156357 290341
86 211227 241111
87 248377 82180
88 213848 110264
89 148421 291355
90 276154 242200
91 171589 63840
92 240858 249117
93 122630 29673
94 240598 71882
95 307050 143168
96 234301 58333
97 179265 305200
98 169708 45640
99 165756 58240
100 180120 29711
101 158481 77933
102 257726 91000
103 132959 131000
104 157042 51800
105 172914 97892
106 75095 171200
107 186727 159168
108 98357 230764
109 239702 279531
110 266837 193447
111 264397 166740
112 315555 40420
113 229330 51313
114 242402 125720
115 390045 84496
116 264480 64400
117 326634 56427
118 293360 96515
119 367916 65240
120 283670 33133
121 247707 63514
122 279625 100466
123 285013 90000
124 252675 268369
125 289370 32200
126 340310 211400
127 323829 131907
128 321503 202485
129 403157 73367
130 302981 140739
131 323000 179900
132 409231 181355
133 223148 66037
134 312170 177800
135 313244 220379
136 295450 221200
137 308950 153336
138 342570 148680
139 260988 355950
140 409652 196022
141 395346 140710
142 347510 162866
143 390070 191100
144 403071 149400
145 337630 177800
146 379660 138800
147 269876 322280
148 268375 350700
149 306252 157000
150 426135 190018
151 329911 250250
152 207586 224905
153 342637 264057
154 401743 126142
155 223728 231336
156 289655 303800
157 335032 268747
158 374517 225400
159 253935 274400
160 411492 235462
161 226575 308000
162 85440 270927
163 261427 193293
164 339625 248266
165 284002 303100
166 393395 217600
167 272956 190615
168 237191 132037
169 231350 222600
170 277336 324333
171 223143 170632
172 283416 319666
173 184556 255220
174 151861 341981
175 173170 262536
176 161642 329000
177 113582 334888
178 183825 282100
179 185497 281400
180 113473 243803
181 163229 173040
182 128889 343835
183 293740 333044
184 186479 177450
185 161391 295266
186 174610 343000
187 281041 339733
188 150638 344400
189 307182 336700
190 188480 343000
191 229634 122360
192 239780 236600
193 161637 199577
194 324045 98000
195 309890 139300
196 291080 262360
197 408349 236729
198 339910 82600
199 208012 234360
200 248187 92400
201 238754 143080
202 213560 242200
203 267836 103133
204 138225 287000
205 73457 287170
206 157130 277200
207 172520 315000
208 172330 333666
209 161452 313600
210 138048 297400
211 270370 106400
212 274645 234500
213 296210 77933
214 251821 192963
215 344853 326428
216 321385 296100
217 285665 299600
218 316730 300066
219 348303 299023
220 203490 247800
221 224770 244300
222 192945 228200
223 223883 51800
224 214840 95459
225 235536 53666
226 239485 335835
227 288420 284200
228 221825 247100
229 183350 326200
230 180436 333666
231 290415 107100
232 267836 99400
233 339783 91000
234 314545 280700
235 308465 293300
236 336110 312200
237 350296 315000
238 326103 311266
239 200355 302400
240 197473 240333
241 214763 49000
242 197572 74200
243 184015 256200
244 174800 297500
245 209190 342066
246 203996 304733
247 202282 316000
248 192897 217000
249 186310 214347
250 265810 236600
251 145350 260400
252 266190 22400
253 176890 337400
254 204250 112000
255 293360 361200
256 302670 365400
257 325090 96600
258 156370 294000
259 161776 70212
260 188670 225400
261 180310 368200
262 310270 9800
263 307990 12600
264 296210 4200
265 299630 7000
266 260110 7000
267 260490 4200
268 278730 368200
269 254790 18200
270 303050 4200
271 317110 4200
272 162070 371000
273 274550 21000
274 292410 7000
275 260110 12600
276 200830 368200
277 259730 365400
278 196650 4200
279 240730 12600
280 238830 4200
281 238070 7000
282 246430 4200
283 155990 368200
284 280630 9800
285 274550 4200
286 266950 4200
287 261250 18200
288 283290 7000
289 274170 9800
290 303810 9800
291 288990 4200
292 168150 362600
293 149150 371000
294 158270 354200
295 139650 365400
296 41230 256200
297 24510 247800
298 122550 365400
299 127870 371000
300 169290 371000
301 121410 371000
302 114950 371000
303 30970 264600
304 26410 259000
305 199310 365400
306 162070 365400
307 179170 345800
308 188290 371000
309 201210 371000
310 194370 368200
311 170810 278600
312 200450 359800
313 192470 337400
314 222870 371000
315 207670 371000
316 206910 365400
317 227810 7000
318 230470 4200
319 232370 9800
320 247570 9800
321 224390 9800
322 134330 371000
323 224390 365400
324 214130 371000
325 214890 365400
326 238830 9800
327 229330 12600
328 225910 15400
329 241110 18200
330 228570 18200
331 194750 371000
332 214890 359800
333 162450 368200
334 229330 371000
335 224010 4200
336 249090 12600
337 247570 18200
338 252130 21000
339 245670 32200
340 261630 371000
341 284430 371000
342 219070 368200
343 287850 368200
344 142310 371000
345 357390 365400
346 355490 371000
347 314070 368200
348 361950 371000
349 322050 7000
350 300390 371000
351 306850 371000
352 322430 357000
353 342570 371000
354 335350 12600
355 192090 345800
356 366130 186200
357 332310 362600
358 149530 368200
359 254030 368200
360 290890 371000
361 337630 368200
362 333830 371000
363 347130 368200
364 322430 371000
365 330030 368200
366 155610 371000
367 328510 7000
368 315590 7000
369 299250 362600
370 325470 12600
371 334590 9800
372 341050 9800
373 338770 7000
374 342570 4200
375 318630 15400
376 314450 12600
377 235790 371000
378 309510 4200
379 333450 4200
380 357390 158200
381 362330 180600
382 373730 158200
383 375250 152600
384 282530 4200
385 238830 15400
386 266950 362600
387 298110 12600
388 152570 362600
389 190590 376890
390 98750 140
391 104350 140
392 151390 140
393 126750 140
394 133470 140
395 150270 140
396 112190 376890
397 163710 376890
398 136830 140
399 149150 140
400 212990 140
401 159230 376890
402 211870 140
403 214110 140
404 184990 376890
405 148030 376890
406 132350 376890
407 170430 140
408 148030 140
409 179390 140
410 168190 140
411 146910 140
412 139070 140
413 174910 376890
414 172670 140
415 158110 376890
416 165950 140
417 184990 140
418 186110 140
419 187230 140
420 181630 140
421 140190 140
422 143550 140
423 144670 140
424 134590 140
425 140 181580
426 140 180460
427 150270 376890
428 140 189420
429 96510 140
430 142430 140
431 140 191660
432 144670 376890
433 140 193900
434 125630 140
435 112190 140
436 117790 140
437 114430 140
438 109950 140
439 130110 140
440 115550 376890
441 145790 140
442 121150 140
443 140 199500
444 111070 140
445 140 205100
446 122270 140
447 115550 140
448 118910 140
449 116670 140
450 132350 140
451 95390 140
452 139070 376890
453 141310 376890
454 149150 376890
455 128990 140
456 158110 140
457 204030 140
458 205150 140
459 206270 140
460 181630 376890
461 162590 376890
462 140 172620
463 173790 376890
464 176030 140
465 152510 140
466 193950 140
467 169310 140
468 156990 140
469 192830 376890
470 178270 140
471 191710 376890
472 173790 140
473 100990 140
474 188350 140
475 197310 140
476 195070 140
477 189470 140
478 140 192780
479 107710 140
480 140 203980
481 123390 140
482 105470 140
483 124510 140
484 120030 140
485 113310 140
486 127870 140
487 137950 140
488 136830 376890
489 155870 376890
490 131230 140
491 154750 140
492 200670 140
493 201790 140
494 202910 140
495 97630 140
496 186110 376890
497 165950 376890
498 167070 376890
499 177150 140
500 155870 140
501 192830 140
502 167070 140
503 153630 140
504 197310 376890
505 183870 140
506 135710 140
507 195070 376890
508 174910 140
509 196190 140
510 209630 140
511 207390 140
512 190590 140
513 118910 376890
514 108830 140
515 140 195020
516 106590 140
517 141310 140
518 140 227500
519 182750 376890
520 188350 376890
521 317150 140
522 322750 140
523 323870 140
524 339550 140
525 299230 140
526 288030 376890
527 273470 376890
528 352990 376890
529 351870 376890
530 312670 140
531 268990 376890
532 354110 376890
533 303710 140
534 226430 140
535 128990 376890
536 240990 376890
537 134590 376890
538 180510 376890
539 219710 376890
540 124510 376890
541 125630 376890
542 122270 376890
543 232030 376890
544 266750 140
545 260030 140
546 256670 140
547 273470 140
548 265630 140
549 291390 140
550 290270 140
551 121150 376890
552 126750 376890
553 114430 376890
554 137950 376890
555 156990 376890
556 133470 376890
557 171550 376890
558 145790 376890
559 169310 376890
560 161470 376890
561 146910 376890
562 140190 376890
563 168190 376890
564 201790 376890
565 266750 376890
566 261150 376890
567 265630 376890
568 247710 376890
569 228670 376890
570 206270 376890
571 234270 376890
572 229790 376890
573 202910 376890
574 208510 140
575 199550 376890
576 220830 140
577 218590 140
578 221950 140
579 217470 140
580 219710 140
581 200670 376890
582 230910 376890
583 205150 376890
584 193950 376890
585 235390 140
586 228670 140
587 223070 140
588 237630 140
589 243230 140
590 238750 140
591 255550 140
592 189470 376890
593 214110 376890
594 261150 140
595 271230 140
596 262270 140
597 258910 140
598 268990 140
599 264510 376890
600 333950 376890
601 237630 376890
602 335070 376890
603 238750 376890
604 283550 376890
605 298110 376890
606 280190 376890
607 295870 376890
608 310430 376890
609 292510 376890
610 305950 376890
611 304830 376890
612 312670 376890
613 311550 376890
614 211870 376890
615 347390 376890
616 332830 376890
617 318270 376890
618 338430 376890
619 285790 376890
620 346270 376890
621 330590 376890
622 345150 376890
623 342910 376890
624 331710 376890
625 208510 376890
626 304830 140
627 327230 140
628 284670 376890
629 318270 140
630 329470 140
631 341790 140
632 338430 140
633 331710 140
634 305950 140
635 319390 140
636 277950 376890
637 290270 376890
638 470140 137900
639 335070 140
640 470140 173740
641 342910 140
642 345150 140
643 289150 140
644 326110 140
645 272350 140
646 330590 140
647 154750 376890
648 183870 376890
649 313790 140
650 311550 140
651 300350 140
652 310430 140
653 279070 140
654 267870 140
655 286910 376890
656 257790 140
657 308190 140
658 320510 140
659 164830 376890
660 293630 140
661 309310 140
662 264510 140
663 207390 376890
664 263390 376890
665 199550 140
666 245470 140
667 242110 140
668 240990 140
669 246590 140
670 113310 376890
671 284670 140
672 277950 140
673 270110 140
674 263390 140
675 285790 140
676 276830 140
677 307070 140
678 292510 140
679 143550 376890
680 135710 376890
681 160350 376890
682 130110 376890
683 140 240940
684 140 243180
685 120030 376890
686 123390 376890
687 172670 376890
688 116670 376890
689 117790 376890
690 140 264460
691 140 247660
692 215230 376890
693 233150 376890
694 225310 376890
695 235390 376890
696 209630 376890
697 224190 376890
698 170430 376890
699 204030 376890
700 221950 376890
701 223070 376890
702 212990 376890
703 210750 376890
704 230910 140
705 234270 140
706 236510 140
707 251070 140
708 229790 140
709 127870 376890
710 226430 376890
711 217470 376890
712 218590 376890
713 247710 140
714 233150 140
715 227550 140
716 244350 140
717 232030 140
718 198430 376890
719 216350 376890
720 153630 376890
721 239870 376890
722 249950 140
723 253310 140
724 252190 140
725 254430 140
726 248830 140
727 271230 376890
728 349630 376890
729 220830 376890
730 328350 376890
731 131230 376890
732 364190 376890
733 363070 376890
734 329470 376890
735 365310 376890
736 324990 140
737 299230 376890
738 307070 376890
739 323870 376890
740 344030 376890
741 332830 140
742 196190 376890
743 470140 186060
744 336190 376890
745 142430 376890
746 227550 376890
747 294750 376890
748 340670 376890
749 339550 376890
750 350750 376890
751 337310 376890
752 341790 376890
753 152510 376890
754 333950 140
755 314910 140
756 300350 376890
757 328350 140
758 337310 140
759 344030 140
760 340670 140
761 346270 140
762 321630 140
763 316030 140
764 236510 376890
765 301470 140
766 336190 140
767 470140 156940
768 470140 180460
769 470140 142380
770 470140 151340
771 288030 140
772 239870 140
773 270110 376890
774 302590 140
775 151390 376890
