0 231230 197400
1 267525 171967
2 189342 184216
3 345970 139484
4 260220 133583
5 65212 151595
6 114323 107940
7 230553 145075
8 309710 146377
9 215097 175000
10 195238 187800
11 275673 131052
12 142690 95941
13 195367 255850
14 252710 88977
15 220522 76600
16 90937 148637
17 155649 110600
18 210986 139618
19 186077 144200
20 201264 259200
21 198486 189093
22 175104 166600
23 279159 146170
24 219614 216813
25 129007 31944
26 261415 133933
27 255564 243548
28 210369 168933
29 216296 122920
30 327238 161933
31 276508 119533
32 259492 156100
33 256379 152854
34 246287 168700
35 217098 231210
36 155931 40627
37 138225 32200
38 317650 126663
39 329923 159950
40 227620 134018
41 167896 84155
42 266356 152425
43 240587 179900
44 190332 93800
45 367063 193891
46 197322 110384
47 202382 94360
48 214540 215378
49 104245 81349
50 188242 33600
51 194061 71750
52 218443 173859
53 238597 140777
54 303059 156287
55 160147 70411
56 172572 209533
57 292552 101325
58 167320 62236
59 214645 57800
60 137560 4200
61 295792 94080
62 337186 219053
63 214173 63215
64 183920 222600
65 123894 242062
66 195329 48440
67 123363 92209
68 189477 38500
69 188205 57711
70 245176 49000
71 202777 80500
72 214688 77350
73 184549 82425
74 316174 131276
75 227511 161400
76 234840 213850
77 160348 130569
78 304859 92600
79 277310 238515
80 297160 142600
81 219761 161112
82 259365 229911
83 265104 181000
84 209570 128800
85 252250 244115
86 305857 210677
87 214320 194600
88 415708 174670
89 221568 171640
90 181616 132685
91 322502 92333
92 363110 166157
93 309864 125160
94 233763 245233
95 215010 100927
96 236132 133280
97 259075 152600
98 208224 129966
99 278844 163613
100 205656 127120
101 185835 92166
102 191359 125892
103 139083 193504
104 43375 208053
105 301418 214416
106 381868 110133
107 267837 101460
108 301210 132422
109 433977 63767
110 317139 129237
111 256793 23545
112 319865 107100
113 313785 79800
114 399870 67316
115 379963 96433
116 302017 203246
117 405864 60019
118 357742 77600
119 337469 113256
120 254507 39780
121 360392 54320
122 338529 157380
123 404365 105845
124 396466 162866
125 490973 189684
126 238087 39928
127 357010 147000
128 335473 52429
129 308762 156986
130 316445 153300
131 345297 68435
132 369322 70840
133 372263 166339
134 475380 188754
135 448639 152034
136 503165 179653
137 182476 242760
138 121929 254146
139 380244 165960
140 370310 265440
141 290098 176244
142 445160 143149
143 365317 270863
144 330695 273700
145 297654 227640
146 381258 200462
147 284715 245000
148 279619 137701
149 262865 90800
150 325945 273466
151 354396 277021
152 214598 184146
153 259371 104140
154 276590 159821
155 193665 283209
156 330600 273000
157 259386 275621
158 217450 215052
159 269041 271061
160 249755 257600
161 404206 241636
162 142861 213920
163 384940 245622
164 154620 204472
165 56039 221558
166 277210 257133
167 377378 251160
168 249438 274866
169 388256 245254
170 302986 238466
171 187910 209533
172 266380 165900
173 281865 110600
174 355775 125300
175 342760 123900
176 301188 149800
177 393829 192189
178 381567 165900
179 284202 101640
180 255550 185500
181 291270 28840
182 192565 295400
183 173001 275934
184 203300 288400
185 213655 286300
186 212103 328066
187 237662 275800
188 187448 299400
189 322240 99400
190 288705 77700
191 362330 49933
192 413712 231736
193 345087 299600
194 328605 167300
195 304950 171500
196 253650 183400
197 263682 174440
198 242155 186200
199 262770 66733
200 233263 70466
201 194784 221836
202 110404 242568
203 227905 199500
204 259825 119000
205 315495 142800
206 307230 98466
207 345040 145320
208 308655 156100
209 282435 243600
210 247095 191100
211 254176 167676
212 199255 169800
213 216952 157800
214 240540 207200
215 250895 252700
216 230782 242000
217 220352 75600
218 227430 77884
219 298965 309400
220 380760 140000
221 360430 16800
222 385130 151200
223 225927 135121
224 214510 4200
225 220970 371000
226 390450 158200
227 365750 144200
228 360050 7000
229 380570 376600
230 296210 12600
231 295450 18200
232 288230 7000
233 519650 127400
234 538650 149800
235 524970 107800
236 213750 376600
237 306470 18200
238 368790 26600
239 275310 9800
240 222870 376600
241 296590 7000
242 252510 373800
243 344470 4200
244 334210 12600
245 281770 7000
246 284810 21000
247 176890 373800
248 326230 21000
249 281390 4200
250 309130 9800
251 331930 9800
252 370690 9800
253 350170 9800
254 359290 12600
255 363470 15400
256 168530 365400
257 173850 376600
258 165490 376600
259 172330 368200
260 160550 373800
261 180690 371000
262 152570 376600
263 165110 371000
264 224770 368200
265 159030 365400
266 151810 373800
267 180690 365400
268 157510 368200
269 257450 362600
270 298110 4200
271 303050 7000
272 341810 373800
273 227430 365400
274 290510 376600
275 254790 376600
276 308750 376600
277 320150 12600
278 276450 376600
279 253650 4200
280 269230 376600
281 268090 4200
282 260110 7000
283 277970 12600
284 254030 9800
285 248330 371000
286 195510 376600
287 274930 7000
288 261250 376600
289 257450 365400
290 260110 4200
291 284050 9800
292 271510 12600
293 285570 12600
294 274550 4200
295 246810 376600
296 238830 376600
297 211090 371000
298 241870 371000
299 264670 373800
300 260870 12600
301 288610 4200
302 292790 9800
303 266190 74200
304 302670 9800
305 325470 373800
306 265810 368200
307 150290 368200
308 330790 376600
309 318630 373800
310 321670 376600
311 338390 376600
312 374110 376600
313 302670 15400
314 324330 4200
315 317870 4200
316 322430 18200
317 387410 376600
318 238830 373800
319 319390 15400
320 340290 9800
321 165870 368200
322 181830 376600
323 333830 7000
324 154850 371000
325 319010 9800
326 319770 371000
327 324330 362600
328 329270 371000
329 231990 368200
330 352070 7000
331 351690 12600
332 327370 7000
333 358910 9800
334 355110 4200
335 524970 133000
336 531050 124600
337 519650 130200
338 367270 4200
339 525350 144200
340 207290 376600
341 334970 4200
342 538650 158200
343 532190 161000
344 525350 163800
345 538650 138600
346 524970 152600
347 320530 7000
348 326610 12600
349 345610 7000
350 375630 4200
351 183350 373800
352 186110 140
353 116670 140
354 284670 382090
355 248830 140
356 245470 382090
357 158110 140
358 135710 140
359 156990 140
360 140 192780
361 133470 140
362 137950 140
363 177150 140
364 146910 382090
365 174910 140
366 171550 140
367 152510 382090
368 196190 382090
369 172670 382090
370 180510 382090
371 173790 382090
372 199550 140
373 198430 140
374 176030 140
375 142430 140
376 206270 382090
377 208510 140
378 207390 382090
379 182750 140
380 208510 382090
381 211870 382090
382 205150 140
383 277950 382090
384 152510 140
385 136830 140
386 165950 140
387 172670 140
388 140 178220
389 140 177100
390 164830 382090
391 117790 140
392 122270 140
393 121150 140
394 123390 140
395 161470 140
396 140 191660
397 124510 140
398 112190 140
399 99870 140
400 107710 140
401 120030 140
402 126750 140
403 140 193900
404 162590 140
405 164830 140
406 215230 382090
407 141310 140
408 140 195020
409 140190 140
410 240990 382090
411 240990 140
412 239870 382090
413 145790 140
414 118910 140
415 167070 140
416 151390 140
417 148030 382090
418 139070 140
419 159230 140
420 173790 140
421 169310 140
422 170430 140
423 154750 382090
424 201790 382090
425 128990 140
426 179390 382090
427 202910 382090
428 176030 382090
429 193950 140
430 189470 140
431 181630 140
432 217470 382090
433 223070 382090
434 280190 382090
435 188350 382090
436 125630 140
437 221950 382090
438 276830 382090
439 202910 140
440 266750 382090
441 282430 382090
442 143550 140
443 148030 140
444 144670 140
445 227550 382090
446 238750 382090
447 163710 140
448 236510 382090
449 146910 140
450 160350 140
451 154750 140
452 205150 382090
453 150270 140
454 153630 140
455 184990 140
456 168190 140
457 180510 140
458 127870 140
459 167070 382090
460 204030 382090
461 183870 382090
462 189470 382090
463 151390 382090
464 201790 140
465 190590 140
466 183870 140
467 275710 382090
468 223070 140
469 149150 140
470 219710 382090
471 191710 382090
472 270110 382090
473 234270 382090
474 211870 140
475 229790 140
476 228670 382090
477 132350 140
478 134590 140
479 131230 140
480 155870 140
481 177150 382090
482 178270 140
483 244350 382090
484 383230 140
485 382110 140
486 377630 140
487 407870 382090
488 357470 140
489 383230 382090
490 271230 140
491 408990 382090
492 393310 382090
493 403390 382090
494 302590 140
495 412350 382090
496 384350 140
497 262270 382090
498 158110 382090
499 283550 140
500 193950 382090
501 294750 140
502 268990 140
503 226430 382090
504 209630 382090
505 190590 382090
506 314910 140
507 311550 140
508 321630 140
509 356350 140
510 352990 140
511 347390 140
512 349630 140
513 350750 140
514 170430 382090
515 186110 382090
516 169310 382090
517 274590 382090
518 199550 382090
519 192830 382090
520 220830 382090
521 184990 382090
522 233150 382090
523 200670 382090
524 197310 382090
525 218590 382090
526 212990 382090
527 258910 382090
528 374270 382090
529 351870 140
530 369790 382090
531 358590 382090
532 328350 140
533 252190 382090
534 350750 382090
535 341790 140
536 283550 382090
537 252190 140
538 248830 382090
539 260030 140
540 254430 140
541 261150 140
542 251070 140
543 257790 382090
544 256670 382090
545 260030 382090
546 254430 382090
547 243230 382090
548 233150 140
549 267870 140
550 266750 140
551 282430 140
552 286910 140
553 272350 140
554 293630 140
555 237630 382090
556 253310 382090
557 308190 140
558 289150 140
559 273470 140
560 284670 140
561 300350 140
562 298110 382090
563 344030 382090
564 285790 382090
565 335070 382090
566 273470 382090
567 324990 382090
568 310430 382090
569 318270 140
570 301470 382090
571 344030 140
572 288030 382090
573 303710 140
574 303710 382090
575 332830 140
576 320510 140
577 281310 382090
578 326110 382090
579 323870 382090
580 346270 140
581 336190 382090
582 327230 140
583 351870 382090
584 339550 382090
585 352990 382090
586 349630 382090
587 336190 140
588 271230 382090
589 355230 140
590 374270 140
591 319390 140
592 544190 175980
593 345150 140
594 544190 169260
595 410110 382090
596 544190 170380
597 360830 140
598 544190 153580
599 232030 382090
600 333950 140
601 544190 145740
602 544190 150220
603 544190 161420
604 544190 144620
605 544190 167020
606 339550 140
607 544190 173740
608 299230 140
609 544190 189420
610 195070 382090
611 224190 382090
612 544190 172620
613 544190 168140
614 368670 140
615 384350 382090
616 298110 140
617 296990 140
618 290270 140
619 544190 146860
620 544190 152460
621 544190 141260
622 216350 382090
623 309310 140
624 378750 140
625 279070 140
626 225310 382090
627 301470 140
628 255550 382090
629 361950 140
630 348510 140
631 285790 140
632 292510 140
633 178270 382090
634 329470 140
635 280190 140
636 312670 140
637 335070 140
638 373150 140
639 363070 140
640 364190 140
641 366430 140
642 171550 382090
643 159230 382090
644 162590 382090
645 174910 382090
646 163710 382090
647 182750 382090
648 156990 382090
649 168190 382090
650 229790 382090
651 161470 382090
652 150270 382090
653 181630 382090
654 153630 382090
655 263390 382090
656 313790 140
657 310430 140
658 346270 382090
659 230910 382090
660 304830 382090
661 265630 382090
662 321630 382090
663 326110 140
664 279070 382090
665 262270 140
666 272350 382090
667 274590 140
668 263390 140
669 281310 140
670 257790 140
671 251070 382090
672 198430 382090
673 277950 140
674 264510 382090
675 261150 382090
676 264510 140
677 288030 140
678 275710 140
679 291390 140
680 276830 140
681 249950 382090
682 242110 382090
683 214110 382090
684 246590 382090
685 267870 382090
686 265630 140
687 305950 140
688 295870 140
689 270110 140
690 307070 140
691 328350 382090
692 268990 382090
693 302590 382090
694 149150 382090
695 333950 382090
696 329470 382090
697 332830 382090
698 342910 382090
699 377630 382090
700 304830 140
701 331710 140
702 317150 140
703 324990 140
704 404510 382090
705 247710 382090
706 316030 140
707 342910 140
708 165950 382090
709 160350 382090
710 337310 140
711 155870 382090
712 322750 140
713 322750 382090
714 327230 382090
715 330590 382090
716 235390 382090
717 367550 140
718 354110 140
719 340670 140
720 365310 140
721 359710 140
722 544190 134540
723 544190 125580
724 544190 131180
725 372030 140
726 544190 140140
727 210750 382090
728 338430 140
729 544190 155820
730 544190 156940
731 544190 165900
732 544190 133420
733 544190 151340
734 323870 140
735 330590 140
736 358590 140
737 379870 140
738 187230 382090
