0 22863 17905
1 15231 30780
2 29558 29001
3 14595 26168
4 36006 20115
5 25501 15975
6 23294 36727
7 11106 19184
8 13728 25073
9 11410 29419
10 35661 19355
11 36953 16277
12 33754 38163
13 24975 2565
14 33880 16555
15 31991 38436
16 22032 33840
17 15966 26182
18 29920 13291
19 33968 34897
20 27305 38124
21 17249 22106
22 12259 17831
23 36441 18810
24 36818 39777
25 27999 36621
26 34506 19773
27 37269 12705
28 28396 34572
29 19440 42096
30 12951 29235
31 42105 30123
32 36886 31852
33 7395 28418
34 33756 29625
35 42763 27780
36 26993 45250
37 41847 28297
38 39978 32373
39 25495 47078
40 25977 34875
41 31309 45621
42 10654 26916
43 17080 34020
44 29866 38171
45 17317 36247
46 40446 33345
47 29391 45450
48 25512 38445
49 10693 37061
50 43600 23802
51 23944 51937
52 11300 25720
53 15844 33300
54 25731 2295
55 30368 17077
56 24354 16773
57 17692 12563
58 28800 14777
59 26958 25657
60 36149 37197
61 33950 31708
62 27418 17370
63 30409 39666
64 18189 26171
65 28809 23328
66 40314 21526
67 26531 21775
68 34139 27180
69 25116 19878
70 14782 25110
71 34587 15525
72 25241 19266
73 24963 26190
74 31997 18562
75 26937 27112
76 23189 12723
77 30379 12937
78 37703 17887
79 16762 15795
80 23411 24246
81 32859 43825
82 6617 34899
83 36262 19407
84 45330 23182
85 24952 27945
86 34530 45318
87 18906 40917
88 39354 52534
89 17640 46219
90 38859 18050
91 25061 18387
92 29216 16470
93 26805 32017
94 10330 35204
95 28068 17482
96 33658 39760
97 26656 16948
98 32366 38694
99 30242 18519
100 39993 51993
101 29064 21008
102 26832 31374
103 26306 22696
104 32818 17325
105 38872 12771
106 35697 40285
107 28776 23393
108 25422 32432
109 42482 28928
110 23391 22875
111 32995 14254
112 29437 26563
113 27675 2565
114 15012 19343
115 15808 20520
116 14870 18900
117 14353 19683
118 19368 14652
119 21607 13056
120 19879 11745
121 20747 9697
122 12563 36155
123 11043 32366
124 31000 31917
125 41475 25569
126 44598 27045
127 43605 26271
128 41134 27875
129 48759 42898
130 47223 13641
131 33390 34830
132 43222 26133
133 49379 46272
134 43288 29425
135 46827 14676
136 41967 7845
137 46318 15052
138 41407 29770
139 46775 43180
140 28798 29565
141 39736 24795
142 37563 41015
143 38216 28395
144 45333 18441
145 30648 35199
146 37646 29123
147 48540 16305
148 39647 28267
149 47009 14958
150 50042 15390
151 42438 27657
152 32672 39981
153 36102 32342
154 50854 13972
155 45198 13061
156 48484 12323
157 42781 20075
158 39560 19159
159 55471 19541
160 25024 21420
161 53780 20967
162 44454 20520
163 25128 22275
164 45446 22131
165 46596 21765
166 46837 24454
167 38943 39130
168 43632 19635
169 51246 19530
170 19152 21015
171 52305 32602
172 49450 18832
173 41835 21132
174 38639 21169
175 41163 22583
176 55948 23304
177 41232 26021
178 54270 29241
179 56584 19729
180 55545 21496
181 52044 21525
182 29163 45610
183 32308 45099
184 33363 45827
185 43545 51637
186 42572 56565
187 35843 46200
188 48231 39127
189 30570 44352
190 34488 45905
191 30368 45700
192 37932 49275
193 45222 38835
194 56945 41094
195 36885 53787
196 36008 46550
197 33685 52278
198 35968 48303
199 42620 53514
200 50679 41661
201 55171 40972
202 44701 50031
203 39386 51185
204 38133 55755
205 20493 35008
206 9405 41148
207 23280 12622
208 19468 38961
209 31782 26955
210 21753 48060
211 18811 37466
212 12358 43220
213 20475 48645
214 22289 33060
215 18234 40605
216 24329 45391
217 19927 37665
218 14373 39555
219 24208 49067
220 23943 34069
221 12528 45186
222 25569 12447
223 22897 38505
224 29848 48768
225 26073 41310
226 14569 39825
227 23379 42817
228 28296 12870
229 19656 50175
230 11200 44325
231 17056 43629
232 14202 41931
233 16065 43470
234 11510 41548
235 38263 25785
236 32654 23767
237 42817 23985
238 36481 17301
239 35730 18720
240 30980 23037
241 29259 24981
242 30249 23760
243 33628 20277
244 31077 19507
245 38504 7909
246 40038 17341
247 39649 21960
248 36769 36994
249 38772 6167
250 40277 9169
251 36377 9037
252 34914 4725
253 41059 7309
254 34538 9315
255 39899 10478
256 35016 39615
257 37460 46305
258 34438 36990
259 36401 35694
260 38628 40605
261 35538 35985
262 33351 39453
263 20946 37368
264 24014 43916
265 20758 33525
266 26639 38706
267 28644 38583
268 24691 46042
269 27609 37703
270 28981 43791
271 22500 36105
272 27177 40982
273 26109 45258
274 28728 44752
275 23274 48015
276 43734 28971
277 45725 36961
278 42133 32040
279 40474 31280
280 39339 31392
281 38155 32715
282 47453 38801
283 41229 39735
284 44476 40045
285 42786 39555
286 41134 38475
287 39136 19372
288 28970 8791
289 26656 8696
290 25904 8477
291 34618 15930
292 23601 8521
293 28062 10458
294 29423 10372
295 31935 6135
296 38296 46440
297 38880 57210
298 46225 46042
299 33966 49815
300 46474 44470
301 38695 51091
302 43258 42030
303 44804 42332
304 41356 42756
305 47813 40905
306 19280 33615
307 20384 23880
308 22390 29196
309 23882 35922
310 37031 18349
311 22822 25515
312 26016 37335
313 22777 23787
314 23776 25265
315 25033 25343
316 18500 20898
317 53044 29029
318 38481 30105
319 53670 28410
320 58504 30555
321 55965 27297
322 49990 27810
323 49593 25677
324 53848 32319
325 52969 25834
326 56154 37325
327 56685 34155
328 40385 24097
329 53514 37233
330 54123 38304
331 58304 39333
332 54993 40257
333 53136 38430
334 59493 37997
335 53334 38115
336 24674 53512
337 29885 48580
338 23577 51509
339 21030 52392
340 27099 51030
341 23692 51300
342 24120 48870
343 23147 33831
344 21847 34817
345 29296 32285
346 24807 37206
347 25588 33125
348 35116 56700
349 33186 31086
350 30040 31144
351 31698 32612
352 32481 29835
353 17567 29323
354 3820 29565
355 3685 28890
356 3361 34560
357 40000 56835
358 38758 57105
359 37624 57240
360 36895 57240
361 63679 33345
362 64192 29835
363 62815 32805
364 62059 33615
365 41215 57645
366 65029 30915
367 4090 31455
368 65029 30375
369 64273 29295
370 38002 8640
371 38569 7830
372 39163 8775
373 34114 3510
374 38812 3240
375 36544 3105
376 37300 7560
377 37516 8100
378 24151 9450
379 64840 25515
380 63463 27405
381 43240 10260
382 42619 7560
383 41890 8775
384 38866 9450
385 64894 24030
386 64678 25785
387 24016 8100
388 24097 7560
389 24718 8370
390 4387 27810
391 5035 31725
392 25204 8640
393 21532 58050
394 4063 29025
395 19453 53730
396 28417 14985
397 28228 9855
398 3820 30915
399 3928 35775
400 3307 35235
401 22288 57375
402 23638 58455
403 26581 57780
404 30361 57105
405 30118 57780
406 19912 53325
407 3523 33885
408 26500 58320
409 32386 55215
410 32089 56295
411 21667 57780
412 34870 58590
413 30982 54540
414 35086 57915
415 32791 56835
416 32359 53190
417 21559 53730
418 42484 58995
419 42592 58185
420 37408 58995
421 38758 57105
422 40054 57510
423 39190 57780
424 41107 57780
425 37867 58050
426 35356 58185
427 32494 56700
428 18130 52920
429 65002 34695
430 34978 56565
431 37840 58185
432 34654 55755
433 35221 56565
434 36490 56835
435 36760 56430
436 34087 58320
437 34033 56295
438 33628 56565
439 3496 36450
440 34276 54810
441 36814 56970
442 33952 56295
443 34114 56970
444 64273 27135
445 63733 26730
446 63220 32130
447 64597 32535
448 64300 33345
449 64381 31995
450 3091 33210
451 62437 30375
452 61438 30375
453 29065 4185
454 28525 3240
455 24178 3915
456 30901 4185
457 34141 6885
458 35329 8370
459 33493 6885
460 37273 8505
461 3766 32805
462 37948 9315
463 44536 3375
464 41647 9045
465 42376 7830
466 40243 8100
467 41539 7965
468 44644 3240
469 43078 7290
470 64165 21060
471 64921 22545
472 25015 8100
473 63895 21735
474 64030 23625
475 63922 24165
476 64867 25245
477 64327 25650
478 64489 25380
479 64057 33075
480 63598 30645
481 61465 29835
482 39892 57375
483 38070 31815
484 38583 23895
485 39699 23310
486 24544 48576
487 30890 56332
488 34218 56625
489 34600 55485
490 43389 38895
491 36732 24332
492 38549 14921
493 44481 24660
494 42 28620
495 42 34476
496 35148 61265
497 34764 61265
498 42 33996
499 34380 61265
500 29388 42
501 42 28428
502 42 30156
503 29772 42
504 32940 42
505 34668 42
506 42 31212
507 32076 42
508 67632 29100
509 33900 42
510 31020 42
511 23436 42
512 32268 42
513 34188 42
514 33228 42
515 35532 42
516 35340 42
517 42 26028
518 29484 42
519 29868 42
520 31116 42
521 29964 42
522 30156 42
523 30060 42
524 29580 42
525 29676 42
526 42 25644
527 22956 42
528 42 24300
529 42 27084
530 42 26508
531 24876 42
532 42 29292
533 42 29388
534 42 34188
535 42 28716
536 42 28812
537 42 28044
538 42 29676
539 42 30060
540 42 30828
541 42 33708
542 42 31788
543 42 34572
544 42 34380
545 42 31692
546 42 32460
547 42 32556
548 42 33132
549 42 33420
550 42 32748
551 42 33036
552 42 32172
553 42 33804
554 42 31308
555 42 30444
556 42 33900
557 28332 42
558 28236 42
559 42 30636
560 28524 42
561 31692 42
562 31980 42
563 30924 42
564 33420 42
565 32460 42
566 31596 42
567 42 30540
568 23628 42
569 32844 42
570 33324 42
571 33036 42
572 33612 42
573 33516 42
574 30252 42
575 30828 42
576 31404 42
577 42 31884
578 42 29100
579 31692 61265
580 42 34284
581 42 32364
582 42 32652
583 42 33516
584 42 31980
585 42 32076
586 34860 61265
587 36012 61265
588 35628 61265
589 42 30732
590 42 31404
591 42 30252
592 27564 42
593 27468 42
594 42 30348
595 29196 42
596 32748 42
597 33996 42
598 31788 42
599 35148 42
600 42 29580
601 31884 42
602 32172 42
603 22476 42
604 32652 42
605 35436 42
606 33132 42
607 34764 42
608 34956 42
609 28812 42
610 30540 42
611 25740 42
612 28428 42
613 42 34092
614 31308 42
615 30348 42
616 30732 42
617 30636 42
618 42 32844
619 42 29196
620 42 29964
621 33804 61265
622 42 27180
623 42 31020
624 42 29772
625 42 30924
626 35436 61265
627 67632 30540
628 37260 61265
629 36108 61265
630 67632 31596
631 67632 29964
632 67632 32556
633 67632 32172
634 39948 61265
635 37548 61265
636 34284 42
637 67632 29388
638 67632 28524
639 33708 42
640 36684 42
641 30444 42
642 31500 42
643 36876 42
644 36012 42
645 35628 42
646 35724 42
647 29004 42
648 40716 42
649 41964 42
650 41676 42
651 67632 24684
652 67632 25836
653 37836 42
654 36108 42
655 67632 26700
656 26700 42
657 25356 42
658 42 29004
659 42 29484
660 42 32268
661 23436 61265
662 21708 61265
663 28428 61265
664 21420 61265
665 27852 61265
666 26988 61265
667 30444 61265
668 42 36012
669 32268 61265
670 32460 61265
671 31884 61265
672 29772 61265
673 30252 61265
674 31596 61265
675 29580 61265
676 42 35244
677 31404 61265
678 30732 61265
679 29964 61265
680 29676 61265
681 31500 61265
682 30828 61265
683 31020 61265
684 31116 61265
685 30924 61265
686 30060 61265
687 40908 61265
688 40524 61265
689 38124 61265
690 36780 61265
691 38316 61265
692 38412 61265
693 39564 61265
694 36972 61265
695 39660 61265
696 39372 61265
697 32556 61265
698 35532 61265
699 39468 61265
700 37356 61265
701 36492 61265
702 36396 61265
703 35916 61265
704 32940 61265
705 32748 61265
706 32652 61265
707 33132 61265
708 33516 61265
709 34092 61265
710 35244 61265
711 34572 61265
712 33612 61265
713 67632 32844
714 67632 31404
715 67632 33516
716 67632 31308
717 67632 32652
718 67632 32076
719 42 32940
720 67632 31212
721 67632 30348
722 26892 42
723 26988 42
724 27180 42
725 41868 42
726 41484 42
727 35244 42
728 34380 42
729 34860 42
730 32364 42
731 35052 42
732 39564 42
733 32556 42
734 39180 42
735 37932 42
736 39276 42
737 67632 24396
738 67632 24588
739 67632 25644
740 67632 24876
741 34572 42
742 46860 42
743 45132 42
744 67632 26796
745 67632 25452
746 67632 26412
747 67632 27852
748 67632 29004
749 67632 28908
750 67632 28236
751 34668 61265
752 42 28140
753 42 35148
754 40428 61265
755 39180 61265
756 37932 61265
757 37068 61265
758 67632 33420
759 67632 30156
760 67632 33132
761 67632 33708
762 41580 61265
763 67632 30924
764 42 31500
765 67632 30444
766 67632 29484
767 37740 42
768 38796 42
769 39468 42
770 34092 42
771 39372 42
772 37452 42
773 37164 42
774 37548 42
775 24684 42
776 67632 25356
777 67632 27564
778 43404 42
779 43596 42
780 43884 42
781 38700 42
782 67632 25740
783 67632 26028
784 23244 42
785 24204 42
786 25260 42
787 42 27468
788 42 31596
789 25164 42
790 22092 61265
791 42 28908
792 20172 61265
793 29100 42
794 28716 42
795 42 31116
796 42 35724
797 42 35052
798 40620 61265
799 24396 61265
800 30156 61265
801 31212 61265
802 33324 61265
803 20940 61265
804 42 33612
805 33996 61265
806 32844 61265
807 32364 61265
808 21036 61265
809 34956 61265
810 31308 61265
811 35340 61265
812 33420 61265
813 33228 61265
814 21324 61265
815 43020 61265
816 43116 61265
817 37836 61265
818 39084 61265
819 40236 61265
820 39276 61265
821 41100 61265
822 38604 61265
823 37740 61265
824 33036 61265
825 18348 61265
826 67632 30252
827 35820 61265
828 38220 61265
829 35052 61265
830 35724 61265
831 37644 61265
832 37452 61265
833 36876 61265
834 34284 61265
835 33708 61265
836 42 35916
837 33900 61265
838 37164 61265
839 34188 61265
840 34476 61265
841 67632 27276
842 67632 26604
843 67632 31980
844 67632 32460
845 67632 33324
846 67632 31788
847 42 33324
848 67632 30636
849 67632 30828
850 29292 42
851 28908 42
852 24588 42
853 31212 42
854 34476 42
855 35820 42
856 33804 42
857 37644 42
858 42 33228
859 38028 42
860 45804 42
861 44844 42
862 45036 42
863 40620 42
864 41772 42
865 46956 42
866 44268 42
867 67632 23340
868 67632 22860
869 25452 42
870 67632 23532
871 67632 23916
872 67632 24108
873 67632 25932
874 67632 26508
875 67632 27084
876 67632 33228
877 67632 30732
878 67632 30060
879 40044 61265
880 42 29868
