0 197156 211400
1 224290 181379
2 138225 86100
3 285453 157577
4 148342 84000
5 192503 173942
6 44127 104298
7 120422 51940
8 196802 77000
9 281904 222270
10 192232 85400
11 169575 84000
12 157462 79800
13 116782 65800
14 119763 234733
15 189667 79800
16 206403 80966
17 56528 109794
18 164685 124270
19 135232 74900
20 300217 181109
21 156370 74600
22 129770 223800
23 157700 197400
24 160284 98840
25 152506 207200
26 145834 195160
27 181925 98700
28 279221 228529
29 237025 143325
30 175119 235592
31 60551 57562
32 157963 75735
33 114237 81200
34 229287 164542
35 136942 82600
36 154052 178920
37 266122 245361
38 157435 188391
39 191242 119430
40 126302 77700
41 137417 184800
42 143830 179480
43 228380 209631
44 89155 65906
45 113145 42000
46 202872 109200
47 298074 231525
48 200724 93488
49 143450 74822
50 222034 130760
51 292442 196593
52 207147 116900
53 220067 70700
54 218777 83461
55 272847 242822
56 123547 63000
57 169054 27699
58 149007 56000
59 143526 57960
60 144641 230236
61 173280 66920
62 172154 179459
63 128440 49000
64 266990 246178
65 130477 76377
66 129342 55300
67 117621 216650
68 168292 53900
69 165338 57400
70 149340 4200
71 207176 56280
72 251207 239800
73 180951 55300
74 154195 233022
75 176202 42148
76 210282 52500
77 201257 108033
78 197267 51800
79 198360 63622
80 195462 60200
81 162766 98466
82 163062 71711
83 177222 78400
84 369003 140700
85 182162 70000
86 296005 128170
87 67036 119373
88 171868 160600
89 202445 270900
90 125958 124854
91 285389 119840
92 199183 277666
93 291064 271600
94 176541 131911
95 257663 210721
96 207385 254800
97 170620 135470
98 161088 266311
99 313522 232482
100 290383 244466
101 184363 177800
102 184632 266700
103 144580 131464
104 260974 127786
105 214272 261800
106 204250 98466
107 201542 88900
108 193765 98890
109 136047 130307
110 166904 114333
111 207986 264288
112 195940 240726
113 145554 141400
114 175385 14233
115 175319 24173
116 188642 107400
117 210426 160937
118 72932 167213
119 167135 40719
120 215330 218179
121 317358 138055
122 343900 152600
123 297103 145320
124 379591 109089
125 249128 208040
126 296248 149053
127 302814 29133
128 284715 133700
129 222951 202066
130 292410 147840
131 346981 147852
132 286900 136500
133 337915 108500
134 354388 135800
135 230090 191800
136 298490 119000
137 358958 101314
138 332151 125766
139 291566 41011
140 240458 211600
141 277115 49933
142 328776 105000
143 314323 97533
144 346243 113400
145 313141 39355
146 248558 215320
147 314576 107800
148 381295 282963
149 290383 84933
150 327583 284200
151 370502 158923
152 251457 97131
153 361205 287422
154 269112 32294
155 292841 254672
156 291745 286300
157 405959 206179
158 270483 92111
159 97171 250200
160 275500 285600
161 272620 99400
162 289598 107240
163 73285 273800
164 310376 252785
165 333196 300066
166 356218 279066
167 431680 217000
168 314830 296333
169 393893 214550
170 92656 259466
171 336468 272688
172 375277 272600
173 74907 268800
174 283100 243425
175 275744 106600
176 302199 252200
177 376841 210700
178 329365 291200
179 382850 254200
180 263999 151800
181 253396 194366
182 261470 169288
183 376770 247333
184 410350 194924
185 335413 249666
186 401314 243937
187 292980 206200
188 278708 202066
189 255835 236600
190 301941 197866
191 96713 204742
192 382923 64794
193 234365 249900
194 264648 122422
195 411024 243622
196 321036 291666
197 322184 190843
198 267666 145923
199 318503 288866
200 95411 213266
201 388027 252700
202 263783 150733
203 319263 300066
204 398873 231700
205 319896 287933
206 382375 231280
207 352070 63000
208 97330 177652
209 175211 295711
210 112290 175466
211 169532 237066
212 184996 301000
213 137100 294636
214 219228 191800
215 220970 286440
216 177304 255436
217 187245 282800
218 191520 265125
219 66813 184600
220 238040 286010
221 193249 179480
222 154746 286520
223 217275 289800
224 221388 196280
225 110145 193000
226 148552 299666
227 203236 296333
228 196926 286236
229 212198 175259
230 207891 298666
231 173881 297733
232 223060 295800
233 154363 224616
234 174863 186666
235 187625 290500
236 202920 291666
237 246592 180600
238 142056 203933
239 266646 142706
240 264195 133700
241 270180 147700
242 124070 169400
243 253903 166600
244 146870 155400
245 294246 158013
246 152696 164733
247 306755 203000
248 301435 252000
249 257864 250090
250 253688 269640
251 390153 145880
252 322999 205864
253 314450 290733
254 308623 287000
255 312930 291666
256 263656 80733
257 259160 178500
258 236835 221900
259 278730 68600
260 271636 68600
261 253401 118138
262 259350 68600
263 264923 83533
264 148865 250600
265 80565 216123
266 157216 241181
267 165205 252000
268 165046 249666
269 183983 268333
270 142563 259933
271 128440 246200
272 368805 63750
273 309320 100800
274 313405 112000
275 314196 54600
276 365035 75356
277 326053 81000
278 338263 134866
279 328048 64600
280 326420 83246
281 257073 286542
282 287090 283500
283 250515 282100
284 306343 298200
285 259603 297266
286 219703 121800
287 262178 147000
288 238165 136500
289 238745 191800
290 214605 221200
291 233510 64866
292 258843 57400
293 227968 51916
294 246936 64866
295 237690 62066
296 53605 255830
297 213106 252107
298 222680 284900
299 246905 236600
300 189037 240893
301 124576 256200
302 70186 258559
303 131670 259933
304 119383 263666
305 284525 240800
306 296336 210466
307 321385 200200
308 334210 232866
309 340416 214200
310 299883 176866
311 293075 281400
312 269040 279300
313 294690 295400
314 304190 291666
315 314703 295400
316 245290 238700
317 214415 216300
318 231863 124600
319 238576 130200
320 232623 125533
321 256272 150360
322 239264 131800
323 172900 251300
324 206340 281400
325 233130 296333
326 218563 291666
327 153913 229600
328 134662 207900
329 144093 211088
330 314260 84000
331 113810 243600
332 308560 109200
333 130530 270200
334 195130 309400
335 229330 128800
336 248710 319200
337 241300 312200
338 307610 166600
339 334970 312200
340 338200 238000
341 136230 246400
342 144314 162083
343 107730 317800
344 174610 323400
345 324330 323400
346 429590 141400
347 236550 323400
348 332690 35000
349 276070 7000
350 276450 4200
351 295070 57400
352 323190 7000
353 330790 46200
354 289370 7000
355 201210 281400
356 284810 4200
357 314450 9800
358 282150 65800
359 181070 4200
360 279110 63000
361 325470 4200
362 304950 82600
363 288230 63000
364 269990 4200
365 269990 60200
366 124830 323400
367 295830 7000
368 284810 119000
369 290510 65800
370 318630 4200
371 328890 15400
372 296970 63000
373 304950 4200
374 331930 4200
375 134330 323400
376 147250 323400
377 124070 317800
378 119510 320600
379 105830 320600
380 128250 320600
381 36290 197400
382 29070 197400
383 134710 267400
384 110390 323400
385 113050 320600
386 117610 317800
387 130530 317800
388 190190 317800
389 183350 323400
390 202730 306600
391 190190 320600
392 176890 320600
393 197790 317800
394 148770 270200
395 198550 320600
396 189810 323400
397 250610 4200
398 218690 4200
399 229710 320600
400 236170 68600
401 235790 7000
402 243390 68600
403 246810 60200
404 229710 71400
405 151050 239400
406 237690 12600
407 227430 9800
408 219070 323400
409 232370 4200
410 244150 12600
411 235410 9800
412 257070 4200
413 242250 7000
414 197410 323400
415 217170 317800
416 148010 222600
417 204630 323400
418 223250 320600
419 226290 63000
420 267710 57400
421 252510 63000
422 225150 7000
423 252130 323400
424 345990 323400
425 223630 317800
426 332310 323400
427 150670 320600
428 355490 309400
429 363090 323400
430 353590 315000
431 356250 320600
432 299250 315000
433 265050 323400
434 258590 323400
435 275310 317800
436 303050 320600
437 314450 320600
438 111910 315000
439 284430 323400
440 256690 320600
441 132810 219800
442 236170 320600
443 166630 323400
444 116850 323400
445 160170 323400
446 212610 323400
447 230090 323400
448 242630 320600
449 140790 323400
450 306850 323400
451 290510 68600
452 269610 320600
453 312170 4200
454 324330 23800
455 335350 15400
456 427690 124600
457 298110 4200
458 295830 320600
459 339530 323400
460 205010 320600
461 273410 315000
462 441750 141400
463 333070 306600
464 347130 315000
465 440610 144200
466 325090 9800
467 277970 323400
468 271510 323400
469 299250 323400
470 334210 320600
471 157130 320600
472 108830 329390
473 94270 140
474 137950 329390
475 209630 140
476 218590 140
477 217470 140
478 127870 140
479 124510 140
480 156990 140
481 125630 140
482 163710 140
483 160350 140
484 158110 329390
485 201790 140
486 200670 140
487 198430 140
488 162590 140
489 132350 329390
490 126750 140
491 128990 140
492 171550 140
493 143550 140
494 161470 140
495 106590 140
496 195070 140
497 193950 140
498 182750 140
499 190590 140
500 173790 140
501 195070 329390
502 197310 140
503 192830 140
504 141310 140
505 150270 140
506 112190 140
507 108830 140
508 95390 140
509 96510 140
510 134590 329390
511 99870 140
512 97630 140
513 132350 140
514 103230 140
515 109950 140
516 102110 140
517 135710 140
518 144670 140
519 130110 140
520 134590 140
521 158110 140
522 146910 140
523 153630 329390
524 191710 140
525 180510 140
526 168190 329390
527 123390 140
528 141310 329390
529 114430 140
530 128990 329390
531 206270 140
532 215230 140
533 216350 140
534 98750 140
535 118910 140
536 115550 140
537 148030 329390
538 133470 140
539 154750 140
540 169310 140
541 186110 140
542 188350 140
543 181630 140
544 151390 140
545 105470 140
546 146910 329390
547 140190 140
548 137950 140
549 187230 140
550 149150 140
551 168190 140
552 190590 329390
553 191710 329390
554 180510 329390
555 186110 329390
556 107710 140
557 174910 329390
558 192830 329390
559 211870 140
560 201790 329390
561 165950 140
562 121150 140
563 150270 329390
564 117790 140
565 125630 329390
566 205150 140
567 131230 140
568 207390 140
569 208510 140
570 122270 140
571 120030 140
572 148030 140
573 136830 140
574 152510 140
575 164830 140
576 183870 140
577 189470 140
578 100990 140
579 184990 140
580 159230 140
581 144670 329390
582 142430 140
583 139070 140
584 178270 140
585 153630 140
586 167070 140
587 199550 329390
588 197310 329390
589 104350 140
590 183870 329390
591 199550 140
592 179390 329390
593 196190 329390
594 212990 140
595 204030 329390
596 172670 140
597 111070 140
598 139070 329390
599 113310 140
600 116670 140
601 160350 329390
602 115550 329390
603 170430 329390
604 322750 329390
605 331710 140
606 303710 329390
607 341790 329390
608 312670 140
609 317150 140
610 316030 140
611 468910 153580
612 344030 140
613 340670 140
614 318270 329390
615 468910 147980
616 320510 140
617 251070 140
618 161470 329390
619 255550 140
620 111070 329390
621 249950 329390
622 261150 329390
623 120030 329390
624 163710 329390
625 113310 329390
626 268990 140
627 282430 140
628 284670 140
629 304830 140
630 311550 140
631 295870 140
632 298110 140
633 313790 140
634 130110 329390
635 149150 329390
636 131230 329390
637 124510 329390
638 171550 329390
639 178270 329390
640 173790 329390
641 167070 329390
642 126750 329390
643 151390 329390
644 156990 329390
645 172670 329390
646 182750 329390
647 210750 329390
648 292510 329390
649 277950 329390
650 268990 329390
651 267870 329390
652 229790 329390
653 214110 329390
654 258910 329390
655 252190 329390
656 235390 329390
657 254430 140
658 211870 329390
659 262270 140
660 224190 140
661 234270 140
662 243230 140
663 225310 140
664 145790 329390
665 214110 140
666 219710 140
667 198430 329390
668 196190 140
669 235390 140
670 230910 140
671 245470 140
672 257790 140
673 219710 329390
674 256670 140
675 169310 329390
676 209630 329390
677 253310 140
678 261150 140
679 265630 140
680 271230 140
681 274590 140
682 242110 329390
683 339550 329390
684 230910 329390
685 332830 329390
686 184990 329390
687 320510 329390
688 317150 329390
689 324990 329390
690 333950 329390
691 289150 329390
692 227550 329390
693 260030 329390
694 238750 329390
695 312670 329390
696 296990 329390
697 228670 329390
698 308190 329390
699 295870 329390
700 284670 329390
701 245470 329390
702 254430 329390
703 281310 329390
704 263390 329390
705 266750 329390
706 309310 329390
707 255550 329390
708 218590 329390
709 307070 329390
710 311550 329390
711 256670 329390
712 322750 140
713 316030 329390
714 327230 329390
715 326110 329390
716 314910 329390
717 290270 329390
718 347390 329390
719 223070 329390
720 279070 329390
721 352990 329390
722 335070 329390
723 354110 329390
724 356350 329390
725 321630 329390
726 280190 329390
727 340670 329390
728 291390 329390
729 342910 329390
730 140190 329390
731 177150 329390
732 328350 329390
733 468910 161420
734 239870 329390
735 337310 140
736 277950 140
737 279070 140
738 280190 140
739 326110 140
740 342910 140
741 288030 140
742 206270 329390
743 281310 140
744 318270 140
745 283550 140
746 179390 140
747 276830 140
748 332830 140
749 290270 140
750 286910 140
751 275710 140
752 273470 140
753 123390 329390
754 299230 140
755 285790 140
756 289150 140
757 321630 140
758 335070 140
759 296990 140
760 308190 140
761 336190 140
762 135710 329390
763 142430 329390
764 122270 329390
765 121150 329390
766 114430 329390
767 127870 329390
768 140 198380
769 140 208460
770 136830 329390
771 109950 329390
772 116670 329390
773 117790 329390
774 133470 329390
775 212990 329390
776 216350 329390
777 217470 329390
778 205150 329390
779 189470 329390
780 202910 329390
781 155870 329390
782 224190 329390
783 193950 329390
784 246590 140
785 210750 140
786 232030 329390
787 237630 140
788 238750 140
789 248830 140
790 249950 140
791 232030 140
792 154750 329390
793 228670 140
794 229790 140
795 221950 329390
796 233150 140
797 247710 140
798 236510 140
799 260030 140
800 239870 140
801 200670 329390
802 220830 329390
803 162590 329390
804 207390 329390
805 226430 329390
806 264510 140
807 272350 140
808 258910 140
809 227550 140
810 237630 329390
811 350750 329390
812 225310 329390
813 336190 329390
814 152510 329390
815 358590 329390
816 366430 329390
817 357470 329390
818 359710 329390
819 310430 329390
820 264510 329390
821 262270 329390
822 272350 329390
823 305950 329390
824 319390 329390
825 112190 329390
826 270110 329390
827 257790 329390
828 140 195020
829 240990 329390
830 165950 329390
831 118910 329390
832 164830 329390
833 215230 329390
834 236510 329390
835 246590 329390
836 143550 329390
837 313790 329390
838 293630 140
839 273470 329390
840 319390 140
841 328350 140
842 339550 140
843 468910 123340
844 300350 140
845 299230 329390
846 351870 329390
847 208510 329390
848 276830 329390
849 468910 137900
850 338430 329390
851 355230 329390
852 468910 143500
853 329470 140
854 275710 329390
855 274590 329390
856 304830 329390
857 337310 329390
858 159230 329390
