0 198423 257133
1 235341 218055
2 149103 142509
3 189033 198739
4 304470 119589
5 217455 172783
6 45590 239193
7 101520 159472
8 184996 150266
9 184154 254058
10 234517 198130
11 117241 161700
12 179528 315777
13 210055 100333
14 190646 107240
15 64508 239656
16 174900 120621
17 190114 232866
18 181988 105933
19 253816 130830
20 209916 241047
21 195822 280031
22 97460 134723
23 149822 111432
24 228399 266538
25 214826 149426
26 244044 309088
27 175409 228666
28 207659 158977
29 216344 164920
30 192996 200630
31 166288 136780
32 121589 126946
33 148295 126000
34 224437 279125
35 277409 104720
36 313315 217720
37 195225 124400
38 145265 188688
39 173992 130060
40 199440 132410
41 115675 75176
42 211755 66500
43 269012 286866
44 176116 76200
45 202441 223740
46 208921 277447
47 273666 69720
48 187910 79800
49 144020 4200
50 282456 80733
51 301429 273494
52 197359 79986
53 216309 283047
54 125297 95117
55 203150 78031
56 202439 89352
57 179204 128800
58 167316 114800
59 170910 244011
60 223034 255826
61 93680 191385
62 229977 113145
63 193206 308933
64 223783 180066
65 154416 232680
66 212317 311972
67 228860 243116
68 150712 214044
69 197149 298846
70 161348 208040
71 193996 227041
72 110677 202284
73 284474 94818
74 163378 261800
75 161880 277421
76 219172 338476
77 146756 243600
78 186441 263072
79 149767 223533
80 229900 180384
81 151210 192230
82 181657 117472
83 177123 167030
84 182853 167676
85 114725 265266
86 265441 259726
87 270791 115873
88 237045 119000
89 245778 65878
90 201544 22733
91 229167 229000
92 234045 119254
93 237225 86333
94 264130 63026
95 193639 33861
96 310361 210518
97 278280 179072
98 295099 220422
99 363852 100342
100 378440 196219
101 178821 36210
102 285672 204507
103 255747 168564
104 282150 213935
105 267520 203700
106 314767 244407
107 271523 165200
108 322257 187981
109 384517 206689
110 332658 162857
111 274760 379645
112 225804 221277
113 333181 147952
114 279808 374005
115 248026 299320
116 232085 300300
117 139452 310396
118 322337 49968
119 350645 251361
120 230337 181700
121 206420 369677
122 220566 294175
123 195173 362152
124 206095 315400
125 166573 184240
126 183488 185684
127 210798 308618
128 205295 356533
129 219956 126233
130 214415 235200
131 124410 281884
132 287236 192230
133 263411 188300
134 352209 249164
135 350495 92400
136 235084 152600
137 240255 121800
138 184110 363300
139 134280 327152
140 186618 339080
141 184354 365400
142 275436 38733
143 319533 49466
144 283138 74200
145 224485 63000
146 353967 303560
147 291935 344400
148 266266 296520
149 344588 316972
150 211596 104066
151 210482 227640
152 212718 239000
153 197619 66379
154 174160 291581
155 266506 316922
156 232490 286490
157 211850 266700
158 281788 314851
159 271738 129080
160 248710 114333
161 304342 112280
162 292752 298200
163 278160 315700
164 207955 245000
165 211497 142200
166 207181 124200
167 195605 271600
168 217455 328300
169 263101 246606
170 134662 210700
171 134699 216377
172 167200 289800
173 186485 350000
174 261123 118066
175 208050 410200
176 269931 123523
177 286608 414493
178 304054 175600
179 143271 232866
180 130530 4200
181 176510 427000
182 295830 21000
183 300770 9800
184 288230 4200
185 282910 9800
186 238070 7000
187 229330 21000
188 217550 4200
189 261250 18200
190 303430 4200
191 301530 15400
192 232370 418600
193 258590 4200
194 231230 7000
195 238830 4200
196 193610 424200
197 225150 9800
198 197030 4200
199 219830 21000
200 284810 7000
201 186010 4200
202 223630 7000
203 178410 415800
204 258970 15400
205 244530 7000
206 232370 4200
207 273790 9800
208 277590 4200
209 291270 7000
210 288230 15400
211 270750 7000
212 191710 427000
213 202350 424200
214 185250 427000
215 179930 424200
216 168910 415800
217 163590 427000
218 179170 413000
219 150290 424200
220 173470 424200
221 151430 427000
222 165870 424200
223 167770 421400
224 161310 413000
225 209950 427000
226 269230 427000
227 248330 427000
228 257450 424200
229 254790 427000
230 200830 404600
231 213750 424200
232 229710 343000
233 236170 351400
234 224390 418600
235 212230 413000
236 232370 427000
237 211090 9800
238 221350 12600
239 211090 4200
240 203870 4200
241 208050 7000
242 234270 410200
243 226290 424200
244 218690 9800
245 224010 415800
246 235410 29400
247 222110 18200
248 231610 9800
249 238070 18200
250 223630 32200
251 217930 418600
252 216790 427000
253 172710 404600
254 224010 427000
255 238830 427000
256 238830 12600
257 252130 4200
258 260870 12600
259 245290 12600
260 262770 421400
261 300390 424200
262 231610 421400
263 295450 427000
264 211090 421400
265 250990 421400
266 256690 418600
267 255170 415800
268 261630 415800
269 295070 15400
270 275690 427000
271 273790 424200
272 296970 4200
273 314830 427000
274 319770 424200
275 311410 421400
276 308370 427000
277 166250 404600
278 287470 427000
279 269230 421400
280 308370 418600
281 322810 427000
282 295450 418600
283 301910 418600
284 293170 421400
285 176130 421400
286 294690 12600
287 297730 7000
288 274170 12600
289 310270 7000
290 317870 4200
291 330410 4200
292 336870 4200
293 332310 9800
294 302290 12600
295 311410 4200
296 261250 427000
297 277210 7000
298 321670 9800
299 316730 7000
300 331930 427000
301 343330 4200
302 329650 7000
303 266190 9800
304 253650 7000
305 238830 9800
306 269610 4200
307 131670 424200
308 126750 140
309 140 219660
310 117790 140
311 134590 140
312 144670 140
313 143550 140
314 149150 140
315 178270 140
316 246590 432740
317 154750 140
318 182750 140
319 186110 140
320 193950 432740
321 139070 140
322 207390 140
323 211870 432740
324 125630 432740
325 177150 140
326 176030 140
327 160350 140
328 181630 140
329 162590 140
330 151390 140
331 116670 140
332 128990 432740
333 152510 140
334 139070 432740
335 134590 432740
336 141310 432740
337 143550 432740
338 152510 432740
339 140190 432740
340 127870 140
341 123390 140
342 145790 140
343 128990 140
344 140 224140
345 140 226380
346 190590 432740
347 140 221900
348 140 216300
349 130110 140
350 140 230860
351 131230 432740
352 140 231980
353 140190 140
354 137950 140
355 141310 140
356 142430 140
357 133470 140
358 135710 140
359 169310 432740
360 137950 432740
361 132350 140
362 145790 432740
363 120030 140
364 158110 432740
365 140 223020
366 140 195020
367 190590 140
368 161470 140
369 193950 140
370 140 218540
371 155870 140
372 169310 140
373 200670 432740
374 156990 140
375 180510 140
376 187230 140
377 196190 140
378 183870 140
379 205150 432740
380 245470 432740
381 140 197260
382 212990 432740
383 192830 140
384 170430 140
385 179390 140
386 168190 140
387 153630 140
388 154750 432740
389 163710 140
390 150270 432740
391 136830 432740
392 148030 140
393 126750 432740
394 146910 432740
395 148030 432740
396 130110 432740
397 151390 432740
398 118910 140
399 156990 432740
400 140 225260
401 114430 140
402 195070 140
403 146910 140
404 174910 140
405 197310 140
406 164830 140
407 159230 140
408 201790 432740
409 165950 140
410 184990 140
411 188350 140
412 199550 140
413 202910 140
414 140 211820
415 204030 432740
416 184990 432740
417 173790 432740
418 191710 140
419 171550 140
420 173790 140
421 167070 140
422 150270 140
423 159230 432740
424 172670 140
425 125630 140
426 133470 432740
427 158110 140
428 155870 432740
429 153630 432740
430 161470 432740
431 127870 432740
432 144670 432740
433 140 200620
434 135710 432740
435 140 212940
436 131230 140
437 192830 432740
438 140 220780
439 210750 432740
440 291390 140
441 304830 140
442 293630 140
443 320510 140
444 284670 140
445 270110 140
446 136830 140
447 336190 140
448 312670 140
449 301470 140
450 219710 432740
451 333950 140
452 283550 140
453 215230 140
454 176030 432740
455 218590 432740
456 186110 432740
457 208510 432740
458 208510 140
459 238750 432740
460 209630 140
461 160350 432740
462 216350 140
463 276830 140
464 238750 140
465 265630 140
466 274590 140
467 290270 140
468 288030 140
469 275710 140
470 187230 432740
471 191710 432740
472 240990 432740
473 177150 432740
474 178270 432740
475 189470 432740
476 207390 432740
477 225310 432740
478 217470 432740
479 196190 432740
480 199550 432740
481 206270 432740
482 198430 432740
483 236510 432740
484 322750 432740
485 308190 432740
486 318270 432740
487 316030 432740
488 289150 432740
489 230910 432740
490 307070 432740
491 275710 432740
492 228670 432740
493 198430 140
494 209630 432740
495 204030 140
496 200670 140
497 227550 140
498 219710 140
499 211870 140
500 234270 432740
501 235390 432740
502 218590 140
503 216350 432740
504 214110 140
505 212990 140
506 228670 140
507 233150 140
508 235390 140
509 248830 140
510 258910 140
511 223070 432740
512 254430 140
513 253310 140
514 247710 140
515 242110 140
516 261150 140
517 257790 140
518 257790 432740
519 331710 432740
520 252190 432740
521 330590 432740
522 242110 432740
523 283550 432740
524 285790 432740
525 281310 432740
526 291390 432740
527 288030 432740
528 277950 432740
529 280190 432740
530 286910 432740
531 298110 432740
532 293630 432740
533 265630 432740
534 300350 432740
535 302590 432740
536 292510 432740
537 305950 432740
538 268990 432740
539 320510 432740
540 324990 432740
541 311550 432740
542 313790 432740
543 314910 432740
544 255550 432740
545 286910 140
546 299230 140
547 267870 140
548 335070 140
549 311550 140
550 328350 140
551 333950 432740
552 317150 140
553 271230 140
554 308190 140
555 262270 432740
556 266750 140
557 329470 140
558 323870 140
559 327230 140
560 331710 140
561 322750 140
562 279070 140
563 314910 140
564 251070 140
565 313790 140
566 164830 432740
567 179390 432740
568 300350 140
569 305950 140
570 292510 140
571 285790 140
572 240990 140
573 232030 140
574 220830 140
575 263390 140
576 309310 140
577 307070 140
578 243230 432740
579 260030 140
580 234270 140
581 245470 140
582 197310 432740
583 229790 140
584 201790 140
585 223070 140
586 289150 140
587 189470 140
588 226430 140
589 180510 432740
590 262270 140
591 246590 140
592 237630 140
593 277950 140
594 282430 140
595 295870 140
596 294750 140
597 273470 140
598 195070 432740
599 202910 432740
600 183870 432740
601 182750 432740
602 171550 432740
603 167070 432740
604 181630 432740
605 149150 432740
606 162590 432740
607 142430 432740
608 168190 432740
609 170430 432740
610 163710 432740
611 232030 432740
612 282430 432740
613 270110 432740
614 271230 432740
615 263390 432740
616 317150 432740
617 224190 432740
618 301470 432740
619 284670 432740
620 227550 432740
621 215230 432740
622 237630 432740
623 206270 140
624 224190 140
625 217470 140
626 205150 140
627 210750 140
628 239870 432740
629 229790 432740
630 221950 140
631 233150 432740
632 239870 140
633 225310 140
634 236510 140
635 244350 140
636 230910 140
637 221950 432740
638 220830 432740
639 174910 432740
640 226430 432740
641 244350 432740
642 252190 140
643 255550 140
644 264510 140
645 249950 140
646 266750 432740
647 303710 432740
648 260030 432740
649 299230 432740
650 214110 432740
651 304830 432740
652 321630 432740
653 258910 432740
654 274590 432740
655 298110 140
656 279070 432740
657 276830 432740
658 296990 140
659 319390 432740
660 323870 432740
661 188350 432740
662 312670 432740
663 309310 432740
664 165950 432740
665 290270 432740
666 272350 432740
667 310430 432740
668 327230 432740
669 296990 432740
670 294750 432740
671 295870 432740
672 172670 432740
673 302590 140
674 303710 140
675 280190 140
676 316030 140
677 321630 140
678 345150 140
679 344030 140
680 342910 140
681 310430 140
682 319390 140
683 264510 432740
684 281310 140
685 326110 140
686 318270 140
687 335070 432740
688 347390 140
689 332830 140
690 268990 140
691 256670 140
692 243230 140
693 272350 140
694 132350 432740
