0 142183 167533
1 146999 220245
2 171950 130443
3 288240 133155
4 152285 74666
5 35008 114703
6 77720 55042
7 216778 119658
8 245535 204647
9 210244 111720
10 109706 191660
11 141835 67900
12 184239 103880
13 78166 87266
14 75894 198955
15 240207 135940
16 208269 72046
17 46684 124973
18 99113 75713
19 146727 61600
20 282253 129945
21 164641 63186
22 78008 186800
23 126055 149993
24 171076 57400
25 109554 147560
26 172073 140560
27 105936 200941
28 53856 37736
29 144904 50255
30 183869 136453
31 158924 108422
32 172220 94446
33 163552 94360
34 227258 204639
35 202180 122600
36 186025 124366
37 140932 90300
38 156259 94266
39 102947 209760
40 82507 39613
41 90060 15400
42 262703 141960
43 258388 207941
44 186683 80309
45 79525 97222
46 185938 100275
47 173327 70000
48 212558 89218
49 187292 59500
50 126682 46900
51 150310 23510
52 192042 41300
53 192153 44800
54 185715 89165
55 192660 54600
56 250843 83618
57 210120 242052
58 134178 55160
59 97179 212552
60 163248 55160
61 253426 228573
62 168231 52200
63 113240 4200
64 265506 101920
65 229235 238400
66 201549 28400
67 121220 224280
68 110428 258956
69 202967 36400
70 205742 33800
71 151003 38338
72 201742 46760
73 163462 266439
74 209490 52266
75 138652 64400
76 133466 71400
77 204772 76300
78 212483 77000
79 227261 148866
80 103474 150546
81 107332 205450
82 94430 164500
83 88132 85020
84 223976 147365
85 66489 191644
86 222870 214846
87 124366 151165
88 85805 200273
89 102114 129111
90 87811 208133
91 213686 224311
92 246078 205240
93 99269 141564
94 97517 175000
95 105340 96303
96 286591 137550
97 62738 165666
98 245938 241047
99 16255 188377
100 95932 229472
101 33782 145320
102 61522 149520
103 18535 169088
104 145920 176633
105 138466 103492
106 175750 17984
107 154645 74200
108 49843 138133
109 51335 133065
110 162176 122351
111 163124 174529
112 158578 227833
113 280658 145955
114 324850 61152
115 259352 145880
116 338809 161209
117 254001 155400
118 188670 221000
119 264652 30545
120 231705 155400
121 322406 115587
122 258875 184100
123 346051 151778
124 324382 100170
125 310222 111650
126 189948 227338
127 348016 132066
128 298761 149400
129 267801 38668
130 182110 220963
131 348523 132066
132 309510 157266
133 342696 133933
134 279870 85960
135 250142 221841
136 338595 109632
137 249682 90666
138 334154 254790
139 247146 32413
140 238602 254520
141 237215 264600
142 255516 105988
143 281694 100520
144 104650 291776
145 347951 256450
146 326423 215283
147 291523 272066
148 321304 253830
149 331957 221000
150 284050 277666
151 314756 215923
152 139992 269640
153 321480 262600
154 253975 107400
155 293660 228200
156 368720 255181
157 275618 262150
158 89030 173526
159 215005 146151
160 211743 169225
161 256880 260200
162 330139 206467
163 251465 238000
164 252253 267928
165 232940 192200
166 206530 203700
167 242586 170200
168 200735 199500
169 65850 159563
170 299503 61880
171 278191 261333
172 227810 276733
173 259905 274317
174 239296 169527
175 327165 64275
176 230025 136064
177 231103 275800
178 230470 278600
179 218943 273933
180 76247 244160
181 119436 194133
182 30716 203933
183 44820 234093
184 150391 146440
185 59090 224000
186 167079 189284
187 130017 131040
188 55994 242377
189 143851 264911
190 156492 136383
191 106924 226075
192 32870 217000
193 133570 270200
194 73941 243600
195 141577 264600
196 33820 217000
197 227145 151900
198 232085 147700
199 135976 147933
200 139396 154466
201 331645 142800
202 266665 257600
203 217132 245560
204 246172 187167
205 333307 186200
206 355490 161933
207 279110 273933
208 253143 118066
209 242630 135100
210 198455 151200
211 283416 116200
212 262136 112466
213 254663 113400
214 254410 118066
215 49178 174318
216 36765 203000
217 58520 185500
218 47500 180600
219 101016 238466
220 101650 238466
221 83654 212600
222 269705 158200
223 271985 128800
224 292283 109666
225 292061 99400
226 176388 276733
227 196697 277200
228 255360 263900
229 202445 262500
230 264163 284200
231 249850 278600
232 205010 86333
233 199500 105700
234 192375 92400
235 207163 60200
236 230097 61815
237 226670 64866
238 215143 61133
239 80680 189254
240 121464 211800
241 204725 256200
242 166155 193200
243 111023 240333
244 110010 245000
245 102663 248733
246 224485 264600
247 260996 194600
248 286203 212333
249 286456 157266
250 280123 211400
251 250800 255500
252 217265 256200
253 244530 279533
254 249976 280466
255 257196 274866
256 101270 156100
257 159125 149100
258 205896 104066
259 204376 98466
260 197663 97533
261 196541 98600
262 68590 209300
263 67070 154700
264 211596 281400
265 173607 226131
266 133063 245933
267 118112 227800
268 9452 142100
269 11685 148555
270 274170 117600
271 121790 175000
272 361570 137200
273 80370 218400
274 206530 294000
275 283290 201600
276 85343 143458
277 5890 141400
278 5890 177800
279 385890 155400
280 374870 135800
281 226670 309400
282 200450 309400
283 244530 7000
284 252130 4200
285 376770 124600
286 385890 99400
287 379810 102200
288 376390 110600
289 5890 191800
290 376770 85400
291 245670 4200
292 373350 138600
293 379810 141400
294 382090 158200
295 368410 135800
296 376390 121800
297 380950 107800
298 221350 7000
299 385890 105000
300 5890 200200
301 240350 303800
302 378290 130200
303 378670 147000
304 381330 135800
305 385890 119000
306 383230 124600
307 382850 110600
308 381710 149800
309 5890 219800
310 5890 208600
311 102410 309400
312 86830 309400
313 12350 200200
314 5890 211400
315 5890 186200
316 11590 205800
317 5890 183400
318 5890 203000
319 12350 208600
320 12730 211400
321 12350 194600
322 21470 197400
323 13110 203000
324 29070 200200
325 18810 208600
326 28690 205800
327 121410 309400
328 5890 163800
329 129770 309400
330 114950 309400
331 208430 301000
332 198930 4200
333 196650 306600
334 382850 121800
335 379430 119000
336 205390 4200
337 385890 113400
338 385890 116200
339 12350 214200
340 375250 133000
341 214130 7000
342 379810 138600
343 232750 4200
344 385890 96600
345 212990 4200
346 221730 9800
347 225910 4200
348 191710 4200
349 381710 127400
350 9310 222600
351 193990 309400
352 384750 130200
353 215270 9800
354 219450 4200
355 229330 7000
356 236550 7000
357 213370 309400
358 220210 309400
359 209190 306600
360 213750 295400
361 5890 225400
362 253270 306600
363 267330 309400
364 280250 309400
365 294310 309400
366 254410 303800
367 224770 301000
368 233510 309400
369 233890 303800
370 260870 309400
371 273790 309400
372 5890 194600
373 254410 309400
374 256690 301000
375 7030 233800
376 270370 303800
377 203870 303800
378 245670 306600
379 277210 306600
380 276830 303800
381 242250 298200
382 247950 309400
383 12350 191800
384 269990 306600
385 385890 161000
386 226290 303800
387 374870 127400
388 381710 133000
389 296590 4200
390 303050 4200
391 309130 7000
392 259730 306600
393 278730 298200
394 10830 197400
395 231990 306600
396 378670 166600
397 293170 306600
398 306850 309400
399 385890 191800
400 286710 309400
401 231230 301000
402 220590 306600
403 264290 301000
404 206910 309400
405 7410 189000
406 140 131180
407 140 83020
408 133470 140
409 169310 140
410 160350 140
411 192830 140
412 123390 140
413 174910 140
414 177150 140
415 134590 140
416 159230 140
417 189470 140
418 180510 140
419 240990 140
420 226430 140
421 179390 140
422 136830 140
423 171550 140
424 149150 140
425 142430 140
426 220830 140
427 113310 140
428 202910 140
429 100990 140
430 140 136780
431 128990 140
432 140 149100
433 150270 140
434 120030 140
435 140 133420
436 140 170380
437 140 153580
438 115550 140
439 111070 140
440 90910 140
441 81950 140
442 140 123340
443 140 124460
444 140 159180
445 140 134540
446 140 85260
447 114430 140
448 140 140140
449 140 145740
450 140 141260
451 139070 140
452 135710 140
453 140190 140
454 141310 140
455 125630 140
456 112190 140
457 182750 140
458 140 154700
459 99870 140
460 140 142380
461 140 147980
462 167070 140
463 164830 140
464 132350 140
465 178270 140
466 163710 140
467 181630 140
468 140 87500
469 131230 140
470 170430 140
471 184990 140
472 144670 140
473 155870 140
474 215230 140
475 211870 140
476 210750 140
477 154750 140
478 146910 140
479 140 86380
480 140 144620
481 153630 140
482 152510 140
483 219710 140
484 105470 140
485 196190 140
486 140 161420
487 140 168140
488 140 165900
489 140 160300
490 89790 140
491 140 179340
492 140 180460
493 140 171500
494 140 178220
495 140 156940
496 109950 140
497 165950 140
498 161470 140
499 127870 140
500 190590 140
501 92030 140
502 162590 140
503 191710 140
504 137950 140
505 172670 140
506 183870 140
507 143550 140
508 173790 140
509 195070 140
510 206270 140
511 205150 140
512 140 84140
513 168190 140
514 145790 140
515 140 158060
516 148030 140
517 151390 140
518 201790 140
519 116670 140
520 200670 140
521 140 167020
522 140 143500
523 95390 140
524 140 146860
525 140 137900
526 140 174860
527 140 233100
528 140 230860
529 140 173740
530 140 152460
531 140 150220
532 156990 140
533 158110 140
534 118910 140
535 140 169260
536 140 172620
537 140 231980
538 280190 313980
539 391510 161420
540 279070 313980
541 391510 156940
542 274590 313980
543 391510 93100
544 391510 128940
545 391510 136780
546 391510 95340
547 391510 126700
548 195070 313980
549 391510 94220
550 391510 96460
551 225310 313980
552 140 175980
553 221950 313980
554 140 162540
555 140 132300
556 218590 313980
557 140 139020
558 140 155820
559 140 188300
560 227550 313980
561 391510 127820
562 256670 313980
563 391510 125580
564 391510 118860
565 391510 115500
566 391510 116620
567 391510 113260
568 140 228620
569 140 220780
570 100990 313980
571 96510 313980
572 140 182700
573 140 221900
574 140 183820
575 123390 313980
576 140 212940
577 140 219660
578 140 216300
579 102110 313980
580 144670 313980
581 140 227500
582 140 205100
583 140 203980
584 190590 313980
585 164830 313980
586 140 217420
587 140 135660
588 158110 313980
589 140 214060
590 140 164780
591 176030 140
592 140 151340
593 186110 140
594 214110 140
595 187230 140
596 198430 140
597 207390 140
598 140 211820
599 197310 140
600 212990 140
601 188350 140
602 238750 140
603 216350 140
604 204030 140
605 232030 140
606 391510 97580
607 391510 147980
608 391510 108780
609 140 192780
610 201790 313980
611 391510 134540
612 391510 104300
613 391510 117740
614 391510 99820
615 391510 98700
616 205150 313980
617 258910 313980
618 197310 313980
619 254430 313980
620 140 207340
621 219710 313980
622 235390 313980
623 226430 313980
624 220830 313980
625 275710 313980
626 204030 313980
627 217470 313980
628 211870 313980
629 242110 313980
630 243230 313980
631 214110 313980
632 238750 313980
633 239870 313980
634 265630 313980
635 200670 313980
636 196190 313980
637 245470 313980
638 266750 313980
639 244350 313980
640 262270 313980
641 248830 313980
642 139070 313980
643 271230 313980
644 391510 146860
645 216350 313980
646 391510 155820
647 391510 149100
648 391510 154700
649 276830 313980
650 391510 151340
651 232030 313980
652 277950 313980
653 209630 313980
654 249950 313980
655 391510 167020
656 391510 171500
657 301470 313980
658 291390 313980
659 286910 313980
660 223070 313980
661 283550 313980
662 263390 313980
663 284670 313980
664 140 187180
665 140 177100
666 391510 153580
667 391510 139020
668 229790 313980
669 202910 313980
670 233150 140
671 236510 140
672 391510 131180
673 391510 107660
674 391510 105420
675 391510 111020
676 140 189420
677 391510 103180
678 230910 140
679 391510 140140
680 391510 142380
681 391510 158060
682 391510 137900
683 391510 123340
684 391510 106540
685 228670 140
686 391510 102060
687 140 198380
688 240990 313980
689 391510 130060
690 391510 150220
691 391510 135660
692 391510 121100
693 391510 122220
694 391510 112140
695 391510 152460
696 140 218540
697 140 209580
698 93150 313980
699 88670 313980
700 140 197260
701 140 225260
702 140 184940
703 140 208460
704 140 181580
705 140 201740
706 140 210700
707 140 215180
708 140 193900
709 140 195020
710 140 202860
711 140 200620
712 140 206220
713 140 199500
714 133470 313980
715 140 163660
716 154750 313980
717 153630 313980
718 210750 313980
719 199550 140
720 199550 313980
721 391510 124460
722 391510 119980
723 208510 140
724 391510 109900
725 391510 114380
726 140 226380
727 391510 141260
728 217470 140
729 391510 143500
730 237630 140
731 391510 100940
732 209630 140
733 227550 140
734 229790 140
735 193950 140
736 391510 132300
737 140 223020
738 198430 313980
739 391510 133420
740 218590 140
741 234270 140
742 235390 140
743 239870 140
744 215230 313980
745 228670 313980
746 212990 313980
747 207390 313980
748 140 224140
749 264510 313980
750 268990 313980
751 293630 313980
752 300350 313980
753 257790 313980
754 233150 313980
755 246590 313980
756 237630 313980
757 251070 313980
758 270110 313980
759 140 191660
760 255550 313980
761 260030 313980
762 140 229740
763 272350 313980
764 206270 313980
765 247710 313980
766 285790 313980
767 281310 313980
768 253310 313980
769 252190 313980
770 140 190540
771 273470 313980
772 391510 159180
773 230910 313980
774 391510 145740
775 391510 144620
776 305950 140
777 310430 140
778 312670 140
779 261150 313980
780 282430 313980
781 140 196140
782 236510 313980
783 391510 160300
784 303710 313980
785 310430 313980
786 391510 183820
787 290270 313980
788 234270 313980
789 224190 313980
790 267870 313980
791 208510 313980
792 140 186060
