0 27176 21280
1 12571 29565
2 28967 31482
3 30406 16085
4 26991 17655
5 21924 34453
6 7295 20995
7 8524 28067
8 11000 29407
9 32981 17235
10 34955 16354
11 34326 34672
12 2457 21735
13 30445 18001
14 29710 18859
15 32035 34695
16 19176 35710
17 12837 28257
18 27256 14467
19 33826 34056
20 24543 34119
21 12254 25211
22 8669 19986
23 28843 15507
24 32076 23760
25 22728 35319
26 29991 15417
27 31841 10538
28 19587 21465
29 30585 34317
30 19891 39375
31 16425 29655
32 41695 28071
33 40936 33456
34 25767 36630
35 6654 29039
36 32445 28575
37 42562 26295
38 26394 43519
39 42512 25974
40 9509 35505
41 48013 37543
42 22613 41923
43 27267 35535
44 28749 43479
45 37582 29295
46 24170 34378
47 8679 28266
48 17728 37732
49 42827 34101
50 30323 45990
51 26037 38892
52 23802 35022
53 15238 34593
54 11159 29295
55 2619 24975
56 16563 26505
57 14819 14693
58 22072 18075
59 28569 28453
60 30195 38781
61 48444 33639
62 20394 17351
63 27155 36315
64 19833 22226
65 36875 42637
66 9885 26276
67 38881 22036
68 20702 29592
69 29819 25936
70 20482 25565
71 13666 26055
72 32481 22155
73 23159 27033
74 27540 22815
75 25497 25686
76 18741 13466
77 31781 26786
78 33955 44691
79 26923 12690
80 34247 18208
81 13324 17100
82 33021 39690
83 12254 34036
84 30325 21442
85 46235 20320
86 25591 25875
87 35904 43753
88 33762 43200
89 17007 40506
90 44640 17865
91 17299 20963
92 41356 16643
93 28519 16825
94 26710 30363
95 9272 36818
96 27267 19372
97 31451 41580
98 24099 18135
99 32823 45798
100 28829 19665
101 12049 37842
102 29982 22565
103 25137 29781
104 26319 26308
105 30743 20496
106 37293 12774
107 32527 32715
108 29741 24633
109 29689 33826
110 41479 26865
111 21863 23220
112 26379 2295
113 29968 22622
114 10568 22583
115 10692 19815
116 9255 21573
117 18007 15795
118 15613 15216
119 17588 14097
120 7176 35355
121 13122 36237
122 39423 21655
123 42417 26072
124 41644 21920
125 39257 25489
126 44847 13783
127 33256 19883
128 40185 22347
129 44725 42563
130 36975 6405
131 44759 14681
132 39908 27166
133 43767 39130
134 27315 27945
135 37638 21429
136 36639 24285
137 41088 16875
138 29694 32301
139 35670 24630
140 46159 15457
141 31968 27559
142 40480 25569
143 33168 36945
144 48006 12150
145 43022 11880
146 39912 13162
147 39228 19289
148 49494 22467
149 56986 17010
150 23737 22455
151 54877 17904
152 41937 19560
153 23770 17793
154 45262 19386
155 46389 20601
156 35898 18409
157 52380 17190
158 35008 18239
159 49173 29666
160 50915 15255
161 41054 19242
162 39829 21894
163 42883 22545
164 56389 20527
165 43916 22413
166 43923 25002
167 55639 17347
168 52034 26379
169 56977 18302
170 53313 17222
171 29521 39217
172 33073 40847
173 50149 45603
174 32233 41998
175 34627 43911
176 40709 54135
177 50242 36337
178 32078 40240
179 41516 51206
180 47959 41329
181 34614 42913
182 32139 43213
183 40286 47532
184 53904 43645
185 37811 51859
186 31787 44280
187 31650 48165
188 33840 46755
189 44474 50127
190 45937 45171
191 51067 45461
192 40529 49005
193 38907 54168
194 16975 33687
195 12643 46136
196 12899 10327
197 19375 34479
198 23711 13546
199 18666 47700
200 13163 44579
201 18704 32496
202 18258 40815
203 28197 49203
204 17730 37480
205 17795 45175
206 17459 36990
207 22685 33287
208 15309 43682
209 10506 43527
210 19846 35406
211 14931 10017
212 28300 52650
213 23436 34320
214 22383 42165
215 17687 45691
216 22403 44415
217 19555 10125
218 17514 48375
219 11409 43690
220 11433 45126
221 12375 42345
222 13158 42645
223 13990 46284
224 27012 11645
225 39402 21037
226 33573 18537
227 34938 16245
228 26560 9686
229 23738 11913
230 27540 12420
231 28558 12923
232 27270 14907
233 36234 7428
234 36400 16672
235 40900 21105
236 36744 9794
237 36392 6885
238 39139 10935
239 41175 7926
240 35320 10517
241 37419 6547
242 37953 35010
243 36133 40422
244 34660 47925
245 33346 51065
246 37961 31680
247 38383 37449
248 40570 33966
249 36396 31665
250 38108 30741
251 42552 34485
252 37057 35606
253 24763 40768
254 19318 30690
255 23730 35910
256 26841 42226
257 29601 40500
258 18059 31353
259 27867 40320
260 25063 42563
261 28302 38913
262 28066 40905
263 26551 44539
264 41802 27236
265 40918 30105
266 39334 28596
267 51508 34453
268 37523 28147
269 50180 36850
270 44676 35280
271 48006 35848
272 49734 35133
273 46332 36540
274 44712 35100
275 30984 20953
276 17806 6289
277 15962 6220
278 32026 19395
279 16105 7072
280 22171 6843
281 19803 2565
282 35430 42997
283 35628 52881
284 42152 42714
285 31208 45726
286 35467 47722
287 41448 39015
288 41780 37665
289 37165 39993
290 43385 38166
291 18013 32555
292 21260 26479
293 22972 21291
294 20882 30900
295 19809 22026
296 18892 18070
297 23971 24263
298 25099 22939
299 18438 19624
300 42241 26561
301 50837 26053
302 36435 26719
303 52431 25435
304 53977 27720
305 53265 24759
306 48060 22781
307 52250 29889
308 50671 22765
309 52491 42283
310 38564 31351
311 54745 44346
312 49518 42727
313 48954 43335
314 22818 50785
315 28820 48026
316 22168 50780
317 20325 47385
318 22059 48561
319 20007 47065
320 19526 50409
321 27126 49050
322 23436 48079
323 21286 46791
324 23093 33858
325 27913 29817
326 24445 35316
327 30577 32197
328 31740 28111
329 28814 28943
330 30942 29912
331 14631 27063
332 2632 28080
333 2497 26730
334 3793 32805
335 58333 30510
336 60898 30375
337 60817 29025
338 60088 29700
339 60331 31725
340 58630 28215
341 60034 31050
342 60628 31995
343 60439 28755
344 60655 28620
345 3577 34425
346 58873 27675
347 49288 26730
348 34654 9045
349 35599 2565
350 34222 7290
351 33277 2565
352 36571 7965
353 35410 2700
354 33952 7155
355 35815 7695
356 2767 27000
357 58819 22545
358 58036 24840
359 41269 2565
360 40864 2835
361 39271 8910
362 36301 8505
363 35950 9585
364 35572 11745
365 2983 19035
366 24772 3375
367 8383 23220
368 2578 25785
369 2740 30510
370 7195 24165
371 19507 48060
372 9517 24705
373 19588 54945
374 2605 31455
375 2821 28350
376 2632 31050
377 3469 34155
378 3550 33615
379 31306 53730
380 22963 47655
381 22801 50220
382 28120 46575
383 27526 45900
384 18940 54810
385 28417 51165
386 31657 54945
387 30577 53055
388 30766 52785
389 25555 55080
390 32872 54405
391 29659 52245
392 32359 52785
393 32386 53460
394 31495 53595
395 19561 48465
396 38623 51030
397 39676 50895
398 37840 50895
399 32926 55215
400 38164 54945
401 37705 55215
402 38299 55080
403 36004 55080
404 34357 53460
405 31225 54945
406 16888 54810
407 34141 54810
408 31549 3780
409 33790 54945
410 33574 54000
411 32818 54135
412 35356 54675
413 36193 53460
414 34870 55215
415 31900 52785
416 31765 54135
417 20938 55080
418 30874 54135
419 35653 52920
420 32926 53055
421 32089 53865
422 58144 23895
423 52420 23490
424 59899 29835
425 60196 30645
426 57847 30645
427 58198 29295
428 2875 31860
429 60520 29295
430 59197 27135
431 28255 3915
432 27148 2700
433 21343 2295
434 28930 4455
435 31657 2835
436 34060 2835
437 31144 3510
438 34654 10935
439 2632 32265
440 41539 9990
441 39325 8235
442 39649 8235
443 39838 7695
444 36436 7965
445 39649 7965
446 59764 21870
447 40189 8640
448 47857 3240
449 49126 2970
450 22909 2565
451 49639 3915
452 60655 20925
453 60358 22680
454 60871 21330
455 60574 23355
456 58981 24705
457 60574 31185
458 58954 29025
459 58144 28755
460 58657 29295
461 35484 29085
462 34393 21735
463 33444 22425
464 22161 39731
465 29552 54007
466 35340 52950
467 33129 51727
468 39721 39142
469 35551 14762
470 43176 21255
471 42 26604
472 42 32556
473 34956 57422
474 33420 57422
475 31596 57422
476 33516 57422
477 27084 42
478 42 27468
479 42 28620
480 28812 42
481 30540 42
482 33132 57422
483 42 29388
484 30060 42
485 33036 42
486 30732 42
487 26796 42
488 24684 42
489 30252 42
490 32652 42
491 32940 42
492 32268 42
493 33804 42
494 42 24780
495 28908 42
496 27948 42
497 29004 42
498 28044 42
499 28140 42
500 27180 42
501 27660 42
502 27756 42
503 42 27852
504 42 21420
505 42 24108
506 42 25836
507 42 27372
508 42 22188
509 42 26892
510 42 27756
511 42 32172
512 42 27084
513 42 27276
514 42 25260
515 42 26700
516 42 30348
517 42 31980
518 42 31692
519 42 30924
520 42 32364
521 42 32460
522 42 29868
523 42 32268
524 42 31884
525 42 31308
526 42 31596
527 42 30636
528 30156 57422
529 42 30732
530 29292 42
531 29772 42
532 29484 42
533 42 30252
534 42 27564
535 42 27660
536 42 29484
537 42 29004
538 27564 42
539 30156 42
540 29676 42
541 33612 42
542 30444 42
543 27372 42
544 42 30540
545 25260 42
546 31020 42
547 31116 42
548 31212 42
549 30636 42
550 33228 42
551 27276 42
552 29100 42
553 27468 42
554 42 29676
555 42 28236
556 28908 57422
557 30636 57422
558 29196 42
559 42 31212
560 30828 57422
561 42 31116
562 42 30060
563 31788 57422
564 34668 57422
565 34188 57422
566 42 29292
567 31500 57422
568 32460 57422
569 42 26988
570 42 26796
571 42 28812
572 27852 42
573 29388 42
574 32460 42
575 29580 42
576 33900 42
577 42 27180
578 30828 42
579 29868 42
580 23724 42
581 31788 42
582 33516 42
583 32748 42
584 32172 42
585 32844 42
586 26988 42
587 28236 42
588 42 24972
589 26316 42
590 42 29580
591 28428 42
592 30348 42
593 28716 42
594 28332 42
595 29868 57422
596 42 28140
597 42 28908
598 33708 57422
599 42 27948
600 42 29772
601 42 29100
602 42 30444
603 34572 57422
604 63362 29196
605 34860 57422
606 34764 57422
607 63362 30732
608 63362 28140
609 63362 30348
610 63362 29964
611 63362 30444
612 63362 29100
613 34956 42
614 34476 57422
615 33804 57422
616 34188 42
617 33996 42
618 32364 42
619 31596 42
620 34668 42
621 34092 42
622 33420 42
623 33708 42
624 42 28428
625 37548 42
626 38508 42
627 38604 42
628 36396 42
629 63362 25068
630 35820 42
631 34476 42
632 34764 42
633 42 26316
634 42 25548
635 42 29196
636 42 29964
637 42 30156
638 23340 57422
639 19980 57422
640 28044 57422
641 19788 57422
642 25836 57422
643 25164 57422
644 27564 57422
645 26988 57422
646 31020 57422
647 31116 57422
648 30348 57422
649 28140 57422
650 28332 57422
651 29004 57422
652 27180 57422
653 27852 57422
654 29388 57422
655 27660 57422
656 28716 57422
657 27756 57422
658 29292 57422
659 29772 57422
660 29580 57422
661 29964 57422
662 30060 57422
663 28524 57422
664 39276 57422
665 38412 57422
666 36780 57422
667 35820 57422
668 36012 57422
669 36684 57422
670 36876 57422
671 35628 57422
672 38316 57422
673 38028 57422
674 30540 57422
675 34380 57422
676 63362 32364
677 36108 57422
678 36396 57422
679 34284 57422
680 35244 57422
681 32076 57422
682 31404 57422
683 30444 57422
684 29196 57422
685 29100 57422
686 31308 57422
687 33996 57422
688 31692 57422
689 33228 57422
690 63362 31116
691 63362 30540
692 63362 31884
693 63362 30252
694 63362 31500
695 63362 30924
696 42 31788
697 63362 31308
698 63362 28620
699 42 28716
700 21324 42
701 20844 42
702 40428 42
703 39948 42
704 31980 42
705 31404 42
706 32556 42
707 30924 42
708 33132 42
709 36876 42
710 31308 42
711 36780 42
712 35052 42
713 36492 42
714 63362 23916
715 63362 23436
716 46956 42
717 63362 22956
718 32076 42
719 46668 42
720 44460 42
721 63362 25644
722 63362 24588
723 63362 25932
724 63362 26316
725 63362 27852
726 63362 27660
727 63362 26796
728 32748 57422
729 42 26412
730 42 33036
731 63362 31596
732 63362 30636
733 63362 31020
734 63362 30060
735 63362 32076
736 63362 28044
737 63362 31788
738 63362 32172
739 63362 28908
740 63362 29004
741 42 34476
742 63362 28332
743 63362 26700
744 34860 42
745 35916 42
746 34572 42
747 33324 42
748 36972 42
749 36012 42
750 34284 42
751 36204 42
752 42 28044
753 63362 22476
754 63362 25356
755 41772 42
756 41964 42
757 42156 42
758 36684 42
759 36588 42
760 36108 42
761 42 19116
762 25164 42
763 42 23532
764 42 25740
765 42 30828
766 42 24300
767 20844 57422
768 42 24876
769 20076 57422
770 42 31404
771 42 28524
772 42 31020
773 42 34380
774 42 33804
775 38988 57422
776 28620 57422
777 28428 57422
778 29484 57422
779 29676 57422
780 19500 57422
781 28812 57422
782 32556 57422
783 30924 57422
784 31212 57422
785 19884 57422
786 33612 57422
787 30252 57422
788 32652 57422
789 32844 57422
790 32268 57422
791 19596 57422
792 41772 57422
793 40620 57422
794 38892 57422
795 33324 57422
796 38604 57422
797 38220 57422
798 38700 57422
799 36492 57422
800 35052 57422
801 31884 57422
802 17004 57422
803 35916 57422
804 31692 42
805 34092 57422
806 33900 57422
807 33036 57422
808 36204 57422
809 37164 57422
810 35724 57422
811 32172 57422
812 31980 57422
813 19308 57422
814 30732 57422
815 36300 57422
816 32940 57422
817 32364 57422
818 63362 23628
819 63362 23820
820 63362 29388
821 63362 30828
822 63362 31212
823 63362 29484
824 42 31500
825 63362 29292
826 63362 27180
827 28620 42
828 28524 42
829 20652 42
830 29964 42
831 31884 42
832 34380 42
833 31500 42
834 35148 42
835 42 32076
836 42348 42
837 42540 42
838 41868 42
839 41484 42
840 36300 42
841 40332 42
842 63362 22284
843 42060 42
844 48492 42
845 49452 42
846 23340 42
847 49836 42
848 63362 21036
849 63362 23532
850 63362 24492
851 63362 24780
852 63362 25164
853 63362 31980
854 63362 29580
855 63362 28812
856 63362 31404
857 42 28332
