0 13356 15695
1 11802 27540
2 25768 27959
3 12998 23796
4 34027 15505
5 16704 13635
6 30062 32180
7 6430 17229
8 4572 25441
9 6106 26117
10 34001 16976
11 27595 14155
12 28445 32661
13 2349 15255
14 26315 14333
15 30005 31766
16 28780 32779
17 8913 23773
18 21405 12015
19 29191 12285
20 27409 28090
21 25057 35163
22 7963 17233
23 25943 10684
24 27354 31935
25 23970 35289
26 34542 15840
27 31131 8865
28 23971 27246
29 32884 34169
30 37725 23625
31 21118 26495
32 6595 25765
33 41211 23422
34 20940 23340
35 22012 37407
36 7535 31953
37 35416 24113
38 16895 29126
39 12545 41678
40 16299 29025
41 15843 35451
42 9946 32298
43 22374 35968
44 10874 34267
45 26173 22356
46 22752 38160
47 8830 35573
48 29012 15567
49 7553 24525
50 9284 31353
51 10115 24300
52 2241 24435
53 16723 24624
54 6118 9523
55 20694 12667
56 26956 23810
57 31449 37420
58 35173 26160
59 20791 13230
60 26998 33485
61 20944 19623
62 16917 23581
63 18144 22396
64 29402 15612
65 23365 22190
66 10125 23779
67 19802 16026
68 22774 24705
69 8529 10207
70 26987 36467
71 22320 24570
72 11259 10819
73 32560 14524
74 12136 13860
75 26986 36022
76 8703 32380
77 13659 21710
78 43308 17402
79 25264 11801
80 27985 39951
81 23757 38766
82 27975 41617
83 15313 41302
84 31005 15477
85 12343 17415
86 22965 14872
87 17713 28687
88 6198 34544
89 19786 15300
90 13410 13950
91 20518 38043
92 17321 16531
93 18564 18787
94 6338 25578
95 15868 19432
96 31408 11189
97 32785 31298
98 15449 26139
99 16581 27628
100 33563 23522
101 14517 19521
102 18574 18001
103 19463 22804
104 2619 17145
105 21739 18009
106 11514 14985
107 8147 20182
108 9352 19521
109 8154 9932
110 8971 9623
111 42570 15924
112 44540 21673
113 50382 38297
114 43665 16929
115 41730 19507
116 47032 11421
117 40293 19298
118 39319 15139
119 51576 36841
120 37660 5142
121 47803 12386
122 41590 19480
123 46366 36777
124 29877 29535
125 39827 16187
126 41887 12285
127 24715 25515
128 38091 15560
129 49361 13221
130 48387 11853
131 31800 26265
132 42999 20401
133 27090 31283
134 42511 10361
135 50249 9450
136 25839 14863
137 24394 13217
138 27391 8910
139 20884 15615
140 26026 6053
141 48607 16142
142 27333 15207
143 26190 17469
144 24937 15660
145 29966 14085
146 22664 7347
147 26410 19507
148 44454 24315
149 22010 7587
150 28304 16651
151 30014 5550
152 30758 18144
153 34734 18117
154 29931 6229
155 39862 40162
156 18335 37738
157 32706 40055
158 40745 44812
159 36618 48026
160 48332 31626
161 29035 40111
162 37175 46050
163 29981 36960
164 30923 38016
165 36166 40331
166 31216 41317
167 36712 42917
168 16265 37415
169 35312 43026
170 27846 38667
171 26118 45675
172 27919 40500
173 21562 34695
174 38646 45270
175 36317 43293
176 33759 48825
177 24559 34555
178 19095 44731
179 12285 9180
180 35823 22846
181 9342 40545
182 23815 33023
183 18199 44256
184 11532 39786
185 23299 33871
186 24786 40215
187 27164 33222
188 23365 43416
189 21970 37521
190 19308 46420
191 26240 35903
192 17598 12123
193 28237 36107
194 21591 39375
195 22807 44046
196 12921 11397
197 3969 41715
198 19407 45369
199 17271 41760
200 20486 45931
201 40189 17730
202 34995 20034
203 33718 13819
204 34182 13725
205 32400 21492
206 31518 18135
207 35505 17267
208 30456 18315
209 37758 7490
210 24498 10777
211 32962 13455
212 37060 8738
213 37039 10665
214 36177 29275
215 31369 37980
216 39235 28639
217 32388 27964
218 37050 25665
219 33486 28012
220 38528 37221
221 26235 32956
222 25145 37827
223 25766 45495
224 37397 39388
225 23682 33675
226 40599 38074
227 37239 40466
228 40779 34393
229 43316 21298
230 47648 29651
231 40559 23239
232 41455 25540
233 49109 31326
234 43320 30117
235 45175 31804
236 48397 30915
237 25801 11866
238 16022 7766
239 15617 9089
240 17493 10623
241 32693 42852
242 48419 38147
243 25887 39574
244 28522 40938
245 49836 34263
246 45853 34965
247 48033 34222
248 47820 34965
249 24057 30982
250 21546 25042
251 22760 18221
252 18768 17453
253 19604 15795
254 49555 20715
255 38810 15480
256 49933 19548
257 42471 20317
258 46320 18465
259 51926 21897
260 47706 16629
261 16372 34207
262 27497 28465
263 18364 34259
264 20988 34560
265 20342 36006
266 12996 34965
267 15747 35403
268 8339 43369
269 22829 40178
270 8137 42561
271 7675 39848
272 5738 41960
273 12996 42795
274 11480 42147
275 7493 40168
276 26296 32070
277 25891 27999
278 21049 32778
279 29382 26096
280 28602 25650
281 29840 25569
282 12880 25117
283 2929 24030
284 2632 25380
285 3469 30105
286 54175 25785
287 53851 25650
288 53770 24975
289 53905 26055
290 52663 26730
291 52960 26055
292 53527 27135
293 54040 28080
294 54418 28755
295 54256 27405
296 10948 28755
297 54337 26865
298 54310 24165
299 54499 19710
300 35113 2835
301 54256 17820
302 35032 3105
303 34762 2430
304 33844 3240
305 34114 3645
306 36355 2835
307 2632 22950
308 54445 18900
309 54445 20790
310 53419 15525
311 54067 11205
312 38380 7695
313 36706 7695
314 35086 7425
315 54364 21870
316 2578 22005
317 9139 21465
318 6979 19980
319 5602 20790
320 26770 48600
321 30550 49275
322 30712 2565
323 25582 2430
324 6844 37800
325 11002 26865
326 10948 26325
327 24016 49275
328 25474 49275
329 29173 47790
330 29443 48870
331 29389 47925
332 28390 49275
333 22072 49005
334 20965 49140
335 20452 44145
336 23071 48330
337 25204 47655
338 22666 48735
339 20749 49005
340 16834 48735
341 22558 48465
342 5764 38475
343 25420 46845
344 17995 49275
345 18265 49005
346 3010 38205
347 35248 45495
348 43510 42930
349 35032 45360
350 23989 48330
351 44671 42525
352 30091 48330
353 30496 48870
354 31819 49140
355 33034 43605
356 33574 46035
357 3010 38475
358 47722 31725
359 47803 29835
360 29497 47520
361 48424 29700
362 54337 30240
363 54202 29295
364 28633 48330
365 29443 49140
366 25771 48330
367 26257 47385
368 20101 44280
369 25312 47385
370 26203 49005
371 24043 48195
372 24475 49140
373 27418 6345
374 26230 49140
375 27580 49140
376 28579 2295
377 30604 47655
378 31846 2835
379 2794 29970
380 31441 2430
381 30118 2295
382 22288 6345
383 22261 6750
384 22477 2295
385 20938 8235
386 22234 5670
387 22234 5400
388 9085 20250
389 26176 7695
390 2902 29160
391 24826 6345
392 32251 3105
393 32926 2295
394 32845 3510
395 32089 2430
396 33223 2565
397 28930 2430
398 26851 2295
399 26176 8235
400 54283 14985
401 3091 21465
402 54202 16065
403 54445 17820
404 54283 16335
405 33304 3915
406 32980 3915
407 30442 2430
408 52069 26595
409 50611 25515
410 51097 25245
411 54067 26865
412 36517 16560
413 35379 15810
414 28858 43366
415 23912 48440
416 23998 47719
417 30348 46860
418 29746 43683
419 26427 44460
420 29038 12257
421 31611 14130
422 42 30252
423 42 30060
424 25548 51601
425 25740 51601
426 42 26220
427 42 26316
428 42 30156
429 42 19308
430 42 25932
431 42 24684
432 42 25452
433 42 25260
434 42 26892
435 42 24972
436 26028 42
437 24396 42
438 22572 42
439 22284 42
440 24492 42
441 25836 42
442 26220 42
443 26412 42
444 25260 42
445 42 19692
446 22668 42
447 42 19788
448 21228 42
449 42 18060
450 42 19212
451 42 20076
452 42 20172
453 42 20748
454 42 19596
455 42 20556
456 42 22764
457 42 22092
458 42 22668
459 42 16524
460 42 20940
461 42 21036
462 42 30348
463 42 22572
464 42 21804
465 42 20364
466 42 19884
467 42 29580
468 42 29484
469 42 29196
470 42 29676
471 42 30444
472 42 30828
473 42 28716
474 42 29964
475 42 29868
476 42 28620
477 42 27564
478 42 28524
479 42 28236
480 42 28140
481 42 26124
482 42 27948
483 42 26028
484 42 27852
485 42 25164
486 42 23820
487 42 27660
488 42 23916
489 42 24780
490 42 24588
491 42 23628
492 42 23436
493 42 21900
494 22764 42
495 42 29388
496 42 19980
497 25068 42
498 42 22476
499 42 19404
500 42 22956
501 42 23148
502 23916 42
503 42 23724
504 42 24876
505 42 28428
506 42 28812
507 22668 51601
508 20076 51601
509 22380 51601
510 42 27468
511 42 27276
512 42 26700
513 42 28332
514 42 27084
515 24780 51601
516 42 25548
517 42 27372
518 42 25836
519 42 25644
520 42 24396
521 42 23532
522 42 26412
523 42 17100
524 42 24300
525 42 23244
526 42 20844
527 42 24012
528 42 25068
529 42 21132
530 23052 42
531 42 19500
532 24972 42
533 26316 42
534 26892 42
535 26700 42
536 25164 42
537 23628 42
538 42 24204
539 42 24492
540 42 17388
541 42 28044
542 42 21324
543 42 21420
544 42 22188
545 42 22380
546 42 26988
547 42 26508
548 42 25740
549 42 27180
550 42 22860
551 42 27756
552 42 25356
553 42 29772
554 30732 42
555 32268 42
556 56895 25260
557 56895 25740
558 56895 26028
559 56895 26412
560 56895 26892
561 56895 25356
562 56895 25932
563 56895 26508
564 28140 42
565 32172 42
566 56895 25164
567 28044 42
568 31404 42
569 25740 42
570 27564 42
571 32844 42
572 27276 42
573 30444 42
574 29004 42
575 26988 42
576 56895 11148
577 56895 13932
578 56895 14508
579 36396 42
580 35820 42
581 33900 42
582 31308 42
583 56895 23052
584 27180 42
585 42 21228
586 24108 51601
587 24876 51601
588 56895 28428
589 33132 51601
590 33900 51601
591 33996 51601
592 23916 51601
593 24588 51601
594 24012 51601
595 23724 51601
596 24204 51601
597 31404 51601
598 31596 51601
599 31500 51601
600 29292 51601
601 20940 51601
602 30540 51601
603 19020 51601
604 23340 51601
605 25356 51601
606 19980 51601
607 19404 51601
608 19116 51601
609 21612 51601
610 26124 51601
611 23052 51601
612 26220 51601
613 21900 51601
614 25932 51601
615 33708 51601
616 35052 51601
617 35148 51601
618 26796 51601
619 30828 51601
620 28236 51601
621 29100 51601
622 31020 51601
623 31788 51601
624 32268 51601
625 28524 51601
626 56895 27660
627 56895 27372
628 29772 51601
629 30348 51601
630 30444 51601
631 29388 51601
632 23820 51601
633 25452 51601
634 21228 51601
635 21420 51601
636 21324 51601
637 26604 51601
638 24684 51601
639 23436 51601
640 24492 51601
641 26700 51601
642 26412 51601
643 27372 51601
644 27468 51601
645 29004 51601
646 28908 42
647 23628 51601
648 29100 42
649 28332 42
650 23532 42
651 23340 42
652 23436 42
653 25644 42
654 28620 42
655 42 21996
656 27468 42
657 26508 42
658 42 21516
659 29484 42
660 28716 42
661 30060 42
662 30348 42
663 28428 42
664 30252 42
665 28812 42
666 27948 42
667 56895 17484
668 56895 18732
669 24588 42
670 56895 16908
671 29580 42
672 35916 42
673 31884 42
674 31500 42
675 29964 42
676 56895 24780
677 56895 25548
678 56895 23532
679 56895 26796
680 42 23052
681 42 29100
682 56895 27756
683 56895 26124
684 56895 26700
685 56895 26604
686 56895 27180
687 56895 26316
688 56895 27564
689 56895 28524
690 56895 29388
691 56895 27276
692 42 29004
693 56895 27084
694 56895 24684
695 56895 19884
696 33420 42
697 56895 19596
698 32556 42
699 34860 42
700 33996 42
701 33708 42
702 36108 42
703 42 23340
704 56895 19116
705 56895 21132
706 56895 15660
707 56895 11052
708 37548 42
709 36012 42
710 35148 42
711 56895 22188
712 42 22284
713 42 21708
714 42 20460
715 42 20268
716 26988 51601
717 30636 51601
718 31020 42
719 25932 42
720 42 38412
721 42 26796
722 42 26604
723 24972 51601
724 25836 51601
725 29676 51601
726 30252 51601
727 33516 51601
728 29196 51601
729 22956 51601
730 21516 51601
731 20172 51601
732 23244 51601
733 26028 51601
734 22284 51601
735 21132 51601
736 19596 51601
737 22860 51601
738 42 38028
739 25644 51601
740 21036 51601
741 19884 51601
742 42 38220
743 35724 51601
744 46092 51601
745 35340 51601
746 23148 51601
747 45708 51601
748 30732 51601
749 31116 51601
750 32460 51601
751 33228 51601
752 34572 51601
753 42 38700
754 56895 25644
755 56895 26220
756 29868 51601
757 56895 27852
758 56895 29676
759 56895 29100
760 28428 51601
761 29484 51601
762 24396 51601
763 22764 51601
764 20460 51601
765 25260 51601
766 26508 51601
767 23532 51601
768 24300 51601
769 27852 42
770 26892 51601
771 28332 51601
772 29388 42
773 30924 51601
774 31116 42
775 42 28908
776 31596 42
777 30636 42
778 23148 42
779 22860 42
780 22956 42
781 21708 42
782 23244 42
783 26124 42
784 42 20652
785 26604 42
786 42 29292
787 24876 42
788 31212 42
789 31788 42
790 32364 42
791 31692 42
792 32748 42
793 28524 42
794 27372 42
795 26796 42
796 56895 15084
797 42 21612
798 56895 16524
799 56895 18252
800 56895 20460
801 33516 42
802 33228 42
803 30828 42
804 56895 26988
805 56895 25836
806 56895 25452
807 56895 27468
808 42 24108
