0 164223 174066
1 209652 182794
2 189274 145727
3 318170 140663
4 218522 123144
5 38748 134827
6 82560 70073
7 207670 101474
8 208915 152755
9 248495 123017
10 96060 139183
11 116347 233305
12 216924 86552
13 54928 147893
14 117109 95157
15 206895 121584
16 180441 77430
17 119605 220325
18 149770 178920
19 244102 128975
20 203126 129956
21 129155 208404
22 60648 52878
23 227789 203100
24 128014 64255
25 194730 135652
26 187445 229029
27 160183 114400
28 151316 113960
29 247190 202300
30 247933 159517
31 211733 137738
32 206305 143690
33 168720 105840
34 90584 58973
35 104595 35000
36 291260 138452
37 277115 231000
38 197323 94818
39 106134 109760
40 196393 116760
41 246484 120600
42 281143 194278
43 200339 85866
44 157594 25657
45 130102 51100
46 145920 56093
47 201005 104481
48 257127 122360
49 293949 96740
50 148670 65505
51 120985 242364
52 277970 92915
53 176537 58600
54 171602 35208
55 116660 4200
56 292828 112840
57 286300 291092
58 204426 51400
59 130030 294447
60 203230 62263
61 168974 45627
62 216790 60200
63 220004 57866
64 158127 77700
65 162675 89775
66 216849 92400
67 122091 169235
68 235950 188263
69 98605 103883
70 267168 161140
71 90133 215288
72 257298 249060
73 218432 214000
74 112701 162400
75 113965 226333
76 227770 166600
77 211261 155120
78 150725 214433
79 263203 215133
80 248909 225933
81 133280 160115
82 247878 245175
83 117349 115791
84 294410 149100
85 47405 173800
86 272280 247800
87 24140 185315
88 123361 255181
89 71212 169120
90 10212 198800
91 114787 215800
92 52904 152911
93 132184 201023
94 159190 101769
95 174340 8866
96 175195 11433
97 174688 146193
98 201469 202155
99 187135 261248
100 303634 160838
101 345505 62646
102 283293 167192
103 377085 168107
104 279051 163488
105 294262 37660
106 303001 148005
107 272650 170520
108 343947 118650
109 360145 173600
110 387328 157458
111 272185 48619
112 297856 249900
113 300580 97720
114 275112 236984
115 366955 114623
116 319833 285133
117 364649 281125
118 259176 37922
119 262162 276920
120 270028 100310
121 276565 242869
122 278255 284900
123 276494 116694
124 305178 110600
125 130138 318129
126 316228 250152
127 379996 283362
128 380728 240583
129 159726 305666
130 283045 288142
131 255980 156964
132 383010 229776
133 274078 288977
134 244815 224700
135 294852 174520
136 221445 206500
137 81828 181933
138 312448 67853
139 347688 64714
140 229858 150733
141 254526 333738
142 291650 281400
143 70421 259818
144 129677 235061
145 145043 219955
146 56837 251619
147 85310 214200
148 142823 156520
149 170197 305666
150 189557 312354
151 86228 264133
152 171898 309654
153 201195 216557
154 165816 161319
155 141486 260866
156 258286 164920
157 265905 176400
158 152570 187133
159 361380 147700
160 324292 204120
161 252343 233800
162 305276 200235
163 353423 102063
164 395643 154466
165 266266 148120
166 239305 179200
167 261042 137581
168 106305 214900
169 63989 196655
170 117686 202440
171 139365 198800
172 102925 237800
173 301834 159880
174 356345 144200
175 387325 140155
176 259967 314300
177 205217 318838
178 275595 291900
179 240198 284200
180 300552 324200
181 259565 287933
182 215396 111533
183 239894 132440
184 217322 114520
185 235417 69325
186 95500 219545
187 116953 299539
188 148770 210840
189 207005 200200
190 140585 250600
191 256500 245700
192 284176 211400
193 322658 234920
194 280250 284900
195 260110 283500
196 236265 198100
197 169480 177100
198 202033 135333
199 210927 117400
200 62795 205100
201 85025 213500
202 192723 309400
203 207393 256110
204 138035 255800
205 7647 165900
206 11650 172642
207 419330 135800
208 425030 128800
209 11210 250600
210 296210 259000
211 91706 164309
212 5890 161000
213 17670 208600
214 245670 348600
215 412110 141400
216 267330 343000
217 309510 348600
218 252890 7000
219 265430 4200
220 416670 149800
221 425410 99400
222 426930 113400
223 433390 116200
224 5890 214200
225 432250 91000
226 241870 12600
227 423130 149800
228 220590 4200
229 418950 141400
230 208810 4200
231 429590 130200
232 249090 9800
233 239970 7000
234 245670 4200
235 115330 348600
236 271130 340200
237 433390 124600
238 428450 166600
239 429210 141400
240 420850 110600
241 417430 138600
242 364990 141400
243 423130 121800
244 125210 345800
245 5890 245000
246 133950 348600
247 12350 247800
248 24510 217000
249 5890 247800
250 24510 211400
251 25270 228200
252 26030 205800
253 12350 228200
254 102410 348600
255 18050 239400
256 23750 222600
257 29830 219800
258 39710 222600
259 5890 211400
260 12350 231000
261 18810 228200
262 9310 242200
263 5890 194600
264 182970 348600
265 5890 233800
266 420470 169400
267 221350 15400
268 217550 345800
269 424650 138600
270 433010 133000
271 207290 7000
272 433390 127400
273 216790 7000
274 5890 222600
275 413250 144200
276 224010 7000
277 421990 161000
278 235030 12600
279 224770 12600
280 231230 9800
281 433390 77000
282 229710 15400
283 433390 158200
284 425790 147000
285 5890 228200
286 220210 348600
287 433390 163800
288 201590 4200
289 238830 9800
290 229710 4200
291 236170 4200
292 252130 343000
293 267710 348600
294 227430 348600
295 247570 345800
296 31730 222600
297 295450 348600
298 320910 345800
299 260110 348600
300 328130 348600
301 288230 334600
302 272270 345800
303 264670 323400
304 288990 348600
305 285950 329000
306 301910 348600
307 12350 245000
308 284050 326200
309 289750 345800
310 11590 183400
311 143830 345800
312 260870 343000
313 285190 320600
314 304190 323400
315 305710 320600
316 272270 326200
317 269230 329000
318 19570 219800
319 421990 166600
320 433390 135800
321 264670 340200
322 420090 133000
323 429590 149800
324 326990 4200
325 320530 12600
326 333830 4200
327 291650 340200
328 327370 345800
329 8550 217000
330 280630 348600
331 420090 183400
332 322810 340200
333 335350 348600
334 336110 343000
335 329650 343000
336 261630 345800
337 252510 348600
338 282150 345800
339 255170 345800
340 5890 253400
341 140 161420
342 140 119980
343 120030 140
344 125630 140
345 163710 140
346 204030 140
347 112190 140
348 126750 140
349 206270 140
350 145790 140
351 179390 140
352 143550 140
353 196190 140
354 202910 140
355 225310 140
356 174910 140
357 149150 140
358 188350 140
359 165950 140
360 155870 140
361 234270 140
362 130110 140
363 232030 140
364 111070 140
365 162590 140
366 150270 140
367 140 171500
368 140 177100
369 140 174860
370 140 163660
371 140 191660
372 140 178220
373 127870 140
374 116670 140
375 123390 140
376 89790 140
377 140 151340
378 140 124460
379 140 181580
380 140 160300
381 140 122220
382 133470 140
383 140 169260
384 140 165900
385 140 170380
386 154750 140
387 148030 140
388 151390 140
389 152510 140
390 134590 140
391 131230 140
392 197310 140
393 140 192780
394 128990 140
395 158110 140
396 140 162540
397 121150 140
398 187230 140
399 136830 140
400 167070 140
401 184990 140
402 190590 140
403 140 123340
404 142430 140
405 137950 140
406 141310 140
407 160350 140
408 170430 140
409 180510 140
410 191710 140
411 211870 140
412 186110 140
413 161470 140
414 140 125580
415 140 187180
416 173790 140
417 156990 140
418 218590 140
419 124510 140
420 216350 140
421 140 190540
422 140 189420
423 140 196140
424 140 172620
425 92030 140
426 140 193900
427 140 203980
428 140 208460
429 140 206220
430 168190 140
431 114430 140
432 177150 140
433 176030 140
434 139070 140
435 178270 140
436 153630 140
437 189470 140
438 193950 140
439 135710 140
440 140190 140
441 195070 140
442 159230 140
443 172670 140
444 181630 140
445 192830 140
446 223070 140
447 140 121100
448 182750 140
449 146910 140
450 140 188300
451 169310 140
452 164830 140
453 230910 140
454 132350 140
455 229790 140
456 140 184940
457 140 182700
458 102110 140
459 140 168140
460 140 180460
461 140 179340
462 140 198380
463 140 200620
464 140 186060
465 171550 140
466 140 175980
467 144670 140
468 183870 140
469 122270 140
470 140 173740
471 140 164780
472 140 205100
473 311550 351870
474 438870 181580
475 281310 351870
476 438870 178220
477 438870 164780
478 438870 134540
479 438870 149100
480 438870 141260
481 438870 105420
482 438870 136780
483 258910 351870
484 438870 127820
485 438870 106540
486 438870 165900
487 140 255500
488 438870 179340
489 140 197260
490 243230 351870
491 438870 172620
492 140 215180
493 244350 351870
494 140 253260
495 438870 175980
496 438870 107660
497 438870 174860
498 438870 132300
499 438870 128940
500 438870 135660
501 438870 122220
502 438870 124460
503 140 247660
504 140 244300
505 116670 351870
506 124510 351870
507 140 212940
508 140 220780
509 140 201740
510 125630 351870
511 140 243180
512 136830 351870
513 123390 351870
514 127870 351870
515 126750 351870
516 140 251020
517 140 252140
518 226430 351870
519 227550 351870
520 140 235340
521 200670 351870
522 140 199500
523 201790 351870
524 140 239820
525 228670 351870
526 199550 140
527 140 183820
528 201790 140
529 208510 140
530 198430 140
531 200670 140
532 221950 140
533 140 233100
534 224190 140
535 212990 140
536 207390 140
537 226430 140
538 219710 140
539 220830 140
540 438870 109900
541 438870 111020
542 438870 151340
543 438870 125580
544 140 217420
545 245470 351870
546 438870 146860
547 438870 121100
548 438870 131180
549 438870 116620
550 438870 119980
551 234270 351870
552 316030 351870
553 221950 351870
554 314910 351870
555 140 238700
556 249950 351870
557 233150 351870
558 256670 351870
559 247710 351870
560 277950 351870
561 254430 351870
562 257790 351870
563 265630 351870
564 274590 351870
565 272350 351870
566 192830 351870
567 300350 351870
568 295870 351870
569 298110 351870
570 304830 351870
571 236510 351870
572 310430 351870
573 299230 351870
574 307070 351870
575 305950 351870
576 290270 351870
577 140 230860
578 438870 173740
579 438870 162540
580 262270 351870
581 438870 158060
582 438870 159180
583 438870 155820
584 438870 163660
585 438870 170380
586 252190 351870
587 322750 351870
588 140 202860
589 280190 351870
590 438870 177100
591 317150 351870
592 324990 351870
593 328350 351870
594 329470 351870
595 253310 351870
596 313790 351870
597 283550 351870
598 309310 351870
599 140 210700
600 140 209580
601 248830 351870
602 438870 145740
603 271230 351870
604 312670 351870
605 251070 140
606 240990 140
607 438870 153580
608 438870 112140
609 438870 114380
610 438870 118860
611 140 216300
612 438870 115500
613 243230 140
614 438870 152460
615 214110 140
616 438870 143500
617 210750 140
618 438870 130060
619 247710 140
620 242110 140
621 245470 140
622 117790 351870
623 273470 351870
624 438870 117740
625 438870 169260
626 438870 142380
627 438870 108780
628 438870 137900
629 438870 140140
630 438870 123340
631 122270 351870
632 140 237580
633 128990 351870
634 140 245420
635 140 249900
636 140 248780
637 140 214060
638 140 231980
639 140 207340
640 140 236460
641 104350 351870
642 140 242060
643 140 226380
644 140 225260
645 140 223020
646 140 211820
647 140 229740
648 140 228620
649 140 240940
650 140 195020
651 187230 351870
652 140 234220
653 438870 171500
654 215230 140
655 220830 351870
656 438870 139020
657 438870 133420
658 209630 140
659 438870 126700
660 217470 140
661 140 221900
662 438870 144620
663 228670 140
664 438870 161420
665 237630 140
666 227550 140
667 233150 140
668 438870 113260
669 235390 140
670 438870 160300
671 438870 147980
672 140 227500
673 223070 351870
674 438870 168140
675 205150 140
676 244350 140
677 236510 140
678 239870 140
679 246590 351870
680 268990 351870
681 229790 351870
682 251070 351870
683 140 224140
684 301470 351870
685 326110 351870
686 263390 351870
687 337310 351870
688 292510 351870
689 275710 351870
690 267870 351870
691 291390 351870
692 288030 351870
693 302590 351870
694 140 246540
695 286910 351870
696 293630 351870
697 140 167020
698 135710 351870
699 266750 351870
700 289150 351870
701 308190 351870
702 303710 351870
703 285790 351870
704 296990 351870
705 140 219660
706 438870 167020
707 438870 156940
708 276830 351870
709 438870 154700
710 438870 150220
711 333950 140
712 335070 140
713 337310 140
714 294750 351870
715 330590 351870
716 140 218540
717 282430 351870
718 438870 180460
719 327230 351870
720 338430 351870
721 339550 351870
722 333950 351870
723 264510 351870
724 255550 351870
725 284670 351870
726 260030 351870
727 140 254380
