0 35104 17571
1 12625 34560
2 27398 33326
3 48987 15195
4 27614 19575
5 27373 27694
6 16403 17433
7 14799 30125
8 45024 15810
9 49419 19420
10 41502 41967
11 27491 32280
12 39420 22779
13 2511 27945
14 39147 16883
15 25710 23946
16 16115 29008
17 20208 23503
18 42652 39207
19 41951 31512
20 42876 40126
21 29623 26681
22 41028 15730
23 36486 43187
24 50015 34107
25 52060 34449
26 15985 40100
27 46750 31365
28 55051 32890
29 33129 46922
30 49196 33692
31 26703 38313
32 35672 47055
33 42292 33188
34 40159 33395
35 52731 38182
36 45929 30569
37 19591 40807
38 2241 32805
39 36547 38799
40 17439 24897
41 44234 28282
42 38115 44059
43 45450 46305
44 36503 31352
45 49344 32328
46 42734 22644
47 29344 27930
48 45995 35725
49 31332 25686
50 21292 22545
51 39906 17315
52 37452 41541
53 8724 31662
54 34002 23674
55 46641 22997
56 39332 34236
57 32192 45072
58 26403 21487
59 24681 19497
60 36885 27243
61 41482 21046
62 30099 19440
63 36845 50049
64 33673 18141
65 9969 33917
66 30272 19227
67 35924 41188
68 50840 46828
69 40714 18859
70 41454 35010
71 36463 32022
72 40273 40286
73 49290 32637
74 35009 26849
75 40406 28841
76 35991 2835
77 41130 20408
78 17523 19440
79 56591 11747
80 51036 29548
81 47731 27604
82 51786 20857
83 59478 18739
84 51607 29807
85 33811 37444
86 48338 18992
87 47944 28779
88 45472 29827
89 60621 20651
90 58980 18075
91 36144 39795
92 41236 48960
93 58650 15356
94 52400 27332
95 55685 26367
96 40589 31651
97 55118 22173
98 66162 25949
99 56196 28125
100 56478 25245
101 62555 23895
102 59904 36765
103 63414 23055
104 53335 29280
105 51958 29704
106 67871 28178
107 65856 33129
108 39409 46922
109 37927 47064
110 41241 48659
111 49660 55810
112 29963 54914
113 57263 41792
114 31658 45753
115 32043 53730
116 35466 54597
117 37298 49218
118 41240 50682
119 31908 56502
120 54869 44793
121 62175 43095
122 28466 21900
123 28985 13169
124 35930 23490
125 22644 44325
126 26893 25450
127 27906 13388
128 29802 18855
129 33547 14062
130 32062 23610
131 22962 14415
132 31439 24755
133 39784 22302
134 23952 45731
135 41980 10212
136 46224 15345
137 38299 10373
138 44542 10973
139 54256 11136
140 47923 17253
141 49476 10893
142 47464 38053
143 48622 35552
144 49417 40825
145 49234 39116
146 30175 26240
147 23574 34418
148 24775 31965
149 51117 55025
150 47499 45245
151 46338 40432
152 47583 54749
153 45459 54630
154 42811 57408
155 47382 45461
156 53655 46764
157 30597 28721
158 36921 28411
159 64127 34029
160 61681 30240
161 65304 34395
162 60763 40786
163 50545 42876
164 57143 41931
165 23948 48013
166 35968 48816
167 24283 46360
168 21762 45549
169 23913 45270
170 28352 30090
171 30797 40394
172 43893 25120
173 37606 44102
174 3118 27540
175 38083 59400
176 3469 29025
177 48262 55755
178 46696 59940
179 47020 59265
180 47965 55350
181 74263 34830
182 72724 33075
183 49720 59535
184 49639 59805
185 47830 59535
186 47614 55755
187 5737 27405
188 46021 58995
189 73885 31185
190 44050 3240
191 46183 4860
192 42889 2970
193 43780 2970
194 47101 2835
195 45697 4725
196 45373 4320
197 46075 3240
198 3685 29160
199 74128 24030
200 52636 2970
201 52312 4455
202 51961 3105
203 53824 4455
204 46696 2970
205 47560 4725
206 47857 3375
207 3658 20250
208 4036 19980
209 3415 28080
210 5467 28485
211 27202 3375
212 27850 3645
213 27202 3780
214 5656 27810
215 4252 38745
216 32872 3105
217 31144 4185
218 32764 4995
219 28498 2835
220 30982 2970
221 30820 3510
222 27013 4320
223 34114 3105
224 35221 6885
225 34843 4995
226 4873 29025
227 34087 4590
228 33061 3915
229 39136 55080
230 37273 59400
231 33790 59400
232 40054 55890
233 35599 55485
234 35734 60210
235 37867 56835
236 37165 55485
237 30604 52515
238 46318 60345
239 45697 58455
240 44914 52515
241 39001 58320
242 45535 58995
243 44887 59130
244 47425 60210
245 44077 60210
246 43321 59805
247 37759 57645
248 3010 36450
249 39595 60075
250 37246 57915
251 43456 59535
252 42241 59400
253 42430 59130
254 43645 57105
255 43483 58860
256 43186 58185
257 38920 58995
258 37462 56295
259 3658 38205
260 39298 56565
261 39757 54945
262 39865 56565
263 40297 57375
264 72859 34425
265 74209 32805
266 73561 36585
267 73291 34695
268 72562 34965
269 73075 34155
270 2929 38475
271 73696 35775
272 73642 35505
273 36517 2835
274 35572 3915
275 24637 3375
276 38272 3375
277 42889 3780
278 44374 59400
279 73804 30105
280 44617 3375
281 3280 34155
282 54418 5130
283 53311 2970
284 54661 3375
285 53689 3780
286 52069 3780
287 73939 24435
288 74371 26865
289 73885 24705
290 74587 25380
291 74641 26325
292 26014 4050
293 73075 27000
294 74641 29700
295 74128 30645
296 73075 31860
297 73561 30915
298 74101 29700
299 49639 55890
300 73318 34020
301 72589 35235
302 48289 59535
303 45353 20367
304 45387 18259
305 32602 21186
306 34632 59404
307 40121 48081
308 45677 30122
309 56148 28929
310 38028 62524
311 42 37740
312 45036 62524
313 44748 62524
314 43020 62524
315 44844 62524
316 39084 62524
317 42 32652
318 31884 62524
319 38508 62524
320 39660 62524
321 43596 62524
322 42 29964
323 41292 62524
324 77166 30540
325 38604 42
326 39660 42
327 39084 42
328 41484 42
329 43500 42
330 42444 42
331 42924 42
332 43404 42
333 42 31020
334 39756 42
335 38412 42
336 37836 42
337 38508 42
338 38796 42
339 38220 42
340 39468 42
341 38988 42
342 42 29676
343 42 28908
344 42 29004
345 42 29388
346 42 28812
347 42 28140
348 42 28332
349 42 28044
350 42 38124
351 42 28716
352 42 28236
353 42 28428
354 42 28524
355 36108 42
356 42 29772
357 42 29292
358 42 30444
359 42 31308
360 42 31884
361 42 38028
362 42 31500
363 42 29868
364 37068 62524
365 35340 62524
366 33036 62524
367 38604 62524
368 33708 62524
369 33612 62524
370 35532 62524
371 34764 62524
372 42 35436
373 33900 62524
374 42 33036
375 37548 62524
376 42 32556
377 39564 62524
378 39468 62524
379 77166 30924
380 40716 42
381 39564 42
382 40140 42
383 42 33708
384 39852 42
385 41100 42
386 40908 42
387 40428 42
388 40236 42
389 41004 42
390 40524 42
391 39180 42
392 36972 42
393 42 31692
394 42 33612
395 37836 62524
396 42 32748
397 42 32460
398 38892 62524
399 38796 62524
400 36300 62524
401 42 37836
402 39852 62524
403 45420 62524
404 45516 62524
405 42 36204
406 43500 62524
407 43692 62524
408 42 32268
409 42 32364
410 42 29580
411 35436 42
412 40236 62524
413 42252 62524
414 77166 30348
415 77166 29196
416 42 32844
417 77166 29676
418 40332 42
419 38892 42
420 41676 42
421 43212 42
422 42156 42
423 42060 42
424 43308 42
425 39948 42
426 38700 42
427 42 32940
428 36780 42
429 37068 42
430 42 31404
431 42 32076
432 38988 62524
433 77166 30252
434 38700 62524
435 35244 62524
436 32172 62524
437 41196 62524
438 42 31788
439 42 37932
440 35628 62524
441 38124 42
442 77166 29484
443 46668 62524
444 45324 62524
445 48300 62524
446 48588 62524
447 49548 62524
448 49260 62524
449 77166 32748
450 77166 31500
451 46380 62524
452 39276 42
453 44940 62524
454 77166 30636
455 42636 42
456 42732 42
457 40620 42
458 41196 42
459 44940 42
460 43692 42
461 43596 42
462 45324 42
463 35628 42
464 49740 42
465 49836 42
466 48492 42
467 48204 42
468 77166 28716
469 46380 42
470 46668 42
471 47340 42
472 30636 42
473 29580 42
474 34188 42
475 33036 42
476 29676 42
477 27756 42
478 28716 62524
479 32844 62524
480 28044 62524
481 42 31116
482 42 32172
483 33996 42
484 32268 42
485 33612 42
486 31980 42
487 31692 42
488 42 31596
489 33900 42
490 34092 42
491 31788 62524
492 33132 42
493 32940 62524
494 36012 62524
495 35436 62524
496 35724 62524
497 36396 62524
498 36204 62524
499 33228 62524
500 35916 62524
501 35052 62524
502 32652 62524
503 46092 62524
504 45900 62524
505 45804 62524
506 41388 62524
507 44460 62524
508 43308 62524
509 45996 62524
510 42348 62524
511 44652 62524
512 45708 62524
513 37740 42
514 77166 30060
515 77166 29964
516 41772 62524
517 41964 62524
518 40908 62524
519 41100 62524
520 38220 62524
521 40140 62524
522 37164 62524
523 36588 62524
524 36492 62524
525 37260 62524
526 37356 62524
527 41580 62524
528 40524 62524
529 77166 35820
530 77166 34092
531 47532 62524
532 77166 33324
533 77166 33900
534 77166 33804
535 32364 62524
536 77166 33132
537 77166 31020
538 32940 42
539 32172 42
540 32652 42
541 52428 42
542 77166 28140
543 77166 30732
544 77166 29772
545 44364 42
546 35148 42
547 44844 42
548 47628 42
549 46188 42
550 47436 42
551 44652 42
552 47244 42
553 77166 27468
554 77166 26604
555 77166 26796
556 77166 27564
557 44748 42
558 77166 29292
559 77166 28428
560 77166 32076
561 77166 31596
562 77166 31308
563 77166 30828
564 77166 33036
565 77166 31788
566 77166 33228
567 47724 62524
568 35052 42
569 42 29196
570 48780 62524
571 47052 62524
572 47340 62524
573 48492 62524
574 77166 34764
575 77166 32940
576 50124 62524
577 50220 62524
578 48204 62524
579 48876 62524
580 42 27564
581 46188 62524
582 77166 31212
583 42828 42
584 44460 42
585 42540 42
586 43884 42
587 47148 42
588 45804 42
589 45132 42
590 45612 42
591 42 30252
592 77166 25836
593 52524 42
594 52620 42
595 52332 42
596 54348 42
597 47052 42
598 47916 42
599 47532 42
600 42 19884
601 42 19404
602 42 28620
603 42 29100
604 27564 42
605 28044 42
606 27372 42
607 42 31212
608 42 39084
609 33228 42
610 31308 42
611 33516 42
612 29100 42
613 31884 42
614 31116 42
615 27660 42
616 34476 42
617 36012 42
618 35724 42
619 42 29484
620 34764 42
621 34572 42
622 39276 62524
623 37644 62524
624 34572 62524
625 40332 62524
626 35820 62524
627 36108 62524
628 38316 62524
629 37932 62524
630 31020 62524
631 48012 62524
632 48108 62524
633 45132 62524
634 39180 62524
635 47820 62524
636 45612 62524
637 47916 62524
638 44364 62524
639 44268 62524
640 38412 62524
641 42 36396
642 40044 62524
643 37452 62524
644 43788 62524
645 42444 62524
646 42732 62524
647 44172 62524
648 45228 62524
649 44076 62524
650 39372 62524
651 37740 62524
652 42 38412
653 39756 62524
654 39948 62524
655 40428 62524
656 40620 62524
657 77166 34668
658 77166 32844
659 77166 36876
660 77166 34860
661 77166 35052
662 77166 33996
663 42 38508
664 77166 35724
665 77166 34956
666 35820 42
667 35244 42
668 23916 42
669 37260 42
670 42252 42
671 44556 62524
672 77166 30156
673 44556 42
674 42 31980
675 55308 42
676 53196 42
677 55212 42
678 54252 42
679 53676 42
680 77166 24396
681 77166 26892
682 77166 25068
683 77166 25164
684 77166 26700
685 25644 42
686 77166 28812
687 77166 31116
688 77166 31980
689 77166 32268
690 77166 31404
691 77166 29868
692 49740 62524
693 77166 34380
694 77166 35436
695 48396 62524
696 42 27948
