0 163716 187133
1 193719 183473
2 111150 124040
3 294851 146440
4 201158 111236
5 43293 102661
6 103230 45905
7 208515 121800
8 226020 113166
9 96330 120866
10 178642 119180
11 100839 55906
12 113888 214694
13 243550 115610
14 201590 67953
15 59505 113352
16 161515 95433
17 140267 67200
18 257509 139650
19 200450 87984
20 116470 205305
21 117616 170268
22 149902 169400
23 275638 216236
24 133883 200805
25 48048 45445
26 104814 38661
27 220363 125800
28 286631 214529
29 192210 109715
30 121197 156520
31 140676 148120
32 263354 233728
33 314713 164266
34 102808 138066
35 185301 146490
36 160056 132160
37 135235 221480
38 65707 57613
39 90345 21000
40 163064 221282
41 251618 114848
42 304760 232306
43 135356 82320
44 247641 119000
45 216165 87800
46 229710 80200
47 212325 94733
48 243132 105200
49 162176 24914
50 112432 41300
51 121892 37584
52 101697 19600
53 132859 156851
54 252107 125720
55 279887 81709
56 262928 238466
57 111751 52422
58 101132 205488
59 258780 84175
60 156085 55125
61 119320 4200
62 279813 97440
63 284719 210304
64 174317 52015
65 121118 227080
66 78840 235133
67 217638 47693
68 212876 56560
69 161563 41010
70 230795 53400
71 205722 52500
72 186613 77494
73 166772 67200
74 195170 71000
75 154884 154509
76 142513 95603
77 276395 113800
78 242049 193044
79 251428 232723
80 139961 132328
81 129912 227033
82 214896 181300
83 230139 119993
84 145777 235900
85 245252 193340
86 277702 213945
87 275044 119280
88 212534 196280
89 152053 103615
90 309795 123200
91 148314 135240
92 295986 230011
93 196540 109568
94 183046 111160
95 204397 99711
96 147155 126560
97 241313 163600
98 105434 138366
99 149910 60963
100 155083 57400
101 200155 149990
102 48814 151823
103 195563 220686
104 303906 135114
105 357619 45480
106 364413 90061
107 282981 146020
108 214662 214200
109 314611 116795
110 263910 178360
111 294753 153246
112 364837 128289
113 370405 154000
114 232297 222986
115 382216 107800
116 284852 32545
117 360667 270070
118 296286 80360
119 277912 229567
120 380073 136633
121 345119 275476
122 261236 30091
123 275994 243880
124 259050 85406
125 241236 224466
126 255265 242900
127 276336 99400
128 294842 93800
129 81370 267773
130 310716 237238
131 278300 84096
132 392061 193314
133 113316 253960
134 294298 246564
135 269531 130822
136 204792 178788
137 226938 134070
138 388573 179625
139 295431 195209
140 368217 222345
141 232826 188440
142 388820 213266
143 206815 193900
144 74831 193468
145 300191 186078
146 335624 218866
147 350126 42221
148 257834 144390
149 257758 169225
150 298416 185123
151 144204 283460
152 133823 200303
153 179692 277200
154 128857 278291
155 138835 209800
156 160341 155680
157 188733 266155
158 189350 164512
159 136449 238251
160 183882 288400
161 141455 273466
162 194997 264880
163 61381 166136
164 175813 283266
165 252662 175000
166 236835 183400
167 116227 135177
168 324235 155400
169 287565 253400
170 246620 228760
171 382439 227774
172 327655 166133
173 269955 282672
174 255550 123666
175 214795 93100
176 144400 172200
177 110390 202300
178 56803 207858
179 117595 215276
180 116375 193900
181 117881 243000
182 97497 227400
183 299915 164500
184 316445 145600
185 259872 261800
186 229171 273438
187 283100 246120
188 242820 237300
189 289978 266840
190 212064 269109
191 208810 103133
192 212914 117320
193 141075 174300
194 238752 58644
195 111475 191000
196 45450 250490
197 120099 207480
198 188100 195300
199 51309 259100
200 276640 241500
201 288483 163800
202 272175 259000
203 253270 263900
204 178695 185500
205 142975 161000
206 235848 137523
207 250555 147400
208 247190 128200
209 148057 230300
210 143260 183400
211 129200 186900
212 244910 245933
213 29497 181300
214 20572 178733
215 174515 277200
216 258685 29400
217 297350 163800
218 321480 169400
219 132861 135121
220 6270 175000
221 10450 208600
222 313310 303800
223 431110 152600
224 265430 303800
225 239210 303800
226 265050 4200
227 429210 96600
228 423890 135800
229 279870 4200
230 302290 9800
231 286330 7000
232 12350 186200
233 297730 4200
234 271510 4200
235 432250 144200
236 122930 4200
237 434150 149800
238 435670 141400
239 435670 124600
240 434530 110600
241 424270 107800
242 435670 105000
243 104310 306600
244 275690 306600
245 408690 107800
246 435670 147000
247 430350 119000
248 429210 116200
249 434150 121800
250 426930 110600
251 412490 113400
252 117230 306600
253 110770 306600
254 90250 306600
255 96710 306600
256 18810 186200
257 12350 203000
258 5890 186200
259 12350 205800
260 9690 217000
261 5890 205800
262 95190 303800
263 102030 303800
264 5890 189000
265 5890 203000
266 188670 306600
267 11970 197400
268 160170 303800
269 161310 306600
270 178030 306600
271 51110 180600
272 167770 306600
273 225150 303800
274 207290 7000
275 9310 166600
276 420850 152600
277 429970 138600
278 421230 119000
279 430350 113400
280 222490 7000
281 12350 200200
282 218310 9800
283 211850 9800
284 6650 177800
285 231610 4200
286 245670 4200
287 229330 7000
288 216030 7000
289 200830 7000
290 207670 4200
291 127870 242200
292 6650 180600
293 5890 138600
294 422750 96600
295 252130 4200
296 419710 113400
297 215270 4200
298 227810 245000
299 247570 306600
300 25270 186200
301 275310 301000
302 11970 194600
303 282150 306600
304 320910 306600
305 299250 298200
306 286710 292600
307 278350 298200
308 259350 306600
309 257830 303800
310 276070 287000
311 288610 306600
312 306090 303800
313 166630 303800
314 311790 301000
315 292410 303800
316 12350 219800
317 274930 284200
318 5890 219800
319 15010 225400
320 286710 278600
321 271890 292600
322 299630 295400
323 295830 289800
324 146870 306600
325 295070 306600
326 429210 147000
327 252890 242200
328 422750 102200
329 435670 133000
330 320530 7000
331 404890 110600
332 320150 4200
333 280630 303800
334 314450 306600
335 5890 200200
336 258590 301000
337 429210 99400
338 335350 306600
339 342570 306600
340 427690 121800
341 430350 135800
342 272650 303800
343 234270 245000
344 267330 306600
345 301530 306600
346 10830 191800
347 140 175980
348 100990 140
349 140 136780
350 145790 140
351 200670 140
352 198430 140
353 104350 140
354 109950 140
355 150270 140
356 102110 140
357 115550 140
358 144670 140
359 140 165900
360 173790 140
361 174910 140
362 141310 140
363 103230 140
364 140 144620
365 108830 140
366 121150 140
367 149150 140
368 125630 140
369 159230 140
370 83070 140
371 180510 140
372 179390 140
373 176030 140
374 181630 140
375 160350 140
376 184990 140
377 183870 140
378 182750 140
379 132350 140
380 117790 140
381 85310 140
382 95390 140
383 93150 140
384 92030 140
385 140 161420
386 140 146860
387 97630 140
388 114430 140
389 86430 140
390 140 149100
391 88670 140
392 169310 140
393 151390 140
394 155870 140
395 162590 140
396 124510 140
397 142430 140
398 140 150220
399 168190 140
400 165950 140
401 140 169260
402 112190 140
403 140 147980
404 140 143500
405 133470 140
406 153630 140
407 191710 140
408 187230 140
409 99870 140
410 98750 140
411 96510 140
412 140 137900
413 113310 140
414 135710 140
415 136830 140
416 154750 140
417 158110 140
418 140190 140
419 131230 140
420 94270 140
421 140 171500
422 120030 140
423 128990 140
424 146910 140
425 139070 140
426 172670 140
427 140 178220
428 190590 140
429 140 153580
430 189470 140
431 87550 140
432 140 172620
433 140 139020
434 193950 140
435 195070 140
436 140 164780
437 111070 140
438 140 140140
439 140 159180
440 140 142380
441 148030 140
442 90910 140
443 186110 140
444 188350 140
445 106590 140
446 105470 140
447 140 151340
448 123390 140
449 137950 140
450 134590 140
451 167070 140
452 164830 140
453 84190 140
454 130110 140
455 122270 140
456 140 174860
457 116670 140
458 127870 140
459 152510 140
460 143550 140
461 177150 140
462 140 177100
463 140 154700
464 89790 140
465 140 152460
466 197310 140
467 140 168140
468 140 155820
469 196190 140
470 199550 140
471 140 160300
472 118910 140
473 156990 140
474 140 156940
475 107710 140
476 140 219660
477 140 216300
478 140 182700
479 323870 310150
480 441410 159180
481 255550 310150
482 318270 310150
483 300350 310150
484 298110 310150
485 441410 144620
486 441410 152460
487 441410 139020
488 441410 141260
489 234270 310150
490 441410 137900
491 441410 131180
492 248830 310150
493 140 173740
494 240990 310150
495 140 141260
496 253310 310150
497 239870 310150
498 140 167020
499 140 218540
500 140 183820
501 254430 310150
502 441410 94220
503 441410 156940
504 441410 116620
505 441410 126700
506 441410 125580
507 441410 103180
508 441410 98700
509 124510 310150
510 115550 310150
511 111070 310150
512 96510 310150
513 140 215180
514 140 199500
515 140 198380
516 95390 310150
517 143550 310150
518 140190 310150
519 113310 310150
520 102110 310150
521 165950 310150
522 140 212940
523 197310 310150
524 212990 310150
525 214110 310150
526 196190 310150
527 183870 310150
528 140 184940
529 184990 310150
530 187230 310150
531 140 214060
532 220830 140
533 140 158060
534 441410 105420
535 219710 140
536 441410 102060
537 441410 149100
538 209630 140
539 192830 310150
540 207390 140
541 205150 140
542 140 170380
543 192830 140
544 441410 133420
545 441410 128940
546 214110 140
547 441410 99820
548 211870 140
549 441410 158060
550 140 211820
551 140 163660
552 441410 132300
553 441410 122220
554 441410 143500
555 441410 97580
556 441410 124460
557 229790 310150
558 311550 310150
559 140 205100
560 310430 310150
561 199550 310150
562 271230 310150
563 263390 310150
564 249950 310150
565 266750 310150
566 267870 310150
567 251070 310150
568 252190 310150
569 264510 310150
570 277950 310150
571 272350 310150
572 243230 310150
573 283550 310150
574 274590 310150
575 293630 310150
576 294750 310150
577 244350 310150
578 307070 310150
579 301470 310150
580 304830 310150
581 296990 310150
582 288030 310150
583 168190 310150
584 285790 310150
585 441410 151340
586 238750 310150
587 441410 130060
588 303710 310150
589 441410 155820
590 324990 310150
591 322750 310150
592 265630 310150
593 308190 310150
594 140 208460
595 256670 310150
596 330590 310150
597 328350 310150
598 317150 310150
599 320510 310150
600 319390 310150
601 258910 310150
602 326110 310150
603 290270 310150
604 327230 310150
605 140 186060
606 140 209580
607 316030 310150
608 441410 153580
609 268990 310150
610 242110 310150
611 263390 140
612 441410 104300
613 441410 135660
614 270110 140
615 265630 140
616 281310 140
617 140 187180
618 274590 140
619 258910 140
620 441410 145740
621 126750 140
622 441410 150220
623 441410 142380
624 441410 127820
625 441410 109900
626 441410 112140
627 441410 106540
628 105470 310150
629 279070 310150
630 441410 108780
631 441410 147980
632 441410 123340
633 441410 117740
634 441410 121100
635 441410 107660
636 441410 113260
637 117790 310150
638 106590 310150
639 90910 310150
640 98750 310150
641 140 196140
642 140 200620
643 140 207340
644 140 202860
645 140 217420
646 140 206220
647 97630 310150
648 104350 310150
649 140 201740
650 140 203980
651 198430 310150
652 140 192780
653 177150 310150
654 164830 310150
655 181630 310150
656 140 180460
657 179390 310150
658 170430 310150
659 228670 310150
660 208510 140
661 140 162540
662 441410 154700
663 441410 140140
664 441410 118860
665 441410 115500
666 216350 140
667 140 197260
668 218590 140
669 212990 140
670 140 179340
671 215230 140
672 246590 140
673 252190 140
674 232030 140
675 217470 140
676 202910 140
677 204030 140
678 131230 310150
679 140 181580
680 140 145740
681 441410 95340
682 253310 140
683 441410 114380
684 210750 140
685 236510 310150
686 292510 310150
687 140 189420
688 280190 310150
689 140 195020
690 286910 310150
691 337310 310150
692 312670 310150
693 329470 310150
694 281310 310150
695 261150 310150
696 260030 310150
697 276830 310150
698 289150 310150
699 309310 310150
700 169310 310150
701 314910 310150
702 295870 310150
703 140 188300
704 284670 310150
705 140 210700
706 140 191660
707 291390 310150
708 273470 310150
709 313790 310150
710 299230 310150
711 148030 310150
712 302590 310150
713 441410 146860
714 257790 310150
715 441410 100940
716 441410 134540
717 331710 140
718 441410 111020
719 323870 140
720 282430 310150
721 321630 310150
722 140 193900
723 262270 310150
724 441410 96460
725 338430 310150
726 346270 310150
727 441410 119980
728 441410 136780
729 275710 310150
730 237630 310150
731 270110 310150
732 305950 310150
733 140 190540
