0 162450 178733
1 198942 188462
2 182590 144984
3 317090 133000
4 221125 124981
5 36386 131640
6 75012 74900
7 237920 136000
8 271220 231133
9 207177 110981
10 98721 208929
11 191353 144550
12 81387 103400
13 105640 243682
14 237990 162768
15 228418 78120
16 61126 146328
17 123809 113320
18 188812 68600
19 198656 78225
20 108164 227200
21 142198 173551
22 244150 133525
23 144983 172600
24 271668 227966
25 192178 172573
26 108662 213150
27 40934 63273
28 207389 177481
29 100354 155909
30 157897 157033
31 143488 163800
32 269820 228502
33 280495 205216
34 134700 139484
35 143877 129500
36 159572 134400
37 71921 59720
38 6080 99400
39 287010 144789
40 282395 237094
41 189335 104066
42 97343 113166
43 187502 111200
44 155847 85400
45 273304 165044
46 195048 94200
47 114619 60443
48 129149 209160
49 151340 26417
50 132316 52360
51 140196 52850
52 113240 193760
53 183638 137148
54 268642 133127
55 304814 115666
56 149378 60620
57 119442 250270
58 282490 101021
59 178600 55800
60 118560 4200
61 278516 95200
62 287411 291738
63 213166 50400
64 137357 243880
65 137450 317100
66 204326 65240
67 203735 308961
68 209585 61366
69 160868 41508
70 211907 57680
71 263305 79800
72 99370 232555
73 231942 79100
74 240553 92600
75 111986 235542
76 225007 76300
77 211541 77350
78 214842 81900
79 243985 166973
80 126654 175186
81 202096 191800
82 109313 101368
83 212778 228614
84 227470 213400
85 114456 170520
86 105499 241116
87 270397 166526
88 238566 152961
89 92672 236460
90 234240 232473
91 281806 216333
92 118807 190442
93 280238 222764
94 120193 115979
95 339276 154622
96 104563 184146
97 279802 259823
98 219344 254333
99 180310 221666
100 96551 264600
101 190494 175186
102 96748 153160
103 98293 178111
104 227879 200200
105 117281 150309
106 163326 23584
107 169319 86476
108 197535 127025
109 177600 263428
110 400425 165172
111 367736 103153
112 350345 54772
113 390098 177805
114 280228 163800
115 197486 258187
116 376817 154000
117 286149 37520
118 246620 191800
119 281300 49461
120 315400 165900
121 324800 149520
122 361380 88200
123 361696 171266
124 380142 141400
125 309259 258471
126 316464 94640
127 301705 243600
128 382684 108965
129 280826 102163
130 356312 290643
131 261007 37030
132 289180 277900
133 254647 233450
134 268945 269500
135 296136 111892
136 314146 96040
137 313446 253095
138 336996 250600
139 338625 300333
140 320783 301000
141 186643 313133
142 304407 120200
143 271618 247000
144 214372 163411
145 244593 161848
146 392480 235672
147 284366 279533
148 263525 273552
149 277400 196856
150 233510 212520
151 288289 180775
152 229520 198100
153 270101 147182
154 339733 77200
155 296590 265160
156 274396 277225
157 289003 190000
158 126626 180090
159 265050 305666
160 358477 58924
161 272564 166320
162 62117 183854
163 183121 214179
164 82631 271320
165 142215 228454
166 60847 236600
167 47762 264814
168 182311 156893
169 96862 230440
170 155363 139720
171 59540 275760
172 189240 303488
173 180963 140554
174 144237 256600
175 119150 258695
176 175108 294000
177 82428 277666
178 168892 308381
179 118823 239088
180 103740 284200
181 245100 189000
182 243010 189700
183 231103 209533
184 231356 191800
185 339815 140700
186 283195 270900
187 245024 254520
188 305967 195799
189 347383 146066
190 306090 296927
191 326610 297266
192 295212 140000
193 271662 149800
194 165395 180600
195 294187 95561
196 308116 129266
197 75050 230300
198 47353 199731
199 93575 214200
200 92213 226333
201 76542 229800
202 278578 177240
203 317965 159600
204 362710 145133
205 324295 137327
206 218082 321481
207 288562 316400
208 276260 286300
209 248330 290500
210 315970 317800
211 277265 307094
212 210076 88200
213 233662 121800
214 180690 166600
215 234980 64970
216 50540 233800
217 124267 315835
218 131955 210700
219 199025 229600
220 265354 232680
221 275816 199266
222 329143 248733
223 389226 245408
224 281485 287700
225 259920 280700
226 302543 302866
227 147820 178500
228 195890 125300
229 236588 164920
230 233781 124600
231 114190 207900
232 131480 189700
233 176890 327133
234 123690 246866
235 140885 267000
236 12967 166600
237 15738 172822
238 131575 308000
239 282245 324800
240 301055 310800
241 329650 163800
242 183160 235200
243 75430 242200
244 209380 89600
245 272270 338800
246 308750 319200
247 326800 243600
248 95819 165112
249 5890 169400
250 5890 205800
251 433390 163800
252 428070 138600
253 230090 348600
254 246050 345800
255 433390 152600
256 433390 127400
257 431490 155400
258 429210 124600
259 428070 119000
260 423130 116200
261 12350 245000
262 433390 88200
263 433390 113400
264 433390 158200
265 223630 7000
266 431110 169400
267 204630 26600
268 205770 37800
269 245670 4200
270 238830 4200
271 238830 9800
272 118370 348600
273 271130 343000
274 420470 127400
275 433390 166600
276 417430 138600
277 390830 141400
278 427690 144200
279 416670 135800
280 414770 133000
281 131670 348600
282 9310 253400
283 125210 348600
284 19190 231000
285 20710 242200
286 7790 222600
287 18810 219800
288 6270 236600
289 6650 163800
290 105450 348600
291 102790 345800
292 108490 343000
293 40090 228200
294 22990 222600
295 47310 228200
296 187530 348600
297 12730 239400
298 38570 231000
299 111910 348600
300 5890 211400
301 168530 345800
302 230470 345800
303 204250 4200
304 210710 4200
305 224390 4200
306 415530 144200
307 428070 133000
308 217170 7000
309 211470 12600
310 18430 225400
311 428830 149800
312 214890 15400
313 208430 15400
314 433390 102200
315 426930 110600
316 430350 74200
317 424270 77000
318 429590 116200
319 225910 9800
320 199310 23800
321 33630 228200
322 7410 183400
323 214510 348600
324 421990 141400
325 236550 12600
326 422750 124600
327 417050 130200
328 235030 343000
329 328510 348600
330 12350 200200
331 238830 345800
332 34010 233800
333 268090 348600
334 321290 343000
335 310270 348600
336 433390 189000
337 292410 345800
338 271890 345800
339 263530 343000
340 301530 345800
341 291650 340200
342 303810 343000
343 12350 217000
344 296970 337400
345 285950 348600
346 25650 231000
347 145730 348600
348 242630 343000
349 292410 329000
350 294690 306600
351 322050 348600
352 30970 225400
353 293930 348600
354 433390 105000
355 260490 348600
356 421230 133000
357 426930 147000
358 326990 21000
359 326990 4200
360 326610 9800
361 303810 348600
362 433390 203000
363 12350 219800
364 267710 337400
365 433390 200200
366 417810 203000
367 328510 340200
368 426170 205800
369 433390 194600
370 221350 348600
371 246430 340200
372 252890 348600
373 238830 348600
374 5890 219800
375 140 162540
376 140 119980
377 95390 140
378 156990 140
379 145790 140
380 189470 140
381 133470 140
382 132350 140
383 191710 140
384 162590 140
385 163710 140
386 184990 140
387 140 165900
388 199550 140
389 209630 140
390 183870 140
391 149150 140
392 173790 140
393 148030 140
394 167070 140
395 230910 140
396 229790 140
397 223070 140
398 120030 140
399 140 178220
400 140 172620
401 140 170380
402 134590 140
403 128990 140
404 140 198380
405 140 193900
406 140 163660
407 130110 140
408 118910 140
409 121150 140
410 89790 140
411 140 152460
412 140 151340
413 140 174860
414 140 159180
415 140 124460
416 126750 140
417 140 158060
418 140 202860
419 140 160300
420 144670 140
421 136830 140
422 141310 140
423 142430 140
424 123390 140
425 124510 140
426 168190 140
427 140 205100
428 111070 140
429 140 180460
430 140 161420
431 161470 140
432 107710 140
433 106590 140
434 169310 140
435 150270 140
436 180510 140
437 140 122220
438 117790 140
439 135710 140
440 178270 140
441 159230 140
442 170430 140
443 179390 140
444 188350 140
445 212990 140
446 174910 140
447 160350 140
448 140 123340
449 140 169260
450 153630 140
451 177150 140
452 218590 140
453 226430 140
454 221950 140
455 140 191660
456 140 171500
457 140 199500
458 146910 140
459 140 125580
460 122270 140
461 140 197260
462 140 209580
463 140 186060
464 140 167020
465 99870 140
466 140 175980
467 108830 140
468 104350 140
469 171550 140
470 103230 140
471 151390 140
472 181630 140
473 127870 140
474 137950 140
475 186110 140
476 155870 140
477 172670 140
478 182750 140
479 187230 140
480 210750 140
481 140 121100
482 176030 140
483 158110 140
484 140 187180
485 154750 140
486 164830 140
487 228670 140
488 227550 140
489 214110 140
490 140 192780
491 140 181580
492 105470 140
493 140 190540
494 152510 140
495 131230 140
496 140 200620
497 140 203980
498 140 173740
499 140 182700
500 96510 140
501 140 177100
502 140 168140
503 125630 140
504 140 179340
505 140 212940
506 140 206220
507 290270 351870
508 438870 174860
509 292510 351870
510 332830 351870
511 286910 351870
512 438870 172620
513 438870 175980
514 438870 173740
515 438870 162540
516 438870 152460
517 243230 351870
518 438870 151340
519 438870 155820
520 232030 351870
521 140 253260
522 239870 351870
523 140 210700
524 225310 351870
525 226430 351870
526 140 218540
527 140 196140
528 140 248780
529 240990 351870
530 438870 103180
531 438870 164780
532 438870 132300
533 438870 104300
534 438870 144620
535 438870 131180
536 438870 127820
537 140 246540
538 140 236460
539 115550 351870
540 113310 351870
541 140 216300
542 140 244300
543 140 252140
544 133470 351870
545 140 240940
546 143550 351870
547 112190 351870
548 114430 351870
549 153630 351870
550 140 251020
551 140 233100
552 235390 351870
553 234270 351870
554 223070 351870
555 204030 351870
556 140 184940
557 211870 351870
558 208510 351870
559 140 189420
560 192830 140
561 197310 140
562 201790 140
563 195070 140
564 200670 140
565 193950 140
566 190590 140
567 140 237580
568 204030 140
569 205150 140
570 140 183820
571 233150 140
572 438870 107660
573 219710 140
574 438870 112140
575 438870 113260
576 438870 149100
577 438870 154700
578 140 243180
579 140 188300
580 438870 158060
581 438870 130060
582 438870 105420
583 438870 108780
584 438870 137900
585 220830 351870
586 324990 351870
587 140 207340
588 321630 351870
589 195070 351870
590 267870 351870
591 262270 351870
592 274590 351870
593 258910 351870
594 270110 351870
595 261150 351870
596 260030 351870
597 280190 351870
598 281310 351870
599 276830 351870
600 189470 351870
601 301470 351870
602 308190 351870
603 279070 351870
604 314910 351870
605 252190 351870
606 317150 351870
607 310430 351870
608 309310 351870
609 320510 351870
610 296990 351870
611 140 242060
612 283550 351870
613 438870 139020
614 242110 351870
615 438870 141260
616 438870 170380
617 438870 147980
618 328350 351870
619 319390 351870
620 291390 351870
621 311550 351870
622 140 211820
623 266750 351870
624 438870 161420
625 438870 171500
626 322750 351870
627 438870 167020
628 318270 351870
629 255550 351870
630 312670 351870
631 277950 351870
632 323870 351870
633 140 249900
634 140 208460
635 438870 163660
636 438870 140140
637 233150 351870
638 248830 351870
639 438870 159180
640 438870 145740
641 438870 156940
642 438870 124460
643 438870 119980
644 438870 117740
645 140 247660
646 438870 125580
647 438870 115500
648 438870 160300
649 165950 140
650 438870 169260
651 207390 140
652 196190 140
653 240990 140
654 238750 140
655 242110 140
656 120030 351870
657 271230 351870
658 438870 122220
659 438870 165900
660 438870 136780
661 438870 134540
662 438870 143500
663 438870 126700
664 438870 128940
665 127870 351870
666 140 235340
667 122270 351870
668 140 231980
669 140 245420
670 140 225260
671 140 220780
672 140 238700
673 140 164780
674 106590 351870
675 105470 351870
676 109950 351870
677 140 228620
678 140 223020
679 140 229740
680 221950 351870
681 140 239820
682 140 230860
683 116670 351870
684 140 214060
685 205150 351870
686 196190 351870
687 227550 351870
688 202910 140
689 211870 140
690 216350 140
691 438870 146860
692 438870 135660
693 217470 140
694 215230 140
695 140 224140
696 438870 153580
697 220830 140
698 208510 140
699 438870 116620
700 438870 118860
701 438870 114380
702 438870 123340
703 438870 121100
704 206270 140
705 198430 140
706 140 227500
707 140 195020
708 230910 351870
709 438870 142380
710 239870 140
711 438870 109900
712 438870 111020
713 237630 351870
714 336190 351870
715 140 201740
716 244350 351870
717 140 234220
718 272350 351870
719 337310 351870
720 313790 351870
721 438870 190540
722 295870 351870
723 273470 351870
724 265630 351870
725 304830 351870
726 293630 351870
727 305950 351870
728 140 217420
729 300350 351870
730 294750 351870
731 140 215180
732 126750 351870
733 247710 351870
734 303710 351870
735 299230 351870
736 326110 351870
737 302590 351870
738 316030 351870
739 140 226380
740 298110 351870
741 438870 106540
742 263390 351870
743 438870 133420
744 438870 150220
745 329470 140
746 327230 140
747 328350 140
748 307070 351870
749 438870 181580
750 140 221900
751 268990 351870
752 438870 168140
753 438870 178220
754 338430 351870
755 438870 177100
756 438870 182700
757 224190 351870
758 249950 351870
759 254430 351870
760 238750 351870
761 140 219660
