0 30309 13720
1 17985 31522
2 34170 26668
3 24090 18100
4 39186 15602
5 30321 12555
6 23713 23033
7 8704 10813
8 20871 24867
9 12918 26345
10 37765 15975
11 43977 14464
12 39619 32895
13 3861 14445
14 39267 15357
15 36698 23635
16 39826 33150
17 21925 21698
18 20436 15181
19 11976 24304
20 13518 16116
21 38962 31257
22 24265 21681
23 32967 16084
24 38318 30987
25 24593 21889
26 35245 13230
27 35874 30515
28 46514 28167
29 47970 27000
30 8457 40325
31 43992 30226
32 50812 26655
33 29847 40750
34 9951 29362
35 45239 29577
36 49536 32805
37 27015 40365
38 24321 35865
39 31843 41590
40 13503 26493
41 48375 25497
42 10347 40575
43 20476 25515
44 49336 29687
45 29919 38205
46 13264 24151
47 15363 27597
48 17149 39160
49 30483 2295
50 31515 31245
51 9354 17206
52 41937 21773
53 40923 34463
54 41129 30223
55 41253 40827
56 35103 36594
57 31337 26283
58 12314 42560
59 27069 21909
60 38580 31536
61 26103 21375
62 49083 24192
63 16432 15288
64 11294 10417
65 36670 16838
66 37711 14217
67 32348 32514
68 10039 22878
69 29216 16776
70 45434 19378
71 52346 20139
72 28137 33902
73 25615 31745
74 20118 16990
75 20338 13750
76 33797 19372
77 32150 14492
78 30444 13815
79 33348 31965
80 31842 13095
81 22704 12825
82 33017 38030
83 35476 13162
84 43976 11964
85 43386 34050
86 33913 18892
87 36465 30985
88 43821 28073
89 31800 24627
90 36657 25366
91 32643 2565
92 11515 12858
93 43992 23280
94 45667 29064
95 42964 25621
96 54319 14491
97 17698 32636
98 50341 8781
99 55923 16233
100 43358 29172
101 14328 35883
102 39007 29041
103 41271 28001
104 47838 13095
105 39556 29135
106 54871 16553
107 19350 35295
108 44666 26257
109 38031 32645
110 55857 12825
111 59982 13950
112 50656 21596
113 57733 25476
114 66091 20728
115 35447 26119
116 51296 19278
117 61633 20274
118 57305 22933
119 37810 23517
120 50808 18549
121 49456 12915
122 56862 21272
123 32533 24773
124 58626 30075
125 48690 20242
126 60723 17523
127 47850 23372
128 61996 22506
129 28133 20417
130 61003 25738
131 60842 21696
132 19772 30460
133 39641 38389
134 58536 36020
135 38568 38937
136 28963 33267
137 45962 45768
138 27068 34092
139 55643 34193
140 15032 31387
141 33118 37652
142 30591 36707
143 34247 33345
144 34691 38217
145 37916 38347
146 31369 33679
147 36892 38051
148 54750 34371
149 61985 35520
150 22611 19211
151 24381 11681
152 35538 17820
153 29121 7810
154 20543 41136
155 20834 22883
156 21501 13059
157 23730 19920
158 25740 17025
159 21390 19444
160 27034 14518
161 21327 15120
162 27477 21672
163 16962 13668
164 23893 22924
165 33679 19845
166 28127 20520
167 25495 26075
168 27270 16650
169 27108 13855
170 33804 18333
171 19242 41670
172 29525 34611
173 33333 7521
174 40284 14895
175 32994 8640
176 36789 6537
177 47144 8193
178 43588 12379
179 46956 21426
180 44303 6942
181 46979 33398
182 47707 31012
183 48323 33395
184 48829 34762
185 17982 28213
186 22584 19179
187 23180 18765
188 20085 28595
189 22011 27978
190 23199 29430
191 45425 45483
192 41998 33711
193 41753 35117
194 42923 44528
195 43996 43362
196 42221 44685
197 41657 18504
198 40275 18369
199 38105 18509
200 54385 39800
201 40986 41278
202 40218 41288
203 52240 36945
204 57545 39908
205 52071 37356
206 48444 38985
207 56306 36932
208 25218 24772
209 31031 22707
210 60652 27221
211 39440 29430
212 62599 28046
213 60127 32980
214 63119 34538
215 55134 34965
216 22461 43021
217 35719 40782
218 20819 40783
219 22209 40943
220 23114 40929
221 19988 27902
222 12434 34467
223 16282 35083
224 18606 33945
225 33173 44457
226 2956 18090
227 35329 46845
228 2821 24165
229 40054 48735
230 39730 48060
231 41269 42255
232 42349 42390
233 68134 31455
234 68053 29295
235 44860 45360
236 44185 45495
237 39973 46035
238 41944 48735
239 2740 21735
240 42295 45495
241 44887 44820
242 41539 48735
243 42349 2970
244 42646 4050
245 40945 3105
246 40999 3645
247 41134 4725
248 41971 4455
249 41107 4050
250 2578 23085
251 44482 7830
252 46723 7695
253 44752 8505
254 42781 2970
255 39676 2835
256 38974 3240
257 42133 2700
258 42484 3780
259 18751 3645
260 4009 20655
261 3469 20520
262 2632 22275
263 4549 20115
264 24664 4050
265 2632 22815
266 26284 3105
267 18400 48195
268 3253 20925
269 24097 4050
270 25960 5265
271 2983 21735
272 25933 3780
273 24502 3375
274 24961 5130
275 28444 3645
276 31792 3105
277 31144 6885
278 2929 23625
279 30550 2835
280 30253 3240
281 35140 48870
282 31144 46980
283 30064 48195
284 35842 48735
285 32899 46980
286 33817 48465
287 35383 45900
288 32980 48195
289 25609 48465
290 43213 48870
291 43375 44010
292 37948 47115
293 33871 45900
294 41161 48600
295 37516 46980
296 40135 45765
297 38974 48600
298 40783 48870
299 30874 47655
300 4225 33345
301 29713 47250
302 30253 46845
303 38380 47790
304 37813 48060
305 37327 48870
306 38542 48735
307 38272 47385
308 36355 47115
309 34654 47655
310 33358 47385
311 24934 47655
312 34924 48195
313 34384 46710
314 36598 47925
315 36031 47925
316 68836 25920
317 68728 26325
318 67756 31050
319 68593 30915
320 68539 31185
321 68188 28485
322 19615 48330
323 66244 30645
324 67999 28755
325 30739 6750
326 33844 3645
327 30145 3915
328 35383 4185
329 37867 39825
330 37219 48330
331 39460 40230
332 42538 4860
333 3253 29160
334 47155 8370
335 52798 6750
336 45967 7020
337 50287 7155
338 48154 3375
339 48424 3780
340 49126 7020
341 48019 7830
342 68917 20385
343 68377 20655
344 22126 2970
345 68107 23625
346 68053 24300
347 68512 24840
348 54094 25785
349 57901 23895
350 68485 24570
351 41755 42525
352 67594 29970
353 44158 43335
354 41053 42120
355 40279 23865
356 39075 19522
357 21951 27760
358 28488 18651
359 30486 41700
360 34733 39459
361 41230 36268
362 42932 24382
363 38871 20407
364 50202 25065
365 36300 51109
366 17004 51109
367 38412 51109
368 38316 51109
369 36492 51109
370 37836 51109
371 35532 51109
372 30828 42
373 29964 51109
374 34188 51109
375 36588 51109
376 36012 51109
377 42 27660
378 36972 51109
379 38220 51109
380 35244 42
381 35148 42
382 34668 42
383 39084 42
384 39564 42
385 38796 42
386 39468 42
387 39180 42
388 42 26412
389 34860 42
390 34284 42
391 33612 42
392 34476 42
393 34572 42
394 36684 42
395 35820 42
396 34764 42
397 42 25068
398 42 21804
399 42 22476
400 42 23052
401 42 22764
402 42 18732
403 42 20172
404 42 20076
405 42 31884
406 42 21516
407 42 21708
408 42 21420
409 42 22188
410 32076 42
411 27756 42
412 26124 42
413 42 24684
414 42 25356
415 42 25836
416 18252 51109
417 42 24492
418 42 24108
419 33036 51109
420 29772 51109
421 28524 51109
422 33996 51109
423 30540 51109
424 31980 51109
425 32844 51109
426 31500 51109
427 42 31020
428 33900 51109
429 31788 42
430 35916 51109
431 32460 42
432 35340 51109
433 35052 51109
434 35628 42
435 36108 42
436 33708 42
437 36396 42
438 42 29772
439 35724 42
440 36492 42
441 36204 42
442 35532 42
443 35436 42
444 36300 42
445 34092 42
446 33804 42
447 32940 42
448 31596 42
449 42 29580
450 33036 42
451 33132 42
452 34188 42
453 33996 42
454 33900 42
455 31788 51109
456 26604 51109
457 35628 51109
458 39084 51109
459 39276 51109
460 42 29964
461 37164 51109
462 37260 51109
463 32748 42
464 31404 42
465 42 26700
466 31692 42
467 36684 51109
468 36108 51109
469 37452 51109
470 37452 42
471 42 27852
472 35340 42
473 36588 42
474 32556 42
475 37740 42
476 38028 42
477 36780 42
478 37932 42
479 37548 42
480 33324 42
481 32844 42
482 30636 42
483 32652 42
484 33516 42
485 33420 42
486 35244 51109
487 34764 51109
488 35052 42
489 34476 51109
490 31692 51109
491 30060 51109
492 34956 51109
493 42 25452
494 42 31116
495 32748 51109
496 34380 42
497 38604 51109
498 39948 51109
499 41196 51109
500 42252 51109
501 44748 51109
502 45036 51109
503 44844 51109
504 43596 51109
505 40428 51109
506 40044 51109
507 37356 42
508 42636 51109
509 43500 51109
510 40428 42
511 38316 42
512 38412 42
513 39372 42
514 38796 51109
515 39276 42
516 40236 51109
517 40524 51109
518 30060 42
519 41580 42
520 42636 42
521 42540 42
522 42252 42
523 42444 51109
524 39468 51109
525 40236 42
526 42060 51109
527 24972 42
528 42 19212
529 28812 42
530 27660 42
531 42 19596
532 23532 51109
533 20940 51109
534 27276 51109
535 21324 51109
536 42 23244
537 42 23916
538 27564 42
539 27276 42
540 29100 42
541 27372 42
542 28236 42
543 28524 42
544 28908 42
545 30252 42
546 28140 51109
547 28620 42
548 28716 42
549 31020 51109
550 29292 51109
551 28620 51109
552 30348 51109
553 30924 51109
554 29868 51109
555 30252 51109
556 30732 51109
557 30732 42
558 41772 51109
559 41676 51109
560 41484 51109
561 38700 51109
562 40140 51109
563 39180 51109
564 40332 51109
565 39756 51109
566 40716 51109
567 41292 51109
568 31116 42
569 37836 42
570 38508 51109
571 36780 51109
572 37740 51109
573 35820 51109
574 36876 51109
575 31404 51109
576 33612 51109
577 30828 51109
578 31308 51109
579 31116 51109
580 32076 51109
581 31884 51109
582 34860 51109
583 36204 51109
584 71316 30252
585 71316 27372
586 71316 31596
587 71316 27468
588 71316 28140
589 71316 28620
590 34380 51109
591 71316 28044
592 46380 42
593 26796 42
594 27948 42
595 26700 42
596 45996 42
597 45900 42
598 34956 42
599 41100 51109
600 41772 42
601 30924 42
602 38988 42
603 44556 42
604 39852 42
605 39756 42
606 44844 42
607 42156 42
608 46476 42
609 46860 42
610 51660 42
611 51852 42
612 39660 51109
613 71316 23532
614 71316 24684
615 71316 26028
616 71316 26508
617 71316 26604
618 71316 25932
619 71316 29580
620 71316 29004
621 71316 29676
622 37548 51109
623 31212 42
624 42 24300
625 40908 51109
626 40620 51109
627 42924 51109
628 43980 51109
629 71316 31404
630 71316 29484
631 44940 51109
632 44652 51109
633 43788 51109
634 42348 51109
635 42 21612
636 42828 51109
637 45516 51109
638 42156 51109
639 42828 42
640 43020 42
641 41196 42
642 41388 42
643 41484 42
644 42060 42
645 41292 42
646 42 23148
647 44652 42
648 47052 42
649 44748 42
650 42924 42
651 39660 42
652 38892 42
653 42444 42
654 42732 42
655 18156 42
656 42 20844
657 42 21132
658 42 22380
659 42 20268
660 24876 42
661 42 22956
662 26892 42
663 18156 51109
664 42 20940
665 24108 42
666 26316 42
667 42 22284
668 26412 42
669 24780 42
670 25644 42
671 29004 42
672 32172 42
673 32268 42
674 42 23628
675 31020 42
676 31308 42
677 34572 51109
678 31596 51109
679 30444 51109
680 35724 51109
681 32940 51109
682 34092 51109
683 35436 51109
684 33228 51109
685 26508 51109
686 43404 51109
687 43692 51109
688 41580 51109
689 33516 51109
690 44364 51109
691 37932 51109
692 43212 51109
693 39564 51109
694 41004 51109
695 31212 51109
696 42 33228
697 30156 51109
698 30636 51109
699 38988 51109
700 38028 51109
701 37644 51109
702 38892 51109
703 40812 51109
704 39372 51109
705 35148 51109
706 33708 51109
707 25644 51109
708 34284 51109
709 34668 51109
710 37068 51109
711 36396 51109
712 71316 27948
713 71316 26700
714 71316 31788
715 71316 31020
716 71316 31308
717 71316 28716
718 19788 51109
719 71316 30924
720 71316 28908
721 29580 42
722 31500 42
723 23052 42
724 33228 42
725 38124 51109
726 37356 51109
727 39852 51109
728 42348 42
729 42 28620
730 47628 42
731 53004 42
732 46668 42
733 50412 42
734 48684 42
735 49164 42
736 49260 42
737 48780 42
738 71316 20748
739 71316 20940
740 21612 42
741 71316 24204
742 71316 24780
743 71316 25740
744 71316 26796
745 71316 26220
746 71316 25356
747 45228 51109
748 71316 30828
749 44076 51109
750 42732 51109
751 42 17292
