0 12839 15738
1 8994 26662
2 23285 14387
3 16021 25245
4 34324 18051
5 23087 15606
6 21868 34155
7 6297 15718
8 6828 24210
9 6982 25701
10 31969 18765
11 26770 9450
12 31711 32040
13 2295 18495
14 28300 15080
15 33858 30773
16 20925 34335
17 10138 22870
18 26487 9970
19 30998 27093
20 18678 34407
21 8182 15320
22 28014 10163
23 31050 31599
24 27505 14483
25 26662 8888
26 33349 33422
27 22798 36970
28 36034 25350
29 24932 26225
30 5861 23580
31 29880 25412
32 25948 22455
33 17573 35091
34 34549 23920
35 23751 29025
36 9670 37603
37 15531 27555
38 20675 35660
39 12254 30847
40 30693 16963
41 13638 32467
42 29395 25441
43 25768 32251
44 8913 23297
45 17601 30863
46 9905 29092
47 2295 24705
48 13887 23205
49 10364 8182
50 22448 12555
51 28192 33188
52 33571 26655
53 23157 32216
54 18395 15058
55 18441 23142
56 21564 17628
57 16682 18780
58 25596 21901
59 26063 18414
60 16645 22005
61 12312 8580
62 28744 15987
63 28201 35946
64 21137 28828
65 16697 8119
66 24872 9396
67 35635 15890
68 11920 13770
69 29743 35608
70 7913 31700
71 13674 21072
72 41698 18260
73 32141 16302
74 29801 37602
75 19141 37740
76 29029 38529
77 15644 40763
78 33883 16716
79 11776 17055
80 24940 13070
81 19686 28027
82 18707 18297
83 12195 16155
84 20702 35640
85 15786 16148
86 5134 31606
87 10410 18105
88 24304 25809
89 15242 25515
90 25147 16515
91 30429 9568
92 33261 32235
93 16947 23793
94 19016 27581
95 35055 22887
96 16889 20605
97 22107 20880
98 21411 2295
99 20871 18447
100 9085 17212
101 12870 8652
102 12566 8157
103 42523 18450
104 44257 22197
105 39704 21201
106 41452 21009
107 48669 13050
108 26689 22612
109 31473 16260
110 43332 20595
111 37871 2810
112 48559 13736
113 43049 36315
114 28150 27101
115 41215 19170
116 39334 19932
117 46251 17037
118 37890 20083
119 51625 13882
120 50769 14175
121 29280 24015
122 42249 22291
123 28998 28865
124 44705 11778
125 47369 11047
126 26665 14183
127 49990 19425
128 38340 15945
129 20835 14943
130 38288 12700
131 27486 14985
132 21416 10611
133 31998 14775
134 31309 15057
135 28454 13403
136 36036 11565
137 17356 11047
138 47892 26055
139 27667 12312
140 32549 15598
141 33625 11826
142 31383 15534
143 41396 12678
144 50400 19388
145 41842 11899
146 26240 42409
147 34342 39141
148 30284 34817
149 36803 39476
150 33898 37612
151 35417 47958
152 50001 32025
153 36139 44973
154 32376 33190
155 24576 44786
156 34911 39295
157 36874 41739
158 46782 32145
159 26136 35435
160 35759 41445
161 31093 38245
162 25805 43419
163 28940 38539
164 29470 39116
165 39526 44093
166 31239 33831
167 34797 38187
168 37870 43985
169 32535 47970
170 17787 32289
171 12390 46101
172 17158 7762
173 34999 25575
174 12771 36000
175 20095 32959
176 13147 45567
177 18033 29686
178 17538 38985
179 20640 32926
180 18178 45936
181 11325 36716
182 12331 43219
183 16155 33775
184 11108 44106
185 18813 35427
186 20200 8460
187 20574 36067
188 20127 47285
189 16944 37935
190 16102 36528
191 17034 45323
192 19440 9006
193 8127 37260
194 19764 48091
195 11322 44730
196 14463 46450
197 39541 20475
198 33502 23163
199 43731 18540
200 29646 16785
201 30822 24833
202 30645 21240
203 33983 20237
204 28863 21465
205 35051 5762
206 30051 11002
207 28986 5378
208 30451 14445
209 38758 6094
210 34226 6632
211 34010 7989
212 37654 31826
213 39820 31807
214 38581 29055
215 34660 31257
216 37536 30495
217 33662 30780
218 22740 42712
219 19731 28417
220 23025 46777
221 17454 37374
222 25925 43193
223 22659 46886
224 24270 42088
225 17664 31845
226 24144 43638
227 24691 41208
228 26676 41777
229 47874 30330
230 40459 26267
231 40926 26067
232 49533 32096
233 45509 30785
234 46065 33564
235 26587 10181
236 19236 5812
237 22549 8297
238 32168 47307
239 43969 38580
240 45049 33615
241 46523 38697
242 43861 35302
243 43146 34155
244 42582 36392
245 17529 21532
246 20628 17839
247 49735 22201
248 38459 22095
249 49626 18045
250 47641 18427
251 46194 20805
252 51958 21573
253 27250 32344
254 28358 40293
255 28913 31734
256 31446 32055
257 23862 34365
258 23307 32028
259 32906 38778
260 9668 38871
261 23112 38570
262 12060 34785
263 6448 37636
264 12236 36693
265 13001 36658
266 21028 29745
267 22007 24699
268 19428 27849
269 28029 39504
270 24498 22626
271 28544 23085
272 12161 21806
273 10057 24165
274 7384 20655
275 8410 30510
276 53284 27135
277 53041 26190
278 54094 27405
279 54148 26595
280 49855 26325
281 54175 25920
282 54256 26865
283 54310 25650
284 54256 27540
285 53770 26055
286 19318 43470
287 54283 25380
288 54472 24165
289 54418 19440
290 32926 6615
291 27337 3780
292 31900 6210
293 36571 2295
294 32602 5940
295 30955 2295
296 36085 5940
297 8896 19710
298 54418 18900
299 54472 20250
300 54391 14985
301 54364 9990
302 35221 2295
303 38353 2295
304 33898 5940
305 49585 20520
306 18292 6075
307 9625 21870
308 9436 23085
309 8761 20520
310 26230 47925
311 25987 47790
312 28417 47925
313 22342 2295
314 17833 43740
315 8923 25785
316 8977 22275
317 22963 49005
318 27823 49140
319 28201 48330
320 24664 47925
321 24637 49275
322 17239 39285
323 17995 49140
324 17617 44955
325 20128 43335
326 21127 49005
327 22585 47925
328 22558 48330
329 22315 48465
330 19588 46845
331 23584 49005
332 19831 44010
333 26743 48600
334 21019 46845
335 20236 43605
336 9355 36720
337 52771 35235
338 30955 47925
339 32008 48600
340 23935 49140
341 42322 49140
342 28255 48600
343 30415 48060
344 31792 49275
345 33817 48330
346 32980 49140
347 9112 30240
348 53770 32130
349 27472 2700
350 30496 47385
351 54337 28350
352 30334 46845
353 31954 49005
354 30442 47385
355 30415 47520
356 29686 46440
357 29200 47790
358 19345 43875
359 28633 45090
360 28957 46575
361 26581 47925
362 27256 47790
363 30226 38745
364 28957 3240
365 29146 44820
366 52042 26325
367 54256 27945
368 30280 3105
369 8518 29700
370 32386 2430
371 29389 3375
372 23341 2430
373 24718 2295
374 22720 2565
375 21046 6210
376 25420 2565
377 26743 2700
378 26257 2295
379 27958 2835
380 7978 29160
381 26635 2430
382 29011 2430
383 30523 2430
384 31711 6885
385 30901 2970
386 31414 2430
387 29767 2565
388 28714 2295
389 27310 3510
390 53770 17685
391 9274 21465
392 54256 16740
393 54472 18360
394 54229 18900
395 34762 6480
396 33061 6480
397 31819 6615
398 53149 27000
399 54418 25110
400 54418 24435
401 53716 26595
402 33912 20205
403 31491 16545
404 24036 48893
405 30279 48765
406 30114 46845
407 28462 28012
408 25938 13927
409 32643 17625
410 42 20460
411 42 29964
412 27372 51601
413 27276 51601
414 26700 51601
415 42 29580
416 42 25932
417 42 25452
418 42 26220
419 42 26796
420 42 26124
421 26316 51601
422 42 26508
423 42 23916
424 27468 51601
425 25068 42
426 22860 42
427 23628 42
428 25260 42
429 26508 42
430 28620 42
431 25932 42
432 27084 42
433 42 20652
434 23820 42
435 42 21708
436 22956 42
437 22380 42
438 42 20268
439 42 19404
440 42 20172
441 42 21420
442 42 21132
443 42 21036
444 42 20748
445 42 22476
446 42 23532
447 42 18540
448 42 21996
449 42 22092
450 42 30348
451 42 23148
452 42 22668
453 42 23244
454 42 22380
455 23916 51601
456 42 29772
457 42 30060
458 42 30252
459 42 30540
460 42 30444
461 42 27084
462 42 29388
463 42 29196
464 42 29100
465 42 27948
466 42 28236
467 42 27756
468 42 29004
469 23340 51601
470 42 28812
471 42 28332
472 42 27564
473 42 25164
474 42 25548
475 42 26988
476 42 24588
477 42 24972
478 42 23628
479 42 23724
480 28236 42
481 42 23052
482 24396 42
483 42 28620
484 23724 42
485 25836 42
486 27756 42
487 27852 42
488 27468 42
489 26028 42
490 24876 42
491 42 20556
492 42 21900
493 42 28140
494 42 28428
495 21708 51601
496 21036 51601
497 42 27852
498 42 28044
499 42 27180
500 42 27276
501 42 27468
502 42 27660
503 27660 51601
504 27852 51601
505 42 28716
506 25356 51601
507 42 26604
508 42 24684
509 42 24492
510 42 26316
511 42 20844
512 42 24204
513 42 22860
514 42 22572
515 26316 42
516 42 24780
517 42 21516
518 24012 42
519 23244 42
520 25548 42
521 26700 42
522 28524 42
523 26412 42
524 27372 42
525 24300 42
526 42 23820
527 42 25260
528 21516 42
529 42 28524
530 42 21324
531 42 21228
532 42 22188
533 42 21804
534 42 26700
535 42 26412
536 42 26028
537 42 27372
538 42 23340
539 42 29484
540 42 25356
541 42 25644
542 31116 42
543 56895 25644
544 56895 26508
545 56895 27756
546 56895 25932
547 56895 26124
548 56895 27468
549 56895 26604
550 56895 26028
551 56895 25836
552 42 25836
553 32364 42
554 56895 24972
555 24204 42
556 32076 42
557 24108 42
558 27276 42
559 33036 42
560 26220 42
561 31212 42
562 30348 42
563 42 25740
564 35148 42
565 37548 42
566 36972 42
567 35340 42
568 34860 42
569 35436 42
570 32172 42
571 33612 42
572 42 22956
573 42 25068
574 42 26892
575 24396 51601
576 56895 28332
577 31212 51601
578 34380 51601
579 34284 51601
580 22380 51601
581 23244 51601
582 23052 51601
583 24108 51601
584 26028 51601
585 30348 51601
586 30444 51601
587 29772 51601
588 19788 51601
589 20076 51601
590 29292 51601
591 19884 51601
592 23628 51601
593 25068 51601
594 20268 51601
595 20844 51601
596 19980 51601
597 21420 51601
598 25260 51601
599 24588 51601
600 25164 51601
601 23820 51601
602 21324 51601
603 33996 51601
604 33900 51601
605 34188 51601
606 24300 51601
607 29004 51601
608 26412 51601
609 29100 51601
610 30540 51601
611 31884 51601
612 32556 51601
613 24972 51601
614 56895 29772
615 56895 29484
616 28428 51601
617 30924 51601
618 29868 51601
619 30156 51601
620 26988 51601
621 25740 51601
622 24684 51601
623 22668 51601
624 22764 51601
625 27756 51601
626 25836 51601
627 24876 51601
628 25452 51601
629 28620 51601
630 28236 51601
631 28812 51601
632 28716 42
633 30060 51601
634 29484 42
635 23724 51601
636 30156 42
637 29004 42
638 23916 42
639 23340 42
640 23436 42
641 29196 42
642 28812 42
643 42 24300
644 26988 42
645 25740 42
646 25644 51601
647 28044 42
648 27564 42
649 28908 42
650 29772 42
651 29388 42
652 29676 42
653 28428 42
654 28140 42
655 56895 17868
656 56895 19116
657 27948 42
658 56895 18444
659 32844 42
660 33804 42
661 36108 42
662 31596 42
663 30540 42
664 56895 25164
665 56895 25260
666 56895 22572
667 56895 25452
668 42 24012
669 42 29868
670 56895 27180
671 56895 26412
672 56895 27372
673 56895 27084
674 56895 26892
675 56895 26316
676 56895 26988
677 56895 25740
678 56895 27564
679 56895 26220
680 19596 51601
681 56895 25548
682 56895 24684
683 56895 19596
684 33132 42
685 26124 42
686 31788 42
687 34956 42
688 32940 42
689 31500 42
690 36300 42
691 42 23436
692 56895 19212
693 56895 20652
694 56895 14028
695 56895 9900
696 34668 42
697 35916 42
698 34572 42
699 56895 21804
700 21996 42
701 42 22764
702 42 24108
703 42 20940
704 26892 51601
705 26604 51601
706 28908 51601
707 22668 42
708 19116 51601
709 42 24876
710 42 22284
711 23532 51601
712 28332 51601
713 28716 51601
714 30828 51601
715 32652 51601
716 21516 51601
717 20748 51601
718 20652 51601
719 20364 51601
720 24492 51601
721 27084 51601
722 22956 51601
723 22860 51601
724 20940 51601
725 22476 51601
726 20556 51601
727 26796 51601
728 21228 51601
729 20172 51601
730 42 38028
731 56895 35244
732 31020 51601
733 31692 51601
734 23148 51601
735 45036 51601
736 28524 51601
737 31404 51601
738 32268 51601
739 34092 51601
740 34476 51601
741 42 29676
742 56895 27852
743 26604 42
744 30732 51601
745 56895 28236
746 30636 51601
747 32364 51601
748 29964 51601
749 30252 51601
750 25932 51601
751 22572 51601
752 20460 51601
753 25548 51601
754 27180 51601
755 24780 51601
756 24204 51601
757 29196 51601
758 29580 42
759 29580 51601
760 56895 26796
761 56895 27660
762 31692 42
763 42 29292
764 32460 42
765 30444 42
766 23052 42
767 23532 42
768 22764 42
769 21228 42
770 25452 42
771 27180 42
772 26796 42
773 28332 42
774 42 28908
775 26892 42
776 29292 42
777 31308 42
778 31980 42
779 31404 42
780 31884 42
781 30636 42
782 29100 42
783 27660 42
784 56895 19308
785 42 21612
786 56895 17100
787 56895 19692
788 56895 20364
789 37644 42
790 33420 42
791 32268 42
792 56895 27276
793 56895 25356
794 56895 24780
795 56895 26700
796 42 24396
