0 230343 170333
1 351499 163838
2 170354 41576
3 205122 170927
4 355690 153042
5 266606 147400
6 70418 164704
7 117083 88963
8 227010 121063
9 249156 112980
10 194560 197711
11 276912 121800
12 162492 227111
13 301520 139440
14 238348 139906
15 89061 157371
16 190220 169547
17 206033 216142
18 213872 182900
19 260331 192228
20 272270 123704
21 314975 101961
22 261037 113894
23 247012 209618
24 99685 34238
25 142542 45748
26 284700 101553
27 246848 82600
28 240747 135800
29 328405 181790
30 289628 98155
31 216176 119646
32 284160 106866
33 244910 103320
34 111329 50840
35 129200 4200
36 319646 90440
37 368779 189529
38 174487 106000
39 163421 106555
40 172547 123266
41 184200 129666
42 103221 102936
43 155410 22260
44 299503 220733
45 232672 152496
46 274466 100296
47 303407 132000
48 157130 27906
49 187941 191955
50 289649 47517
51 186770 22750
52 113402 118119
53 134520 4200
54 307120 75968
55 341284 199376
56 211239 76800
57 234060 221715
58 208088 244734
59 221130 90263
60 122148 124409
61 226804 94788
62 184244 171047
63 184266 187352
64 258273 84333
65 162395 66758
66 328242 76872
67 309076 123462
68 315007 138040
69 264791 84179
70 268538 204322
71 273472 109924
72 247043 71400
73 290571 105300
74 170914 83215
75 351172 76533
76 247063 56933
77 218816 213888
78 258320 70515
79 260369 232527
80 264190 81000
81 319706 76066
82 230533 147186
83 178237 92781
84 199323 186000
85 190139 132683
86 133229 177005
87 267847 168314
88 340651 99262
89 317214 32429
90 446546 51856
91 280498 158470
92 232514 14056
93 312018 89880
94 306185 86100
95 347149 94640
96 455583 68869
97 231118 28943
98 362356 196531
99 357998 165480
100 335462 197018
101 403313 108436
102 443342 219794
103 214342 31460
104 308315 199000
105 334494 142505
106 309818 194950
107 300010 152600
108 346951 147329
109 350398 121800
110 205256 256718
111 465198 146180
112 368168 207581
113 452098 216255
114 348550 144244
115 462326 134750
116 380768 28763
117 267922 93470
118 464558 119812
119 386931 34622
120 289451 86800
121 285000 90300
122 280215 73463
123 305973 31429
124 406473 154953
125 393920 32490
126 261038 74415
127 318701 127050
128 270543 72058
129 126241 229755
130 297200 249822
131 295782 246400
132 302514 236678
133 259784 229000
134 182837 157920
135 369242 248186
136 194261 150757
137 239702 237820
138 289765 261566
139 279965 251066
140 144350 198660
141 294386 152040
142 289655 92400
143 137567 195054
144 332953 180384
145 303810 192733
146 392547 94908
147 273948 130433
148 309358 73826
149 123343 245707
150 167675 244300
151 238640 223676
152 229465 215400
153 167960 257000
154 317648 85866
155 295830 83300
156 334628 67760
157 381340 239640
158 332975 242200
159 309225 233800
160 252890 58333
161 258818 91560
162 254952 128200
163 213151 58748
164 215995 205545
165 196374 238991
166 260438 211909
167 272080 198100
168 298566 114520
169 267710 105000
170 320644 196280
171 315400 193900
172 264195 193200
173 261535 134400
174 228000 94800
175 235627 105000
176 258495 205800
177 266000 228900
178 256377 200800
179 252367 27300
180 257890 33084
181 216695 85400
182 196365 235200
183 232845 254800
184 313690 65800
185 322634 126969
186 342732 129600
187 237991 72058
188 253270 21000
189 254030 270200
190 359290 9800
191 357390 29400
192 331930 105000
193 354730 4200
194 280630 9800
195 293930 4200
196 276450 4200
197 285570 12600
198 330410 4200
199 338770 4200
200 226290 267400
201 350170 18200
202 336870 7000
203 285950 7000
204 267330 267400
205 278730 7000
206 220970 273000
207 347130 71400
208 361570 15400
209 333830 88200
210 288990 267400
211 157510 270200
212 322810 88200
213 467590 91000
214 328890 85400
215 376770 4200
216 436050 93800
217 361190 4200
218 447070 91000
219 475190 91000
220 163970 270200
221 227430 273000
222 163590 253400
223 143830 273000
224 155990 261800
225 170430 267400
226 157510 264600
227 183730 273000
228 211090 273000
229 179170 270200
230 161310 267400
231 156370 250600
232 154850 267400
233 251370 267400
234 264290 247800
235 281770 270200
236 257830 267400
237 258210 273000
238 249470 261800
239 198550 267400
240 249470 264600
241 257450 256200
242 273410 9800
243 255930 4200
244 269610 261800
245 246050 7000
246 249470 4200
247 228570 99400
248 231230 119000
249 224010 107800
250 272270 7000
251 260870 9800
252 268850 4200
253 251750 18200
254 258590 12600
255 265430 7000
256 281010 29400
257 266570 29400
258 252510 7000
259 258970 7000
260 200830 273000
261 282530 267400
262 294690 273000
263 212610 91000
264 227430 127400
265 213370 96600
266 285950 4200
267 345990 4200
268 262390 4200
269 365750 9800
270 218310 270200
271 359670 7000
272 350170 9800
273 349030 12600
274 357770 12600
275 323570 77000
276 312550 267400
277 301910 270200
278 370690 152600
279 374110 149800
280 342950 273000
281 342570 267400
282 345230 175000
283 180310 205800
284 332310 267400
285 272270 273000
286 274170 270200
287 288230 270200
288 247570 273000
289 273790 267400
290 344090 250600
291 209570 270200
292 346750 7000
293 320530 79800
294 304190 79800
295 372590 166600
296 353210 7000
297 372970 130200
298 356630 49000
299 374870 158200
300 384750 147000
301 353590 175000
302 266950 270200
303 312930 82600
304 358150 267400
305 375250 273000
306 393110 273000
307 418190 273000
308 357010 273000
309 290510 197400
310 300010 82600
311 311790 79800
312 366890 7000
313 228190 270200
314 230910 140
315 118910 140
316 247710 278990
317 139070 278990
318 154750 278990
319 160350 278990
320 135710 140
321 137950 140
322 228670 278990
323 146910 140
324 170430 140
325 216350 278990
326 244350 278990
327 219710 278990
328 252190 278990
329 158110 140
330 167070 278990
331 197310 278990
332 161470 278990
333 176030 278990
334 218590 278990
335 177150 278990
336 151390 278990
337 132350 140
338 238750 278990
339 237630 278990
340 244350 140
341 257790 278990
342 265630 140
343 251070 140
344 264510 140
345 261150 140
346 143550 140
347 136830 140
348 142430 140
349 128990 140
350 140 142380
351 140 143500
352 239870 278990
353 140 140140
354 116670 140
355 150270 140
356 140 146860
357 148030 140
358 140 150220
359 160350 140
360 176030 140
361 169310 140
362 173790 140
363 190590 140
364 151390 140
365 248830 278990
366 195070 278990
367 207390 278990
368 263390 278990
369 188350 278990
370 246590 278990
371 191710 278990
372 240990 278990
373 148030 278990
374 140190 278990
375 146910 278990
376 115550 140
377 141310 140
378 139070 140
379 226430 278990
380 153630 140
381 172670 140
382 214110 140
383 223070 140
384 229790 140
385 145790 278990
386 179390 278990
387 117790 140
388 229790 278990
389 210750 278990
390 178270 278990
391 223070 278990
392 186110 278990
393 190590 278990
394 274590 140
395 240990 140
396 282430 140
397 288030 140
398 127870 140
399 304830 140
400 248830 140
401 279070 140
402 271230 140
403 256670 278990
404 217470 278990
405 254430 278990
406 196190 278990
407 242110 278990
408 205150 278990
409 133470 140
410 152510 278990
411 182750 278990
412 145790 140
413 144670 140
414 224190 278990
415 152510 140
416 163710 140
417 200670 278990
418 221950 278990
419 230910 278990
420 122270 140
421 173790 278990
422 174910 278990
423 245470 278990
424 198430 278990
425 170430 278990
426 255550 278990
427 184990 278990
428 163710 278990
429 277950 140
430 393310 140
431 134590 140
432 283550 140
433 291390 140
434 313790 140
435 272350 140
436 275710 140
437 266750 140
438 319390 278990
439 183870 278990
440 258910 278990
441 143550 278990
442 140190 140
443 249950 278990
444 238750 140
445 253310 278990
446 392190 140
447 384350 140
448 354110 140
449 339550 140
450 328350 140
451 323870 140
452 298110 140
453 338430 140
454 376510 140
455 331710 140
456 309310 278990
457 380990 140
458 321630 140
459 304830 278990
460 201790 278990
461 292510 140
462 171550 278990
463 302590 278990
464 300350 278990
465 294750 140
466 280190 278990
467 202910 278990
468 296990 140
469 377630 140
470 307070 140
471 372030 140
472 369790 140
473 359710 140
474 342910 140
475 368670 140
476 156990 278990
477 212990 278990
478 193950 278990
479 233150 278990
480 234270 278990
481 168190 278990
482 235390 278990
483 180510 278990
484 243230 278990
485 164830 278990
486 165950 278990
487 187230 278990
488 155870 278990
489 267870 278990
490 324990 278990
491 312670 278990
492 307070 278990
493 323870 278990
494 301470 278990
495 268990 278990
496 299230 278990
497 318270 278990
498 279070 278990
499 232030 140
500 262270 278990
501 239870 140
502 243230 140
503 235390 140
504 221950 140
505 220830 140
506 150270 278990
507 258910 140
508 253310 140
509 311550 278990
510 246590 140
511 252190 140
512 257790 140
513 273470 140
514 295870 140
515 305950 140
516 236510 140
517 215230 278990
518 273470 278990
519 308190 140
520 312670 140
521 301470 140
522 300350 140
523 317150 140
524 299230 140
525 346270 140
526 293630 140
527 347390 140
528 284670 278990
529 320510 140
530 319390 140
531 327230 140
532 309310 140
533 310430 278990
534 293630 278990
535 294750 278990
536 316030 278990
537 305950 278990
538 308190 278990
539 317150 278990
540 338430 278990
541 342910 278990
542 322750 278990
543 358590 278990
544 286910 278990
545 378750 278990
546 367550 278990
547 372030 278990
548 351870 278990
549 345150 278990
550 266750 278990
551 330590 140
552 316030 140
553 298110 278990
554 361950 278990
555 373150 140
556 366430 140
557 387710 140
558 363070 140
559 290270 278990
560 349630 140
561 285790 278990
562 242110 140
563 375390 278990
564 366430 278990
565 386590 278990
566 373150 278990
567 356350 278990
568 237630 140
569 388830 140
570 247710 140
571 382110 140
572 227550 278990
573 260030 278990
574 383230 140
575 360830 140
576 335070 140
577 358590 140
578 285790 140
579 310430 140
580 280190 140
581 329470 140
582 333950 140
583 341790 140
584 220830 278990
585 355230 140
586 340670 140
587 289150 140
588 272350 278990
589 281310 140
590 225310 278990
591 352990 140
592 365310 140
593 336190 140
594 291390 278990
595 144670 278990
596 324990 140
597 554110 131180
598 337310 140
599 379870 140
600 554110 133420
601 367550 140
602 554110 128940
603 554110 132300
604 169310 278990
605 211870 278990
606 142430 278990
607 141310 278990
608 159230 278990
609 172670 278990
610 153630 278990
611 189470 278990
612 214110 278990
613 199550 278990
614 162590 278990
615 158110 278990
616 149150 278990
617 270110 278990
618 281310 278990
619 288030 278990
620 274590 278990
621 265630 278990
622 261150 278990
623 204030 278990
624 283550 278990
625 264510 278990
626 290270 140
627 260030 140
628 276830 278990
629 249950 140
630 254430 140
631 233150 140
632 234270 140
633 226430 140
634 192830 278990
635 284670 140
636 267870 140
637 276830 140
638 255550 140
639 262270 140
640 268990 140
641 286910 140
642 270110 140
643 256670 140
644 263390 140
645 206270 278990
646 314910 278990
647 313790 278990
648 216350 140
649 228670 140
650 218590 140
651 217470 140
652 311550 140
653 344030 140
654 245470 140
655 374270 140
656 208510 278990
657 386590 140
658 345150 140
659 332830 140
660 389950 140
661 326110 140
662 303710 278990
663 296990 278990
664 361950 140
665 356350 140
666 344030 278990
667 236510 278990
668 340670 278990
669 348510 140
670 181630 278990
671 295870 278990
672 275710 278990
673 277950 278990
674 289150 278990
675 251070 278990
676 282430 278990
677 349630 278990
678 209630 278990
679 350750 140
680 322750 140
681 303710 140
682 375390 140
683 351870 140
684 370910 140
685 364190 140
686 378750 140
687 391070 140
688 357470 140
689 271230 278990
690 314910 140
691 360830 278990
692 377630 278990
693 397790 278990
694 435870 278990
695 365310 278990
696 292510 278990
697 302590 140
698 318270 140
699 385470 140
700 232030 278990
