0 30147 13095
1 27975 40365
2 18958 25569
3 18231 18225
4 39780 11943
5 29295 14483
6 24370 22045
7 7957 12996
8 11436 21982
9 12526 25476
10 38986 15862
11 43699 14599
12 37913 32805
13 3537 16335
14 40357 14625
15 36825 18154
16 38242 33442
17 22074 20282
18 23147 17118
19 14503 23997
20 16422 17820
21 37372 24489
22 38325 32751
23 26501 20169
24 11042 12199
25 33709 18410
26 37584 31599
27 25185 18241
28 37252 12375
29 49321 17271
30 34164 29215
31 19847 23015
32 44570 29612
33 45774 29580
34 9050 33785
35 47031 29067
36 49333 27959
37 31791 38282
38 10743 28464
39 44982 28003
40 54907 31198
41 28590 40868
42 30585 30825
43 31226 37680
44 16412 28350
45 17141 26797
46 46742 29943
47 33729 39866
48 11471 25907
49 14132 34087
50 18330 29502
51 12565 32147
52 29038 9720
53 32247 31095
54 12734 18920
55 42790 21870
56 38696 35993
57 43329 31642
58 40096 37440
59 37040 38375
60 31510 25932
61 30782 27945
62 46485 23473
63 35941 37153
64 27867 21862
65 38010 22095
66 27924 20992
67 48407 24204
68 36674 38415
69 30554 34302
70 19335 16841
71 40882 15225
72 17950 10530
73 30872 31802
74 31175 16310
75 44863 18956
76 52646 20777
77 28197 34056
78 29488 21417
79 25296 32869
80 19650 16412
81 44132 16807
82 18814 14490
83 33143 19283
84 32988 14013
85 30741 13792
86 32705 30245
87 30677 13654
88 24864 12555
89 32766 28643
90 36408 14917
91 43546 12761
92 41919 34605
93 34106 21751
94 35609 31365
95 43711 27785
96 33092 23297
97 31509 2565
98 36392 27815
99 12548 15187
100 19584 15345
101 45774 23187
102 46193 28018
103 44149 26079
104 54347 15201
105 25832 35538
106 44648 23344
107 53766 11475
108 55215 16402
109 44265 31798
110 25911 30765
111 42678 24705
112 40515 29025
113 43214 27656
114 47147 13635
115 40700 29346
116 54749 17598
117 55152 16065
118 30216 31185
119 45963 27373
120 60237 14697
121 55640 12588
122 49504 22582
123 57340 24897
124 67932 20955
125 51517 24205
126 32566 24420
127 60948 20842
128 64059 26093
129 51220 22497
130 35994 22892
131 51052 19992
132 50652 19539
133 48415 33444
134 55818 20385
135 30991 23107
136 57288 30213
137 49706 20122
138 60840 17865
139 48627 23767
140 61595 23207
141 62725 20532
142 60433 22776
143 21282 29241
144 36776 38093
145 55722 35805
146 34907 37800
147 16753 40601
148 46601 44801
149 34436 36353
150 18169 39046
151 52302 33846
152 19230 29362
153 33072 36712
154 25259 38450
155 19899 39632
156 32707 39336
157 32064 38070
158 31266 39909
159 21131 40180
160 20769 40161
161 51381 36261
162 59684 35775
163 39107 38687
164 16179 40061
165 23228 18808
166 22278 12753
167 36733 17077
168 31227 8937
169 19764 43335
170 21670 21590
171 21028 12821
172 21744 42525
173 25265 21354
174 25596 16275
175 29487 16740
176 21678 18537
177 27024 13561
178 29042 20768
179 22591 14907
180 18549 13176
181 26796 23003
182 27385 24365
183 28125 16110
184 26867 12972
185 34837 17993
186 26547 45528
187 24050 11371
188 35492 8738
189 43218 22792
190 35259 7700
191 40375 17010
192 41787 13770
193 34902 9675
194 39366 8145
195 49601 9466
196 44510 13592
197 52151 8818
198 47009 8551
199 44815 9290
200 44467 33720
201 42652 32010
202 42606 32366
203 19369 26827
204 26793 21609
205 26441 19980
206 21656 26518
207 23220 26460
208 25018 18933
209 20987 28609
210 23361 27776
211 45837 44576
212 43233 42608
213 43740 45022
214 40033 21237
215 41585 18811
216 38657 18877
217 40727 40789
218 54240 39445
219 39369 41310
220 49747 37440
221 57648 39663
222 52264 37086
223 48178 39258
224 55828 37086
225 23728 20722
226 25467 23861
227 35957 26216
228 59172 27524
229 38737 29147
230 60589 26127
231 60666 29325
232 57625 33083
233 48507 26440
234 60531 34687
235 58687 34032
236 54000 34000
237 52967 34965
238 26238 44778
239 32397 39492
240 23692 44811
241 26600 42687
242 24489 41850
243 24313 25560
244 23011 33223
245 19278 29781
246 45048 28443
247 27154 34084
248 24764 31131
249 33798 44613
250 3010 21195
251 33466 47250
252 24718 42795
253 39757 47520
254 37948 47385
255 39838 47925
256 41323 47925
257 66055 30645
258 68188 28755
259 45427 44820
260 44725 44955
261 43753 48735
262 42241 47925
263 3010 22410
264 42538 48870
265 44806 44280
266 42160 47790
267 42700 4995
268 43159 2970
269 41350 3915
270 41674 3240
271 42160 4590
272 43024 5400
273 41674 36855
274 2578 22680
275 44968 3780
276 47182 7965
277 44887 3105
278 43618 4590
279 41269 3780
280 39973 3915
281 42403 3240
282 43618 3105
283 19075 3645
284 5683 20655
285 4009 21465
286 2848 22275
287 4306 20655
288 26392 8370
289 4846 21735
290 27391 4050
291 17914 47115
292 26230 3780
293 26581 5535
294 27175 4995
295 2875 21735
296 26662 4185
297 27526 3645
298 23395 4320
299 28822 3780
300 31063 7020
301 32386 7155
302 2821 23085
303 31495 4320
304 30010 3915
305 34465 48330
306 33142 48195
307 30928 47790
308 34303 46710
309 32845 47115
310 35194 48195
311 33736 48195
312 33142 46575
313 27796 44145
314 43051 48600
315 42889 48735
316 41134 48465
317 33412 46170
318 43780 48870
319 40567 47520
320 39298 45090
321 39730 46710
322 38218 46575
323 31306 47790
324 17374 48465
325 30145 48735
326 30064 48195
327 39514 48465
328 37516 48870
329 38218 48060
330 38812 46845
331 38812 48600
332 36085 47790
333 32953 47655
334 32764 47520
335 27715 44415
336 34600 46305
337 35329 47520
338 37246 47115
339 36517 47385
340 67594 27945
341 60277 26055
342 68728 31320
343 68134 30645
344 68080 30375
345 68620 27675
346 4819 28890
347 66730 29835
348 68188 30105
349 33142 3105
350 31495 3105
351 22963 3510
352 34114 3510
353 35788 4050
354 39811 37665
355 39757 48060
356 41215 48870
357 3361 28890
358 48100 4455
359 51880 4185
360 48586 5670
361 49801 3780
362 47776 3105
363 48694 4860
364 49558 4185
365 48478 3645
366 68836 20655
367 68674 20385
368 24313 4590
369 68701 21735
370 68107 24165
371 68485 25515
372 68188 26460
373 68107 26055
374 68242 24975
375 44941 48735
376 67486 29835
377 40918 48195
378 44104 48600
379 42105 36524
380 42048 26640
381 39962 24648
382 29286 18180
383 31421 37264
384 39181 42193
385 35663 42335
386 45981 33660
387 37188 21105
388 50355 24945
389 33036 51109
390 42 31980
391 38220 51109
392 36588 51109
393 36492 51109
394 36684 51109
395 33708 51109
396 30060 42
397 30060 51109
398 33900 51109
399 34668 51109
400 35724 51109
401 28044 51109
402 36972 51109
403 37836 51109
404 34956 42
405 36204 42
406 34764 42
407 39372 42
408 39852 42
409 39948 42
410 39564 42
411 39660 42
412 42 24108
413 35244 42
414 35148 42
415 32268 42
416 35820 42
417 36684 42
418 38028 42
419 38124 42
420 36108 42
421 42 24012
422 42 21996
423 42 22380
424 42 23244
425 42 22476
426 42 19020
427 42 20268
428 42 20364
429 42 32172
430 42 22092
431 42 21900
432 42 21516
433 42 22188
434 32076 42
435 42 23628
436 42 23436
437 42 24588
438 42 24876
439 42 25260
440 27948 51109
441 28428 42
442 28332 42
443 32844 51109
444 31596 51109
445 29676 51109
446 34284 51109
447 31692 51109
448 32940 51109
449 31980 51109
450 31884 51109
451 42 29772
452 31788 42
453 31692 42
454 33228 51109
455 32364 42
456 33324 42
457 34284 42
458 34860 42
459 36396 42
460 36012 42
461 36588 42
462 42 30348
463 33708 42
464 37068 42
465 36876 42
466 35628 42
467 36300 42
468 36972 42
469 35724 42
470 35532 42
471 32748 42
472 31404 42
473 42 30252
474 33132 42
475 32460 42
476 35916 51109
477 35436 51109
478 34092 51109
479 32076 51109
480 28716 51109
481 36780 51109
482 37356 51109
483 37260 51109
484 42 29868
485 35532 51109
486 36396 51109
487 31212 42
488 31116 42
489 28524 51109
490 32172 42
491 34188 42
492 35052 42
493 37164 51109
494 37836 42
495 42 27756
496 35436 42
497 36780 42
498 33228 42
499 37932 42
500 38220 42
501 38604 42
502 37740 42
503 38412 42
504 33420 42
505 34092 42
506 29100 42
507 31596 42
508 32940 42
509 33612 42
510 36300 51109
511 36108 51109
512 36012 51109
513 33804 51109
514 33996 51109
515 30156 51109
516 38796 51109
517 42 26220
518 29388 51109
519 31116 51109
520 35340 51109
521 38988 51109
522 38412 51109
523 40812 51109
524 42156 51109
525 43980 51109
526 44748 51109
527 44844 51109
528 42828 51109
529 39564 51109
530 40236 51109
531 38316 42
532 42732 51109
533 43500 51109
534 40332 42
535 39180 42
536 39276 42
537 38508 42
538 39948 51109
539 40716 42
540 40716 51109
541 41868 42
542 33900 42
543 42060 42
544 43020 42
545 42828 42
546 41580 51109
547 41484 51109
548 39660 51109
549 41196 42
550 42252 51109
551 29868 42
552 25548 42
553 29388 42
554 29004 42
555 25836 42
556 25548 51109
557 25932 51109
558 28428 51109
559 25740 51109
560 25644 42
561 25740 42
562 30636 42
563 28812 42
564 30540 42
565 28620 42
566 28908 42
567 29676 42
568 29292 42
569 30732 42
570 28620 51109
571 30444 42
572 30156 42
573 29580 51109
574 29484 51109
575 29292 51109
576 30828 51109
577 30732 51109
578 30252 51109
579 30540 51109
580 30636 51109
581 29484 42
582 41676 51109
583 42540 51109
584 40908 51109
585 38028 51109
586 39756 51109
587 41100 51109
588 40140 51109
589 38124 51109
590 40620 51109
591 41772 51109
592 33996 42
593 37740 51109
594 38700 51109
595 37932 51109
596 38604 51109
597 36204 51109
598 37452 51109
599 32748 51109
600 34188 51109
601 32172 51109
602 31308 51109
603 31404 51109
604 32268 51109
605 32364 51109
606 35628 51109
607 35148 51109
608 71316 28812
609 71316 26988
610 71316 32364
611 71316 26892
612 71316 27372
613 71316 27468
614 34860 51109
615 71316 27276
616 47244 42
617 30348 42
618 28524 42
619 28236 42
620 45900 42
621 46956 42
622 33516 42
623 41292 51109
624 41580 42
625 30828 42
626 39468 42
627 45324 42
628 39756 42
629 40236 42
630 45516 42
631 42924 42
632 48396 42
633 47340 42
634 71316 22956
635 71316 22668
636 39180 51109
637 71316 23436
638 71316 24780
639 71316 25932
640 71316 26316
641 71316 26220
642 71316 25548
643 71316 29292
644 71316 28524
645 71316 29196
646 35052 51109
647 29964 42
648 23820 51109
649 40332 51109
650 38316 51109
651 42348 51109
652 44556 51109
653 71316 30732
654 71316 28620
655 45900 51109
656 45996 51109
657 44172 51109
658 42636 51109
659 42 22668
660 42924 51109
661 45612 51109
662 42444 51109
663 42636 42
664 43500 42
665 41388 42
666 41964 42
667 42348 42
668 43308 42
669 42060 51109
670 42 23052
671 45228 42
672 47436 42
673 45420 42
674 43788 42
675 41292 42
676 40044 42
677 42540 42
678 43692 42
679 18348 42
680 42 20748
681 42 21708
682 42 22764
683 42 21228
684 26892 42
685 42 21420
686 27660 42
687 17772 51109
688 26508 42
689 26700 42
690 27756 42
691 42 21612
692 27852 42
693 27948 42
694 26220 42
695 29772 42
696 32652 42
697 33036 42
698 42 23340
699 32556 42
700 31500 42
701 34764 51109
702 34476 51109
703 31212 51109
704 34572 51109
705 31788 51109
706 35244 51109
707 33612 51109
708 33420 51109
709 27852 51109
710 43788 51109
711 44652 51109
712 41964 51109
713 33132 51109
714 44364 51109
715 43020 51109
716 41868 51109
717 39852 51109
718 41196 51109
719 31500 51109
720 17868 51109
721 30348 51109
722 30444 51109
723 40044 51109
724 37548 51109
725 38508 51109
726 39276 51109
727 40524 51109
728 39468 51109
729 34380 51109
730 33324 51109
731 27660 51109
732 34956 51109
733 35820 51109
734 37644 51109
735 36876 51109
736 71316 27852
737 71316 26508
738 71316 31980
739 71316 30252
740 71316 30540
741 71316 27756
742 42 26604
743 71316 30156
744 71316 29772
745 32844 42
746 31308 42
747 21900 42
748 33804 42
749 35340 42
750 37068 51109
751 39372 51109
752 41388 51109
753 42 27084
754 48588 42
755 54060 42
756 49068 42
757 50604 42
758 48204 42
759 49452 42
760 50124 42
761 48972 42
762 71316 20460
763 71316 20556
764 24204 42
765 71316 23820
766 71316 24972
767 71316 26028
768 71316 26796
769 71316 26412
770 71316 25452
771 45324 51109
772 71316 30060
773 43692 51109
774 44460 51109
775 42 21036
