0 216030 258066
1 237870 215771
2 174762 110600
3 298651 126980
4 221223 181533
5 75513 221362
6 81390 144347
7 183072 214200
8 287245 229635
9 222205 222075
10 171095 235200
11 199911 223300
12 106260 177986
13 159515 324644
14 202360 97377
15 188543 98093
16 89251 218797
17 137648 120727
18 171912 99960
19 293898 96600
20 179495 102600
21 162402 313600
22 198412 249924
23 180728 237720
24 131898 214760
25 289682 220200
26 180550 220831
27 40413 156942
28 219339 184767
29 138301 184240
30 184468 231430
31 176852 129640
32 134603 199192
33 143042 139800
34 141988 185553
35 192749 310187
36 59713 152180
37 145920 4200
38 273581 104066
39 297489 244813
40 195240 114333
41 134583 165666
42 184252 120400
43 188371 131800
44 227324 129266
45 334592 241071
46 199740 133560
47 146209 82478
48 99506 73895
49 146917 64400
50 163172 71026
51 173318 281960
52 204885 224627
53 213636 223720
54 258201 91608
55 293870 274326
56 165822 72100
57 203169 287350
58 196396 87266
59 302806 230513
60 192334 79000
61 126540 4200
62 271341 72488
63 305289 294800
64 189683 75693
65 227290 309400
66 248450 349453
67 210662 94500
68 204738 90200
69 105917 91075
70 212942 79800
71 349953 313929
72 204308 77861
73 168197 95200
74 175302 109800
75 150902 103133
76 163575 210323
77 286995 190244
78 111700 139477
79 206290 144200
80 163408 204582
81 206512 328387
82 233566 246140
83 162407 134088
84 200510 332684
85 273304 292133
86 292192 158200
87 162091 137977
88 187747 329200
89 124535 153160
90 251201 100800
91 150520 219400
92 296478 180764
93 230999 199000
94 188721 339945
95 142949 230745
96 119371 161861
97 148155 220623
98 199589 173352
99 136214 198644
100 179286 113615
101 169494 133430
102 100470 206711
103 188838 173809
104 143050 265679
105 263732 282086
106 386607 107233
107 340640 70258
108 234927 121713
109 260580 50383
110 257934 117600
111 255486 258066
112 242867 88200
113 205190 39620
114 242790 237461
115 275595 96700
116 227810 102760
117 232275 102900
118 275910 50866
119 364572 94920
120 280528 261800
121 278223 91000
122 238032 92120
123 281382 64400
124 188974 37386
125 256323 267866
126 249470 77000
127 281390 85400
128 288783 172822
129 408443 112506
130 267589 172395
131 308053 77933
132 375924 198158
133 178125 36820
134 336302 156444
135 276545 164500
136 274350 182957
137 298186 175000
138 246782 375000
139 382982 211423
140 360398 207433
141 344062 170200
142 320783 85400
143 325782 167800
144 277716 348600
145 383040 229600
146 268992 369600
147 263910 157000
148 316286 133466
149 392233 194169
150 289750 347400
151 236475 226424
152 336286 141035
153 269610 326900
154 308589 354283
155 257450 266280
156 350004 248974
157 227128 237855
158 248995 285600
159 234287 174109
160 316029 82425
161 310346 340200
162 277970 381266
163 317232 353775
164 331053 232866
165 297065 61133
166 267203 381266
167 132061 317100
168 273283 378466
169 291546 308381
170 113772 304131
171 274550 382200
172 305900 329622
173 195222 298760
174 157294 348226
175 210192 298355
176 213512 367500
177 167244 369105
178 192166 211586
179 210938 335160
180 151764 281955
181 173223 194320
182 156813 365900
183 337440 321844
184 189037 196292
185 193163 319843
186 194876 377533
187 349885 333200
188 155578 355600
189 341366 321844
190 202793 379400
191 185756 273933
192 212955 131981
193 208715 115500
194 218975 262500
195 203616 260866
196 223867 224000
197 195583 231466
198 186390 266466
199 298585 111300
200 289940 112700
201 270636 175000
202 347617 255049
203 322556 61133
204 320530 54600
205 325850 58333
206 259777 112700
207 242535 113400
208 245575 243600
209 243896 127400
210 258463 132066
211 239590 133000
212 170905 365400
213 105845 322109
214 192185 359100
215 209253 372866
216 205516 385000
217 196396 389666
218 165300 368200
219 288990 87266
220 278046 117320
221 232845 166600
222 275690 45266
223 345242 78144
224 319516 101266
225 309826 81666
226 295497 364000
227 357441 303614
228 302195 361200
229 271605 322700
230 318250 384066
231 314450 318733
232 218183 88200
233 217170 229880
234 213655 255500
235 223756 85400
236 228950 40600
237 203176 59226
238 224542 173040
239 226670 49000
240 217550 41533
241 240573 370504
242 203870 306600
243 248805 312200
244 225055 307300
245 222110 330866
246 224010 326200
247 196270 387800
248 259578 125160
249 241616 107800
250 309130 105000
251 310903 59266
252 285443 125533
253 292125 317100
254 283955 324800
255 311790 349533
256 317490 349533
257 304316 349533
258 227525 317100
259 211470 249900
260 215776 116200
261 214763 131133
262 213641 123400
263 199310 280700
264 221730 336700
265 258463 383133
266 253270 320600
267 242453 320000
268 97897 175700
269 102490 181484
270 302005 329000
271 212040 417200
272 210520 109200
273 289370 407400
274 311790 102200
275 170050 302400
276 109250 4200
277 178410 427000
278 295830 9800
279 301150 7000
280 287090 12600
281 288990 4200
282 231610 15400
283 225150 32200
284 219070 413000
285 258970 9800
286 302290 12600
287 306850 18200
288 192850 424200
289 265430 4200
290 231230 4200
291 235030 9800
292 216790 424200
293 221730 23800
294 200450 4200
295 219070 12600
296 276830 12600
297 220210 35000
298 217550 4200
299 170810 427000
300 254790 7000
301 246810 4200
302 241870 12600
303 261250 7000
304 293550 12600
305 272650 4200
306 282530 4200
307 263910 12600
308 235030 415800
309 212990 427000
310 187910 421400
311 186390 424200
312 141930 418600
313 160550 421400
314 163970 413000
315 163970 424200
316 152570 427000
317 151050 424200
318 142310 415800
319 133190 427000
320 159410 427000
321 206530 427000
322 273030 424200
323 266570 404600
324 281010 424200
325 255550 404600
326 255930 427000
327 216790 421400
328 256310 418600
329 246050 424200
330 225530 413000
331 210330 421400
332 238830 424200
333 213370 7000
334 225910 7000
335 224770 15400
336 222870 37800
337 217170 9800
338 181450 421400
339 225910 424200
340 235410 12600
341 228570 415800
342 209950 4200
343 224770 4200
344 229330 23800
345 238450 7000
346 221730 43400
347 227810 427000
348 221350 427000
349 151810 418600
350 249850 407400
351 238830 418600
352 238830 93800
353 246810 7000
354 249470 15400
355 232750 91000
356 272650 9800
357 241490 415800
358 262390 427000
359 274170 427000
360 184870 427000
361 358150 427000
362 262390 424200
363 397670 239400
364 255930 424200
365 301910 4200
366 282910 427000
367 288230 424200
368 294690 424200
369 343330 427000
370 197790 427000
371 321290 424200
372 316350 427000
373 232370 424200
374 286330 418600
375 276450 421400
376 306090 427000
377 332310 427000
378 295450 421400
379 298110 427000
380 308750 421400
381 139650 427000
382 295450 4200
383 293170 7000
384 280250 7000
385 310650 15400
386 314830 9800
387 341810 12600
388 336110 4200
389 347510 4200
390 309130 4200
391 319390 12600
392 235410 427000
393 285190 9800
394 321290 9800
395 327370 12600
396 341810 413000
397 345990 18200
398 328510 4200
399 255170 12600
400 245670 9800
401 257830 4200
402 270370 12600
403 183350 413000
404 112190 140
405 140 225260
406 111070 140
407 131230 140
408 171550 140
409 180510 140
410 139070 140
411 143550 140
412 239870 432740
413 156990 140
414 198430 140
415 134590 140
416 130110 432740
417 206270 140
418 207390 140
419 132350 432740
420 135710 432740
421 177150 432740
422 176030 140
423 167070 140
424 177150 140
425 165950 140
426 148030 140
427 125630 140
428 159230 432740
429 169310 140
430 153630 432740
431 154750 140
432 155870 140
433 139070 432740
434 142430 432740
435 137950 432740
436 135710 140
437 120030 140
438 136830 140
439 123390 140
440 140 226380
441 140 227500
442 172670 432740
443 140 228620
444 140 219660
445 137950 140
446 140 238700
447 127870 432740
448 140 240940
449 144670 140
450 140190 140
451 141310 140
452 142430 140
453 132350 140
454 145790 140
455 134590 432740
456 149150 432740
457 128990 140
458 140 233100
459 115550 140
460 133470 432740
461 140 229740
462 140 195020
463 184990 140
464 173790 140
465 186110 140
466 140 224140
467 151390 140
468 160350 140
469 237630 432740
470 152510 140
471 189470 140
472 182750 140
473 200670 140
474 199550 140
475 184990 432740
476 158110 432740
477 140 193900
478 200670 432740
479 174910 140
480 178270 140
481 179390 140
482 149150 140
483 153630 140
484 215230 432740
485 196190 140
486 202910 432740
487 201790 140
488 146910 140
489 168190 140
490 154750 432740
491 151390 432740
492 163710 432740
493 140 231980
494 116670 140
495 128990 432740
496 140 230860
497 140 200620
498 183870 140
499 127870 140
500 181630 140
501 191710 432740
502 150270 140
503 159230 140
504 198430 432740
505 161470 140
506 192830 140
507 195070 140
508 193950 140
509 191710 140
510 140 216300
511 156990 432740
512 168190 432740
513 195070 432740
514 170430 140
515 172670 140
516 164830 140
517 163710 140
518 158110 140
519 207390 432740
520 197310 140
521 126750 140
522 206270 432740
523 202910 140
524 162590 140
525 161470 432740
526 145790 432740
527 146910 432740
528 140 220780
529 121150 140
530 130110 140
531 140 218540
532 133470 140
533 192830 432740
534 140 206220
535 196190 432740
536 292510 140
537 301470 140
538 294750 140
539 326110 140
540 284670 140
541 263390 140
542 236510 432740
543 351870 432740
544 329470 140
545 298110 140
546 235390 432740
547 350750 432740
548 279070 140
549 205150 140
550 173790 432740
551 212990 432740
552 174910 432740
553 205150 432740
554 190590 140
555 165950 432740
556 170430 432740
557 160350 432740
558 216350 140
559 264510 140
560 229790 140
561 256670 140
562 282430 140
563 277950 140
564 280190 140
565 274590 140
566 190590 432740
567 204030 432740
568 189470 432740
569 181630 432740
570 187230 432740
571 179390 432740
572 211870 432740
573 182750 432740
574 209630 432740
575 197310 432740
576 144670 432740
577 201790 432740
578 217470 432740
579 234270 432740
580 294750 432740
581 289150 432740
582 305950 432740
583 304830 432740
584 264510 432740
585 229790 432740
586 280190 432740
587 286910 432740
588 226430 432740
589 188350 140
590 210750 432740
591 187230 140
592 210750 140
593 218590 140
594 214110 140
595 208510 140
596 225310 432740
597 218590 432740
598 217470 140
599 214110 432740
600 211870 140
601 209630 140
602 225310 140
603 236510 140
604 234270 140
605 244350 140
606 266750 140
607 221950 432740
608 257790 432740
609 252190 140
610 271230 140
611 243230 140
612 245470 140
613 260030 140
614 262270 432740
615 301470 432740
616 261150 432740
617 307070 432740
618 245470 432740
619 282430 432740
620 275710 432740
621 267870 432740
622 281310 432740
623 291390 432740
624 283550 432740
625 288030 432740
626 293630 432740
627 302590 432740
628 295870 432740
629 273470 432740
630 312670 432740
631 309310 432740
632 314910 432740
633 299230 432740
634 274590 432740
635 310430 432740
636 313790 432740
637 319390 432740
638 316030 432740
639 329470 432740
640 272350 432740
641 293630 140
642 299230 140
643 272350 140
644 328350 140
645 308190 140
646 333950 140
647 327230 140
648 320510 140
649 302590 140
650 311550 140
651 263390 432740
652 276830 140
653 332830 140
654 321630 140
655 336190 140
656 342910 140
657 319390 140
658 270110 140
659 316030 140
660 255550 140
661 312670 140
662 171550 432740
663 176030 432740
664 300350 140
665 305950 140
666 290270 140
667 291390 140
668 237630 140
669 232030 140
670 224190 432740
671 262270 140
672 304830 140
673 310430 140
674 193950 432740
675 268990 140
676 235390 140
677 239870 140
678 219710 432740
679 224190 140
680 204030 140
681 221950 140
682 281310 140
683 223070 140
684 220830 140
685 169310 432740
686 258910 140
687 251070 140
688 246590 140
689 265630 140
690 296990 140
691 283550 140
692 286910 140
693 267870 140
694 240990 432740
695 216350 432740
696 178270 432740
697 188350 432740
698 140190 432740
699 150270 432740
700 167070 432740
701 164830 432740
702 143550 432740
703 152510 432740
704 141310 432740
705 131230 432740
706 162590 432740
707 233150 432740
708 279070 432740
709 270110 432740
710 284670 432740
711 258910 432740
712 271230 432740
713 220830 432740
714 268990 432740
715 249950 432740
716 228670 432740
717 208510 432740
718 242110 432740
719 215230 140
720 228670 140
721 227550 140
722 226430 140
723 219710 140
724 183870 432740
725 227550 432740
726 238750 140
727 232030 432740
728 212990 140
729 230910 140
730 240990 140
731 242110 140
732 233150 140
733 230910 432740
734 223070 432740
735 148030 432740
736 255550 432740
737 243230 432740
738 249950 140
739 254430 140
740 253310 140
741 248830 140
742 275710 140
743 244350 432740
744 266750 432740
745 276830 432740
746 180510 432740
747 361950 432740
748 265630 432740
749 480390 238700
750 260030 432740
751 303710 140
752 285790 432740
753 292510 432740
754 296990 432740
755 303710 432740
756 348510 432740
757 199550 432740
758 323870 432740
759 320510 432740
760 155870 432740
761 290270 432740
762 277950 432740
763 308190 432740
764 342910 432740
765 298110 432740
766 300350 432740
767 311550 432740
768 136830 432740
769 309310 140
770 295870 140
771 285790 140
772 317150 140
773 318270 140
774 346270 140
775 340670 140
776 350750 140
777 313790 140
778 322750 140
779 238750 432740
780 289150 140
781 324990 140
782 330590 140
783 345150 432740
784 349630 140
785 331710 140
786 257790 140
787 247710 140
788 261150 140
789 273470 140
790 186110 432740
