0 262643 147933
1 290349 134603
2 265513 127400
3 369159 145600
4 258875 111183
5 50830 159544
6 86260 93660
7 179856 149177
8 346691 149441
9 191710 156100
10 229611 123368
11 104226 121625
12 184658 201288
13 310990 55042
14 240128 47366
15 71655 153772
16 182573 111800
17 191520 140280
18 327267 133646
19 188018 141800
20 171481 202253
21 247786 154144
22 234384 65800
23 332918 89400
24 241046 101111
25 83010 100600
26 186965 115577
27 231633 164033
28 237652 169400
29 346347 146430
30 250244 143123
31 200687 110600
32 287280 144200
33 218713 160300
34 104528 98893
35 114855 57400
36 258645 198388
37 319350 101757
38 315863 188650
39 182607 165836
40 147681 111872
41 175370 172789
42 173422 168700
43 302957 178463
44 170926 163153
45 187646 96329
46 101821 38324
47 123167 72100
48 135945 123760
49 173877 139000
50 230802 170800
51 209868 163800
52 320010 67273
53 360153 188109
54 160813 135955
55 164076 181825
56 323608 31266
57 201970 37600
58 200782 27300
59 118940 4200
60 324820 41778
61 363212 194600
62 213627 38600
63 206036 193666
64 167789 217035
65 298490 27160
66 213071 27400
67 117070 51615
68 216130 64621
69 209522 145600
70 232085 134800
71 231470 135800
72 227477 147000
73 245917 60060
74 260347 59033
75 124550 157918
76 338580 78037
77 227414 93216
78 266385 193494
79 275612 75218
80 284751 89937
81 251055 185123
82 276154 49000
83 338830 132490
84 332633 140000
85 137381 169641
86 368671 52850
87 238120 48440
88 348962 165611
89 265602 74072
90 232283 207327
91 151992 164422
92 227772 72520
93 246451 29400
94 252872 49000
95 236550 149800
96 311752 40226
97 227298 168753
98 185250 136309
99 220619 135584
100 159194 92643
101 229835 109172
102 315815 227696
103 366421 75565
104 400293 38926
105 317808 72303
106 463330 59590
107 449571 107371
108 327484 185640
109 191243 18454
110 342950 65240
111 339215 219160
112 442806 108850
113 332405 37100
114 376627 63140
115 364483 34066
116 468823 73698
117 181125 31870
118 326792 216569
119 436050 66733
120 354856 42466
121 423508 170861
122 345154 112000
123 352051 160187
124 459774 120874
125 306626 110971
126 346560 184100
127 417330 173616
128 167888 35214
129 347510 136920
130 353875 113400
131 323029 117923
132 331170 104440
133 181555 240022
134 389577 124313
135 358023 222600
136 352830 228200
137 377027 123200
138 195573 224000
139 356143 183482
140 322321 121800
141 296043 45500
142 230552 64902
143 258137 99564
144 256044 67640
145 396307 110600
146 288420 39200
147 310010 37471
148 262390 34300
149 282636 151462
150 276355 37800
151 271540 33084
152 297888 41066
153 315464 38869
154 282542 156333
155 235220 55533
156 402545 45045
157 238550 34670
158 100802 194820
159 308009 57680
160 387790 34766
161 243449 185826
162 206994 239088
163 214422 194348
164 267282 221900
165 236680 228187
166 168581 125872
167 255018 210280
168 382782 229589
169 155857 114800
170 223546 228727
171 360240 234733
172 199401 201096
173 259730 233800
174 341126 246680
175 209158 225866
176 373666 231311
177 161614 109452
178 201902 203000
179 281960 231933
180 228047 160300
181 298022 78076
182 296115 77000
183 328225 46900
184 214624 118240
185 348650 39666
186 341905 138600
187 349980 128100
188 334628 141400
189 305176 167156
190 361063 222600
191 368486 221480
192 359796 219800
193 273647 52500
194 257298 53480
195 263530 140000
196 268090 19133
197 323874 114200
198 265810 21933
199 259096 22866
200 183065 219800
201 92785 215662
202 224295 217700
203 244973 227266
204 200323 235666
205 200687 235200
206 184951 237800
207 352703 22866
208 340290 37800
209 315210 36400
210 347130 22866
211 360857 227500
212 394776 224978
213 373730 151900
214 276355 198800
215 237563 29400
216 247855 35700
217 252415 168000
218 223554 28840
219 201780 51488
220 233075 181000
221 153043 223877
222 262561 198240
223 269515 90300
224 197030 237533
225 345325 91000
226 334716 37800
227 363343 95666
228 362963 33133
229 297286 201133
230 320625 109200
231 303335 137900
232 293423 232866
233 246620 168000
234 266152 98000
235 261313 162866
236 211919 37036
237 196541 42200
238 260585 171500
239 270465 203700
240 283290 228200
241 276576 225400
242 227857 19600
243 234723 18200
244 347605 42000
245 409450 78400
246 263340 256200
247 373920 67200
248 215400 72187
249 227050 7000
250 177270 256200
251 345230 7000
252 371830 12600
253 366510 9800
254 308370 4200
255 299250 9800
256 305710 9800
257 360810 4200
258 347510 18200
259 347510 35000
260 216790 259000
261 342190 12600
262 360430 37800
263 314070 9800
264 297730 68600
265 324710 9800
266 354350 4200
267 355110 9800
268 347890 46200
269 341050 4200
270 293930 79800
271 163590 253400
272 331170 9800
273 369930 29400
274 321670 4200
275 428450 105000
276 434150 88200
277 372210 4200
278 435290 91000
279 440610 88200
280 162070 259000
281 213370 253400
282 187530 236600
283 188670 239400
284 155990 256200
285 149150 259000
286 142310 256200
287 191710 253400
288 175370 253400
289 194370 256200
290 187910 231000
291 170050 259000
292 170810 256200
293 260490 256200
294 288990 253400
295 273790 256200
296 291270 259000
297 233510 259000
298 274550 253400
299 210330 259000
300 282530 256200
301 258590 259000
302 247570 12600
303 225150 12600
304 251750 9800
305 206910 7000
306 220590 7000
307 197790 4200
308 200070 7000
309 183730 4200
310 148010 253400
311 258210 9800
312 240730 12600
313 250990 4200
314 202350 15400
315 214130 7000
316 222870 9800
317 240730 7000
318 233890 7000
319 206150 9800
320 249090 15400
321 164350 256200
322 267710 259000
323 231610 4200
324 190190 4200
325 238830 4200
326 210330 12600
327 224010 4200
328 261250 4200
329 297350 4200
330 288990 4200
331 281390 4200
332 185250 256200
333 293550 7000
334 366890 15400
335 279110 9800
336 384370 7000
337 330410 256200
338 314070 259000
339 300770 71400
340 286330 242200
341 288990 74200
342 336870 256200
343 190950 259000
344 306090 256200
345 307610 259000
346 229330 9800
347 294310 71400
348 287850 77000
349 339910 259000
350 341050 253400
351 364990 256200
352 351690 253400
353 358530 259000
354 182590 259000
355 347890 4200
356 390830 7000
357 372210 18200
358 358910 12600
359 359670 15400
360 372590 7000
361 361950 29400
362 373730 9800
363 333450 259000
364 355110 35000
365 267330 256200
366 387030 4200
367 350930 259000
368 367650 259000
369 374490 253400
370 391970 259000
371 357010 256200
372 319390 7000
373 379430 4200
374 325850 7000
375 358150 7000
376 224010 256200
377 230910 140
378 140 112140
379 271230 262720
380 141310 262720
381 151390 262720
382 149150 262720
383 116670 140
384 117790 140
385 223070 262720
386 140 131180
387 180510 140
388 207390 140
389 221950 262720
390 191710 140
391 215230 140
392 160350 262720
393 180510 262720
394 235390 140
395 267870 262720
396 195070 262720
397 236510 140
398 192830 262720
399 220830 262720
400 102110 140
401 248830 140
402 256670 262720
403 260030 140
404 282430 140
405 264510 140
406 284670 140
407 283550 140
408 281310 140
409 114430 140
410 113310 140
411 115550 140
412 109950 140
413 140 139020
414 140 137900
415 245470 262720
416 140 142380
417 140 118860
418 140 132300
419 140 146860
420 140 136780
421 140 149100
422 134590 140
423 150270 140
424 137950 140
425 145790 140
426 159230 140
427 132350 140
428 237630 262720
429 236510 262720
430 146910 262720
431 232030 262720
432 200670 262720
433 225310 262720
434 197310 262720
435 214110 262720
436 156990 262720
437 144670 262720
438 159230 262720
439 94270 140
440 154750 262720
441 152510 262720
442 212990 262720
443 155870 262720
444 186110 140
445 200670 140
446 193950 140
447 220830 140
448 163710 262720
449 204030 262720
450 140 117740
451 233150 262720
452 242110 262720
453 189470 262720
454 229790 140
455 247710 262720
456 227550 262720
457 265630 140
458 289150 140
459 266750 140
460 279070 140
461 100990 140
462 276830 140
463 288030 140
464 286910 140
465 245470 140
466 234270 262720
467 209630 262720
468 230910 262720
469 207390 262720
470 240990 262720
471 188350 262720
472 111070 140
473 161470 262720
474 148030 262720
475 168190 262720
476 158110 262720
477 210750 262720
478 162590 262720
479 182750 140
480 204030 140
481 195070 140
482 216350 262720
483 140 133420
484 187230 262720
485 199550 262720
486 244350 262720
487 246590 262720
488 174910 262720
489 232030 140
490 217470 262720
491 226430 262720
492 258910 140
493 239870 140
494 107710 140
495 272350 140
496 256670 140
497 290270 140
498 237630 140
499 257790 140
500 242110 140
501 239870 262720
502 150270 262720
503 235390 262720
504 201790 262720
505 112190 140
506 254430 262720
507 273470 140
508 260030 262720
509 393310 140
510 364190 140
511 347390 140
512 369790 140
513 329470 140
514 352990 140
515 311550 140
516 356350 140
517 365310 140
518 370910 140
519 307070 140
520 354110 140
521 331710 140
522 294750 140
523 198430 262720
524 340670 140
525 190590 262720
526 338430 140
527 373150 140
528 333950 140
529 328350 140
530 208510 262720
531 324990 140
532 521580 100940
533 317150 140
534 380990 140
535 351870 140
536 389950 140
537 375390 140
538 521580 106540
539 184990 262720
540 206270 262720
541 202910 262720
542 243230 262720
543 224190 262720
544 171550 262720
545 238750 262720
546 176030 262720
547 258910 262720
548 170430 262720
549 179390 262720
550 211870 262720
551 205150 262720
552 252190 262720
553 312670 262720
554 313790 262720
555 307070 262720
556 311550 262720
557 291390 262720
558 273470 262720
559 300350 262720
560 308190 262720
561 251070 262720
562 190590 140
563 255550 262720
564 189470 140
565 212990 140
566 197310 140
567 202910 140
568 211870 140
569 262270 262720
570 246590 140
571 238750 140
572 248830 262720
573 205150 140
574 210750 140
575 219710 140
576 228670 140
577 249950 140
578 261150 140
579 263390 140
580 253310 262720
581 261150 262720
582 268990 140
583 274590 140
584 262270 140
585 271230 140
586 280190 140
587 270110 140
588 335070 140
589 275710 140
590 313790 140
591 266750 262720
592 285790 140
593 304830 140
594 298110 140
595 295870 140
596 303710 140
597 249950 262720
598 255550 140
599 257790 262720
600 274590 262720
601 283550 262720
602 280190 262720
603 285790 262720
604 298110 262720
605 378750 140
606 379870 262720
607 281310 262720
608 378750 262720
609 380990 262720
610 389950 262720
611 388830 262720
612 352990 262720
613 276830 262720
614 332830 140
615 321630 140
616 301470 140
617 368670 140
618 384350 140
619 366430 262720
620 365310 262720
621 364190 262720
622 337310 140
623 336190 262720
624 275710 262720
625 314910 140
626 358590 262720
627 361950 262720
628 359710 262720
629 357470 262720
630 351870 262720
631 339550 140
632 376510 140
633 319390 140
634 361950 140
635 264510 262720
636 178270 262720
637 348510 140
638 341790 140
639 388830 140
640 367550 140
641 312670 140
642 310430 140
643 309310 140
644 363070 140
645 345150 140
646 346270 140
647 219710 262720
648 342910 140
649 366430 140
650 316030 140
651 300350 140
652 327230 140
653 357470 140
654 359710 140
655 349630 140
656 344030 140
657 296990 140
658 165950 262720
659 330590 140
660 372030 140
661 323870 140
662 521580 108780
663 521580 104300
664 374270 140
665 521580 103180
666 521580 111020
667 164830 262720
668 218590 262720
669 169310 262720
670 191710 262720
671 153630 262720
672 143550 262720
673 142430 262720
674 181630 262720
675 177150 262720
676 196190 262720
677 182750 262720
678 172670 262720
679 173790 262720
680 265630 262720
681 299230 262720
682 286910 262720
683 294750 262720
684 229790 262720
685 277950 262720
686 215230 262720
687 289150 262720
688 263390 262720
689 251070 140
690 227550 140
691 254430 140
692 209630 140
693 221950 140
694 199550 140
695 188350 140
696 184990 140
697 145790 262720
698 267870 140
699 244350 140
700 253310 140
701 201790 140
702 218590 140
703 224190 140
704 247710 140
705 240990 140
706 208510 140
707 252190 140
708 167070 262720
709 268990 262720
710 233150 140
711 192830 140
712 243230 140
713 206270 140
714 226430 140
715 277950 140
716 305950 140
717 293630 140
718 308190 140
719 186110 262720
720 318270 140
721 386590 140
722 322750 140
723 387710 140
724 323870 262720
725 272350 262720
726 302590 140
727 282430 262720
728 291390 140
729 338430 262720
730 193950 262720
731 309310 262720
732 310430 262720
733 234270 140
734 299230 140
735 292510 140
736 342910 262720
737 344030 262720
738 370910 262720
739 354110 262720
740 360830 262720
741 183870 262720
742 336190 140
743 392190 140
744 385470 140
745 350750 140
746 360830 140
747 379870 140
748 377630 140
749 382110 140
750 332830 262720
751 358590 140
752 270110 262720
753 391070 140
754 349630 262720
755 373150 262720
756 377630 262720
757 395550 262720
758 363070 262720
759 320510 140
760 383230 140
761 326110 140
762 355230 140
763 228670 262720
