0 36687 14594
1 16770 26325
2 21994 19901
3 21042 22103
4 43655 13230
5 36585 16695
6 31129 22764
7 21643 11812
8 12152 26325
9 12594 26595
10 43514 17395
11 54565 21407
12 42855 32971
13 3213 20115
14 44663 14872
15 41545 21270
16 41087 29970
17 27670 22299
18 34743 16254
19 42207 27292
20 34676 21870
21 18015 24799
22 24709 11687
23 45760 15502
24 43725 29295
25 34161 19686
26 41875 13437
27 61766 19599
28 26989 15660
29 39623 25760
30 29661 24603
31 26389 23500
32 53478 29227
33 50127 32096
34 29763 26005
35 9078 26477
36 30798 31965
37 55748 31725
38 30565 36963
39 44853 30830
40 63869 31486
41 25993 36585
42 30021 30975
43 33625 36315
44 13346 27858
45 18687 34661
46 27536 28909
47 17283 33108
48 52207 38016
49 39377 40117
50 29832 36118
51 23779 33001
52 20709 38559
53 16967 26927
54 20935 34965
55 2457 25515
56 41995 29449
57 31260 30975
58 47518 23229
59 35460 31995
60 42636 36473
61 46498 31545
62 41372 22106
63 37198 38943
64 23608 18349
65 29598 31275
66 29731 28779
67 30962 30661
68 45273 38460
69 30108 20250
70 16708 29700
71 40702 23490
72 30849 20732
73 38005 19237
74 29868 21810
75 31297 21510
76 43283 17415
77 29623 13500
78 45908 15035
79 30199 10935
80 37413 33480
81 8080 31951
82 46990 16296
83 59364 23668
84 32103 24820
85 36388 38484
86 22982 21101
87 30458 39397
88 16354 19292
89 64331 21882
90 35304 24319
91 40169 13500
92 37106 31548
93 9085 33911
94 39440 12645
95 40996 33834
96 36940 11794
97 37947 36215
98 11831 33447
99 39515 16335
100 10980 35253
101 39573 19491
102 39754 24219
103 70017 34809
104 36785 44263
105 41809 37386
106 40663 20607
107 55407 17415
108 46967 30247
109 37382 44539
110 38998 34847
111 56006 28879
112 38040 23821
113 41178 28485
114 37287 2295
115 53482 14141
116 21903 13938
117 23673 13905
118 27444 12165
119 25094 12979
120 13622 16659
121 13483 15417
122 10985 15332
123 11738 13860
124 14356 15023
125 14371 35466
126 8678 36353
127 52808 16512
128 52774 22833
129 54664 17172
130 51878 19916
131 50223 42235
132 61998 13432
133 57866 12074
134 51588 18308
135 44164 13692
136 55053 43185
137 61167 18405
138 63443 12150
139 49459 19365
140 53139 40133
141 57282 12781
142 48186 19496
143 50538 12069
144 45157 19734
145 60516 13653
146 45939 18299
147 53271 18729
148 39517 31968
149 64350 13425
150 56799 11070
151 54916 11493
152 55768 22479
153 57863 21067
154 64719 24300
155 31504 19665
156 70409 23256
157 57195 23040
158 33944 19575
159 59005 22113
160 57571 22851
161 57087 21747
162 65709 21780
163 27513 15525
164 69700 26696
165 60588 20835
166 68384 20452
167 55416 25852
168 58250 24454
169 54090 26402
170 55717 26055
171 71186 25290
172 57182 26105
173 69790 22684
174 72111 31077
175 57631 23782
176 70902 25669
177 72276 23256
178 76410 22491
179 33908 30143
180 39723 35600
181 40010 36550
182 34311 45397
183 29929 45495
184 54049 36562
185 35473 38070
186 30714 43944
187 40917 36777
188 41709 37494
189 37636 36345
190 38047 42721
191 71166 36963
192 35589 42486
193 45080 37149
194 33112 39690
195 41971 39690
196 41782 40972
197 41717 39670
198 62083 36207
199 71094 36888
200 33903 44415
201 37114 42981
202 27256 42255
203 11986 22796
204 37833 23726
205 34830 11430
206 18288 36090
207 11556 21099
208 26632 22126
209 24078 20565
210 31996 20153
211 23769 20637
212 19342 21519
213 22381 23553
214 33015 21549
215 13985 22558
216 10267 22737
217 25339 24608
218 40786 24381
219 27860 24069
220 31313 23793
221 29772 23445
222 18878 21816
223 25519 37485
224 26975 20272
225 38133 21780
226 14556 36932
227 30410 38641
228 10146 21141
229 9783 22050
230 9841 19999
231 10702 22194
232 40423 9603
233 51471 15570
234 48317 16089
235 44191 13507
236 46122 16672
237 38902 8367
238 34393 9594
239 40149 11430
240 46663 9462
241 43542 9990
242 66588 17386
243 53689 23985
244 70137 17119
245 68528 17707
246 64259 15957
247 62636 15558
248 58995 16489
249 65992 15377
250 71291 17122
251 47724 29475
252 37107 35617
253 46896 28465
254 42405 38166
255 52880 28583
256 53679 29210
257 42552 28269
258 50453 29406
259 47766 26745
260 44725 28350
261 26111 23242
262 30129 27434
263 29389 17055
264 26887 20902
265 34172 22602
266 34017 24057
267 33169 29241
268 32052 21002
269 39231 28080
270 28663 21667
271 31048 27310
272 25464 28870
273 28633 28822
274 35984 27945
275 37111 28327
276 53401 20974
277 54523 34816
278 49450 32085
279 50721 19935
280 46156 17190
281 55325 36411
282 50988 35114
283 45813 35829
284 50417 35910
285 52353 36855
286 54870 34965
287 49430 36618
288 48856 35572
289 45858 22685
290 45851 26523
291 41638 22824
292 37320 22635
293 43018 23583
294 46788 23479
295 39422 22028
296 43874 24647
297 43431 22050
298 43881 20175
299 36036 21555
300 39565 40460
301 50230 42514
302 35590 38329
303 45923 38981
304 49383 43045
305 52807 41893
306 49540 40500
307 50443 39979
308 46270 40017
309 56491 40095
310 24763 21070
311 26889 17081
312 26406 20148
313 31278 17202
314 28084 22628
315 30742 18432
316 33899 17980
317 25841 15132
318 56802 24507
319 66923 29581
320 48323 19957
321 67936 29305
322 67140 28845
323 74497 29745
324 71496 28593
325 65070 27135
326 63118 27906
327 67759 29727
328 64225 30816
329 59616 22545
330 56746 26980
331 50531 37581
332 68576 35805
333 66614 34371
334 67354 35284
335 73631 36249
336 67910 36909
337 65871 35595
338 77625 34785
339 63720 36247
340 19488 39463
341 31774 38475
342 17997 37755
343 22690 34749
344 14393 35856
345 15676 38340
346 25677 37395
347 17128 36315
348 25296 30154
349 24852 22692
350 24753 33404
351 22161 30456
352 23832 34052
353 29800 33445
354 31978 33453
355 27501 35076
356 23994 34425
357 29892 30799
358 25801 33183
359 30628 34911
360 29754 37608
361 2983 21600
362 30577 43200
363 6223 24975
364 47236 46170
365 47344 46305
366 45967 46305
367 45967 46170
368 51313 46710
369 51988 47250
370 50422 47520
371 49909 46575
372 48910 46305
373 46750 2835
374 3091 23625
375 45157 3105
376 49423 3375
377 41944 4320
378 57874 3780
379 42673 2835
380 46156 4050
381 47479 2970
382 46264 3645
383 43996 3105
384 43105 3915
385 6655 25515
386 47479 4860
387 55849 8775
388 50665 3105
389 50503 4860
390 49720 3105
391 47749 4050
392 43888 4725
393 45130 3375
394 30307 3105
395 30955 5265
396 2821 22005
397 25717 3240
398 30307 4725
399 24691 3240
400 26284 7290
401 34411 2970
402 3658 28620
403 31252 6210
404 31684 3375
405 31927 3240
406 29578 4050
407 30793 3915
408 31630 5805
409 25042 4050
410 29686 38340
411 33628 36990
412 34546 3645
413 3388 24975
414 30874 2970
415 21073 3375
416 36706 46845
417 34114 47790
418 21424 45360
419 47560 46980
420 39217 45360
421 41215 45900
422 39811 45630
423 36598 48060
424 4819 26595
425 46534 46710
426 48262 45765
427 45400 46980
428 35761 43875
429 49531 45900
430 49261 47250
431 44428 46980
432 44158 47115
433 43294 46575
434 41593 47115
435 3199 27675
436 42916 46035
437 34924 41715
438 44590 46305
439 43294 3375
440 40837 46575
441 42322 47925
442 40243 47115
443 41782 46440
444 24988 46845
445 38623 47520
446 27958 44415
447 34789 47655
448 37759 46710
449 35653 47250
450 37327 46980
451 77314 28485
452 63085 26865
453 78610 27540
454 77638 27945
455 77962 27675
456 55471 46440
457 3793 23760
458 78853 28350
459 78583 29835
460 36841 7425
461 36706 7830
462 33817 7425
463 36490 7290
464 38920 46710
465 38947 10395
466 41566 9045
467 53068 43875
468 5548 24840
469 58333 3240
470 59440 3105
471 58144 9180
472 59332 3915
473 55903 16470
474 53878 46980
475 68377 23355
476 56200 9180
477 78718 22005
478 79204 22815
479 2983 21195
480 78907 22005
481 78583 25515
482 78421 26190
483 54445 40095
484 67459 26595
485 63976 25785
486 49882 46980
487 54985 47250
488 50584 45900
489 47965 46440
490 44941 14445
491 43005 13380
492 31435 21832
493 43974 41070
494 41058 33142
495 38625 39630
496 50880 33255
497 56309 19193
498 57807 24555
499 30924 50749
500 42 24972
501 43020 50749
502 42636 50749
503 41004 50749
504 39468 50749
505 35820 50749
506 31980 50749
507 31404 50749
508 35724 50749
509 36972 50749
510 38604 50749
511 42 26892
512 39660 42
513 43884 42
514 40524 50749
515 40236 42
516 41004 42
517 43500 42
518 44268 42
519 42540 42
520 39564 42
521 41100 42
522 42 27852
523 42444 42
524 39948 42
525 41772 42
526 40044 42
527 40620 42
528 41484 42
529 38796 42
530 39276 42
531 42 27948
532 42 26028
533 42 25452
534 42 25068
535 42 25548
536 42 20268
537 42 19788
538 42 18636
539 42 24684
540 42 25260
541 42 24300
542 42 23916
543 42 24012
544 32556 42
545 42 28524
546 42 27660
547 42 28716
548 42 28620
549 42 28812
550 42 27180
551 24972 50749
552 42 27084
553 33996 50749
554 31884 50749
555 42 28428
556 40716 50749
557 36588 50749
558 38220 50749
559 38508 50749
560 35628 50749
561 42 24492
562 35532 50749
563 35052 50749
564 29004 50749
565 34764 50749
566 36204 50749
567 36780 50749
568 38412 50749
569 42348 42
570 41388 42
571 40332 42
572 42 24204
573 39372 42
574 42252 42
575 41964 42
576 41292 42
577 39180 50749
578 40428 42
579 38892 42
580 39276 50749
581 33612 50749
582 30156 50749
583 42 24108
584 33708 50749
585 35916 50749
586 34188 50749
587 35148 50749
588 37068 50749
589 32844 50749
590 42 27276
591 43212 50749
592 43500 50749
593 43692 50749
594 42 24396
595 39660 50749
596 38316 50749
597 35244 50749
598 34284 50749
599 42 26604
600 34572 50749
601 36108 50749
602 37068 42
603 39468 42
604 44364 42
605 42 23820
606 39948 50749
607 40908 42
608 39084 42
609 42732 42
610 44556 42
611 42924 42
612 40140 42
613 41580 42
614 39180 42
615 36396 50749
616 42 25740
617 37260 42
618 33804 50749
619 38988 50749
620 39852 50749
621 38124 50749
622 37260 50749
623 36684 50749
624 31500 50749
625 31596 50749
626 41964 50749
627 42 25932
628 42 26988
629 30348 50749
630 38796 50749
631 47244 42
632 48204 42
633 44940 42
634 44652 42
635 50220 50749
636 50412 50749
637 50124 50749
638 50028 42
639 48396 42
640 46476 42
641 36396 42
642 44844 42
643 47820 42
644 43116 42
645 42636 42
646 43596 42
647 43788 42
648 46188 42
649 45228 42
650 42156 42
651 41196 42
652 35532 42
653 44460 42
654 45900 42
655 45516 42
656 45324 42
657 43020 42
658 44748 42
659 41868 42
660 43308 42
661 35436 42
662 29004 42
663 32364 42
664 32652 42
665 28908 42
666 29772 50749
667 31308 50749
668 32556 50749
669 29964 50749
670 28524 42
671 28620 42
672 32844 42
673 33132 50749
674 31404 42
675 31980 42
676 30732 42
677 30636 50749
678 30924 42
679 33036 42
680 31116 50749
681 32940 42
682 31212 50749
683 33228 50749
684 30732 50749
685 30828 50749
686 33420 50749
687 37836 50749
688 37932 50749
689 38028 50749
690 35340 50749
691 31692 50749
692 43116 50749
693 45516 50749
694 44556 50749
695 45900 50749
696 47532 50749
697 47148 50749
698 45612 50749
699 41676 50749
700 44268 50749
701 47244 50749
702 32748 50749
703 43404 42
704 47340 42
705 45708 42
706 43980 42
707 39372 50749
708 41772 50749
709 37548 50749
710 37356 50749
711 32652 50749
712 32940 50749
713 33036 50749
714 43596 50749
715 36492 50749
716 34092 50749
717 35436 50749
718 81943 29004
719 81943 27276
720 81943 29772
721 81943 27180
722 55788 50749
723 52620 50749
724 34476 50749
725 55980 50749
726 52332 50749
727 35148 42
728 36300 42
729 34572 42
730 52140 42
731 50796 50749
732 37356 42
733 51564 50749
734 52620 42
735 37164 50749
736 58572 42
737 55980 42
738 59340 42
739 57516 42
740 55884 42
741 50124 42
742 54156 50749
743 53772 42
744 81943 24204
745 81943 24876
746 50412 42
747 81943 23724
748 81943 24780
749 81943 25740
750 52044 50749
751 81943 26604
752 81943 26220
753 53004 50749
754 81943 27756
755 81943 28332
756 51276 42
757 28812 42
758 42 25164
759 49740 50749
760 48300 50749
761 46764 50749
762 46284 50749
763 51372 50749
764 52140 50749
765 50700 50749
766 51084 50749
767 49548 50749
768 47436 42
769 42 23724
770 45804 42
771 50508 42
772 42060 42
773 58476 42
774 42828 42
775 46284 42
776 47724 42
777 46668 42
778 44172 42
779 43692 42
780 42 26508
781 46764 42
782 56076 42
783 50796 42
784 50892 42
785 50220 42
786 48012 42
787 43212 42
788 45420 42
789 30060 42
790 30828 42
791 42 21996
792 25740 42
793 31020 42
794 24588 42
795 26124 42
796 34764 42
797 42 28236
798 31116 42
799 31500 42
800 32268 42
801 27084 42
802 31308 42
803 33516 42
804 28428 42
805 31020 50749
806 33900 50749
807 35052 42
808 42 24780
809 35340 42
810 27276 42
811 36876 50749
812 34380 50749
813 21132 50749
814 48204 50749
815 38892 50749
816 41388 50749
817 40236 50749
818 37452 50749
819 42 26412
820 48588 50749
821 48684 50749
822 46188 50749
823 36300 50749
824 50028 50749
825 49644 50749
826 45036 50749
827 44652 50749
828 43788 50749
829 42732 50749
830 42 24876
831 43884 50749
832 34956 50749
833 45228 50749
834 44076 42
835 41196 50749
836 42828 50749
837 40908 50749
838 43980 50749
839 24012 50749
840 39084 50749
841 26124 50749
842 34860 50749
843 37740 50749
844 36012 50749
845 37644 50749
846 81943 28428
847 81943 27084
848 81943 27852
849 81943 28140
850 81943 28620
851 55884 50749
852 42 23436
853 81943 27564
854 81943 28236
855 37164 42
856 36588 42
857 32748 42
858 36492 42
859 38700 50749
860 38988 42
861 41676 42
862 52908 50749
863 42 24588
864 60972 42
865 61356 42
866 58668 42
867 59916 42
868 55692 42
869 54252 50749
870 81943 23628
871 56268 42
872 81943 22092
873 81943 22860
874 42 20844
875 81943 22476
876 81943 25452
877 81943 26028
878 54444 50749
879 81943 26508
880 81943 25644
881 50316 50749
882 55116 50749
883 50892 50749
884 48396 50749
885 42 20748
