0 121916 166600
1 193683 164180
2 89775 122500
3 276777 149488
4 115187 115500
5 47633 96946
6 95802 60977
7 135774 65240
8 130767 79100
9 87875 113400
10 115330 96288
11 68426 94288
12 103069 203329
13 229570 116494
14 163906 69066
15 191312 100012
16 99484 77560
17 257323 132813
18 109304 77800
19 100808 204000
20 98786 141882
21 74404 123480
22 110618 151480
23 237866 196200
24 107191 154000
25 134666 185338
26 134728 21710
27 105112 49361
28 133997 53200
29 113382 53200
30 116699 139183
31 113468 145880
32 119415 85400
33 198184 140881
34 103217 84000
35 194522 59080
36 180911 58333
37 126800 204915
38 155774 30146
39 86165 21000
40 293024 114717
41 274989 201250
42 195488 41533
43 117018 67355
44 207242 40600
45 218191 55650
46 208382 25900
47 212942 77700
48 211422 29400
49 96567 4900
50 255392 203320
51 108442 43400
52 114051 191036
53 47036 48617
54 100244 60200
55 103170 52360
56 125229 128462
57 129580 61320
58 121600 60900
59 117818 66333
60 113287 56000
61 85702 196466
62 162022 45500
63 273473 220422
64 165442 47950
65 117040 4200
66 191472 30800
67 262023 228600
68 200762 33000
69 63128 232768
70 221590 15586
71 203537 9100
72 61266 62925
73 208097 19600
74 215408 255932
75 207056 23584
76 144542 88900
77 153691 93800
78 124497 67200
79 358115 136305
80 130321 71120
81 244173 131250
82 139158 135141
83 132360 192242
84 206045 145744
85 267816 215950
86 190941 70786
87 141312 112700
88 245116 123991
89 139476 218920
90 164225 161700
91 134140 159600
92 138320 97222
93 136690 233210
94 215058 164266
95 190190 95200
96 125632 110444
97 118607 164500
98 196616 63049
99 311552 118300
100 125440 124200
101 262147 214666
102 192137 102200
103 202397 101500
104 167896 238466
105 163818 105280
106 194918 75923
107 373420 106811
108 157668 102666
109 190380 97533
110 199631 151738
111 122607 99260
112 143450 11092
113 138820 4200
114 160957 83800
115 68707 106255
116 176318 131528
117 46848 143440
118 183004 219794
119 304810 137171
120 342240 151421
121 348102 54374
122 277210 139300
123 362280 95550
124 275321 147254
125 216681 217800
126 263080 14763
127 247760 149800
128 344688 142380
129 344945 126700
130 353020 119000
131 303451 123604
132 351652 129080
133 213789 223650
134 360050 124600
135 326718 109400
136 381444 118440
137 294462 63746
138 373312 115080
139 347510 120866
140 334970 114333
141 281320 26600
142 363723 125533
143 350163 256102
144 266213 71400
145 333426 235200
146 373373 151792
147 275190 87597
148 285253 245933
149 336593 255302
150 257638 28630
151 256975 223300
152 368442 217131
153 253650 213620
154 233028 203400
155 245765 226100
156 284493 101422
157 310270 95480
158 74028 248150
159 308750 228200
160 311249 258138
161 370771 227800
162 305076 223533
163 351294 223066
164 69096 241733
165 313072 222250
166 314640 267400
167 59042 248850
168 292084 104600
169 291475 246166
170 219223 158200
171 85155 185850
172 155610 162166
173 228063 164266
174 372708 211535
175 211945 187600
176 211595 179239
177 271537 172600
178 200640 177100
179 304144 163124
180 351025 47894
181 147155 172900
182 240160 123562
183 332222 55030
184 240255 162400
185 279952 174683
186 238956 242200
187 213413 169111
188 286900 164325
189 190814 142600
190 254790 244066
191 240610 134760
192 231610 240333
193 201970 169866
194 317466 51683
195 68594 179924
196 246810 242200
197 189126 159880
198 308813 57400
199 63661 150903
200 155736 263666
201 77927 149400
202 130688 186044
203 162956 255266
204 120035 264653
205 166267 154381
206 139851 215075
207 125495 193200
208 48663 162312
209 140543 140560
210 133374 271140
211 194897 256822
212 168902 143950
213 82894 169000
214 170556 264600
215 183065 264600
216 143418 264600
217 198957 264200
218 168055 259000
219 152126 259933
220 211731 250950
221 257232 143000
222 245765 172900
223 227620 170100
224 36036 157266
225 39330 134866
226 99057 134811
227 35276 142333
228 298395 214200
229 268945 238000
230 236075 217700
231 288135 213500
232 306028 178189
233 316350 152600
234 315970 223533
235 294816 236600
236 219196 63933
237 232473 112127
238 241585 130900
239 125400 146300
240 271763 119000
241 262770 117133
242 257112 128177
243 264163 115266
244 264923 124600
245 101745 201600
246 52693 193188
247 105355 200900
248 106780 182466
249 114190 230066
250 91896 226333
251 92502 217000
252 279395 153300
253 299630 143500
254 325723 125533
255 318236 117000
256 319010 125533
257 322525 118300
258 321187 85184
259 268723 244066
260 234283 259738
261 279870 233100
262 232085 224000
263 280756 253400
264 273790 264600
265 272626 233450
266 203236 98466
267 223630 110600
268 216410 105700
269 150163 155711
270 124830 154700
271 244783 59266
272 252130 117133
273 256016 53836
274 225910 67666
275 254030 121800
276 100998 189400
277 43396 238054
278 109630 188300
279 180785 189000
280 30970 209533
281 148200 193106
282 110643 228200
283 116646 223000
284 107223 237533
285 92530 231000
286 252795 191800
287 270750 154466
288 309636 211400
289 294943 207666
290 250863 222600
291 347225 225400
292 252130 240100
293 241870 247800
294 269103 235666
295 281770 258066
296 261123 263666
297 139555 164500
298 127680 144200
299 219070 104066
300 244910 136733
301 233003 109666
302 226176 133000
303 212501 104600
304 134710 198100
305 137085 193900
306 227683 262733
307 205773 218219
308 155990 264600
309 133339 219800
310 99227 170800
311 107170 170284
312 326610 147000
313 16910 170800
314 406790 114800
315 117800 233800
316 172710 267400
317 212230 100800
318 269230 285600
319 306280 149800
320 301530 208600
321 119103 106158
322 5890 169400
323 12350 200200
324 299250 289800
325 412490 141400
326 245670 228200
327 278730 289800
328 253270 4200
329 412490 82600
330 407550 130200
331 412490 85400
332 295830 4200
333 268090 4200
334 9690 177800
335 274550 4200
336 281010 4200
337 363850 121800
338 183350 4200
339 232370 289800
340 412490 133000
341 402990 121800
342 405270 119000
343 412490 116200
344 390070 121800
345 107350 289800
346 265050 281400
347 411730 105000
348 401850 127400
349 404890 124600
350 412490 96600
351 412490 124600
352 392350 119000
353 412490 88200
354 122550 289800
355 113810 289800
356 84930 289800
357 92150 289800
358 5890 191800
359 12350 191800
360 5890 175000
361 102030 222600
362 5890 200200
363 100890 289800
364 87970 287000
365 96710 287000
366 7030 183400
367 5890 180600
368 180690 287000
369 12350 180600
370 174230 287000
371 152570 289800
372 166250 287000
373 5890 203000
374 169290 289800
375 161310 289800
376 209950 287000
377 205390 4200
378 8550 161000
379 412490 138600
380 408690 135800
381 412490 102200
382 412490 121800
383 411730 119000
384 10830 189000
385 212610 4200
386 198930 4200
387 5890 149800
388 219070 4200
389 245670 4200
390 217170 12600
391 225530 4200
392 216410 9800
393 192470 7000
394 191330 9800
395 133570 233800
396 9690 166600
397 5890 141400
398 376770 121800
399 235030 4200
400 412490 110600
401 412490 107800
402 216790 289800
403 292030 289800
404 10450 172200
405 225910 289800
406 10450 194600
407 252130 284200
408 307990 284200
409 272270 281400
410 307230 289800
411 264290 287000
412 246050 289800
413 238830 289800
414 267710 278600
415 273410 287000
416 285190 289800
417 158650 287000
418 276830 284200
419 272270 289800
420 12350 205800
421 259350 289800
422 12350 203000
423 16910 214200
424 265810 289800
425 190190 289800
426 281010 270200
427 287470 281400
428 138130 289800
429 284810 287000
430 412490 155400
431 237690 228200
432 412490 93800
433 391970 124600
434 304190 4200
435 412490 99400
436 271130 57400
437 252890 289800
438 296970 275800
439 10450 186200
440 243010 287000
441 412490 91000
442 311410 287000
443 317870 287000
444 398430 124600
445 412490 191800
446 258210 281400
447 216410 287000
448 260490 278600
449 295450 278600
450 11210 197400
451 140 169260
452 95390 140
453 145790 140
454 199550 140
455 197310 140
456 195070 140
457 98750 140
458 94270 140
459 125630 140
460 117790 140
461 126750 140
462 136830 140
463 140 128940
464 174910 140
465 172670 140
466 144670 140
467 140 135660
468 140 142380
469 140 145740
470 97630 140
471 148030 140
472 141310 140
473 132350 140
474 78590 140
475 165950 140
476 168190 140
477 170430 140
478 171550 140
479 154750 140
480 169310 140
481 173790 140
482 163710 140
483 118910 140
484 116670 140
485 80830 140
486 93150 140
487 79710 140
488 87550 140
489 140 133420
490 140 141260
491 90910 140
492 120030 140
493 81950 140
494 140 143500
495 85310 140
496 159230 140
497 153630 140
498 146910 140
499 150270 140
500 123390 140
501 133470 140
502 140 130060
503 158110 140
504 155870 140
505 140 159180
506 102110 140
507 140 158060
508 96510 140
509 134590 140
510 187230 140
511 200670 140
512 198430 140
513 92030 140
514 105470 140
515 99870 140
516 140 137900
517 107710 140
518 130110 140
519 143550 140
520 156990 140
521 161470 140
522 127870 140
523 121150 140
524 89790 140
525 140 161420
526 113310 140
527 112190 140
528 151390 140
529 160350 140
530 135710 140
531 140 207340
532 176030 140
533 140 144620
534 178270 140
535 84190 140
536 140 167020
537 140 132300
538 182750 140
539 179390 140
540 140 149100
541 108830 140
542 140 160300
543 109950 140
544 139070 140
545 180510 140
546 86430 140
547 190590 140
548 189470 140
549 103230 140
550 104350 140
551 128990 140
552 114430 140
553 131230 140
554 142430 140
555 164830 140
556 167070 140
557 83070 140
558 137950 140
559 122270 140
560 140 151340
561 106590 140
562 111070 140
563 152510 140
564 162590 140
565 140190 140
566 140 164780
567 140 134540
568 88670 140
569 140 152460
570 183870 140
571 140 165900
572 140 150220
573 186110 140
574 181630 140
575 140 153580
576 124510 140
577 140 146860
578 115550 140
579 100990 140
580 140 170380
581 140 206220
582 140 205100
583 308190 293950
584 418280 152460
585 243230 293950
586 295870 293950
587 274590 293950
588 418280 150220
589 418280 146860
590 418280 134540
591 418280 145740
592 418280 149100
593 228670 293950
594 418280 151340
595 418280 126700
596 226430 293950
597 140 172620
598 221950 293950
599 140 154700
600 140 139020
601 235390 293950
602 140 163660
603 140 156940
604 140 202860
605 236510 293950
606 418280 86380
607 418280 139020
608 418280 90860
609 418280 122220
610 418280 88620
611 418280 112140
612 418280 115500
613 108830 293950
614 106590 293950
615 105470 293950
616 92030 293950
617 140 200620
618 109950 293950
619 140 183820
620 104350 293950
621 112190 293950
622 136830 293950
623 115550 293950
624 89790 293950
625 114430 293950
626 140 199500
627 186110 293950
628 205150 293950
629 190590 293950
630 189470 293950
631 177150 293950
632 140 196140
633 178270 293950
634 187230 293950
635 140 173740
636 211870 140
637 140 131180
638 418280 97580
639 202910 140
640 418280 95340
641 418280 140140
642 193950 140
643 140 171500
644 188350 140
645 191710 140
646 140 155820
647 177150 140
648 418280 123340
649 204030 140
650 208510 140
651 418280 93100
652 418280 147980
653 205150 140
654 140 174860
655 140 136780
656 418280 143500
657 418280 94220
658 418280 128940
659 418280 113260
660 418280 118860
661 206270 293950
662 281310 293950
663 140 191660
664 282430 293950
665 207390 293950
666 251070 293950
667 234270 293950
668 261150 293950
669 255550 293950
670 248830 293950
671 238750 293950
672 237630 293950
673 247710 293950
674 257790 293950
675 260030 293950
676 224190 293950
677 284670 293950
678 268990 293950
679 285790 293950
680 276830 293950
681 227550 293950
682 292510 293950
683 302590 293950
684 291390 293950
685 279070 293950
686 271230 293950
687 161470 293950
688 270110 293950
689 305950 293950
690 225310 293950
691 418280 133420
692 286910 293950
693 418280 135660
694 310430 293950
695 309310 293950
696 252190 293950
697 298110 293950
698 140 180460
699 242110 293950
700 418280 153580
701 303710 293950
702 312670 293950
703 307070 293950
704 304830 293950
705 244350 293950
706 296990 293950
707 265630 293950
708 293630 293950
709 140 177100
710 140 198380
711 301470 293950
712 418280 141260
713 233150 293950
714 277950 293950
715 255550 140
716 418280 99820
717 418280 132300
718 418280 100940
719 247710 140
720 252190 140
721 140 175980
722 254430 140
723 246590 140
724 418280 117740
725 184990 140
726 230910 293950
727 418280 136780
728 418280 121100
729 418280 105420
730 418280 98700
731 418280 104300
732 103230 293950
733 264510 293950
734 418280 106540
735 418280 131180
736 418280 125580
737 418280 96460
738 418280 124460
739 418280 107660
740 418280 87500
741 122270 293950
742 111070 293950
743 87550 293950
744 96510 293950
745 140 189420
746 140 190540
747 140 178220
748 107710 293950
749 140 201740
750 100990 293950
751 90910 293950
752 97630 293950
753 140 188300
754 140 181580
755 184990 293950
756 140 182700
757 179390 293950
758 164830 293950
759 170430 293950
760 140 203980
761 172670 293950
762 163710 293950
763 214110 293950
764 207390 140
765 140 162540
766 418280 142380
767 418280 137900
768 418280 103180
769 418280 108780
770 418280 114380
771 140 187180
772 206270 140
773 201790 140
774 140 147980
775 209630 140
776 239870 140
777 216350 140
778 226430 140
779 212990 140
780 196190 140
781 192830 140
782 133470 293950
783 140 168140
784 140 140140
785 418280 119980
786 238750 140
787 418280 111020
788 418280 109900
789 220830 293950
790 294750 293950
791 140 197260
792 239870 293950
793 140 193900
794 253310 293950
795 320510 293950
796 273470 293950
797 311550 293950
798 263390 293950
799 249950 293950
800 245470 293950
801 256670 293950
802 272350 293950
803 288030 293950
804 162590 293950
805 280190 293950
806 275710 293950
807 140 179340
808 267870 293950
809 140 195020
810 140 184940
811 266750 293950
812 191710 293950
813 283550 293950
814 290270 293950
815 141310 293950
816 289150 293950
817 418280 144620
818 240990 293950
819 418280 89740
820 418280 127820
821 309310 140
822 418280 102060
823 277950 140
824 254430 293950
825 300350 293950
826 140 186060
827 246590 293950
828 418280 91980
829 324990 293950
830 321630 293950
831 418280 116620
832 418280 130060
833 258910 293950
834 218590 293950
835 262270 293950
836 299230 293950
837 140 192780
