0 305456 203000
1 198019 129025
2 216323 205418
3 373872 208880
4 227015 178309
5 84710 171322
6 122440 119736
7 274011 123511
8 231081 134339
9 213655 209300
10 208572 196000
11 309230 161384
12 142796 121100
13 193681 233975
14 301730 187821
15 262516 171266
16 100705 167234
17 169793 102729
18 194607 212100
19 368099 201472
20 216437 173400
21 188181 226800
22 259160 183400
23 239628 197960
24 262404 195461
25 329909 125278
26 278454 110320
27 135936 41759
28 202530 107450
29 280687 120120
30 309852 162680
31 322006 193581
32 261324 165139
33 247182 161116
34 266807 154700
35 253143 139300
36 231010 209912
37 155669 50680
38 144020 4200
39 342630 120178
40 345669 214550
41 238398 139618
42 181281 127088
43 250348 157150
44 226717 172900
45 243801 159133
46 211675 164033
47 152836 77560
48 254600 81863
49 167048 28280
50 333269 221933
51 184904 69363
52 248216 164360
53 250715 178422
54 305442 55490
55 373434 226333
56 180208 74573
57 198799 208425
58 200278 156066
59 156940 4200
60 330093 52888
61 370543 233800
62 245765 70000
63 242237 219986
64 232386 261143
65 246990 49140
66 113080 115960
67 256262 44800
68 243516 64866
69 260727 48300
70 205817 210000
71 205580 183166
72 199215 206850
73 462751 186882
74 242001 142261
75 332405 118200
76 293398 147140
77 275215 211166
78 159585 137274
79 306822 139133
80 333339 117016
81 280134 120339
82 292024 221900
83 300500 90006
84 259455 115266
85 312729 224933
86 355960 48557
87 390649 200200
88 269918 106750
89 289764 243061
90 374559 166345
91 175878 149845
92 368431 102822
93 292663 102573
94 396731 208270
95 373742 111533
96 292323 246272
97 279034 121520
98 183328 151630
99 281998 124880
100 331486 100644
101 337940 72927
102 255470 157500
103 206737 135036
104 230485 196233
105 104728 157818
106 221935 104072
107 134363 262847
108 303828 164657
109 443942 190794
110 314033 36731
111 323621 117940
112 474372 77541
113 418427 77000
114 221874 15400
115 318535 107800
116 328320 95900
117 426866 104066
118 379151 111500
119 320543 152400
120 364990 68600
121 485725 93333
122 407993 91560
123 488141 105933
124 220875 30916
125 369504 129910
126 319119 164815
127 397290 73266
128 451630 96600
129 380316 69533
130 375481 213313
131 338250 209171
132 358375 211074
133 459590 200776
134 365180 235666
135 478419 261694
136 205429 34931
137 337630 254100
138 397048 82883
139 446800 154773
140 330125 252700
141 394210 96452
142 405749 104634
143 258454 281000
144 381460 217957
145 401216 270200
146 474912 236169
147 455674 165800
148 371576 267400
149 488058 256726
150 435275 168753
151 239400 270200
152 481242 237000
153 232797 286650
154 393055 97400
155 405935 261100
156 407146 23800
157 276081 100418
158 428789 27346
159 450557 138139
160 373635 23100
161 427456 27726
162 353074 151800
163 300770 76300
164 379212 145400
165 316255 84000
166 276065 62580
167 292673 50938
168 371603 142733
169 297716 29500
170 354730 30333
171 265466 72692
172 277590 32200
173 311984 46636
174 166312 191396
175 354730 37800
176 431319 45360
177 273353 230427
178 308788 272813
179 277130 217000
180 319487 253076
181 315447 260400
182 225720 133823
183 277305 251300
184 149955 273533
185 210691 134120
186 309899 264374
187 369740 266155
188 219724 125308
189 172076 261800
190 249407 238828
191 278856 275800
192 354951 276266
193 295038 265533
194 373160 273400
195 275880 266466
196 192596 256200
197 311030 172900
198 312550 206500
199 322810 273000
200 287596 269266
201 278730 256200
202 341335 187600
203 349505 182000
204 322012 211400
205 384988 165820
206 398556 220733
207 391590 203933
208 382343 216066
209 338722 81900
210 302594 81480
211 291460 202300
212 289876 22866
213 335434 86022
214 313690 69533
215 319136 71400
216 197315 255500
217 154381 206638
218 254030 259700
219 263973 259933
220 185250 267400
221 181576 267400
222 186417 254600
223 339276 72333
224 347035 87500
225 326325 77000
226 345483 74200
227 354838 47800
228 406447 259342
229 355490 259000
230 318725 256900
231 370563 271133
232 370056 231933
233 258843 39666
234 271320 51800
235 264955 180600
236 266063 36866
237 277970 23800
238 206698 61815
239 259476 25666
240 264847 236600
241 253270 237800
242 219407 263205
243 285095 267400
244 294785 138600
245 217423 220733
246 226796 231933
247 259223 279533
248 335160 213500
249 324710 96600
250 387030 45266
251 371070 49933
252 340860 209300
253 321385 201600
254 360683 266466
255 361316 271133
256 355110 231000
257 289560 198800
258 268090 175000
259 246176 51800
260 238576 35000
261 251623 30333
262 255816 85400
263 249958 52600
264 277020 208600
265 284335 245000
266 271890 267400
267 288356 225400
268 255400 210200
269 261962 33600
270 267290 40305
271 264005 30800
272 265050 282800
273 246240 26600
274 317490 200200
275 362330 285600
276 391780 47600
277 267358 121969
278 274550 9800
279 276450 289800
280 377530 9800
281 350170 7000
282 382470 4200
283 369170 4200
284 312550 7000
285 323570 4200
286 336870 7000
287 385510 15400
288 352070 18200
289 357770 12600
290 232370 295400
291 341050 9800
292 338390 12600
293 313690 88200
294 213750 200200
295 316730 96600
296 230470 205800
297 364610 9800
298 358910 4200
299 386650 9800
300 304190 295400
301 177650 287000
302 345990 15400
303 507490 119000
304 346750 21000
305 400710 4200
306 498370 133000
307 369550 7000
308 503690 141400
309 496850 124600
310 189810 295400
311 246050 295400
312 180310 259000
313 174230 289800
314 201210 292600
315 179550 261800
316 207290 217000
317 225530 295400
318 219450 217000
319 176890 295400
320 190190 289800
321 184870 250600
322 180690 289800
323 285570 289800
324 282150 292600
325 279490 295400
326 295450 289800
327 284810 267400
328 272270 295400
329 226670 214200
330 266190 267400
331 280250 270200
332 302670 71400
333 271510 4200
334 281770 275800
335 255170 9800
336 252510 4200
337 244530 7000
338 245670 9800
339 225530 194600
340 295830 4200
341 265430 12600
342 279110 68600
343 263530 23800
344 270370 15400
345 278730 4200
346 286710 4200
347 274170 7000
348 243010 12600
349 268090 9800
350 219830 214200
351 288610 292600
352 251750 7000
353 234650 9800
354 259350 7000
355 235030 4200
356 235790 7000
357 310270 4200
358 380570 23800
359 322810 7000
360 347510 9800
361 176130 281400
362 355870 21000
363 375250 26600
364 353970 9800
365 360050 15400
366 349790 4200
367 321670 295400
368 334590 9800
369 368030 295400
370 356250 295400
371 369550 289800
372 238830 295400
373 375630 295400
374 355490 292600
375 301910 292600
376 295450 292600
377 316730 289800
378 363850 264600
379 393490 289800
380 312170 292600
381 368790 278600
382 369550 261800
383 216030 203000
384 383230 12600
385 343330 7000
386 330030 4200
387 381330 292600
388 388930 4200
389 395390 7000
390 388170 7000
391 379050 15400
392 360430 7000
393 369550 267400
394 282910 273000
395 325090 292600
396 387790 292600
397 408310 289800
398 426550 295400
399 457710 295400
400 382090 295400
401 299250 121800
402 342570 4200
403 312930 205800
404 375630 4200
405 265810 295400
406 277950 140
407 133470 140
408 266750 298760
409 251070 298760
410 162590 298760
411 172670 298760
412 151390 140
413 152510 140
414 256670 298760
415 163710 140
416 187230 298760
417 239870 140
418 257790 298760
419 251070 140
420 261150 140
421 179390 140
422 212990 298760
423 243230 298760
424 219710 298760
425 179390 298760
426 253310 298760
427 205150 298760
428 199550 298760
429 150270 140
430 339550 298760
431 274590 298760
432 281310 140
433 295870 140
434 303710 140
435 309310 140
436 308190 140
437 299230 140
438 173790 140
439 156990 140
440 162590 140
441 139070 140
442 140 154700
443 140 155820
444 271230 298760
445 140 152460
446 131230 140
447 171550 140
448 140 151340
449 160350 140
450 140 156940
451 176030 140
452 191710 140
453 182750 140
454 187230 140
455 206270 298760
456 172670 140
457 273470 298760
458 244350 298760
459 208510 298760
460 338430 298760
461 252190 298760
462 265630 298760
463 239870 298760
464 263390 298760
465 235390 298760
466 230910 298760
467 182750 298760
468 130110 140
469 149150 140
470 154750 140
471 242110 298760
472 164830 140
473 200670 298760
474 244350 140
475 249950 140
476 258910 140
477 195070 298760
478 190590 298760
479 132350 140
480 261150 298760
481 164830 298760
482 193950 298760
483 260030 298760
484 177150 298760
485 178270 298760
486 285790 140
487 294750 140
488 311550 140
489 298110 140
490 142430 140
491 282430 140
492 296990 140
493 403390 140
494 290270 140
495 277950 298760
496 248830 298760
497 276830 298760
498 245470 298760
499 254430 298760
500 238750 298760
501 144670 140
502 168190 298760
503 169310 298760
504 158110 140
505 159230 140
506 246590 298760
507 170430 140
508 188350 298760
509 237630 298760
510 247710 298760
511 258910 298760
512 136830 140
513 184990 298760
514 207390 298760
515 281310 298760
516 232030 298760
517 189470 298760
518 262270 298760
519 204030 298760
520 173790 298760
521 337310 298760
522 291390 140
523 146910 140
524 302590 140
525 313790 140
526 339550 140
527 321630 140
528 363070 140
529 330590 140
530 286910 298760
531 218590 298760
532 328350 298760
533 167070 298760
534 161470 140
535 331710 298760
536 267870 140
537 279070 298760
538 398910 140
539 386590 140
540 385470 140
541 375390 140
542 367550 140
543 347390 140
544 286910 140
545 370910 140
546 358590 140
547 401150 140
548 335070 140
549 364190 140
550 346270 140
551 326110 298760
552 171550 298760
553 324990 298760
554 223070 298760
555 293630 298760
556 303710 298760
557 305950 298760
558 299230 298760
559 226430 298760
560 312670 140
561 404510 140
562 324990 140
563 402270 140
564 383230 140
565 374270 140
566 366430 140
567 397790 140
568 211870 298760
569 214110 298760
570 216350 298760
571 255550 298760
572 234270 298760
573 197310 298760
574 270110 298760
575 196190 298760
576 264510 298760
577 198430 298760
578 180510 298760
579 165950 298760
580 186110 298760
581 329470 298760
582 349630 298760
583 341790 298760
584 348510 298760
585 342910 298760
586 330590 298760
587 288030 298760
588 351870 298760
589 332830 298760
590 295870 298760
591 240990 140
592 282430 298760
593 246590 140
594 257790 140
595 252190 140
596 238750 140
597 242110 140
598 224190 298760
599 280190 140
600 260030 140
601 267870 298760
602 253310 140
603 265630 140
604 273470 140
605 288030 140
606 301470 140
607 320510 140
608 328350 140
609 236510 298760
610 296990 298760
611 322750 140
612 314910 140
613 318270 140
614 293630 140
615 289150 140
616 292510 140
617 388830 140
618 319390 140
619 372030 140
620 298110 298760
621 338430 140
622 274590 140
623 337310 140
624 329470 140
625 335070 298760
626 312670 298760
627 316030 298760
628 336190 298760
629 327230 298760
630 323870 298760
631 272350 298760
632 361950 298760
633 365310 298760
634 350750 298760
635 412350 298760
636 313790 298760
637 413470 298760
638 396670 298760
639 387710 298760
640 394430 298760
641 375390 298760
642 301470 298760
643 354110 140
644 336190 140
645 320510 298760
646 380990 298760
647 376510 140
648 395550 298760
649 388830 298760
650 393310 298760
651 309310 298760
652 369790 140
653 302590 298760
654 311550 298760
655 401150 298760
656 405630 298760
657 410110 298760
658 402270 298760
659 385470 298760
660 318270 298760
661 392190 140
662 323870 140
663 387710 140
664 249950 298760
665 280190 298760
666 380990 140
667 350750 140
668 391070 140
669 373150 140
670 317150 140
671 327230 140
672 341790 140
673 389950 140
674 356350 140
675 359710 140
676 233150 298760
677 344030 140
678 340670 140
679 310430 140
680 217470 298760
681 316030 140
682 229790 298760
683 368670 140
684 361950 140
685 394430 140
686 307070 298760
687 163710 298760
688 348510 140
689 593660 145740
690 352990 140
691 406750 140
692 593660 135660
693 382110 140
694 593660 143500
695 593660 142380
696 191710 298760
697 225310 298760
698 170430 298760
699 142430 298760
700 202910 298760
701 181630 298760
702 209630 298760
703 227550 298760
704 220830 298760
705 176030 298760
706 201790 298760
707 192830 298760
708 183870 298760
709 289150 298760
710 310430 298760
711 283550 298760
712 300350 298760
713 290270 298760
714 275710 298760
715 228670 298760
716 284670 298760
717 285790 298760
718 304830 140
719 276830 140
720 292510 298760
721 256670 140
722 268990 140
723 255550 140
724 247710 140
725 243230 140
726 210750 298760
727 305950 140
728 270110 140
729 283550 140
730 272350 140
731 275710 140
732 284670 140
733 307070 140
734 279070 140
735 245470 140
736 271230 140
737 221950 298760
738 294750 298760
739 254430 140
740 236510 140
741 262270 140
742 235390 140
743 237630 140
744 332830 140
745 384350 140
746 326110 140
747 349630 140
748 174910 298760
749 357470 140
750 377630 140
751 355230 140
752 360830 140
753 351870 140
754 322750 298760
755 333950 140
756 369790 298760
757 333950 298760
758 372030 298760
759 240990 298760
760 382110 298760
761 340670 298760
762 304830 298760
763 308190 298760
764 319390 298760
765 366430 298760
766 398910 298760
767 317150 298760
768 384350 298760
769 374270 298760
770 215230 298760
771 396670 140
772 342910 140
773 331710 140
774 383230 298760
775 393310 140
776 400030 140
777 395550 140
778 379870 140
779 365310 140
780 377630 298760
781 291390 298760
782 321630 298760
783 391070 298760
784 411230 298760
785 430270 298760
786 461630 298760
787 397790 298760
788 300350 140
789 345150 140
790 314910 298760
791 378750 140
792 268990 298760
