0 215650 245933
1 204117 169588
2 160942 30824
3 131793 141820
4 371117 144760
5 227093 163927
6 122340 67863
7 173793 150920
8 200370 193783
9 106365 196381
10 245503 212450
11 148758 255211
12 201130 135947
13 189769 76600
14 164653 47444
15 233783 107128
16 135413 169960
17 325107 191969
18 173834 191100
19 146426 262111
20 189037 188533
21 161576 186760
22 293016 123066
23 226875 131366
24 206001 268424
25 66191 134524
26 297754 143591
27 151050 91868
28 253260 231294
29 187902 261016
30 230068 234230
31 273946 160011
32 323285 203326
33 369911 190820
34 211759 219266
35 321416 193666
36 255220 238466
37 254387 185733
38 88858 144173
39 142215 58800
40 345690 180010
41 331486 243320
42 255970 242400
43 161732 64555
44 263311 235900
45 237020 223000
46 69116 71304
47 216429 96600
48 236485 262436
49 184015 111066
50 216285 226268
51 314740 194231
52 173078 98525
53 80591 217311
54 269330 129376
55 260581 285744
56 158460 100450
57 145540 4200
58 310160 113105
59 337535 244109
60 169114 90353
61 145793 253711
62 77313 85062
63 209598 85400
64 178322 175861
65 224308 227400
66 135984 69588
67 137750 77988
68 230670 84663
69 295592 253166
70 270702 90387
71 319567 136360
72 251813 118660
73 233693 294406
74 264423 256943
75 274249 104096
76 248421 253918
77 349258 150920
78 190301 147608
79 329574 93893
80 253135 137941
81 380240 183773
82 336826 78938
83 232401 301000
84 256327 33218
85 231686 33880
86 300748 31266
87 284541 124600
88 216441 194833
89 189464 141654
90 161017 114692
91 286505 313245
92 63521 190768
93 160189 227306
94 329382 117026
95 374424 58176
96 297557 65036
97 285967 104745
98 172744 212990
99 294196 74200
100 352954 53251
101 423425 94805
102 278289 66046
103 356262 210923
104 294275 167618
105 334349 193543
106 447347 103003
107 476046 158884
108 259325 63198
109 345914 144200
110 265611 179680
111 324425 175700
112 299845 188813
113 327446 176680
114 360830 212850
115 286680 254261
116 485732 165945
117 72390 243133
118 433450 288680
119 274778 262920
120 446070 209264
121 459928 286432
122 352355 317100
123 292885 311500
124 262770 312900
125 296239 238631
126 353467 156600
127 354996 257450
128 452397 294706
129 289744 255294
130 319516 339266
131 108140 314020
132 404643 290920
133 214014 274460
134 201917 341636
135 245432 329700
136 185384 334121
137 245062 311640
138 255531 321720
139 357338 327969
140 263669 314806
141 74777 207138
142 218278 343466
143 283344 134600
144 274835 137200
145 101432 197400
146 352450 191100
147 338048 178920
148 312051 184800
149 372382 249951
150 273942 245560
151 250338 238200
152 290648 83618
153 279348 172916
154 86311 305048
155 127775 273000
156 186172 284200
157 199785 279300
158 115791 278600
159 309636 137666
160 359169 138766
161 320530 102200
162 292695 100800
163 354885 149126
164 347747 329000
165 380281 324523
166 337250 286300
167 310758 262200
168 329324 335400
169 253396 322466
170 260761 278600
171 225302 248920
172 257671 125533
173 234840 87992
174 308868 274750
175 174610 261000
176 63683 253063
177 220780 259000
178 275120 166600
179 70964 260866
180 309130 104300
181 299756 98466
182 436823 216942
183 344128 276360
184 314545 298900
185 282454 312200
186 222300 318500
187 260110 300745
188 294798 258600
189 209190 262500
190 252605 312900
191 171475 278800
192 219117 20300
193 230610 21884
194 170905 331800
195 323000 373566
196 225217 101623
197 209570 4200
198 212230 371000
199 375250 15400
200 524970 189000
201 348650 4200
202 368790 9800
203 319390 12600
204 291270 9800
205 292410 15400
206 310270 9800
207 354730 18200
208 532190 144200
209 177650 373800
210 309890 7000
211 347130 12600
212 293170 18200
213 165110 373800
214 299250 12600
215 180690 71400
216 151810 4200
217 299630 18200
218 307610 23800
219 296210 23800
220 15770 267400
221 330790 29400
222 312550 15400
223 296970 7000
224 337630 15400
225 357770 4200
226 307990 18200
227 344090 15400
228 326230 26600
229 12350 264600
230 12350 270200
231 18810 281400
232 5890 270200
233 20330 231000
234 12350 236600
235 13870 231000
236 12350 253400
237 193230 373800
238 5890 247800
239 14630 259000
240 7030 261800
241 12730 242200
242 219830 376600
243 226290 376600
244 245290 343000
245 241490 365400
246 238830 373800
247 273030 348600
248 189810 376600
249 272270 351400
250 231230 368200
251 268090 376600
252 261630 7000
253 258210 376600
254 275690 7000
255 271890 4200
256 287470 7000
257 273790 373800
258 260870 373800
259 257830 371000
260 267330 373800
261 247950 373800
262 268090 9800
263 281390 15400
264 278350 4200
265 282910 18200
266 264670 371000
267 230090 371000
268 219450 373800
269 170050 376600
270 231610 373800
271 235030 365400
272 247190 371000
273 289750 4200
274 285190 12600
275 240730 371000
276 275690 368200
277 366890 373800
278 255930 368200
279 385130 371000
280 7790 233800
281 356250 373800
282 396150 376600
283 366890 368200
284 364610 376600
285 356250 376600
286 332310 18200
287 320910 7000
288 371070 376600
289 334970 4200
290 387410 376600
291 211850 376600
292 329650 15400
293 327370 7000
294 5890 225400
295 178410 368200
296 205390 376600
297 164350 368200
298 347890 371000
299 7410 231000
300 252510 357000
301 245670 376600
302 163590 376600
303 353590 12600
304 341430 4200
305 326230 4200
306 377150 7000
307 380190 376600
308 374490 4200
309 538650 141400
310 372970 21000
311 362330 9800
312 367270 4200
313 223630 371000
314 324330 18200
315 538650 155400
316 537890 161000
317 537890 163800
318 531050 135800
319 529150 147000
320 253270 4200
321 302670 21000
322 306850 4200
323 360050 12600
324 171570 371000
325 211870 140
326 113310 140
327 288030 382090
328 216350 382090
329 280190 382090
330 189470 382090
331 143550 140
332 163710 140
333 184990 382090
334 162590 140
335 137950 140
336 150270 140
337 200670 382090
338 178270 140
339 187230 382090
340 149150 140
341 140 208460
342 169310 382090
343 161470 140
344 140 200620
345 145790 140
346 116670 140
347 132350 140
348 121150 140
349 187230 140
350 183870 140
351 188350 382090
352 211870 382090
353 224190 382090
354 286910 382090
355 234270 140
356 228670 140
357 134590 140
358 144670 140
359 114430 140
360 128990 140
361 117790 140
362 125630 140
363 183870 382090
364 118910 140
365 130110 140
366 131230 140
367 124510 140
368 115550 140
369 126750 140
370 148030 140
371 172670 140
372 160350 140
373 170430 140
374 193950 140
375 171550 140
376 202910 382090
377 226430 140
378 221950 140
379 212990 382090
380 181630 140
381 217470 382090
382 191710 382090
383 282430 382090
384 237630 382090
385 284670 382090
386 199550 382090
387 123390 140
388 154750 140
389 155870 140
390 193950 382090
391 176030 140
392 142430 140
393 158110 140
394 174910 140
395 173790 382090
396 140 198380
397 140 209580
398 122270 140
399 167070 382090
400 164830 140
401 140 192780
402 159230 140
403 135710 140
404 140190 140
405 251070 140
406 246590 140
407 253310 140
408 221950 382090
409 141310 140
410 252190 140
411 238750 140
412 290270 140
413 292510 140
414 208510 382090
415 188350 140
416 220830 382090
417 196190 382090
418 218590 382090
419 228670 382090
420 146910 140
421 229790 382090
422 206270 382090
423 168190 140
424 165950 140
425 186110 382090
426 167070 140
427 153630 140
428 152510 140
429 177150 140
430 182750 382090
431 127870 140
432 140 193900
433 140 197260
434 174910 382090
435 169310 140
436 140 196140
437 151390 140
438 136830 140
439 139070 140
440 263390 140
441 245470 140
442 120030 140
443 249950 140
444 239870 140
445 264510 140
446 277950 382090
447 303710 140
448 299230 140
449 210750 382090
450 186110 140
451 219710 382090
452 190590 382090
453 133470 140
454 177150 382090
455 197310 140
456 204030 382090
457 375390 140
458 544190 189420
459 363070 140
460 400030 382090
461 331710 140
462 368670 382090
463 320510 140
464 402270 382090
465 374270 382090
466 394430 382090
467 323870 140
468 403390 382090
469 349630 140
470 280190 140
471 140 220780
472 295870 140
473 140 215180
474 225310 382090
475 181630 382090
476 140 214060
477 140 218540
478 140 225260
479 298110 140
480 317150 140
481 313790 140
482 321630 140
483 354110 140
484 339550 140
485 351870 140
486 348510 140
487 162590 382090
488 140 249900
489 159230 382090
490 140 270060
491 176030 382090
492 140 243180
493 179390 382090
494 140 274540
495 163710 382090
496 140 252140
497 140 273420
498 178270 382090
499 198430 382090
500 276830 382090
501 275710 382090
502 305950 382090
503 301470 382090
504 263390 382090
505 245470 382090
506 270110 382090
507 266750 382090
508 246590 382090
509 304830 382090
510 261150 140
511 214110 382090
512 276830 140
513 253310 382090
514 274590 140
515 260030 140
516 248830 382090
517 209630 382090
518 256670 382090
519 244350 382090
520 205150 382090
521 227550 140
522 270110 140
523 265630 140
524 260030 382090
525 277950 140
526 265630 382090
527 281310 382090
528 197310 382090
529 236510 382090
530 296990 140
531 291390 140
532 286910 140
533 282430 140
534 283550 140
535 295870 382090
536 357470 382090
537 264510 382090
538 378750 382090
539 230910 382090
540 354110 382090
541 320510 382090
542 329470 382090
543 339550 382090
544 356350 382090
545 273470 382090
546 311550 382090
547 289150 382090
548 328350 382090
549 330590 382090
550 285790 382090
551 324990 382090
552 319390 382090
553 340670 382090
554 347390 382090
555 310430 382090
556 360830 382090
557 363070 382090
558 350750 382090
559 336190 382090
560 338430 382090
561 240990 382090
562 341790 140
563 377630 382090
564 308190 140
565 407870 382090
566 374270 140
567 406750 382090
568 397790 382090
569 396670 382090
570 350750 140
571 360830 140
572 207390 382090
573 337310 140
574 544190 151340
575 544190 152460
576 544190 159180
577 544190 156940
578 544190 165900
579 335070 140
580 544190 171500
581 318270 140
582 544190 183820
583 161470 382090
584 215230 382090
585 382110 140
586 544190 188300
587 352990 140
588 373150 140
589 322750 140
590 294750 140
591 300350 140
592 319390 140
593 377630 140
594 544190 154700
595 180510 382090
596 312670 140
597 364190 140
598 304830 140
599 165950 382090
600 311550 140
601 173790 140
602 156990 140
603 302590 140
604 310430 140
605 301470 140
606 140 267820
607 333950 140
608 316030 140
609 314910 140
610 340670 140
611 361950 140
612 309310 140
613 347390 140
614 330590 140
615 140 266700
616 140 272300
617 140 281260
618 140 271180
619 140 236460
620 140 237580
621 140 231980
622 140 254380
623 195070 382090
624 140 248780
625 140 259980
626 140 261100
627 140 242060
628 242110 382090
629 252190 382090
630 257790 382090
631 251070 382090
632 243230 382090
633 283550 382090
634 192830 382090
635 279070 382090
636 232030 382090
637 272350 382090
638 262270 140
639 261150 382090
640 275710 140
641 268990 140
642 288030 140
643 268990 382090
644 262270 382090
645 168190 382090
646 254430 382090
647 271230 382090
648 235390 382090
649 271230 140
650 284670 140
651 281310 140
652 285790 140
653 267870 382090
654 233150 382090
655 223070 382090
656 170430 382090
657 234270 382090
658 238750 382090
659 249950 382090
660 293630 140
661 289150 140
662 239870 382090
663 274590 382090
664 376510 382090
665 258910 382090
666 388830 382090
667 140 230860
668 361950 382090
669 398910 382090
670 369790 382090
671 366430 382090
672 372030 382090
673 336190 140
674 324990 140
675 375390 382090
676 338430 140
677 391070 382090
678 227550 382090
679 332830 140
680 329470 140
681 140 226380
682 172670 382090
683 201790 382090
684 164830 382090
685 351870 382090
686 140 233100
687 255550 382090
688 247710 382090
689 160350 382090
690 365310 140
691 345150 140
692 328350 140
693 380990 140
694 384350 382090
695 378750 140
696 544190 140140
697 376510 140
698 368670 140
699 370910 140
700 226430 382090
701 327230 140
702 544190 146860
703 544190 149100
704 544190 163660
705 544190 135660
706 544190 139020
707 256670 140
708 305950 140
709 326110 140
710 372030 140
711 171550 382090
