0 26926 11311
1 10486 27033
2 29756 24967
3 16904 14850
4 32371 9329
5 21576 10395
6 23882 22608
7 14342 6904
8 7925 21906
9 12302 27096
10 33745 11316
11 35784 12362
12 31711 28237
13 2241 16605
14 35029 12053
15 31123 12405
16 29164 24458
17 20153 21452
18 25968 11151
19 31290 25177
20 15730 23769
21 11110 21305
22 16991 7638
23 27925 11995
24 32940 28564
25 15368 22798
26 26529 9932
27 37568 9045
28 27055 23355
29 20757 24683
30 16737 21465
31 42071 26611
32 39023 28683
33 7553 36661
34 41551 26176
35 40369 25050
36 24790 39570
37 9506 33467
38 39417 26055
39 39408 37215
40 47009 36435
41 24746 41935
42 17955 33285
43 27092 39555
44 14347 31320
45 17746 32985
46 8445 35091
47 14185 29362
48 39312 29187
49 26835 37642
50 19386 34989
51 18242 28768
52 7859 34343
53 15379 30307
54 2457 24975
55 24177 27855
56 6973 13892
57 25376 15544
58 32074 32487
59 42436 29538
60 27533 31330
61 29492 20172
62 40577 26155
63 24840 23848
64 31032 26295
65 21299 18241
66 8680 32400
67 28680 15075
68 17442 18679
69 8807 12983
70 27423 31425
71 30285 18868
72 26970 30473
73 13368 14580
74 24478 22081
75 24930 13005
76 37395 12697
77 22837 7920
78 8526 25609
79 29317 33727
80 25997 15910
81 41177 15682
82 43313 16367
83 29633 35661
84 17807 20826
85 28392 37611
86 12684 24100
87 42048 12841
88 19166 10587
89 26172 9360
90 28364 25796
91 8257 29023
92 29747 30386
93 26361 9900
94 28591 35154
95 29174 11038
96 34052 16533
97 27491 24030
98 26254 17523
99 31375 12675
100 39024 10233
101 28416 24228
102 29946 20763
103 32499 34131
104 42536 25900
105 28437 21161
106 32628 24258
107 25947 12825
108 31458 16493
109 17619 4377
110 17010 7347
111 8508 10626
112 10030 31275
113 42882 16779
114 44950 21207
115 44122 32436
116 43327 15100
117 49718 10667
118 42276 20375
119 43347 20718
120 34887 13365
121 43738 18645
122 43639 33609
123 43041 3255
124 47574 10125
125 43620 30876
126 21009 32685
127 42235 15867
128 38949 22545
129 43313 10179
130 21105 38367
131 39955 23247
132 51244 12664
133 41273 22426
134 50452 10665
135 48609 10010
136 24234 32535
137 30802 31915
138 52014 12705
139 45508 9382
140 52589 8955
141 38045 16577
142 49795 22236
143 48026 19676
144 30915 16281
145 50940 17469
146 39999 16590
147 30380 16335
148 42557 14580
149 42865 15705
150 37782 15783
151 49903 14560
152 26059 17595
153 49182 28005
154 37530 14238
155 49194 14445
156 39169 20216
157 39771 17586
158 37274 19395
159 52335 20165
160 37918 19832
161 40478 19874
162 52257 17047
163 54675 25085
164 52588 20500
165 23115 30529
166 29126 34155
167 44739 40770
168 39275 42781
169 28806 37430
170 52839 33320
171 28289 33760
172 28935 34860
173 35690 43640
174 42598 38667
175 30888 35285
176 18468 30442
177 27933 35337
178 34842 39947
179 46485 42723
180 32311 43990
181 28168 36707
182 28176 39645
183 33069 37621
184 41077 38907
185 31944 36180
186 36693 41625
187 36682 40821
188 32796 42300
189 6357 20137
190 14148 14478
191 23084 7234
192 15687 40995
193 21321 22563
194 7584 21136
195 19242 20269
196 15120 19185
197 20473 21763
198 10611 17631
199 17488 41533
200 16872 22836
201 8547 22313
202 22331 23895
203 21832 15849
204 16483 24772
205 17946 23565
206 15561 23130
207 11781 19697
208 18303 22477
209 15305 16836
210 15579 46350
211 9126 21985
212 10935 22680
213 9408 19886
214 27726 6161
215 34682 13109
216 36348 12453
217 25987 4682
218 28539 7920
219 32535 6762
220 29340 8010
221 39969 6337
222 39438 13702
223 37665 11970
224 38173 18810
225 37701 5947
226 42728 7500
227 35650 4050
228 40435 4320
229 35659 7130
230 42356 8190
231 33705 27236
232 31404 37240
233 34563 24909
234 35056 29430
235 34380 24225
236 38136 26235
237 34681 27877
238 19817 28570
239 20934 19462
240 16904 24489
241 21766 30831
242 25015 29767
243 16453 20177
244 20718 28185
245 19618 19946
246 20376 28053
247 24516 28215
248 23463 28991
249 22534 30208
250 51731 32101
251 44230 28170
252 41468 27214
253 41472 25834
254 40955 27327
255 52842 34102
256 49825 33679
257 48072 33535
258 46881 34740
259 50833 33934
260 51806 32940
261 19331 13705
262 17910 15115
263 29708 13967
264 22103 15445
265 17247 10815
266 35200 38436
267 40255 34048
268 25831 38757
269 34005 37635
270 40943 33495
271 40203 30429
272 39605 30645
273 36092 32703
274 42590 31069
275 22644 20947
276 23638 19440
277 24638 26079
278 28696 19160
279 32883 18778
280 18637 21945
281 35151 20156
282 27525 18372
283 51586 25040
284 32006 23972
285 40948 28026
286 38678 24684
287 52128 21735
288 48360 22545
289 52731 27877
290 51000 21906
291 46352 40003
292 38309 21657
293 48650 41708
294 42795 39251
295 42160 39825
296 19256 43451
297 25710 40115
298 13294 41715
299 18594 44370
300 20268 41580
301 14223 43497
302 17577 40659
303 17242 28080
304 19053 36302
305 15368 33156
306 26635 36922
307 23082 35437
308 20467 35973
309 21177 32310
310 26332 43519
311 6142 16740
312 27229 44820
313 3226 24570
314 55093 28350
315 56416 28485
316 55255 28755
317 54202 28755
318 57469 29835
319 51691 26730
320 57469 30105
321 57442 30375
322 57496 30645
323 54877 28620
324 7843 21870
325 52339 28485
326 50017 26055
327 37327 6750
328 37759 2565
329 35437 2430
330 37354 2565
331 36139 2430
332 35275 3105
333 35761 2970
334 35761 2295
335 8086 23625
336 40621 7020
337 55687 21600
338 41215 6480
339 40891 6480
340 36679 6210
341 36382 6480
342 39379 6615
343 40648 6750
344 2875 16875
345 5089 17145
346 8410 20115
347 7978 19710
348 2605 17820
349 22234 3105
350 4927 17145
351 24016 2430
352 14458 43335
353 8815 21195
354 3037 17685
355 2686 18360
356 9004 19305
357 23179 2295
358 22990 2700
359 20614 3375
360 2740 24300
361 26932 2295
362 25474 2295
363 2956 25515
364 21856 2565
365 17779 3105
366 30010 46305
367 28039 46305
368 26824 45495
369 28309 45765
370 28147 44685
371 29632 44685
372 28930 46575
373 28066 45765
374 22126 46575
375 36868 42255
376 36814 42120
377 34519 40770
378 36058 42255
379 57496 31995
380 35842 41985
381 37948 42660
382 34897 41985
383 33223 40230
384 28471 46035
385 15295 43200
386 29848 45765
387 30685 2565
388 32953 43335
389 32440 39690
390 33142 40095
391 33871 40905
392 31603 43740
393 30577 46170
394 28498 44820
395 29146 45225
396 8599 26190
397 29551 46440
398 30415 46440
399 32143 43605
400 31468 46575
401 57469 28215
402 51421 26865
403 57496 30915
404 57442 29160
405 57334 29565
406 49747 26325
407 8680 29700
408 52501 29295
409 56821 28890
410 25366 6345
411 25663 6075
412 23989 6075
413 27850 7965
414 29794 2430
415 29254 2295
416 31765 2700
417 36814 3105
418 8788 26055
419 36841 2565
420 38974 2295
421 37759 6750
422 41674 2430
423 39001 2430
424 41647 7290
425 51016 19035
426 40756 7560
427 43321 7560
428 45778 2565
429 3361 17280
430 56416 21465
431 56929 22545
432 56713 20790
433 56794 23085
434 56659 21060
435 57550 22950
436 57307 28755
437 57496 27945
438 56497 29295
439 56281 29160
440 38515 19462
441 34400 17050
442 17145 26697
443 22455 40050
444 26199 45145
445 34950 39491
446 28534 40905
447 29628 41899
448 39709 32691
449 36733 25695
450 31284 16830
451 42504 18765
452 27468 48876
453 14220 48876
454 33516 48876
455 33420 48876
456 35340 48876
457 32076 48876
458 29580 48876
459 25932 48876
460 27180 48876
461 29196 48876
462 28908 48876
463 29292 48876
464 42 24396
465 30924 48876
466 32844 48876
467 33516 42
468 31404 42
469 27276 42
470 34188 42
471 34284 42
472 32652 42
473 33900 42
474 33708 42
475 42 23724
476 30156 42
477 29196 42
478 29100 42
479 29676 42
480 30060 42
481 30540 42
482 31212 42
483 30924 42
484 42 23628
485 42 19500
486 42 22860
487 42 21612
488 42 22092
489 42 17004
490 42 17868
491 42 16716
492 12492 48876
493 42 20940
494 42 19596
495 42 20556
496 42 20076
497 25356 42
498 42 25068
499 42 24684
500 42 25932
501 42 26412
502 42 26316
503 42 25644
504 42 26220
505 42 25260
506 26988 48876
507 27084 48876
508 25548 48876
509 28332 48876
510 26796 48876
511 27564 48876
512 27756 48876
513 28140 48876
514 13068 48876
515 26700 48876
516 26892 42
517 27372 48876
518 26988 42
519 27564 42
520 27084 42
521 29292 42
522 31788 42
523 32268 42
524 31692 42
525 42 26892
526 27180 42
527 31980 42
528 31500 42
529 30636 42
530 30828 42
531 32172 42
532 30444 42
533 29772 42
534 29484 42
535 27948 48876
536 42 26508
537 30828 48876
538 29772 48876
539 31692 48876
540 31596 48876
541 30636 48876
542 29004 48876
543 24876 48876
544 33132 48876
545 35244 48876
546 34284 48876
547 42 27948
548 34188 48876
549 31500 48876
550 26124 42
551 26028 42
552 42 25164
553 25836 42
554 28236 42
555 27660 42
556 30252 42
557 33420 42
558 42 25836
559 31020 42
560 32364 42
561 25164 42
562 33132 42
563 33324 42
564 31884 42
565 33036 42
566 32844 42
567 26316 42
568 29868 42
569 42 24972
570 25932 42
571 29484 48876
572 30348 42
573 30540 48876
574 31308 42
575 31404 48876
576 29868 48876
577 30252 48876
578 27276 48876
579 32172 48876
580 42 24780
581 42 25548
582 26508 48876
583 29580 42
584 33996 48876
585 35148 48876
586 34572 48876
587 60106 28140
588 60106 28812
589 60106 27468
590 60106 29004
591 60106 27372
592 60106 26508
593 60106 27084
594 32652 48876
595 35052 48876
596 60106 25644
597 36012 42
598 35340 42
599 35436 42
600 35628 42
601 34572 42
602 34092 42
603 33996 42
604 35532 42
605 24492 42
606 37836 42
607 38892 42
608 38700 42
609 37260 42
610 37164 42
611 34380 42
612 35916 42
613 60106 23052
614 42 21132
615 42 17772
616 42 22764
617 42 20652
618 42 20364
619 42 24588
620 16524 48876
621 24588 48876
622 15564 48876
623 42 23148
624 42 23820
625 42 20844
626 42 20268
627 42 21228
628 24876 42
629 42 20172
630 42 22380
631 42 22284
632 25740 42
633 23532 48876
634 42 21516
635 42 24108
636 25740 48876
637 26028 48876
638 24204 48876
639 26220 48876
640 26124 48876
641 26412 48876
642 26316 48876
643 26604 48876
644 25644 48876
645 34476 48876
646 35532 48876
647 35820 48876
648 33708 48876
649 34092 48876
650 34668 48876
651 35724 48876
652 33900 48876
653 34764 48876
654 35628 48876
655 31020 48876
656 33612 48876
657 33804 48876
658 32268 48876
659 32556 48876
660 31308 48876
661 32364 48876
662 27660 48876
663 29100 48876
664 28236 48876
665 28428 48876
666 27852 48876
667 30348 48876
668 28044 48876
669 31116 48876
670 33228 48876
671 60106 30252
672 60106 28524
673 60106 30732
674 60106 25164
675 60106 25932
676 60106 26124
677 42 24876
678 60106 25740
679 60106 23724
680 42 19404
681 23148 42
682 22764 42
683 37932 42
684 60106 21516
685 25548 42
686 31596 42
687 33612 42
688 25068 42
689 35724 42
690 36876 42
691 37068 42
692 38796 42
693 36588 42
694 38508 42
695 60106 20940
696 41580 42
697 42444 42
698 60106 21228
699 34476 42
700 60106 21900
701 40620 42
702 60106 23244
703 60106 23628
704 60106 23148
705 60106 25260
706 60106 27756
707 60106 27660
708 60106 27564
709 34860 48876
710 26796 42
711 42 24300
712 60106 28332
713 60106 28428
714 60106 29100
715 60106 28908
716 60106 29868
717 60106 27180
718 60106 30348
719 60106 30444
720 60106 30636
721 60106 27852
722 42 21900
723 60106 26028
724 60106 25836
725 37356 42
726 38028 42
727 36108 42
728 37644 42
729 36204 42
730 35820 42
731 36300 42
732 36396 42
733 42 23916
734 40044 42
735 60106 21996
736 39852 42
737 39468 42
738 36684 42
739 36492 42
740 37452 42
741 38604 42
742 42 16812
743 42 17196
744 42 21420
745 42 20748
746 42 17580
747 22476 42
748 42 16908
749 24012 42
750 14796 48876
751 42 21324
752 42 17676
753 42 19308
754 42 19884
755 23916 42
756 25260 42
757 22572 42
758 42 23436
759 27852 42
760 27948 42
761 42 25356
762 26508 42
763 26220 42
764 30444 48876
765 28620 48876
766 26892 48876
767 28716 48876
768 28524 48876
769 30156 48876
770 29388 48876
771 28812 48876
772 22380 48876
773 36780 48876
774 37164 48876
775 34956 48876
776 36300 48876
777 60106 31884
778 36012 48876
779 37836 48876
780 35436 48876
781 35916 48876
782 31884 48876
783 15372 48876
784 30732 48876
785 31116 42
786 33036 48876
787 32940 48876
788 33324 48876
789 34380 48876
790 32460 48876
791 31980 48876
792 29676 48876
793 29964 48876
794 42 24492
795 30060 48876
796 31212 48876
797 32748 48876
798 31788 48876
799 60106 28236
800 60106 26988
801 60106 30924
802 60106 29388
803 60106 29676
804 60106 26220
805 42 27468
806 60106 29772
807 60106 29196
808 25452 42
809 25644 42
810 23628 42
811 27756 42
812 29964 42
813 29388 42
814 32076 42
815 36780 42
816 42 25452
817 36972 42
818 39180 42
819 38316 42
820 42060 42
821 39276 42
822 42732 42
823 60106 20556
824 41004 42
825 45420 42
826 46380 42
827 42 17100
828 60106 22668
829 60106 24588
830 60106 23820
831 60106 25068
832 60106 22956
833 60106 24684
834 60106 28716
835 60106 29292
836 60106 29484
837 60106 29580
838 42 16524
