0 33153 14985
1 32052 40668
2 40841 28850
3 21765 21969
4 41981 13159
5 30814 11965
6 30616 24907
7 20357 9243
8 25080 25659
9 19826 28277
10 39083 14229
11 51082 15505
12 43421 32553
13 29079 2295
14 43126 11899
15 38298 15384
16 42092 34089
17 25836 23293
18 17725 13014
19 15298 24109
20 12543 13293
21 45445 28879
22 28128 23643
23 33472 12477
24 43342 32439
25 27178 23661
26 32967 11340
27 36561 21785
28 23044 26757
29 48795 31899
30 51885 32835
31 8975 37572
32 50171 29991
33 53138 29977
34 30915 40545
35 12816 33116
36 50701 33262
37 51192 41715
38 59913 42880
39 30780 43519
40 31161 36915
41 32994 41125
42 21238 34728
43 50222 24151
44 25311 24782
45 19753 31792
46 48019 36551
47 47052 36495
48 37485 34179
49 13950 31166
50 8678 36564
51 23261 33905
52 13992 34986
53 2889 26865
54 30951 27525
55 7891 14349
56 43154 18655
57 38318 35672
58 45772 28057
59 42736 34950
60 34584 34175
61 38232 22891
62 47259 22111
63 38244 23355
64 28264 21449
65 28973 33698
66 37995 18393
67 28201 20520
68 51321 23978
69 34756 28092
70 12416 12521
71 23163 10168
72 32481 10611
73 44483 13905
74 30379 11025
75 36352 17415
76 38326 39042
77 10635 30002
78 35663 17723
79 48824 16205
80 56975 20430
81 37211 37065
82 32373 39255
83 18107 25827
84 25129 12902
85 37613 26519
86 38548 19586
87 39554 39811
88 36816 13995
89 39912 38983
90 35044 13962
91 28992 12045
92 35461 25307
93 35308 29771
94 39196 15150
95 47742 12602
96 51483 31590
97 38659 28024
98 42327 39907
99 52179 32457
100 35472 23952
101 42201 28234
102 35721 2295
103 18927 11475
104 49161 15570
105 48953 24458
106 49163 15327
107 45731 17422
108 61897 15178
109 27445 40635
110 41213 13095
111 49084 15930
112 47819 10125
113 60864 16267
114 26516 35316
115 47233 24931
116 45289 19932
117 45141 21407
118 52795 13689
119 62095 17338
120 29370 37935
121 48908 19702
122 39663 31880
123 59339 12318
124 66084 13612
125 51476 20424
126 65664 31686
127 68931 22977
128 55063 23265
129 65682 22778
130 71341 31300
131 54534 21540
132 39713 19150
133 55176 20865
134 60597 28781
135 61081 23277
136 34263 20385
137 63378 37425
138 53306 18377
139 55890 18128
140 63558 25815
141 53097 23436
142 66080 20452
143 28392 21030
144 65579 19150
145 31195 33345
146 51633 45814
147 36359 38211
148 41928 38410
149 38630 49308
150 55075 39766
151 35211 37290
152 39083 48508
153 51901 43257
154 23409 32737
155 38727 46356
156 37398 46305
157 36472 40824
158 35079 41107
159 43433 48904
160 44006 39931
161 50344 43605
162 42995 38513
163 24231 22275
164 11795 22643
165 16524 17516
166 33229 6768
167 21105 43605
168 22946 25370
169 11727 22978
170 22186 26153
171 22307 24946
172 22608 20085
173 21735 23740
174 15527 19992
175 19112 23239
176 27414 22446
177 11458 24759
178 29157 26995
179 25681 19575
180 26448 28150
181 28431 22455
182 14378 19894
183 19802 18765
184 23661 45000
185 30800 36045
186 10023 21797
187 37489 6782
188 44847 11880
189 38628 8910
190 41209 7502
191 53566 9173
192 49471 18147
193 54002 9187
194 51409 7185
195 56065 29397
196 53466 27205
197 53237 28316
198 25858 30381
199 25304 23111
200 28827 24030
201 29698 30477
202 26494 32080
203 28407 32322
204 29659 30138
205 54888 38635
206 45783 36169
207 45557 29089
208 49472 39636
209 55390 38812
210 23834 15511
211 21336 16415
212 19677 16548
213 27753 16438
214 42436 42930
215 41320 30734
216 42970 27540
217 45075 30831
218 41924 27978
219 40446 29475
220 44048 27212
221 25033 23670
222 31475 23265
223 43262 22210
224 40820 21385
225 66624 34754
226 47485 28902
227 68523 33468
228 68070 35835
229 55733 45534
230 49910 35751
231 50520 44085
232 50226 45798
233 31417 38718
234 22761 45335
235 34700 41073
236 20518 45030
237 18552 45765
238 22034 41877
239 21682 29880
240 22492 38332
241 19153 34209
242 26131 39285
243 22343 36634
244 32431 39768
245 3172 22005
246 33574 46440
247 32035 51030
248 48073 50760
249 46453 47520
250 45643 52110
251 46750 51570
252 47965 51705
253 72400 29295
254 48775 50220
255 47236 52245
256 48505 49410
257 45913 51435
258 3523 24705
259 45508 51705
260 47533 5265
261 41620 8235
262 50314 4320
263 37300 6480
264 41107 3240
265 46183 3645
266 44617 5805
267 44401 3105
268 43780 6480
269 3253 26055
270 43456 3375
271 51961 9180
272 46858 3915
273 46723 5940
274 45400 7695
275 44806 4185
276 42484 2565
277 44266 8370
278 3361 21465
279 24880 5130
280 3523 23760
281 3091 22005
282 24907 6075
283 29065 5670
284 4117 21735
285 31198 3375
286 24799 51435
287 3901 25245
288 28228 4860
289 29335 4050
290 2983 23625
291 28120 3645
292 28012 3240
293 27931 4455
294 30415 2970
295 32197 3105
296 34087 2835
297 4333 26460
298 29551 3510
299 27094 5670
300 40648 48465
301 33196 48600
302 34654 52110
303 37489 48600
304 36760 51975
305 38056 48465
306 37867 47790
307 36004 48600
308 28876 51705
309 45049 51975
310 46480 51030
311 38839 45225
312 36166 46710
313 43078 51975
314 45238 51975
315 46750 51975
316 42673 48465
317 42079 47520
318 33331 51705
319 3037 29565
320 31360 47655
321 33898 51975
322 43888 47520
323 43888 48600
324 40270 46305
325 42133 52245
326 44455 48870
327 39325 48465
328 35545 51705
329 35977 51975
330 4333 27945
331 37219 48735
332 40891 48735
333 41323 48465
334 40432 48330
335 72319 30915
336 70888 30105
337 73480 36045
338 73561 31995
339 73696 32535
340 73642 30915
341 3766 30645
342 50935 51705
343 73588 30375
344 34087 6480
345 34924 6885
346 32251 6345
347 34897 6345
348 39703 52110
349 38164 2565
350 40027 3240
351 49666 7425
352 3577 28215
353 53878 9450
354 55903 3645
355 72454 18495
356 53824 3375
357 51799 3645
358 51691 4320
359 52312 4320
360 54148 3375
361 73696 22545
362 73696 23085
363 3442 22545
364 73507 26595
365 72103 26730
366 71968 28215
367 70078 28620
368 71860 25515
369 72697 26325
370 48316 48600
371 71617 30105
372 47182 51030
373 48046 50220
374 41765 14765
375 41601 13740
376 30716 21308
377 33522 44070
378 44022 44340
379 40967 43944
380 42451 20395
381 48242 13257
382 56746 22449
383 36492 54498
384 42 33036
385 45228 54498
386 44268 54498
387 42252 54498
388 42636 54498
389 35532 42
390 33516 54498
391 33900 54498
392 35436 42
393 38412 54498
394 36492 42
395 31980 54498
396 39564 54498
397 42060 54498
398 39180 42
399 36588 42
400 34188 42
401 39084 42
402 42156 42
403 41100 42
404 38988 42
405 40908 42
406 42 26508
407 36108 42
408 37836 42
409 37356 42
410 37740 42
411 38028 42
412 38220 42
413 39564 42
414 38316 42
415 42 25932
416 42 22764
417 42 25452
418 42 23532
419 42 25164
420 29004 42
421 42 20940
422 42 19500
423 42 33132
424 42 24588
425 42 22572
426 42 23148
427 42 24108
428 34284 42
429 28332 54498
430 42 27564
431 42 29388
432 32652 54498
433 42 29964
434 32172 54498
435 42 28620
436 42 28332
437 34668 54498
438 33612 54498
439 32460 54498
440 38604 54498
441 34764 54498
442 36204 54498
443 37068 54498
444 35340 54498
445 42 32652
446 34476 42
447 34572 54498
448 35052 54498
449 34668 42
450 35916 42
451 35148 42
452 37260 42
453 40524 42
454 39660 42
455 37068 42
456 42 30252
457 35052 42
458 39852 42
459 40236 42
460 38604 42
461 37932 42
462 40140 42
463 37164 42
464 37644 42
465 37452 42
466 37260 54498
467 42 28524
468 37548 54498
469 38988 54498
470 40620 54498
471 39276 54498
472 39660 54498
473 37740 54498
474 32748 54498
475 41004 54498
476 45132 54498
477 44844 54498
478 42 29772
479 43212 54498
480 43308 54498
481 33420 42
482 33804 42
483 32364 54498
484 33516 42
485 37548 42
486 36300 42
487 38508 42
488 42732 42
489 42 28140
490 39852 54498
491 36780 42
492 33612 42
493 39468 42
494 42636 42
495 41388 42
496 38796 42
497 40716 42
498 35340 42
499 36396 42
500 42 27180
501 35820 42
502 37932 54498
503 38796 54498
504 39180 54498
505 40044 54498
506 39084 54498
507 40236 54498
508 37836 54498
509 33996 54498
510 41676 54498
511 42 27276
512 32268 54498
513 35820 54498
514 38316 54498
515 41964 54498
516 43884 54498
517 45036 54498
518 45420 54498
519 46668 54498
520 47628 54498
521 47532 54498
522 47532 42
523 46764 54498
524 45900 54498
525 40044 42
526 42924 54498
527 44940 54498
528 40332 42
529 40812 42
530 38700 42
531 38892 42
532 43596 42
533 41868 42
534 40428 42
535 42444 42
536 35244 42
537 41292 42
538 43404 42
539 42348 42
540 43212 42
541 41676 42
542 42828 42
543 42252 42
544 42924 42
545 34956 42
546 27564 42
547 31500 42
548 30924 42
549 26028 42
550 42 27660
551 19980 54498
552 26892 54498
553 22956 54498
554 42 27084
555 42 26988
556 30444 42
557 29772 42
558 31116 42
559 29676 42
560 31980 42
561 30636 42
562 29868 42
563 32364 42
564 31692 54498
565 32268 42
566 30348 42
567 33132 54498
568 33708 54498
569 30540 54498
570 34860 54498
571 34380 54498
572 34956 54498
573 35148 54498
574 32940 54498
575 31788 54498
576 44172 54498
577 44556 54498
578 42732 54498
579 39756 54498
580 43404 54498
581 43500 54498
582 44748 54498
583 42156 54498
584 44460 54498
585 44364 54498
586 40332 54498
587 40908 54498
588 43980 54498
589 42828 54498
590 41580 54498
591 40140 54498
592 41484 54498
593 36300 54498
594 38700 54498
595 36012 54498
596 36108 54498
597 35916 54498
598 37356 54498
599 37644 54498
600 41196 54498
601 38892 54498
602 76158 31212
603 76158 30348
604 76158 33228
605 76158 29484
606 76158 30540
607 50604 54498
608 32556 54498
609 76158 31308
610 49356 42
611 31884 42
612 32076 42
613 31788 42
614 49452 42
615 48780 42
616 35724 42
617 48108 42
618 49260 42
619 34860 42
620 53964 42
621 51756 42
622 53868 42
623 52524 42
624 50988 42
625 50316 42
626 49836 42
627 51660 42
628 76158 23724
629 76158 25356
630 47628 42
631 76158 28332
632 76158 28812
633 76158 28908
634 76158 28524
635 48204 42
636 76158 28428
637 47340 54498
638 50028 54498
639 76158 31404
640 39756 42
641 33708 42
642 33420 54498
643 47244 54498
644 46476 54498
645 45996 54498
646 46956 54498
647 48108 54498
648 76158 29580
649 48972 54498
650 47436 54498
651 48876 54498
652 46092 54498
653 42 25068
654 45804 54498
655 48012 42
656 40620 42
657 50796 42
658 38124 42
659 41196 42
660 47148 42
661 43500 42
662 44652 42
663 43308 42
664 42 26604
665 43692 42
666 51948 42
667 46572 42
668 46860 42
669 42540 42
670 44748 42
671 42060 42
672 44844 42
673 42 21612
674 24492 42
675 42 24684
676 42 22668
677 24972 42
678 29484 42
679 42 21708
680 31692 42
681 25260 54498
682 42 25644
683 28236 42
684 29388 42
685 42 24204
686 30828 42
687 30252 42
688 28908 42
689 30540 42
690 32652 42
691 34764 42
692 42 26412
693 32172 42
694 31308 42
695 40716 54498
696 35628 54498
697 35244 54498
698 38124 54498
699 36972 54498
700 38028 54498
701 38220 54498
702 37164 54498
703 29004 54498
704 46284 54498
705 47148 54498
706 42348 54498
707 36588 54498
708 45516 54498
709 45324 54498
710 46860 54498
711 43116 54498
712 42444 54498
713 33804 54498
714 42 29196
715 32076 54498
716 34476 54498
717 44076 54498
718 43020 54498
719 41100 54498
720 42540 54498
721 44652 54498
722 40524 54498
723 36396 54498
724 36684 54498
725 42 27852
726 37452 54498
727 40428 54498
728 41292 54498
729 40812 54498
730 76158 31116
731 76158 29772
732 76158 35916
733 76158 32652
734 76158 32556
735 76158 31020
736 42 28716
737 51372 54498
738 76158 30444
739 34092 42
740 34572 42
741 31596 42
742 34380 42
743 39948 54498
744 38412 42
745 39948 42
746 49644 42
747 42 27756
748 53772 42
749 55980 42
750 76158 18732
751 54156 42
752 52332 42
753 52428 42
754 53004 42
755 54636 42
756 76158 22860
757 76158 23532
758 42 22476
759 76158 28140
760 76158 29292
761 76158 29004
762 76158 29100
763 76158 28044
764 76158 27564
765 48492 54498
766 76158 29964
767 47052 54498
768 48204 54498
769 42 22092
