0 36698 13833
1 23992 39285
2 20745 30222
3 31803 21185
4 41101 10485
5 32418 13473
6 34189 22227
7 9663 14047
8 25497 29916
9 23481 34549
10 39370 11983
11 54345 15660
12 46287 25749
13 2565 17415
14 40299 11392
15 37130 19143
16 48558 25515
17 29762 22925
18 19456 28341
19 12787 24411
20 48211 21843
21 28909 17685
22 12057 13350
23 33490 14259
24 48517 18279
25 29064 18225
26 33716 10833
27 55065 27706
28 52443 30801
29 49783 27005
30 57703 27105
31 32797 38079
32 53442 29693
33 58576 34813
34 27807 37107
35 33163 36363
36 27999 36945
37 34522 37915
38 26260 40500
39 24067 38846
40 52779 34444
41 39201 39334
42 20930 39036
43 9924 33057
44 25638 40287
45 13344 31753
46 2403 26325
47 27201 25695
48 10566 25886
49 40943 15795
50 36106 34065
51 45125 21713
52 42893 28129
53 40753 21118
54 47010 18487
55 26265 11783
56 32053 19781
57 36354 22275
58 48019 35733
59 29922 18663
60 54721 20115
61 15622 21296
62 40752 14343
63 40705 11340
64 19282 11610
65 42728 33718
66 16636 39391
67 33443 30006
68 50019 12632
69 41400 38623
70 12466 19957
71 38763 39595
72 18066 23020
73 50179 11619
74 22383 15293
75 34854 10635
76 37596 32211
77 33856 14271
78 47407 36861
79 25572 10009
80 38536 34906
81 31853 12160
82 17505 41205
83 28464 14154
84 32419 36390
85 40771 17172
86 55718 10617
87 56033 17670
88 38145 35336
89 37159 38947
90 53003 25052
91 32432 23393
92 38631 29844
93 35559 2835
94 36129 21444
95 9496 16759
96 38449 22303
97 52526 12479
98 51482 19234
99 47789 14166
100 49015 7358
101 27938 28788
102 70355 10249
103 55795 7323
104 26395 32703
105 44331 16372
106 42294 15263
107 40397 7695
108 54327 8367
109 25692 31515
110 55497 18549
111 44021 33770
112 42881 6021
113 47921 6518
114 56018 16200
115 56526 13815
116 73675 21947
117 45015 20586
118 59805 13397
119 67616 22196
120 74041 28330
121 45144 17793
122 56143 17496
123 62400 19999
124 37822 17887
125 76740 28485
126 60822 20805
127 55126 18757
128 54230 20751
129 29284 19366
130 70186 28780
131 71344 22072
132 43467 32775
133 64734 41235
134 44011 36189
135 46010 35362
136 55289 28794
137 41668 33422
138 48491 43671
139 67561 37935
140 32663 30813
141 39885 34710
142 47614 41880
143 43242 43875
144 42032 36193
145 52670 43299
146 64600 38367
147 66071 41977
148 45541 34361
149 27026 21144
150 10513 18330
151 23348 14141
152 21195 44370
153 25107 24538
154 21897 40938
155 24239 21856
156 23748 17745
157 30213 16045
158 23505 22265
159 18276 17930
160 26863 18715
161 19269 20223
162 12183 18895
163 10523 20520
164 29332 24660
165 25266 14499
166 30476 22545
167 29571 18360
168 29987 24716
169 16092 18421
170 21175 14946
171 29229 43682
172 26347 5583
173 28990 5370
174 40050 9630
175 21354 5445
176 29232 7560
177 34598 5650
178 69904 9857
179 65906 8235
180 66518 7498
181 69209 16333
182 69339 14589
183 68702 16541
184 64658 18731
185 37315 28439
186 31272 15472
187 30188 19440
188 40819 30649
189 42573 28202
190 36254 29801
191 53977 27723
192 49128 27912
193 47745 28710
194 48107 28518
195 26258 13298
196 25706 13144
197 60741 34695
198 55021 32445
199 65809 34343
200 57147 32612
201 52169 32940
202 31821 20963
203 71125 29418
204 44824 16310
205 71334 26122
206 73704 28275
207 66669 39652
208 68741 41218
209 60318 39960
210 38637 36369
211 29586 44367
212 38639 37366
213 26066 44647
214 28630 43173
215 26663 42844
216 24313 25200
217 21937 30365
218 26314 30870
219 28479 28323
220 28537 34311
221 3307 21735
222 29740 2430
223 2659 25785
224 47857 44550
225 45211 2565
226 46237 46980
227 48289 43875
228 50800 43065
229 52204 43470
230 52798 47250
231 49018 43875
232 50368 44145
233 46372 2430
234 3550 22545
235 46102 4050
236 48937 2430
237 44968 2295
238 52555 2970
239 38704 4590
240 39811 2970
241 44779 2835
242 41917 2295
243 44590 3240
244 43969 3915
245 2605 24030
246 42322 3105
247 53932 2295
248 50152 2430
249 45643 3105
250 40918 3645
251 42214 4050
252 41161 3375
253 42484 3105
254 23962 2565
255 23584 2430
256 3010 20115
257 3361 22410
258 26392 2565
259 2659 17685
260 3091 23355
261 33331 5400
262 22936 47655
263 30928 2295
264 32224 5535
265 32332 2295
266 4171 22815
267 27364 2430
268 25420 2565
269 21856 2295
270 25798 2295
271 32089 2430
272 33763 9855
273 2821 27810
274 32764 2565
275 28498 2700
276 38245 44550
277 36301 44685
278 33331 48195
279 36679 47520
280 37354 46980
281 55147 43740
282 38299 45090
283 31819 44415
284 26608 47925
285 44266 46980
286 38488 46305
287 41323 44820
288 36814 44550
289 47479 44145
290 79366 32265
291 48424 44415
292 45805 44010
293 43834 2700
294 78880 31725
295 21937 47115
296 41620 45900
297 50692 44010
298 52771 42660
299 79258 30915
300 48478 47655
301 45913 47520
302 45535 44145
303 42916 47115
304 38785 46710
305 42241 48195
306 4198 29025
307 46777 46980
308 43942 47115
309 41377 47250
310 42079 46440
311 79339 27135
312 79042 26595
313 78583 32265
314 78799 27000
315 79420 26055
316 55822 46710
317 25339 47790
318 79555 29295
319 78880 27405
320 24826 2565
321 32305 2700
322 34303 2970
323 33412 9045
324 34816 9990
325 34519 48330
326 38245 3915
327 51097 2430
328 2902 26460
329 57766 6615
330 61384 6615
331 61519 7155
332 56875 3915
333 55984 3645
334 56092 2295
335 77503 21735
336 56497 2700
337 60871 6750
338 60574 6750
339 3685 21195
340 62275 7560
341 77935 22275
342 77557 24165
343 78205 24705
344 77584 24705
345 78664 23085
346 51016 43065
347 52366 44280
348 54553 43605
349 51772 42930
350 47249 8182
351 41094 2895
352 40054 4402
353 29644 21265
354 33333 37000
355 43291 36018
356 43171 23982
357 50444 36119
358 46035 18434
359 50907 5543
360 55624 18555
361 28524 42
362 42 28908
363 41292 50749
364 42060 50749
365 38124 50749
366 34284 50749
367 30156 42
368 26028 42
369 26028 50749
370 29868 42
371 33132 50749
372 31500 50749
373 22764 50749
374 36684 50749
375 41292 42
376 40620 50749
377 38796 42
378 34764 42
379 37548 42
380 41388 42
381 40716 42
382 42732 42
383 42252 42
384 20844 50749
385 37932 42
386 38508 50749
387 36396 42
388 38892 42
389 38412 42
390 38700 42
391 40236 42
392 39084 42
393 21996 50749
394 22380 50749
395 42 28140
396 42 25836
397 42 25548
398 42 20844
399 42 22764
400 42 23052
401 19212 50749
402 42 24492
403 42 24300
404 42 24012
405 42 24204
406 35052 42
407 27276 50749
408 23244 50749
409 25740 50749
410 24396 50749
411 25836 50749
412 23916 50749
413 26796 50749
414 26892 50749
415 33996 50749
416 29484 50749
417 27948 50749
418 31596 50749
419 30636 50749
420 34188 50749
421 35340 50749
422 30444 50749
423 17388 50749
424 29292 50749
425 29676 42
426 26316 50749
427 29388 50749
428 31884 50749
429 33804 50749
430 35628 50749
431 42156 42
432 41676 42
433 40812 42
434 42 28524
435 35436 42
436 39276 42
437 41868 42
438 40332 42
439 42348 42
440 42060 42
441 37740 42
442 39564 50749
443 36396 50749
444 37548 50749
445 42 27084
446 38796 50749
447 37836 50749
448 38604 50749
449 39756 50749
450 36588 50749
451 29196 50749
452 24108 50749
453 31692 50749
454 40236 50749
455 40428 50749
456 42 27756
457 39276 50749
458 32460 50749
459 29196 42
460 27948 42
461 23628 50749
462 28332 42
463 32844 50749
464 32556 50749
465 35436 50749
466 43884 42
467 42 25164
468 39084 50749
469 40428 42
470 33132 42
471 39180 42
472 44076 42
473 41004 42
474 44364 42
475 44268 42
476 35916 42
477 34764 50749
478 42 26508
479 35340 42
480 37260 50749
481 37068 50749
482 36780 50749
483 38892 50749
484 39180 50749
485 36012 50749
486 30252 50749
487 27564 50749
488 32940 50749
489 42 27468
490 24588 50749
491 27756 50749
492 38316 50749
493 46668 42
494 49068 42
495 44940 42
496 46956 42
497 49164 42
498 51276 50749
499 52620 50749
500 52620 42
501 48972 42
502 47244 42
503 38316 42
504 45996 42
505 47148 42
506 41772 42
507 40524 42
508 38508 42
509 38604 42
510 43692 42
511 40140 42
512 41964 42
513 42444 42
514 36492 42
515 38988 42
516 43212 42
517 41580 42
518 43116 42
519 42636 42
520 43020 42
521 39852 42
522 40908 42
523 36684 42
524 28140 42
525 28044 42
526 28236 42
527 33612 42
528 48300 42
529 48300 50749
530 47340 50749
531 30156 50749
532 28716 42
533 30060 42
534 32076 42
535 27564 42
536 29772 42
537 30636 42
538 25356 42
539 26988 42
540 31980 42
541 31404 42
542 25452 50749
543 30732 42
544 30540 42
545 33036 50749
546 33228 50749
547 30540 50749
548 34092 50749
549 34380 50749
550 34476 50749
551 33900 50749
552 32748 50749
553 31788 50749
554 40716 50749
555 37740 50749
556 39468 50749
557 36876 50749
558 48972 50749
559 50220 50749
560 47244 50749
561 43020 50749
562 44556 42
563 44748 50749
564 35820 42
565 39756 42
566 50412 42
567 50316 42
568 50508 42
569 46476 42
570 46284 42
571 37356 50749
572 35820 50749
573 35916 50749
574 39660 50749
575 39372 50749
576 51468 50749
577 40524 50749
578 52140 50749
579 42444 50749
580 81943 29004
581 81943 29196
582 81943 30348
583 56172 50749
584 55308 50749
585 53964 50749
586 31980 50749
587 81943 26796
588 52812 42
589 32364 42
590 27180 42
591 27084 42
592 53772 42
593 52716 42
594 33900 42
595 50796 42
596 51948 42
597 34188 42
598 58380 42
599 54924 42
600 59628 42
601 57036 42
602 54060 42
603 53676 42
604 53868 50749
605 53964 42
606 59916 42
607 81943 22092
608 53196 42
609 61068 42
610 56076 42
611 53388 42
612 53292 50749
613 54540 50749
614 81943 24204
615 81943 25644
616 81943 25452
617 81943 26028
618 49260 42
619 25452 42
620 42 25740
621 49836 50749
622 45324 42
623 46764 50749
624 48588 50749
625 50604 50749
626 51948 50749
627 56940 50749
628 50412 50749
629 51084 50749
630 46764 42
631 42 22860
632 46188 42
633 49836 42
634 45132 42
635 52908 42
636 41196 42
637 41100 42
638 45516 42
639 43308 42
640 44844 42
641 44460 42
642 42 24396
643 42828 42
644 54828 42
645 50700 42
646 45900 42
647 42540 42
648 43980 42
649 41484 42
650 42924 42
651 23820 42
652 23724 42
653 42 20364
654 42 22956
655 26700 42
656 42 18060
657 42 23436
658 34476 42
659 23148 50749
660 32844 42
661 33036 42
662 33324 42
663 42 23820
664 27468 42
665 25932 42
666 22284 42
667 26124 42
668 32940 42
669 34092 42
670 42 28332
671 33228 42
672 28428 42
673 38220 50749
674 36492 50749
675 33516 50749
676 37164 50749
677 37452 50749
678 56364 50749
679 38412 50749
680 32268 50749
681 27084 50749
682 44172 50749
683 38988 50749
684 41676 50749
685 36972 50749
686 46956 50749
687 81943 29292
688 49260 50749
689 45612 50749
690 44172 42
691 81943 31500
692 22476 50749
693 41964 50749
694 50988 50749
695 53196 50749
696 81943 29868
697 49164 50749
698 46284 50749
699 45708 50749
700 43212 50749
701 38700 50749
702 42636 50749
703 42 27564
704 46188 50749
705 43500 50749
706 41388 50749
707 42540 50749
708 81943 27756
709 81943 26892
710 81943 29772
711 81943 27468
712 81943 28332
713 56268 50749
714 25548 50749
715 81943 28236
716 81943 27660
717 24588 42
718 25548 42
719 24972 42
720 30444 42
721 34668 42
722 34572 50749
723 37836 42
724 51468 42
725 42 24972
726 58476 42
727 63276 42
728 62124 42
729 56268 42
730 56364 42
731 56460 42
732 81943 22764
733 56940 42
734 61932 42
735 62604 42
736 42 17196
737 63756 42
738 81943 22188
739 81943 24396
740 81943 24972
741 81943 25068
742 81943 23436
743 51180 50749
744 52812 50749
745 54924 50749
746 52236 50749
747 42 17868
