0 229710 238466
1 231550 180604
2 160075 77700
3 299007 166133
4 211612 101500
5 49908 117097
6 145468 27300
7 220115 81900
8 279512 225070
9 205627 79800
10 165860 229600
11 158080 81200
12 174187 86022
13 128703 83030
14 120578 253400
15 197220 72333
16 205342 70700
17 59872 127026
18 123258 144581
19 163257 70700
20 279844 137293
21 161092 69400
22 138218 230066
23 159654 184866
24 148884 65800
25 239149 248248
26 177586 202533
27 99297 107388
28 194750 123900
29 265346 227150
30 191248 109400
31 180573 241230
32 91352 72345
33 167870 72012
34 141597 88200
35 135422 90300
36 201886 121800
37 202312 118440
38 229216 122584
39 183872 93800
40 165157 89600
41 179668 95550
42 170564 212882
43 124090 69048
44 147820 65800
45 247563 217400
46 205627 87500
47 290260 228375
48 209971 82911
49 152414 99909
50 204592 97440
51 189002 80500
52 244475 105800
53 222537 72800
54 170667 52500
55 266114 236936
56 163067 54600
57 164835 28037
58 202777 53200
59 243063 232344
60 197006 51100
61 163984 217646
62 214437 127786
63 214472 71400
64 180975 60900
65 162640 72333
66 164967 58800
67 126248 222786
68 202996 60200
69 200982 60760
70 183540 4200
71 218500 47880
72 256635 240000
73 215293 45150
74 208670 245000
75 154889 44333
76 217275 63311
77 218452 58800
78 85903 261675
79 238022 67900
80 235104 275566
81 230612 62300
82 184062 67200
83 180098 73577
84 187387 70700
85 172377 73500
86 365677 151732
87 179882 77000
88 277810 151256
89 185794 250973
90 140600 185266
91 145920 234054
92 141545 119247
93 299657 247666
94 153947 260400
95 135850 179863
96 199705 259622
97 231683 210316
98 142975 240100
99 128170 169989
100 166308 257707
101 299551 239400
102 142120 266000
103 134190 206242
104 135327 266000
105 169080 115427
106 292536 179355
107 131178 228694
108 163970 262733
109 173802 261800
110 145781 207836
111 173535 127615
112 142576 206360
113 154575 266466
114 195636 237300
115 168632 93153
116 192191 21373
117 186267 22400
118 65372 131536
119 196995 162296
120 93843 173016
121 173971 41664
122 194876 212860
123 309638 155475
124 353572 74644
125 265170 147186
126 364653 123310
127 227176 205333
128 276775 156000
129 306850 43145
130 232949 167533
131 256785 144900
132 212003 204168
133 277628 151480
134 346447 158822
135 276735 128800
136 321100 136733
137 351804 149240
138 231736 194600
139 306343 132066
140 345929 119542
141 320371 144900
142 292179 45832
143 204160 200347
144 270928 51141
145 344584 125720
146 312423 128333
147 338896 137666
148 267013 189933
149 311536 144200
150 295910 253547
151 310586 110133
152 322263 275100
153 376303 165792
154 263680 100167
155 305013 298200
156 354748 286946
157 269942 38526
158 276467 256963
159 272650 287000
160 369701 216762
161 258633 246292
162 284097 120050
163 263435 282100
164 271953 100955
165 296514 94360
166 92448 278200
167 305642 250533
168 327876 294466
169 371097 227000
170 307990 297266
171 327967 265400
172 287199 98342
173 355042 219400
174 344746 283181
175 98952 267400
176 315305 263200
177 364474 272600
178 76475 275450
179 280575 111400
180 351278 296800
181 326135 291200
182 366890 257800
183 101448 221900
184 254707 159133
185 362710 243600
186 375767 205584
187 226779 127184
188 389004 245871
189 283642 207400
190 261612 192818
191 241300 242900
192 290855 206500
193 90069 210320
194 354672 70000
195 233510 243600
196 274536 128733
197 313418 71400
198 375788 260866
199 325343 298200
200 398543 253836
201 270536 195475
202 175686 194600
203 286330 299133
204 370262 245700
205 319516 294466
206 398918 244600
207 294472 189000
208 281770 295400
209 383477 257320
210 294880 94818
211 175702 296450
212 116026 180288
213 169149 248733
214 201310 245589
215 201336 296333
216 141247 291719
217 201621 189466
218 226366 278040
219 199215 282800
220 100908 188873
221 174059 175840
222 155585 301301
223 213813 285755
224 129742 195800
225 200956 293533
226 196235 286745
227 207955 297266
228 170145 301000
229 212908 291400
230 174293 191800
231 185440 284666
232 172203 202066
233 189683 283733
234 182400 296333
235 227918 185000
236 148627 284200
237 255423 152040
238 240160 209300
239 145856 182466
240 244530 144200
241 152979 162938
242 276260 169400
243 145476 175933
244 294215 271600
245 244910 277900
246 305330 238700
247 288237 209162
248 317363 290733
249 314196 288866
250 322050 293533
251 234270 78866
252 239162 129150
253 240255 72100
254 237785 211400
255 251750 88200
256 279870 69533
257 259393 120723
258 273790 71400
259 270243 87266
260 110485 279300
261 72655 222793
262 153615 280000
263 191140 288866
264 184996 301000
265 177650 302866
266 117202 274200
267 291175 134400
268 281295 189700
269 298996 124600
270 321416 168466
271 321796 153533
272 304095 134400
273 322402 105600
274 317854 64633
275 253593 286856
276 290700 284200
277 250338 253800
278 238925 283500
279 290130 298200
280 276070 293533
281 280604 269266
282 221223 111533
283 229330 123200
284 236212 179977
285 223345 207200
286 253016 35933
287 263530 32200
288 234701 52309
289 262516 35000
290 253396 66733
291 65935 263991
292 201987 251363
293 223915 284900
294 253460 238700
295 170050 262733
296 194496 267400
297 134963 298200
298 269420 238700
299 275943 214200
300 315691 183026
301 328510 237533
302 329650 219800
303 325090 226333
304 274170 279300
305 241585 279300
306 275056 295400
307 299123 296333
308 303936 296333
309 247585 163100
310 237880 238700
311 205580 212100
312 238323 135800
313 253396 140466
314 253270 134866
315 250952 155400
316 220264 130600
317 164825 254800
318 209095 270900
319 230596 295400
320 220716 293533
321 183711 236320
322 222954 248111
323 124972 233100
324 125330 238515
325 275500 124600
326 293930 233800
327 253650 148400
328 147820 196000
329 136230 243600
330 290890 128800
331 156940 316400
332 214510 308000
333 226480 133000
334 310460 250600
335 242440 315000
336 254410 312200
337 293170 172200
338 314830 173600
339 326610 232400
340 145350 245000
341 130435 217653
342 105830 317800
343 170810 320600
344 309890 320600
345 330030 323400
346 251370 320600
347 319390 320600
348 273410 12600
349 278350 9800
350 262770 7000
351 291270 15400
352 297730 15400
353 291650 12600
354 209570 315000
355 292410 9800
356 279870 12600
357 270370 7000
358 255550 7000
359 256690 4200
360 338010 4200
361 277210 7000
362 295450 7000
363 303430 7000
364 285570 9800
365 148770 320600
366 289750 4200
367 282530 15400
368 283290 4200
369 331170 9800
370 329270 7000
371 309130 4200
372 315590 4200
373 330790 4200
374 170810 317800
375 206910 317800
376 182590 315000
377 159030 323400
378 110010 323400
379 129390 323400
380 110770 320600
381 118750 323400
382 144970 323400
383 123690 320600
384 118370 211400
385 127870 317800
386 132810 320600
387 189810 312200
388 206910 320600
389 218310 312200
390 205770 323400
391 200450 317800
392 192090 320600
393 164350 317800
394 192090 295400
395 178790 317800
396 224770 4200
397 219450 323400
398 221350 320600
399 233510 12600
400 252510 9800
401 256690 12600
402 250230 4200
403 238830 4200
404 138510 323400
405 223630 12600
406 218310 4200
407 214130 317800
408 240350 7000
409 258970 9800
410 271890 15400
411 271890 9800
412 249850 15400
413 216790 7000
414 215650 9800
415 163210 320600
416 212990 323400
417 192850 323400
418 269610 4200
419 276070 4200
420 263150 4200
421 247190 7000
422 234270 320600
423 313310 317800
424 232370 323400
425 322810 323400
426 199310 323400
427 293550 323400
428 330410 320600
429 302670 301000
430 336490 323400
431 281010 320600
432 257450 317800
433 252130 323400
434 260110 323400
435 300010 323400
436 295830 303800
437 139270 320600
438 276070 323400
439 266570 323400
440 186390 323400
441 213370 320600
442 225910 323400
443 179550 323400
444 227810 320600
445 245670 323400
446 238830 323400
447 244910 320600
448 152190 323400
449 297730 320600
450 284810 7000
451 258970 320600
452 322810 7000
453 309130 9800
454 337630 51800
455 321670 9800
456 314450 7000
457 284050 323400
458 306470 323400
459 216030 315000
460 267710 320600
461 350550 323400
462 342950 317800
463 344090 323400
464 363470 320600
465 312930 323400
466 232370 4200
467 263910 317800
468 279870 317800
469 319770 317800
470 165870 323400
471 108830 329390
472 140 100940
473 131230 140
474 189470 140
475 132350 140
476 223070 140
477 145790 140
478 191710 140
479 200670 140
480 178270 140
481 192830 140
482 215230 140
483 192830 329390
484 221950 140
485 230910 140
486 214110 140
487 146910 140
488 133470 140
489 139070 140
490 168190 140
491 188350 140
492 176030 140
493 171550 140
494 177150 140
495 153630 140
496 159230 140
497 122270 329390
498 117790 329390
499 134590 329390
500 127870 329390
501 164830 329390
502 131230 329390
503 135710 140
504 182750 140
505 137950 140
506 160350 140
507 102110 140
508 99870 140
509 191710 329390
510 140 140140
511 140 102060
512 112190 140
513 105470 140
514 161470 140
515 107710 140
516 111070 140
517 115550 140
518 124510 140
519 120030 140
520 141310 140
521 125630 140
522 154750 140
523 154750 329390
524 150270 140
525 162590 140
526 121150 140
527 144670 140
528 152510 140
529 142430 140
530 206270 140
531 158110 140
532 216350 140
533 85310 140
534 164830 140
535 180510 140
536 212990 140
537 169310 140
538 198430 140
539 211870 140
540 224190 140
541 220830 140
542 201790 140
543 174910 140
544 83070 140
545 193950 329390
546 193950 140
547 134590 140
548 195070 140
549 181630 140
550 173790 140
551 145790 329390
552 148030 329390
553 120030 329390
554 139070 329390
555 148030 140
556 140190 329390
557 114430 329390
558 159230 329390
559 156990 329390
560 167070 140
561 118910 140
562 143550 140
563 156990 140
564 140190 140
565 202910 140
566 151390 140
567 163710 140
568 209630 140
569 170430 140
570 186110 140
571 207390 140
572 179390 140
573 197310 140
574 208510 140
575 210750 140
576 205150 140
577 95390 140
578 204030 140
579 136830 140
580 176030 329390
581 196190 140
582 190590 140
583 187230 140
584 183870 140
585 172670 140
586 158110 329390
587 162590 329390
588 165950 140
589 143550 329390
590 144670 329390
591 124510 329390
592 132350 329390
593 168190 329390
594 152510 329390
595 165950 329390
596 126750 140
597 149150 140
598 155870 140
599 184990 140
600 197310 329390
601 118910 329390
602 151390 329390
603 322750 329390
604 335070 329390
605 324990 329390
606 346270 329390
607 293630 140
608 293630 329390
609 290270 329390
610 468910 155820
611 326110 329390
612 348510 329390
613 291390 329390
614 468910 160300
615 342910 140
616 246590 140
617 177150 329390
618 233150 329390
619 170430 329390
620 239870 140
621 251070 329390
622 155870 329390
623 179390 329390
624 137950 329390
625 247710 140
626 292510 140
627 272350 140
628 299230 140
629 310430 140
630 314910 329390
631 308190 140
632 317150 140
633 171550 329390
634 198430 329390
635 178270 329390
636 133470 329390
637 112190 329390
638 109950 329390
639 184990 329390
640 125630 329390
641 141310 329390
642 160350 329390
643 111070 329390
644 180510 329390
645 183870 329390
646 204030 329390
647 234270 329390
648 242110 329390
649 239870 329390
650 232030 329390
651 201790 329390
652 209630 329390
653 200670 329390
654 207390 329390
655 227550 329390
656 244350 140
657 199550 329390
658 228670 140
659 237630 140
660 248830 140
661 251070 140
662 235390 140
663 161470 329390
664 233150 140
665 225310 140
666 202910 329390
667 199550 140
668 249950 140
669 256670 140
670 265630 140
671 267870 140
672 238750 140
673 268990 140
674 121150 329390
675 196190 329390
676 263390 140
677 280190 140
678 271230 140
679 281310 140
680 262270 140
681 235390 329390
682 307070 329390
683 228670 329390
684 305950 329390
685 221950 329390
686 281310 329390
687 323870 329390
688 285790 329390
689 328350 329390
690 275710 329390
691 223070 329390
692 236510 329390
693 238750 329390
694 294750 329390
695 260030 329390
696 212990 329390
697 296990 329390
698 272350 329390
699 300350 329390
700 279070 329390
701 240990 329390
702 298110 329390
703 289150 329390
704 282430 329390
705 288030 329390
706 273470 329390
707 219710 329390
708 295870 329390
709 295870 140
710 248830 329390
711 344030 140
712 302590 329390
713 345150 329390
714 341790 329390
715 338430 329390
716 277950 329390
717 312670 329390
718 225310 329390
719 266750 329390
720 468910 164780
721 347390 329390
722 358590 329390
723 359710 329390
724 317150 329390
725 263390 329390
726 331710 329390
727 274590 329390
728 332830 329390
729 149150 329390
730 173790 329390
731 329470 329390
732 337310 329390
733 254430 329390
734 321630 329390
735 276830 140
736 282430 140
737 264510 140
738 290270 140
739 284670 140
740 294750 140
741 211870 329390
742 289150 140
743 283550 140
744 273470 140
745 257790 140
746 258910 140
747 341790 140
748 279070 140
749 298110 140
750 307070 140
751 291390 140
752 150270 329390
753 300350 140
754 285790 140
755 286910 140
756 335070 140
757 339550 140
758 311550 140
759 319390 140
760 336190 140
761 172670 329390
762 206270 329390
763 186110 329390
764 163710 329390
765 116670 329390
766 115550 329390
767 113310 329390
768 123390 329390
769 146910 329390
770 126750 329390
771 140 211820
772 128990 329390
773 136830 329390
774 189470 329390
775 210750 329390
776 224190 329390
777 214110 329390
778 205150 329390
779 195070 329390
780 169310 329390
781 187230 329390
782 181630 329390
783 227550 140
784 215230 329390
785 220830 329390
786 232030 140
787 255550 140
788 260030 140
789 254430 140
790 234270 140
791 130110 329390
792 226430 140
793 219710 140
794 208510 329390
795 243230 140
796 261150 140
797 274590 140
798 275710 140
799 253310 140
800 217470 140
801 218590 140
802 167070 329390
803 217470 329390
804 190590 329390
805 270110 140
806 277950 140
807 266750 140
808 252190 140
809 237630 329390
810 316030 329390
811 226430 329390
812 327230 329390
813 174910 329390
814 299230 329390
815 333950 329390
816 304830 329390
817 339550 329390
818 284670 329390
819 262270 329390
820 255550 329390
821 261150 329390
822 276830 329390
823 292510 329390
824 135710 329390
825 267870 329390
826 265630 329390
827 188350 329390
828 216350 329390
829 229790 329390
830 182750 329390
831 230910 329390
832 249950 329390
833 253310 329390
834 271230 329390
835 153630 329390
836 301470 329390
837 288030 140
838 264510 329390
839 326110 140
840 312670 140
841 348510 140
842 324990 140
843 313790 140
844 286910 329390
845 313790 329390
846 218590 329390
847 270110 329390
848 357470 329390
849 349630 329390
850 356350 329390
851 367550 329390
852 320510 329390
853 236510 140
854 268990 329390
855 283550 329390
856 330590 329390
857 142430 329390
