0 30016 10480
1 21697 35066
2 46419 25723
3 18460 18894
4 35488 10269
5 29551 14742
6 29139 23942
7 11619 10784
8 18583 25809
9 15751 26366
10 36779 11547
11 50723 13635
12 39305 30499
13 2727 18765
14 38300 12426
15 37258 19767
16 40314 27662
17 23175 23059
18 17628 22302
19 14558 32250
20 19208 26875
21 28296 26662
22 41717 29610
23 22319 25981
24 33707 17550
25 42288 29143
26 24283 26091
27 40423 11777
28 16763 25076
29 52349 15058
30 37795 23482
31 26300 25726
32 44017 23545
33 47487 22829
34 9432 25290
35 35351 27334
36 50640 30082
37 26376 35260
38 9590 32922
39 40959 23098
40 50472 17725
41 23502 36793
42 24993 30795
43 29214 34965
44 43932 23258
45 19477 22376
46 46531 23868
47 37658 35685
48 29741 32550
49 14026 23194
50 19118 25267
51 16085 31777
52 21573 31995
53 26577 32535
54 10938 28265
55 31404 19035
56 33663 34026
57 41400 26672
58 41710 29555
59 24152 14081
60 34118 37011
61 31958 19373
62 14904 33285
63 28438 28644
64 36797 27057
65 46050 19414
66 42140 35615
67 26750 22663
68 17779 34380
69 37854 19065
70 25275 23595
71 12591 27276
72 48935 18562
73 40635 34673
74 29017 21096
75 19359 28639
76 31135 25560
77 39561 11103
78 20898 9483
79 12703 20414
80 31054 30487
81 28474 13608
82 41796 11154
83 50907 12414
84 30829 32085
85 19201 17955
86 25979 32589
87 13892 14445
88 41921 9797
89 19399 11385
90 29995 10968
91 32872 18258
92 11107 23243
93 30692 9501
94 37191 29767
95 25588 9122
96 34854 28425
97 26785 10236
98 34863 11869
99 33723 32026
100 32351 19170
101 38071 23164
102 50738 14247
103 44614 26430
104 33825 14348
105 35986 27639
106 43247 18983
107 30754 21357
108 38797 27900
109 32319 2295
110 38487 15234
111 14377 11137
112 14394 11243
113 15266 25052
114 44575 16271
115 46121 20661
116 44841 15633
117 53251 39203
118 41899 16776
119 44931 7248
120 45136 16965
121 39852 12053
122 45005 14559
123 59868 18495
124 48822 7863
125 44048 17377
126 53124 36893
127 34897 27108
128 41846 13833
129 43490 18438
130 47009 7202
131 43443 9662
132 37924 22646
133 42469 19820
134 49923 7484
135 43024 19845
136 49825 7998
137 41202 27405
138 37083 26520
139 38367 7323
140 42230 6246
141 50868 16378
142 54547 19922
143 66028 9922
144 32773 17370
145 60007 10551
146 60240 19767
147 51690 16710
148 40359 18387
149 52116 12645
150 48715 11961
151 50649 12768
152 66816 8505
153 34213 19530
154 57708 24465
155 56256 8115
156 47899 17579
157 47866 13487
158 60165 12259
159 50436 20055
160 60599 9619
161 63897 21330
162 59600 11976
163 63944 10665
164 63900 10845
165 31863 30722
166 36163 33552
167 60620 35667
168 34770 34264
169 38193 33726
170 35684 40750
171 51932 33375
172 32284 33383
173 30969 39570
174 55041 33113
175 38280 35440
176 23780 31117
177 30068 33885
178 33261 37419
179 61870 36093
180 30861 38089
181 33966 35255
182 41238 36034
183 34760 39136
184 52601 34695
185 38644 34560
186 38577 38445
187 37845 39035
188 29848 38373
189 21779 18109
190 9467 17502
191 23510 16605
192 23308 7956
193 15165 36900
194 21772 21213
195 10211 16643
196 21394 20533
197 21456 17175
198 26058 20619
199 20187 19652
200 13300 19116
201 21834 24770
202 3409 17415
203 26327 22462
204 18895 15615
205 28198 19075
206 24273 21510
207 12341 18789
208 22412 19035
209 25819 16566
210 12942 36765
211 6958 16450
212 16450 16587
213 15606 16110
214 9740 17498
215 29293 7070
216 40923 13230
217 26318 6494
218 30033 8820
219 36144 7209
220 32919 9078
221 60645 16298
222 52294 13770
223 47479 18450
224 60085 17055
225 61287 16910
226 62275 14952
227 57594 13871
228 58280 14101
229 36234 34965
230 54009 26685
231 52772 26089
232 57672 28407
233 58878 26715
234 53878 28113
235 27162 29221
236 25155 12065
237 25096 24685
238 23692 24894
239 30251 30670
240 21900 20857
241 31654 29185
242 28478 29700
243 33334 30582
244 49232 32403
245 44085 18282
246 43726 19608
247 42876 30066
248 45165 32936
249 42228 33669
250 48243 33291
251 47304 32501
252 47989 15498
253 24448 13801
254 22500 15352
255 24152 14445
256 19827 12015
257 37128 41715
258 50166 38787
259 44661 36247
260 47179 37017
261 50721 36430
262 45177 38508
263 53112 34309
264 23433 19554
265 24786 18157
266 26653 22471
267 35854 18750
268 25606 20655
269 32611 17518
270 36379 17109
271 33671 21121
272 55942 22146
273 44086 20675
274 58181 21456
275 52252 21258
276 61482 23385
277 54908 19673
278 53352 17091
279 62659 33792
280 49344 29607
281 64432 35374
282 58954 33986
283 67532 35127
284 56733 34830
285 15612 38137
286 29150 35177
287 13374 37465
288 19785 35775
289 15466 36106
290 21798 37890
291 15642 37395
292 16515 36126
293 26059 22770
294 37046 25231
295 27394 25542
296 39069 24100
297 43029 20925
298 43547 25203
299 40869 23580
300 39609 24570
301 25459 34908
302 6547 19575
303 26500 42660
304 22936 38745
305 46858 33750
306 43618 32805
307 42916 40635
308 42268 40365
309 48559 39555
310 68404 28215
311 69349 28350
312 44590 39420
313 45319 3915
314 42052 41985
315 6736 20520
316 42808 41175
317 46804 6345
318 40054 5940
319 40513 6210
320 41755 7020
321 42997 7425
322 42052 7155
323 41998 7425
324 42916 35370
325 40432 8100
326 3496 21195
327 43429 6480
328 48127 2835
329 45967 6210
330 44590 3915
331 44185 6075
332 42727 6345
333 40000 5940
334 39946 6210
335 4873 20385
336 22369 40635
337 20506 41445
338 22936 41985
339 23044 41580
340 2767 17820
341 24178 41850
342 28984 5940
343 21694 38745
344 24745 42660
345 23260 41175
346 23098 40095
347 23935 5940
348 29470 4185
349 2956 18630
350 4387 19305
351 30334 2835
352 21424 41445
353 22666 42120
354 2983 19170
355 21397 6075
356 22396 37665
357 35815 39555
358 28444 41985
359 27823 42120
360 40756 42255
361 31738 42525
362 40270 39825
363 39136 42255
364 35194 42525
365 20884 38475
366 41755 41445
367 37624 42255
368 29848 42525
369 33790 39690
370 43240 40770
371 46831 42255
372 45616 42525
373 42700 42255
374 41458 42255
375 34924 37935
376 21343 42255
377 35626 38070
378 41674 41310
379 42619 41850
380 41971 39285
381 41836 41175
382 42943 41175
383 36490 39555
384 31387 39420
385 25609 41985
386 28039 42390
387 23422 40365
388 34492 42660
389 36463 41985
390 32224 42390
391 33304 42255
392 68458 24435
393 69052 24840
394 64840 27405
395 69133 24975
396 68458 26055
397 68404 23760
398 21802 42525
399 68269 24165
400 67999 25785
401 29227 3780
402 30361 3510
403 23935 3240
404 32629 3375
405 41323 35910
406 37192 36045
407 39217 36045
408 47128 4455
409 21802 40905
410 53176 3645
411 54256 3915
412 68863 14175
413 49450 2835
414 48046 3645
415 46426 3780
416 47722 3105
417 48100 4050
418 54256 2835
419 54094 4455
420 22207 2700
421 54526 4050
422 49747 3240
423 65839 20655
424 68620 19575
425 66757 19440
426 68080 20250
427 46804 41445
428 48370 39285
429 47938 41985
430 44779 35370
431 40216 14445
432 39786 11730
433 37770 12840
434 26736 33916
435 32420 36855
436 43131 41445
437 36707 39245
438 36036 12855
439 40421 14346
440 49743 12570
441 49125 12450
442 26988 45030
443 42 18156
444 40044 45030
445 40908 45030
446 37068 45030
447 35820 45030
448 35244 45030
449 25644 45030
450 22476 45030
451 35532 45030
452 37836 45030
453 35916 45030
454 20460 45030
455 37740 42
456 38988 42
457 37164 42
458 35916 42
459 36108 42
460 37644 42
461 39660 42
462 38604 45030
463 40332 45030
464 39276 45030
465 42 27468
466 35244 42
467 35148 42
468 36012 42
469 35052 42
470 34284 42
471 34572 42
472 34956 42
473 35340 42
474 17292 45030
475 18828 45030
476 19596 45030
477 21132 45030
478 42 22188
479 42 19116
480 42 19788
481 42 19020
482 42 17868
483 42 22476
484 42 21804
485 42 22092
486 20940 45030
487 29484 42
488 42 22284
489 20364 45030
490 42 22956
491 19020 45030
492 18732 45030
493 20268 45030
494 18924 45030
495 20748 45030
496 31788 42
497 24684 45030
498 24300 45030
499 37164 45030
500 29772 45030
501 36300 45030
502 36684 45030
503 32652 45030
504 42 17964
505 29580 42
506 28908 45030
507 23148 45030
508 28812 45030
509 36108 45030
510 35436 45030
511 35724 45030
512 38892 45030
513 37356 45030
514 36300 42
515 19500 45030
516 36588 42
517 37836 42
518 39852 45030
519 37932 45030
520 39756 45030
521 39948 45030
522 34860 42
523 34764 42
524 32460 42
525 31596 42
526 42 23532
527 32652 42
528 34380 42
529 30444 42
530 32076 42
531 34188 45030
532 27372 45030
533 21996 45030
534 38796 45030
535 40812 45030
536 40140 45030
537 42 22380
538 38700 45030
539 34476 45030
540 27276 45030
541 27180 45030
542 21708 45030
543 29676 42
544 37644 45030
545 35436 42
546 36684 42
547 38892 42
548 42 20940
549 34668 42
550 36972 42
551 35820 42
552 37932 42
553 41388 42
554 40236 45030
555 41580 45030
556 41484 45030
557 35724 42
558 35628 42
559 21516 45030
560 32364 42
561 32556 42
562 32748 42
563 33804 42
564 33612 42
565 34476 42
566 36012 45030
567 22668 45030
568 24012 45030
569 38220 45030
570 18348 45030
571 20556 45030
572 26796 45030
573 34092 42
574 44076 42
575 43788 45030
576 42828 45030
577 42444 45030
578 44844 42
579 46188 45030
580 45324 45030
581 45324 42
582 46284 42
583 44268 45030
584 38796 42
585 40524 45030
586 38412 42
587 40620 42
588 39756 42
589 39468 42
590 38700 42
591 39564 42
592 40428 42
593 39852 42
594 38508 42
595 32172 42
596 42252 42
597 42540 42
598 42636 42
599 38604 42
600 37452 42
601 38316 42
602 39180 45030
603 38124 42
604 31020 42
605 24396 42
606 26220 42
607 28620 42
608 29004 42
609 29292 45030
610 30732 45030
611 29868 45030
612 26412 45030
613 28044 45030
614 27852 45030
615 27372 42
616 26316 45030
617 29868 42
618 28716 42
619 25068 42
620 30636 42
621 29964 42
622 30348 42
623 25260 45030
624 28044 42
625 29100 42
626 30444 45030
627 26028 45030
628 27948 45030
629 32076 45030
630 37260 45030
631 36492 45030
632 37548 45030
633 32844 45030
634 31404 42
635 37740 45030
636 36396 45030
637 35340 45030
638 34668 45030
639 45036 45030
640 44940 45030
641 45612 45030
642 40620 45030
643 45900 45030
644 44844 45030
645 33228 42
646 39084 45030
647 44652 45030
648 42636 45030
649 43404 45030
650 40428 45030
651 41868 45030
652 28620 45030
653 29964 45030
654 27756 45030
655 32748 45030
656 31116 42
657 43980 45030
658 34284 45030
659 31212 45030
660 31788 45030
661 72411 25740
662 72411 26700
663 72411 27276
664 48108 42
665 49164 42
666 49356 42
667 30924 42
668 48492 42
669 46092 42
670 26412 42
671 25548 42
672 24204 42
673 47244 42
674 45132 45030
675 35532 42
676 43692 42
677 46860 42
678 32844 42
679 51276 42
680 49644 42
681 52236 42
682 49260 42
683 46956 42
684 45036 42
685 45996 42
686 45516 42
687 50508 42
688 52140 42
689 45612 42
690 52428 42
691 49932 42
692 48204 42
693 49068 42
694 72411 23244
695 52332 42
696 46092 45030
697 72411 24492
698 72411 24972
699 45420 42
700 23244 42
701 22860 45030
702 45708 45030
703 44076 45030
704 42924 45030
705 42732 45030
706 49836 45030
707 72411 26604
708 72411 27756
709 45228 45030
710 46572 42
711 43500 45030
712 42 18924
713 43212 45030
714 47628 42
715 40140 42
716 42348 42
717 41772 42
718 43404 42
719 42060 42
720 42444 42
721 43020 45030
722 40332 42
723 42 21036
724 44172 42
725 48972 42
726 44460 42
727 44940 42
728 44556 42
729 43116 42
730 40524 42
731 40236 42
732 42 20172
733 22764 45030
734 20652 45030
735 23244 45030
736 23532 45030
737 42 18060
738 24396 45030
739 30252 42
740 21804 45030
741 25164 45030
742 23724 45030
743 24204 45030
744 26316 42
745 30540 42
746 42 16044
747 42 15564
748 31212 42
749 22572 45030
750 22956 45030
751 42 18636
752 29772 42
753 23052 45030
754 36876 45030
755 29004 45030
756 29580 45030
757 41292 45030
758 31980 45030
759 40716 45030
760 39564 45030
761 35628 45030
762 21036 45030
763 42156 45030
764 38508 45030
765 29676 45030
766 34092 45030
767 43596 45030
768 47340 45030
769 45996 45030
770 43116 45030
771 42060 45030
772 36972 45030
773 21612 45030
774 36588 45030
775 41964 45030
776 43692 45030
777 43308 45030
778 42252 45030
779 43884 45030
780 36780 45030
781 31020 45030
782 25740 45030
783 28236 45030
784 23916 45030
785 34956 45030
786 36204 45030
787 32556 45030
788 33996 45030
789 72411 26412
790 72411 25356
791 72411 27564
792 72411 25164
793 72411 26220
794 72411 24108
795 22092 45030
796 72411 24012
797 72411 25644
798 28332 42
799 23724 42
800 24012 42
801 31980 42
802 39660 45030
803 37452 45030
804 38988 45030
805 47532 42
806 22188 45030
807 53580 42
808 54636 42
809 72411 14220
810 50028 42
811 48684 42
812 46668 42
813 48300 42
814 48396 42
815 54828 42
816 54924 42
817 22092 42
818 55020 42
819 50412 42
820 72411 22764
821 72411 23820
822 72411 23532
823 72411 22284
824 47148 45030
825 48972 45030
826 48300 45030
827 45804 45030
828 42 19212
