0 154343 171266
1 262581 189606
2 164712 128672
3 282110 164536
4 207174 107800
5 34790 122340
6 65433 58955
7 167358 71555
8 256178 204723
9 148908 165751
10 152161 79660
11 78559 89188
12 76522 196875
13 229586 124600
14 206266 60200
15 55247 130774
16 114432 94655
17 161167 83766
18 255564 138815
19 142386 59640
20 103689 190120
21 134637 151151
22 227442 112840
23 181508 107800
24 112456 193302
25 51204 37463
26 170691 80783
27 213465 138250
28 177310 99989
29 150598 91000
30 126008 127960
31 204236 106931
32 191796 122818
33 137916 92050
34 81217 40811
35 98420 4200
36 121868 209094
37 206530 75880
38 266391 209475
39 198152 81581
40 106248 85400
41 199737 87500
42 257409 186949
43 195013 87338
44 211327 65100
45 197439 74846
46 135327 51100
47 142975 24697
48 185962 44100
49 190308 47250
50 180331 88096
51 243979 110040
52 137171 57886
53 99486 212333
54 265890 73463
55 189240 26600
56 103740 4200
57 280915 96320
58 260693 252200
59 208217 41588
60 121152 226223
61 145153 39848
62 220155 39400
63 209142 23100
64 101261 278796
65 206957 40600
66 211410 47821
67 165537 55300
68 182006 60200
69 174637 103000
70 208497 64000
71 116749 141400
72 221395 165933
73 77033 83363
74 114047 171500
75 183280 132915
76 93346 203454
77 210911 145411
78 104120 154700
79 115710 125066
80 119578 216664
81 215520 224810
82 118465 151200
83 276248 233800
84 184879 121940
85 91301 99066
86 103898 159366
87 242271 226644
88 293360 130789
89 95544 153720
90 265362 230176
91 133731 167160
92 111638 224000
93 105500 90720
94 109364 139160
95 110664 147311
96 118465 119000
97 200260 178500
98 136976 81600
99 180660 9153
100 167320 4200
101 167518 121022
102 173583 177745
103 163378 233741
104 345171 114341
105 329992 155880
106 331435 56022
107 337262 103325
108 268981 152211
109 215354 210466
110 339767 109900
111 286854 32200
112 283789 132920
113 272422 152040
114 185900 229236
115 272274 41809
116 250515 147000
117 330093 99773
118 271909 155773
119 355734 127800
120 342034 150508
121 278545 226635
122 276260 80360
123 255010 224392
124 342995 164327
125 248862 87341
126 328758 261811
127 279110 275100
128 256093 30903
129 258210 259000
130 240688 222979
131 236835 264600
132 269800 100261
133 291194 92120
134 289116 278600
135 328921 246866
136 292980 217933
137 344599 256777
138 133696 278133
139 257070 104600
140 275225 242511
141 337909 220052
142 271913 258650
143 245699 134225
144 254220 241500
145 242925 266579
146 258780 182200
147 215080 223300
148 248670 169882
149 204250 182700
150 229688 120400
151 309662 52733
152 272175 262266
153 254250 268506
154 241648 172044
155 219298 154840
156 85924 163635
157 224062 141244
158 62629 159043
159 231575 267400
160 80296 237676
161 127181 192383
162 49133 228965
163 46312 203700
164 161440 144025
165 78774 202440
166 156448 277023
167 137161 130480
168 59162 236911
169 141697 274244
170 158812 137089
171 110661 224333
172 133418 264040
173 176964 191614
174 79895 239866
175 135828 267400
176 36733 213266
177 170857 177800
178 257985 156672
179 230185 154000
180 185202 149100
181 291365 160300
182 266285 254100
183 223820 247240
184 251899 186247
185 294310 167533
186 263197 114800
187 242782 139720
188 210615 156100
189 271434 109480
190 270137 84705
191 45611 172884
192 60705 193900
193 52440 184800
194 48766 173133
195 211364 260555
196 97517 235200
197 74860 195400
198 324203 129266
199 338485 156800
200 317205 130900
201 336490 56135
202 307158 137725
203 346496 133000
204 171272 285139
205 202492 281400
206 262675 268800
207 213275 259000
208 242756 283266
209 217650 251094
210 255043 121800
211 254505 135800
212 209285 69300
213 230378 58125
214 180006 120120
215 101432 207000
216 87623 276617
217 196194 240520
218 200070 203000
219 247874 239400
220 273410 193666
221 296336 204866
222 246335 260400
223 227810 261100
224 259967 265300
225 211470 184100
226 148770 146300
227 206023 101266
228 193154 123200
229 211090 125400
230 192632 94600
231 98420 185500
232 166820 207900
233 210330 284200
234 135723 247800
235 91722 149100
236 91950 155105
237 103170 219800
238 181450 91000
239 219830 296800
240 97752 128503
241 5890 147000
242 5890 158200
243 385890 155400
244 362710 135800
245 223630 309400
246 223250 301000
247 381710 105000
248 379430 68600
249 373350 127400
250 378670 88200
251 383990 99400
252 381710 96600
253 5890 189000
254 384750 79800
255 380950 82600
256 383230 138600
257 368790 130200
258 379430 135800
259 206910 7000
260 385890 133000
261 385890 102200
262 193990 12600
263 206910 4200
264 27170 203000
265 249850 309400
266 385890 110600
267 385890 147000
268 385890 135800
269 385890 93800
270 373730 124600
271 380570 113400
272 381330 144200
273 116090 306600
274 5890 214200
275 106210 309400
276 93290 309400
277 5890 197400
278 12730 189000
279 5890 180600
280 35910 203000
281 7790 175000
282 18810 197400
283 5890 211400
284 10830 217000
285 29070 200200
286 25270 197400
287 45410 200200
288 17290 194600
289 18050 203000
290 22610 200200
291 125590 306600
292 5890 169400
293 125590 309400
294 150670 309400
295 385890 161000
296 204250 9800
297 201590 303800
298 385890 124600
299 378670 121800
300 213370 7000
301 200070 7000
302 214130 4200
303 10830 194600
304 359290 133000
305 219830 7000
306 376770 138600
307 233890 7000
308 220590 4200
309 226290 12600
310 225150 9800
311 231610 9800
312 363470 138600
313 366890 127400
314 5890 191800
315 198550 306600
316 380950 141400
317 378290 116200
318 227050 4200
319 226670 7000
320 233510 4200
321 217170 309400
322 282910 309400
323 201210 309400
324 228950 298200
325 12350 191800
326 276450 309400
327 284050 301000
328 289370 309400
329 296210 309400
330 248330 303800
331 235030 306600
332 230470 309400
333 256310 309400
334 227050 306600
335 277590 301000
336 5890 228200
337 262770 309400
338 260870 301000
339 12350 197400
340 216790 301000
341 229710 301000
342 287470 281400
343 293930 281400
344 287090 273000
345 213750 292600
346 259730 306600
347 8170 225400
348 269990 309400
349 374490 141400
350 238830 309400
351 385890 152600
352 382090 149800
353 306090 9800
354 300390 4200
355 304190 7000
356 276450 306600
357 282910 306600
358 28310 194600
359 227810 303800
360 385890 180600
361 294310 303800
362 300770 306600
363 385130 177800
364 290130 306600
365 245670 306600
366 272270 289800
367 266570 306600
368 217550 306600
369 9310 183400
370 140 137900
371 140 83020
372 113310 140
373 220830 140
374 117790 140
375 218590 140
376 122270 140
377 169310 140
378 181630 140
379 127870 140
380 180510 140
381 211870 140
382 173790 140
383 212990 140
384 199550 140
385 171550 140
386 131230 140
387 183870 140
388 136830 140
389 139070 140
390 210750 140
391 132350 140
392 191710 140
393 99870 140
394 153630 140
395 146910 140
396 140190 140
397 133470 140
398 123390 140
399 140 145740
400 140 161420
401 140 150220
402 111070 140
403 100990 140
404 94270 140
405 89790 140
406 140 128940
407 140 126700
408 140 158060
409 140 133420
410 140 85260
411 114430 140
412 140 131180
413 140 142380
414 140 141260
415 148030 140
416 142430 140
417 145790 140
418 150270 140
419 125630 140
420 112190 140
421 172670 140
422 118910 140
423 116670 140
424 143550 140
425 140 143500
426 165950 140
427 178270 140
428 126750 140
429 188350 140
430 168190 140
431 179390 140
432 140 87500
433 130110 140
434 158110 140
435 197310 140
436 141310 140
437 134590 140
438 184990 140
439 214110 140
440 204030 140
441 159230 140
442 149150 140
443 140 86380
444 140 154700
445 160350 140
446 135710 140
447 195070 140
448 128990 140
449 182750 140
450 140 165900
451 140 178220
452 140 149100
453 140 159180
454 97630 140
455 140 140140
456 140 177100
457 140 163660
458 140 146860
459 154750 140
460 107710 140
461 121150 140
462 120030 140
463 124510 140
464 187230 140
465 92030 140
466 167070 140
467 201790 140
468 144670 140
469 155870 140
470 189470 140
471 151390 140
472 161470 140
473 174910 140
474 186110 140
475 192830 140
476 140 84140
477 163710 140
478 137950 140
479 140 162540
480 162590 140
481 152510 140
482 190590 140
483 177150 140
484 215230 140
485 140 156940
486 140 169260
487 93150 140
488 140 155820
489 140 139020
490 140 179340
491 140 171500
492 140 167020
493 140 147980
494 156990 140
495 104350 140
496 140 151340
497 170430 140
498 115550 140
499 140 172620
500 140 173740
501 140 183820
502 307070 313980
503 391510 164780
504 215230 313980
505 280190 313980
506 391510 159180
507 391510 123340
508 391510 132300
509 391510 142380
510 391510 90860
511 391510 130060
512 261150 313980
513 391510 135660
514 391510 122220
515 391510 160300
516 140 180460
517 216350 313980
518 140 153580
519 140 152460
520 218590 313980
521 140 164780
522 140 168140
523 140 186060
524 391510 158060
525 391510 94220
526 252190 313980
527 391510 115500
528 391510 116620
529 391510 124460
530 391510 96460
531 391510 109900
532 140 228620
533 140 219660
534 140 206220
535 89790 313980
536 140 187180
537 140 224140
538 140 170380
539 86430 313980
540 140 217420
541 118910 313980
542 140 211820
543 97630 313980
544 145790 313980
545 140 223020
546 140 209580
547 140 218540
548 196190 313980
549 140 214060
550 140 215180
551 198430 313980
552 164830 313980
553 140 207340
554 201790 313980
555 164830 140
556 140 144620
557 176030 140
558 219710 140
559 193950 140
560 208510 140
561 200670 140
562 140 208460
563 391510 141260
564 391510 112140
565 207390 140
566 238750 140
567 206270 140
568 391510 99820
569 226430 140
570 391510 98700
571 391510 147980
572 391510 111020
573 140 221900
574 204030 313980
575 391510 131180
576 391510 105420
577 391510 91980
578 233150 140
579 391510 95340
580 211870 313980
581 301470 313980
582 207390 313980
583 284670 313980
584 140 210700
585 257790 313980
586 255550 313980
587 243230 313980
588 248830 313980
589 245470 313980
590 223070 313980
591 225310 313980
592 234270 313980
593 304830 313980
594 242110 313980
595 221950 313980
596 272350 313980
597 254430 313980
598 271230 313980
599 253310 313980
600 224190 313980
601 270110 313980
602 305950 313980
603 267870 313980
604 302590 313980
605 237630 313980
606 142430 313980
607 265630 313980
608 391510 151340
609 226430 313980
610 391510 154700
611 391510 153580
612 391510 163660
613 274590 313980
614 391510 156940
615 249950 313980
616 276830 313980
617 217470 313980
618 240990 313980
619 289150 313980
620 285790 313980
621 295870 313980
622 288030 313980
623 283550 313980
624 236510 313980
625 277950 313980
626 238750 313980
627 294750 313980
628 140 227500
629 140 160300
630 391510 155820
631 391510 137900
632 229790 313980
633 227550 313980
634 391510 106540
635 391510 100940
636 391510 126700
637 391510 113260
638 391510 104300
639 391510 97580
640 140 188300
641 391510 107660
642 391510 102060
643 391510 140140
644 391510 128940
645 391510 136780
646 198430 140
647 391510 118860
648 391510 103180
649 196190 140
650 209630 140
651 140 202860
652 244350 313980
653 391510 108780
654 391510 152460
655 391510 134540
656 391510 93100
657 391510 121100
658 391510 114380
659 391510 146860
660 106590 313980
661 140 203980
662 87550 313980
663 95390 313980
664 140 198380
665 140 190540
666 140 181580
667 140 205100
668 140 175980
669 140 201740
670 140 212940
671 140 216300
672 140 220780
673 140 196140
674 140 199500
675 140 193900
676 140 200620
677 140 197260
678 144670 313980
679 140 174860
680 161470 313980
681 160350 313980
682 391510 162540
683 205150 140
684 197310 313980
685 391510 125580
686 391510 119980
687 216350 140
688 202910 140
689 217470 140
690 140 195020
691 391510 133420
692 227550 140
693 391510 145740
694 237630 140
695 234270 140
696 232030 140
697 229790 140
698 235390 140
699 391510 139020
700 391510 127820
701 140 192780
702 200670 313980
703 391510 143500
704 391510 117740
705 230910 140
706 228670 140
707 236510 140
708 219710 313980
709 290270 313980
710 202910 313980
711 232030 313980
712 140 189420
713 282430 313980
714 298110 313980
715 291390 313980
716 300350 313980
717 251070 313980
718 239870 313980
719 233150 313980
720 260030 313980
721 228670 313980
722 266750 313980
723 140 226380
724 263390 313980
725 262270 313980
726 140 182700
727 258910 313980
728 235390 313980
729 292510 313980
730 299230 313980
731 279070 313980
732 256670 313980
733 264510 313980
734 140 225260
735 273470 313980
736 391510 144620
737 246590 313980
738 391510 150220
739 391510 149100
740 310430 140
741 309310 140
742 308190 140
743 281310 313980
744 286910 313980
745 140 191660
746 230910 313980
747 391510 161420
748 296990 313980
749 303710 313980
750 391510 174860
751 293630 313980
752 247710 313980
753 275710 313980
754 268990 313980
755 220830 313980
756 140 184940
