0 196143 256200
1 228560 229426
2 70349 189616
3 153482 38360
4 313870 94640
5 219244 125496
6 45914 268366
7 54551 168155
8 254679 151266
9 177697 310240
10 174610 261800
11 225050 213933
12 157985 343525
13 202719 107644
14 194546 45600
15 88712 215472
16 66851 257410
17 42370 150612
18 159746 128692
19 136990 43800
20 152977 342600
21 183592 253979
22 214177 119525
23 244292 152600
24 211123 256200
25 200265 300852
26 52221 199379
27 262717 180988
28 189050 183842
29 133859 251330
30 122132 211960
31 309087 183820
32 170132 191053
33 169247 147622
34 146088 172822
35 189655 322700
36 80330 196762
37 48735 176400
38 255970 129315
39 311635 234325
40 141930 141166
41 111698 169088
42 115092 165200
43 123418 159800
44 174827 140200
45 412737 227091
46 124845 136500
47 105648 170982
48 89712 63708
49 99712 231560
50 227723 314040
51 119771 233450
52 153585 248765
53 155420 243880
54 120802 135800
55 320581 282927
56 112680 117600
57 212683 310488
58 232631 151900
59 322664 231893
60 135584 110786
61 8740 127400
62 257040 133884
63 313622 303000
64 150231 126753
65 238538 321160
66 112083 70239
67 212005 149036
68 157953 118626
69 142614 106680
70 356849 336877
71 164840 72800
72 170158 61600
73 176462 23100
74 189988 23450
75 169949 154741
76 247328 246909
77 54759 130360
78 217109 110090
79 232655 134680
80 150939 154350
81 217103 315908
82 219678 252953
83 135047 140933
84 220550 336663
85 255581 256480
86 294255 119800
87 171997 122780
88 232408 322140
89 71277 140455
90 232660 122389
91 177067 150920
92 311779 126311
93 218707 130963
94 197600 339945
95 171532 144480
96 91896 143933
97 152988 165760
98 218120 166090
99 159600 111650
100 178220 149800
101 250886 97363
102 125838 196538
103 127252 161466
104 166209 91000
105 170880 205584
106 120754 295509
107 269926 298455
108 269974 196180
109 248979 154025
110 247534 47342
111 367567 25992
112 269012 276200
113 197299 80616
114 236018 139160
115 358884 37951
116 237215 129500
117 266401 48498
118 273340 285320
119 267710 129585
120 183794 80619
121 263910 107800
122 320864 87915
123 323411 179316
124 381514 39160
125 312334 91420
126 309826 66733
127 401602 107183
128 172974 80871
129 313614 102760
130 307791 222234
131 302100 84700
132 315694 108500
133 345686 89320
134 338503 204906
135 331423 50866
136 411668 119541
137 384560 184670
138 389033 125872
139 300770 370066
140 341762 118300
141 343508 239575
142 387927 172188
143 222875 234129
144 292315 299600
145 343631 258976
146 365885 234600
147 258970 294700
148 430043 223892
149 251655 302400
150 253448 211484
151 252104 213640
152 140902 304436
153 237066 182787
154 351959 257029
155 235184 229775
156 93573 344113
157 347648 274781
158 212558 217000
159 161141 372555
160 201685 292981
161 236787 378700
162 191865 378340
163 182868 239026
164 219222 346920
165 133481 311516
166 162773 224280
167 176774 377171
168 347615 347666
169 171818 224338
170 189651 335844
171 159568 369600
172 356186 346422
173 222553 388733
174 175797 289800
175 219906 235480
176 240825 255500
177 185756 279533
178 185260 248266
179 318915 82600
180 302936 110600
181 302100 108920
182 326990 151044
183 424804 232573
184 335476 40600
185 339197 261450
186 282276 130200
187 247570 235480
188 211375 261100
189 236803 102200
190 142785 375200
191 92004 363065
192 184965 365400
193 192406 368200
194 147820 384600
195 277970 149100
196 272460 243600
197 273790 122733
198 253153 200531
199 297730 168700
200 321147 376600
201 365057 324631
202 317395 305200
203 281295 333900
204 205263 258066
205 208715 257600
206 201020 269500
207 212895 148400
208 193990 117417
209 175922 301763
210 277478 377785
211 219311 302272
212 250325 256900
213 243675 314300
214 289238 370419
215 243251 213945
216 256690 366333
217 267615 77000
218 278603 151666
219 338136 156333
220 313500 280840
221 306945 324100
222 202065 261100
223 211904 177800
224 207100 284900
225 222965 343700
226 243390 386866
227 230402 330800
228 138937 170800
229 144769 165044
230 282245 42000
231 200260 37800
232 278920 243600
233 305330 411600
234 337250 149800
235 149589 149450
236 130530 421400
237 137370 427000
238 295070 18200
239 293930 12600
240 292030 4200
241 285570 4200
242 250230 7000
243 259730 427000
244 276830 4200
245 229710 9800
246 281010 12600
247 300390 12600
248 192090 421400
249 233130 7000
250 222870 9800
251 241870 7000
252 191710 427000
253 259350 9800
254 195890 4200
255 145730 32200
256 232370 15400
257 213370 15400
258 212610 12600
259 147630 415800
260 252510 12600
261 252890 9800
262 266570 4200
263 253650 4200
264 285950 7000
265 247190 4200
266 266950 7000
267 162070 427000
268 195130 415800
269 148390 404600
270 155990 418600
271 171190 418600
272 178030 418600
273 168530 421400
274 170810 427000
275 144970 424200
276 176130 415800
277 169670 415800
278 151430 421400
279 178410 421400
280 225910 427000
281 238830 424200
282 234650 413000
283 237690 421400
284 225910 424200
285 234650 410200
286 178410 427000
287 227430 421400
288 224010 418600
289 238830 427000
290 214130 424200
291 219450 427000
292 207670 424200
293 214890 415800
294 211470 9800
295 204250 4200
296 189430 4200
297 201590 415800
298 236170 9800
299 209950 418600
300 217550 418600
301 220970 12600
302 217170 7000
303 224390 4200
304 217550 4200
305 219070 21000
306 201970 427000
307 216410 413000
308 150290 427000
309 213370 410200
310 246430 421400
311 201970 12600
312 211090 4200
313 215650 18200
314 240730 12600
315 266190 418600
316 241870 415800
317 260490 421400
318 295450 424200
319 208050 415800
320 301150 427000
321 361950 424200
322 356630 418600
323 348650 418600
324 327370 4200
325 307610 427000
326 310650 424200
327 322810 427000
328 346750 427000
329 335350 7000
330 194750 424200
331 392730 205800
332 354350 410200
333 147250 418600
334 314070 427000
335 296590 421400
336 336490 424200
337 271890 421400
338 353970 427000
339 312170 418600
340 342950 424200
341 162070 421400
342 326610 9800
343 312930 4200
344 301910 4200
345 322810 12600
346 325850 23800
347 309130 35000
348 348650 12600
349 341810 18200
350 319770 4200
351 307610 7000
352 232370 427000
353 307230 12600
354 320150 7000
355 340670 12600
356 341430 4200
357 337250 9800
358 336490 15400
359 260110 4200
360 274550 15400
361 268090 427000
362 277590 7000
363 185250 427000
364 130110 432740
365 140 184940
366 131230 140
367 126750 140
368 140 174860
369 104350 140
370 140 218540
371 140 231980
372 155870 432740
373 125630 140
374 114430 140
375 155870 140
376 153630 432740
377 148030 140
378 156990 140
379 158110 432740
380 177150 432740
381 158110 140
382 161470 140
383 117790 140
384 163710 140
385 168190 140
386 196190 140
387 140 127820
388 172670 140
389 181630 140
390 164830 140
391 169310 140
392 179390 140
393 177150 140
394 178270 140
395 154750 140
396 105470 140
397 140 126700
398 115550 140
399 140 130060
400 140 244300
401 140 245420
402 149150 432740
403 140 246540
404 140 197260
405 140 139020
406 140 251020
407 140 247660
408 140 252140
409 140 140140
410 140 156940
411 140 146860
412 140 151340
413 140 165900
414 140 159180
415 141310 432740
416 162590 140
417 140 172620
418 137950 432740
419 127870 140
420 127870 432740
421 140 226380
422 120030 140
423 118910 140
424 108830 140
425 112190 140
426 140 181580
427 111070 140
428 140 227500
429 148030 432740
430 121150 140
431 133470 140
432 144670 140
433 145790 140
434 167070 140
435 159230 432740
436 140190 432740
437 140 205100
438 232030 432740
439 159230 140
440 128990 140
441 183870 140
442 174910 140
443 180510 140
444 170430 140
445 190590 140
446 187230 432740
447 171550 140
448 140 182700
449 189470 140
450 187230 140
451 182750 140
452 198430 140
453 136830 432740
454 124510 140
455 133470 432740
456 140 228620
457 123390 140
458 116670 140
459 140 188300
460 107710 140
461 113310 140
462 106590 140
463 140 230860
464 150270 432740
465 130110 140
466 132350 140
467 146910 140
468 149150 140
469 165950 140
470 140 229740
471 164830 432740
472 156990 432740
473 189470 432740
474 160350 140
475 139070 140
476 193950 140
477 176030 140
478 197310 140
479 169310 432740
480 199550 140
481 140 125580
482 229790 432740
483 173790 140
484 200670 140
485 191710 140
486 184990 140
487 186110 140
488 134590 432740
489 140 186060
490 142430 432740
491 122270 140
492 109950 140
493 190590 432740
494 150270 140
495 210750 432740
496 302590 140
497 300350 140
498 313790 140
499 480390 195020
500 279070 140
501 280190 432740
502 276830 432740
503 359710 432740
504 351870 432740
505 312670 140
506 275710 432740
507 480390 207340
508 288030 140
509 219710 432740
510 170430 432740
511 256670 432740
512 163710 432740
513 266750 432740
514 192830 140
515 168190 432740
516 131230 432740
517 160350 432740
518 242110 140
519 235390 140
520 240990 140
521 228670 140
522 266750 140
523 238750 140
524 273470 140
525 267870 140
526 184990 432740
527 186110 432740
528 198430 432740
529 165950 432740
530 212990 432740
531 135710 432740
532 191710 432740
533 161470 432740
534 192830 432740
535 178270 432740
536 183870 432740
537 173790 432740
538 193950 432740
539 226430 432740
540 272350 432740
541 251070 432740
542 267870 432740
543 248830 432740
544 227550 432740
545 224190 432740
546 239870 432740
547 237630 432740
548 225310 432740
549 201790 140
550 201790 432740
551 211870 140
552 204030 140
553 202910 140
554 210750 140
555 208510 140
556 221950 432740
557 209630 432740
558 206270 432740
559 200670 432740
560 209630 140
561 206270 140
562 215230 140
563 212990 140
564 219710 140
565 253310 140
566 275710 140
567 202910 432740
568 205150 432740
569 263390 140
570 236510 140
571 230910 140
572 226430 140
573 244350 140
574 261150 432740
575 330590 432740
576 258910 432740
577 332830 432740
578 228670 432740
579 308190 432740
580 285790 432740
581 286910 432740
582 336190 432740
583 313790 432740
584 304830 432740
585 307070 432740
586 312670 432740
587 335070 432740
588 322750 432740
589 243230 432740
590 337310 432740
591 344030 432740
592 318270 432740
593 339550 432740
594 283550 432740
595 338430 432740
596 341790 432740
597 345150 432740
598 346270 432740
599 348510 432740
600 279070 432740
601 294750 140
602 323870 140
603 295870 140
604 319390 140
605 321630 140
606 347390 140
607 480390 175980
608 349630 140
609 310430 140
610 307070 140
611 268990 432740
612 298110 140
613 304830 140
614 329470 140
615 320510 140
616 327230 140
617 328350 140
618 271230 140
619 345150 140
620 290270 140
621 340670 140
622 167070 432740
623 132350 432740
624 301470 140
625 296990 140
626 293630 140
627 291390 140
628 252190 140
629 265630 432740
630 280190 140
631 234270 140
632 299230 140
633 303710 140
634 195070 432740
635 237630 140
636 225310 140
637 245470 140
638 196190 432740
639 264510 140
640 195070 140
641 142430 140
642 246590 140
643 217470 140
644 216350 140
645 145790 432740
646 254430 140
647 256670 140
648 270110 140
649 255550 140
650 289150 140
651 257790 140
652 292510 140
653 274590 140
654 162590 432740
655 197310 432740
656 146910 432740
657 152510 432740
658 174910 432740
659 182750 432740
660 171550 432740
661 172670 432740
662 143550 432740
663 179390 432740
664 176030 432740
665 154750 432740
666 181630 432740
667 234270 432740
668 252190 432740
669 240990 432740
670 242110 432740
671 230910 432740
672 238750 432740
673 180510 432740
674 233150 432740
675 236510 432740
676 245470 432740
677 217470 432740
678 223070 432740
679 208510 432740
680 215230 432740
681 214110 140
682 207390 140
683 188350 140
684 207390 432740
685 239870 140
686 214110 432740
687 220830 432740
688 224190 140
689 220830 140
690 227550 140
691 221950 140
692 223070 140
693 204030 432740
694 218590 432740
695 144670 432740
696 216350 432740
697 249950 432740
698 205150 140
699 218590 140
700 229790 140
701 243230 140
702 270110 432740
703 244350 432740
704 264510 432740
705 301470 432740
706 211870 432740
707 360830 432740
708 365310 432740
709 361950 432740
710 366430 432740
711 331710 140
712 303710 432740
713 316030 432740
714 327230 432740
715 347390 432740
716 338430 140
717 199550 432740
718 480390 200620
719 357470 432740
720 139070 432740
721 317150 432740
722 300350 432740
723 340670 432740
724 257790 432740
725 358590 432740
726 299230 432740
727 349630 432740
728 151390 432740
729 330590 140
730 314910 140
731 305950 140
732 324990 140
733 318270 140
734 311550 140
735 351870 140
736 346270 140
737 326110 140
738 309310 140
739 235390 432740
740 308190 140
741 322750 140
742 344030 140
743 342910 140
744 339550 140
745 341790 140
746 262270 140
747 277950 140
748 271230 432740
749 276830 140
750 188350 432740
