0 39940 9428
1 31195 35640
2 51638 30671
3 30483 20032
4 42952 11524
5 35037 7587
6 32397 20757
7 22586 6113
8 24176 20428
9 40113 11763
10 54692 12111
11 48821 20979
12 27567 2565
13 37809 10632
14 40964 16828
15 49293 19586
16 29603 20513
17 27046 18886
18 37450 7479
19 47738 16740
20 33751 19611
21 33572 8678
22 46132 17229
23 32873 18567
24 34263 13185
25 41715 18820
26 29422 24813
27 47950 22227
28 50186 31709
29 20982 37864
30 50305 20910
31 53869 29580
32 22388 35678
33 40524 33473
34 54511 24724
35 53657 37678
36 34631 40354
37 35115 35565
38 39784 32825
39 20530 33041
40 19294 30003
41 51049 31430
42 38539 32163
43 16108 31005
44 22739 36614
45 21225 32959
46 28715 34972
47 28795 6345
48 31077 31875
49 14233 11890
50 44814 21580
51 47831 31914
52 47300 27932
53 37962 32517
54 23428 15505
55 33148 26662
56 40064 24827
57 51671 17040
58 30492 15615
59 35041 30301
60 41593 18954
61 30687 14595
62 50635 15167
63 47982 26976
64 36887 15850
65 34106 21123
66 18201 8808
67 24111 5977
68 41655 7201
69 46645 11340
70 30361 9270
71 48357 23583
72 13911 30642
73 37572 17145
74 49287 14097
75 69842 12677
76 50718 25278
77 55081 23409
78 21122 22871
79 31624 5727
80 42522 23419
81 40066 8910
82 45873 27958
83 38423 8707
84 39884 27263
85 37457 7175
86 32496 5445
87 39301 37560
88 44395 8025
89 54857 5709
90 55632 20464
91 44011 18447
92 42062 34918
93 50200 16785
94 38777 25958
95 42339 24865
96 38583 40905
97 53690 7965
98 23564 9382
99 49780 16163
100 50646 19176
101 46052 11592
102 48200 35182
103 49170 14158
104 47266 18279
105 24482 27641
106 49523 16933
107 63084 8717
108 54857 8910
109 48794 18756
110 29340 28755
111 45712 14017
112 43492 11426
113 48659 7209
114 56211 9127
115 53829 6201
116 29370 26865
117 48021 19114
118 43740 21408
119 50024 5501
120 53862 4545
121 54317 16613
122 70014 22197
123 54674 17529
124 71250 11376
125 50826 15858
126 71472 25283
127 55299 15090
128 28652 12879
129 56652 14595
130 57175 16269
131 67492 12323
132 21645 15570
133 71474 17604
134 66117 10989
135 53922 20385
136 72720 14226
137 68011 23229
138 70945 22862
139 73563 12902
140 37967 26541
141 47734 26314
142 62136 36285
143 44798 25204
144 63976 32838
145 56353 28982
146 48100 24418
147 65015 29090
148 57625 33190
149 37273 29565
150 59186 28779
151 54708 26865
152 59972 40115
153 62420 27366
154 45388 27981
155 66998 28182
156 45979 28485
157 57169 34209
158 48426 27520
159 29820 18200
160 14381 21618
161 34600 19237
162 31613 7561
163 29313 32895
164 25561 22281
165 15060 21229
166 28928 31455
167 29115 17812
168 30138 16185
169 34668 18244
170 27771 20981
171 17888 18691
172 32778 18297
173 17663 23139
174 30812 22950
175 32103 18070
176 33064 23456
177 17471 17513
178 37005 14715
179 28320 36105
180 19035 22140
181 15182 19803
182 34128 8105
183 35133 7107
184 42444 6840
185 34839 7110
186 36612 8775
187 62467 7306
188 56763 13567
189 50107 13680
190 62552 4302
191 58820 4995
192 61765 19211
193 64292 19181
194 58550 17287
195 62108 15525
196 58009 19001
197 28469 19447
198 34198 27251
199 35052 20228
200 28922 19497
201 34292 20088
202 37567 26990
203 35120 27595
204 35626 27742
205 55712 27176
206 46244 8048
207 47450 14469
208 54633 28326
209 52674 29943
210 40791 19304
211 38989 18545
212 37801 19505
213 40996 17186
214 46648 36518
215 46989 30345
216 51143 34479
217 47250 38763
218 51346 35543
219 46966 32602
220 45892 34193
221 27748 18880
222 25261 13667
223 72364 21578
224 68707 18605
225 45029 14670
226 74952 23031
227 62156 38367
228 59934 33915
229 56571 39622
230 31252 37489
231 41567 31566
232 30641 35505
233 30463 34719
234 26884 23175
235 22660 29167
236 23681 27440
237 29926 25407
238 24044 25545
239 39002 39853
240 12514 19980
241 40675 40635
242 28579 6885
243 46723 4320
244 45805 2565
245 44698 3375
246 47992 6750
247 55012 38205
248 54283 41310
249 54445 40095
250 54283 38880
251 55687 40095
252 44860 36855
253 29713 7695
254 46885 4860
255 48883 4185
256 43078 3645
257 43726 3375
258 39325 2970
259 41647 3510
260 42052 3375
261 43510 4590
262 42700 3375
263 45616 3105
264 25204 6210
265 50260 2295
266 55849 7560
267 54148 2430
268 48505 5265
269 46372 4455
270 42970 2430
271 44185 4050
272 49558 4320
273 10354 16740
274 18211 14985
275 15916 16335
276 28876 2430
277 30334 2430
278 29632 2835
279 30469 7425
280 30550 2565
281 29362 7425
282 29605 2835
283 33574 36585
284 32170 2295
285 33790 36585
286 33034 7830
287 32899 7830
288 29740 12150
289 31900 35910
290 36544 7695
291 36382 7560
292 28174 2295
293 35275 8100
294 34573 8235
295 40513 40365
296 39838 41715
297 40135 41310
298 42835 41445
299 39919 41445
300 44212 41175
301 42943 41040
302 42808 41715
303 33277 36990
304 55525 39555
305 55606 38880
306 54364 36990
307 43294 41445
308 55120 38475
309 49072 41715
310 50989 41445
311 50746 41175
312 53149 39150
313 52258 33345
314 33493 37260
315 51556 32805
316 46885 34020
317 46750 2430
318 47101 8235
319 47911 5130
320 47236 32400
321 51637 41310
322 53662 38340
323 47776 41580
324 44698 41310
325 33817 37125
326 45373 34290
327 44968 35640
328 46129 41445
329 47614 41445
330 57928 37395
331 56524 40905
332 56038 41175
333 54877 39150
334 54013 38340
335 52744 37800
336 26122 41715
337 53311 40230
338 53743 40365
339 38650 7020
340 38650 7155
341 31117 7830
342 40027 7965
343 39811 7560
344 41161 7830
345 40810 3915
346 49234 4455
347 28444 9990
348 54958 40635
349 57982 2430
350 55822 7695
351 56875 2295
352 48991 4455
353 50125 2835
354 50422 3240
355 53662 2700
356 57604 41715
357 59467 32400
358 29254 7965
359 60007 32265
360 56659 41175
361 74749 19440
362 51124 41580
363 52231 38745
364 53851 37530
365 42241 34290
366 55390 7965
367 57982 7425
368 48667 4995
369 45382 2835
370 40791 2730
371 45171 2765
372 35400 21045
373 38726 41013
374 50294 35460
375 49109 25480
376 49302 36994
377 46273 18216
378 47066 4185
379 52664 14035
380 41292 43808
381 42 27084
382 43596 43808
383 43692 43808
384 41868 43808
385 42732 43808
386 39372 43808
387 35724 43808
388 35340 43808
389 39660 43808
390 39564 43808
391 39948 43808
392 31788 43808
393 40716 42
394 42444 42
395 41004 42
396 37164 42
397 36972 42
398 40332 42
399 40524 42
400 41580 42
401 41484 42
402 42636 42
403 42 22380
404 42828 42
405 41292 42
406 43596 42
407 41100 42
408 45708 42
409 42348 42
410 42540 42
411 43692 42
412 25740 42
413 26604 42
414 25836 42
415 27660 42
416 26028 42
417 27084 42
418 29964 42
419 23436 42
420 42 27276
421 26220 42
422 25068 42
423 25356 42
424 32172 42
425 35820 43808
426 27756 42
427 30540 42
428 23436 43808
429 26124 42
430 26316 42
431 32556 43808
432 32364 43808
433 32268 43808
434 37164 43808
435 36876 43808
436 34380 43808
437 40140 43808
438 38028 43808
439 41100 43808
440 40236 43808
441 41196 43808
442 19788 43808
443 38316 43808
444 37932 43808
445 36204 43808
446 38220 43808
447 38124 43808
448 39468 43808
449 40908 43808
450 45228 42
451 46956 42
452 41388 42
453 21228 43808
454 37356 43808
455 41676 42
456 44364 42
457 46188 42
458 46860 42
459 46092 42
460 43020 42
461 41580 43808
462 45420 42
463 40428 43808
464 22188 43808
465 44844 42
466 43020 43808
467 43788 43808
468 42540 43808
469 41676 43808
470 37740 43808
471 33036 43808
472 40524 43808
473 43980 43808
474 44076 43808
475 21708 43808
476 42156 43808
477 43116 43808
478 37548 43808
479 37452 43808
480 32172 43808
481 38700 43808
482 38508 43808
483 39756 43808
484 39564 42
485 44556 42
486 22380 43808
487 45516 42
488 39756 42
489 36108 43808
490 42156 42
491 43404 42
492 45900 42
493 45612 42
494 45804 42
495 36492 43808
496 39852 43808
497 28620 42
498 37836 43808
499 41772 43808
500 44268 42
501 42732 42
502 45132 42
503 43884 42
504 40620 43808
505 36396 43808
506 35244 43808
507 41484 43808
508 23916 42
509 32748 43808
510 38892 43808
511 41772 42
512 44076 42
513 44940 42
514 44460 42
515 47532 42
516 47724 42
517 54348 43808
518 54540 43808
519 49932 42
520 45996 42
521 44652 42
522 44748 42
523 46476 42
524 47436 42
525 43500 42
526 43980 42
527 39372 42
528 40140 42
529 39948 42
530 40908 42
531 40620 42
532 41868 42
533 39084 42
534 49836 42
535 50700 42
536 50604 42
537 47916 42
538 48012 42
539 45324 42
540 41964 42
541 48588 42
542 38700 42
543 34476 42
544 36012 42
545 35724 42
546 35436 42
547 34668 43808
548 35532 43808
549 36300 43808
550 34188 43808
551 34476 43808
552 34764 43808
553 36108 42
554 36012 43808
555 33996 42
556 34764 42
557 34188 42
558 34956 43808
559 36204 42
560 36300 42
561 34092 43808
562 36396 42
563 35148 43808
564 37644 43808
565 37260 43808
566 34860 43808
567 42252 43808
568 40716 43808
569 41964 43808
570 41388 43808
571 42348 43808
572 35916 43808
573 54252 43808
574 54828 43808
575 55020 43808
576 47532 43808
577 48972 43808
578 47724 43808
579 49836 43808
580 50220 43808
581 53772 43808
582 54924 43808
583 47148 42
584 52332 43808
585 54636 43808
586 47820 42
587 49548 42
588 49260 43808
589 48684 42
590 47436 43808
591 49644 43808
592 46668 43808
593 45036 43808
594 44268 43808
595 45420 43808
596 44172 43808
597 45708 43808
598 48492 43808
599 56364 43808
600 56844 43808
601 56940 43808
602 54060 43808
603 52524 43808
604 51084 43808
605 36780 43808
606 50988 43808
607 50220 42
608 37068 42
609 38028 42
610 37260 42
611 52332 42
612 52428 42
613 39276 42
614 39468 42
615 47052 42
616 38892 42
617 46764 42
618 54252 42
619 49452 42
620 46380 42
621 50508 42
622 48492 42
623 48396 42
624 49356 42
625 57708 43808
626 57708 42
627 47340 42
628 58188 42
629 56172 43808
630 53676 43808
631 49164 42
632 50124 42
633 52620 43808
634 57612 42
635 58572 42
636 58380 42
637 40428 42
638 38412 42
639 28716 42
640 47244 42
641 46668 42
642 45036 42
643 48780 42
644 56460 43808
645 56748 43808
646 56652 43808
647 57324 43808
648 57804 43808
649 45612 43808
650 30156 42
651 48204 42
652 49644 42
653 43212 42
654 43788 42
655 39660 42
656 42060 42
657 42252 42
658 43308 42
659 42924 42
660 46284 42
661 25260 42
662 52524 42
663 57132 42
664 54444 42
665 48876 42
666 46572 42
667 43116 42
668 44172 42
669 50028 42
670 42 17580
671 42 15180
672 42 16332
673 29004 42
674 31020 42
675 29580 42
676 31596 42
677 31884 42
678 29772 42
679 29196 42
680 33804 43808
681 32268 42
682 34284 43808
683 34092 42
684 33420 42
685 30924 42
686 35052 43808
687 39852 42
688 38604 42
689 30060 42
690 37740 42
691 36684 42
692 41004 43808
693 40332 43808
694 40812 43808
695 44364 43808
696 40044 43808
697 44748 43808
698 43884 43808
699 44460 43808
700 33900 43808
701 56556 43808
702 57036 43808
703 57132 43808
704 44652 43808
705 57612 43808
706 49068 43808
707 51660 43808
708 52044 43808
709 53484 43808
710 53580 43808
711 33996 43808
712 53388 43808
713 48012 43808
714 48300 42
715 48108 42
716 48972 42
717 50508 43808
718 52428 43808
719 54156 43808
720 47916 43808
721 45900 43808
722 34572 43808
723 45996 43808
724 45804 43808
725 46572 43808
726 47628 43808
727 58572 43808
728 59340 43808
729 59436 43808
730 55596 43808
731 54732 43808
732 52716 43808
733 22764 43808
734 52140 43808
735 53964 43808
736 38796 42
737 38988 42
738 30444 42
739 40236 42
740 40044 42
741 41196 42
742 40812 42
743 49740 42
744 28236 42
745 55404 43808
746 57996 42
747 55404 42
748 53772 42
749 49068 42
750 50892 42
751 50796 42
752 52908 42
753 57996 43808
754 59628 43808
755 29100 42
756 59532 43808
757 57228 43808
758 83657 22284
759 51180 43808
760 51852 43808
761 53868 43808
762 42636 43808
763 56364 42
764 58476 42
765 49260 42
766 42 18636
