0 24680 9712
1 17573 39656
2 28987 25598
3 20349 21300
4 33247 8421
5 26036 11151
6 29259 20979
7 10064 8653
8 12039 25760
9 14613 27737
10 32938 8271
11 45003 10838
12 37615 23715
13 3429 12555
14 35620 9032
15 30744 16041
16 35320 25650
17 25178 20552
18 13453 12604
19 14771 25701
20 10004 14774
21 44737 16932
22 37854 23168
23 21069 24345
24 28346 12053
25 38382 26070
26 22543 23928
27 25794 12735
28 48718 11340
29 24374 19845
30 26510 24092
31 41041 27754
32 42584 29579
33 8748 37893
34 42361 25798
35 47929 26205
36 25832 38062
37 11724 34508
38 43437 26688
39 45889 32157
40 23824 39991
41 23395 41642
42 19797 35385
43 27080 38785
44 14866 32197
45 19827 26641
46 12511 30071
47 44662 27969
48 25778 36905
49 9265 31187
50 11471 37876
51 14353 32433
52 18441 46035
53 24854 32022
54 7644 16389
55 25509 30183
56 28445 38245
57 35149 37728
58 23235 38925
59 34593 19485
60 23593 29315
61 43048 17354
62 26170 18733
63 14620 37665
64 29855 16908
65 22245 19545
66 28568 24047
67 30872 34056
68 23364 22432
69 15055 15086
70 12275 8112
71 34498 9765
72 18724 8010
73 33808 29070
74 8067 30468
75 26334 13217
76 42160 11327
77 48853 14099
78 35307 29521
79 9418 22742
80 36647 29673
81 11760 20470
82 38876 9601
83 19312 10202
84 31054 17532
85 27685 8671
86 34334 33137
87 25206 8077
88 32357 36300
89 26435 8887
90 20430 9855
91 24286 39690
92 31289 5789
93 47805 10125
94 40747 26086
95 29356 17397
96 27421 33277
97 41324 21889
98 24970 22337
99 28544 24954
100 28377 2565
101 30389 10935
102 12771 9821
103 30679 25079
104 43983 12220
105 42362 19535
106 39945 14742
107 41268 43289
108 43335 6201
109 24246 30138
110 39882 13181
111 41954 12868
112 55293 12015
113 48228 5973
114 39680 17703
115 40519 40943
116 20583 32355
117 39027 11619
118 36335 16802
119 36865 7047
120 33057 17914
121 47221 7473
122 36335 17939
123 46107 6405
124 24690 31755
125 42421 15699
126 33600 25632
127 37806 4725
128 42045 4792
129 46647 15039
130 56252 22622
131 58596 17313
132 49783 17604
133 42086 18090
134 57215 16231
135 59970 22776
136 34529 15602
137 48641 13144
138 48704 4653
139 47943 13712
140 55026 12780
141 30249 16942
142 55650 29085
143 47839 12402
144 49954 12035
145 50664 12800
146 57744 12645
147 47602 16335
148 56358 18378
149 50868 20596
150 59254 15499
151 55550 17762
152 35682 29063
153 32139 32445
154 56871 35873
155 31460 33169
156 33472 34686
157 50557 32872
158 43309 39323
159 36685 31570
160 45111 33196
161 52002 32573
162 35749 32602
163 42250 35087
164 50010 41385
165 60112 35534
166 41329 34270
167 38583 36585
168 47438 34737
169 37890 37369
170 33383 35741
171 44154 35145
172 41310 35460
173 20755 21177
174 20405 15626
175 21389 7110
176 18576 40455
177 22309 22776
178 18770 23571
179 18698 23767
180 16536 20325
181 21794 19205
182 11495 24570
183 17064 41403
184 19081 25310
185 8643 24551
186 8331 22120
187 25480 23239
188 23908 16020
189 23159 29423
190 22257 23400
191 13068 25637
192 17816 42660
193 16840 16913
194 18252 43065
195 9742 24258
196 15480 23715
197 7647 25494
198 25660 5477
199 34554 3645
200 34242 8538
201 22191 5051
202 30294 6210
203 29772 6021
204 28542 6460
205 58160 8925
206 56382 8092
207 55443 6320
208 45668 24620
209 45704 24660
210 46098 22132
211 47878 25592
212 45853 20577
213 49188 23655
214 46028 26426
215 33180 26325
216 24198 21795
217 23492 25677
218 32894 28709
219 21126 21901
220 34506 26948
221 19572 20655
222 39049 27790
223 36207 27135
224 33790 27303
225 30875 28941
226 51854 39815
227 37606 32319
228 54967 40584
229 36382 24475
230 50014 39004
231 52724 37023
232 20451 13962
233 34091 12640
234 33966 3582
235 19026 15612
236 25319 14548
237 37864 42692
238 28993 42400
239 37769 37766
240 40828 40365
241 41549 42235
242 37962 39863
243 34323 42255
244 41186 36893
245 23580 20880
246 27894 19845
247 33529 4039
248 36603 18045
249 35840 17955
250 36499 17292
251 40616 17634
252 58202 25744
253 35721 20073
254 58880 24199
255 59757 28316
256 58533 33056
257 40608 28350
258 54810 33795
259 63587 33860
260 53365 33952
261 53723 34695
262 19432 43140
263 27111 36621
264 18861 43516
265 12182 41553
266 17385 40905
267 21073 26784
268 20542 22348
269 20655 30603
270 18030 27405
271 24270 31697
272 22927 29344
273 23643 37167
274 2686 18630
275 23908 46035
276 19885 42930
277 33439 45765
278 34816 45765
279 31819 45495
280 29092 44955
281 41188 42660
282 42052 42390
283 45022 45900
284 38758 42525
285 36625 42660
286 34600 45900
287 3091 19845
288 37570 42255
289 40054 41985
290 37894 30645
291 40540 2430
292 36544 4050
293 40162 2565
294 36868 4185
295 34978 5670
296 35329 4185
297 36706 3915
298 8140 20655
299 38380 2430
300 43159 2565
301 39865 2295
302 36544 2430
303 36220 2295
304 35194 2970
305 35194 2430
306 35572 4320
307 18562 2295
308 19156 2430
309 3091 19980
310 5791 19980
311 3010 18630
312 20614 2295
313 4873 19305
314 30469 2430
315 21289 42390
316 2740 20250
317 3631 19575
318 2740 20655
319 3523 20385
320 22936 5670
321 2578 19440
322 17860 2700
323 28660 2295
324 23206 34965
325 2605 26325
326 9976 24435
327 3415 26865
328 2605 23085
329 27256 44820
330 26716 45360
331 27121 45900
332 27661 44415
333 28066 45765
334 27769 45495
335 26095 45900
336 24448 45900
337 20344 42255
338 29443 44280
339 28714 44820
340 30415 43200
341 28228 44820
342 31792 45900
343 29011 46035
344 30604 44145
345 32035 45495
346 31414 44955
347 36544 45765
348 19291 41985
349 35842 45765
350 36112 38475
351 34600 41985
352 36274 39150
353 32818 46035
354 32224 2430
355 29389 45360
356 30631 45225
357 30469 44280
358 33736 45900
359 20101 41850
360 35545 41040
361 36706 42390
362 30712 44685
363 29902 45630
364 64921 26055
365 64678 26865
366 64300 28755
367 64840 27405
368 63733 28620
369 64732 23085
370 18697 42120
371 64543 28215
372 64786 27675
373 20830 5940
374 19426 5535
375 20182 6480
376 24880 2295
377 31819 2970
378 29038 2565
379 31144 2565
380 44104 2970
381 18022 40770
382 49774 3780
383 51070 3780
384 49261 3510
385 48100 3240
386 45454 6210
387 45184 6480
388 48154 2295
389 46939 2970
390 50908 4050
391 51448 2430
392 20101 5940
393 64597 16200
394 48478 2700
395 63679 22140
396 63652 19440
397 58198 22005
398 64759 22815
399 31360 46035
400 64138 28485
401 36193 40365
402 36031 42525
403 33579 7710
404 22635 26754
405 27363 40019
406 31383 34620
407 32533 32082
408 40906 33542
409 46752 2400
410 46677 14520
411 23820 48321
412 17676 48321
413 27564 48321
414 25644 48321
415 26028 48321
416 24492 48321
417 23532 48321
418 19212 48321
419 18636 48321
420 23628 48321
421 27372 42
422 27468 42
423 17004 48321
424 27564 42
425 32076 42
426 31692 42
427 31212 42
428 42 17676
429 33804 42
430 32460 42
431 32556 42
432 31788 42
433 31404 42
434 42 24108
435 30636 42
436 27948 42
437 30540 42
438 29484 42
439 30732 42
440 29580 42
441 27660 42
442 29388 42
443 42 23724
444 42 20076
445 42 23052
446 42 21036
447 42 23916
448 42 16812
449 42 17964
450 42 17580
451 42 30348
452 42 23532
453 42 20364
454 42 20652
455 42 20172
456 25644 42
457 15468 48321
458 22380 48321
459 16908 48321
460 17964 48321
461 17772 48321
462 17100 48321
463 17580 48321
464 17292 48321
465 23724 48321
466 23436 48321
467 23148 48321
468 22284 48321
469 25548 48321
470 25164 48321
471 22476 48321
472 21804 48321
473 15372 48321
474 21516 48321
475 21612 48321
476 19980 48321
477 21708 48321
478 25260 48321
479 25068 48321
480 25932 42
481 30252 42
482 29868 42
483 32748 42
484 16428 48321
485 42 18348
486 33708 42
487 31500 42
488 31596 42
489 30924 42
490 27756 42
491 31116 42
492 29772 42
493 29676 42
494 28236 48321
495 16236 48321
496 30156 48321
497 28332 48321
498 28716 48321
499 28044 42
500 27852 48321
501 23244 48321
502 18060 48321
503 24972 48321
504 28140 42
505 26700 42
506 16620 48321
507 24396 48321
508 22956 48321
509 20844 48321
510 20748 48321
511 17388 48321
512 23244 42
513 27852 42
514 27276 42
515 26892 42
516 32364 42
517 42 25836
518 30156 42
519 33228 42
520 42 17484
521 33036 42
522 33132 42
523 33420 42
524 32652 42
525 31308 42
526 25836 42
527 28332 42
528 18252 48321
529 28428 42
530 29196 42
531 28524 42
532 28236 42
533 30060 42
534 28620 42
535 26124 48321
536 24012 48321
537 20076 48321
538 24780 48321
539 42 24684
540 17484 48321
541 22668 48321
542 29292 42
543 31884 42
544 35244 48321
545 34764 48321
546 37260 48321
547 39372 48321
548 40044 48321
549 39852 48321
550 39276 48321
551 38316 48321
552 32748 48321
553 32268 42
554 34860 48321
555 37836 48321
556 33996 42
557 34380 42
558 32940 42
559 37932 42
560 36492 42
561 33900 42
562 33324 42
563 34284 42
564 26028 42
565 36300 42
566 36780 42
567 36588 42
568 36108 42
569 35820 42
570 33516 42
571 33612 42
572 35340 42
573 42 19980
574 42 19596
575 42 21420
576 24972 42
577 27180 42
578 30444 42
579 36396 48321
580 35628 48321
581 21132 48321
582 23916 48321
583 21036 48321
584 19788 48321
585 42 20268
586 25740 42
587 26412 42
588 42 19884
589 24492 42
590 25452 42
591 26316 42
592 20172 48321
593 20652 48321
594 26124 42
595 22764 48321
596 24204 48321
597 22188 48321
598 21900 48321
599 24876 48321
600 25356 48321
601 25740 48321
602 21996 48321
603 23052 48321
604 25932 48321
605 24684 48321
606 27180 48321
607 22860 48321
608 30636 48321
609 32556 48321
610 29676 48321
611 30348 42
612 29100 42
613 31692 48321
614 29004 42
615 32844 42
616 33612 48321
617 33036 48321
618 34572 48321
619 32460 48321
620 30828 42
621 30444 48321
622 34380 48321
623 31500 48321
624 31788 48321
625 30252 48321
626 31980 48321
627 34284 48321
628 33228 48321
629 30348 48321
630 67333 26220
631 67333 26028
632 67333 27852
633 67333 25740
634 67333 25452
635 67333 26124
636 24300 48321
637 67333 24972
638 67333 24108
639 18828 42
640 42 14700
641 17772 42
642 42924 42
643 43020 42
644 27084 42
645 42156 42
646 42732 42
647 26988 42
648 47052 42
649 45132 42
650 48492 42
651 49548 42
652 44364 42
653 43212 42
654 49068 42
655 44844 42
656 49452 42
657 49260 42
658 42828 42
659 49644 42
660 47436 42
661 43116 42
662 43308 42
663 67333 23916
664 48684 42
665 67333 24684
666 67333 24780
667 67333 25068
668 32172 42
669 42 20940
670 20556 48321
671 34092 48321
672 35148 48321
673 33132 48321
674 27468 48321
675 41196 48321
676 41964 48321
677 45228 48321
678 37644 48321
679 36492 48321
680 34476 48321
681 42 14892
682 37740 48321
683 40428 48321
684 38028 48321
685 42252 42
686 36684 42
687 41292 42
688 37260 42
689 35532 42
690 35724 42
691 37068 42
692 42 22188
693 38412 42
694 43404 42
695 40428 42
696 36876 42
697 36396 42
698 35628 42
699 36204 42
700 35916 42
701 18636 42
702 19404 42
703 42 21324
704 42 20556
705 42 18156
706 20748 42
707 42 18924
708 31020 42
709 21420 48321
710 42 20748
711 42 19404
712 42 20844
713 42 20460
714 26220 42
715 42 15372
716 19692 42
717 28716 42
718 23340 48321
719 42 23820
720 42 24396
721 42 24204
722 42 22380
723 27372 48321
724 27084 48321
725 24108 48321
726 22092 48321
727 28044 48321
728 27756 48321
729 25452 48321
730 24588 48321
731 20940 48321
732 29772 48321
733 26220 48321
734 30732 48321
735 22572 48321
736 32268 48321
737 28620 48321
738 30924 48321
739 32364 48321
740 31884 48321
741 37356 48321
742 19884 48321
743 36204 48321
744 36588 48321
745 35052 48321
746 36684 48321
747 33420 48321
748 31980 42
749 28524 48321
750 31308 48321
751 30540 48321
752 34188 48321
753 20460 48321
754 35340 48321
755 36780 48321
756 32076 48321
757 30060 48321
758 67333 25836
759 67333 26988
760 67333 28620
761 67333 27276
762 67333 27180
763 67333 25164
764 19404 48321
765 67333 27756
766 67333 27468
767 20652 42
768 19500 42
769 19980 42
770 25356 42
771 29964 42
772 28908 42
773 28812 42
774 44460 42
775 18348 48321
776 50124 42
777 51372 42
778 49356 42
779 48300 42
780 45036 42
781 45228 42
782 48588 42
783 47148 42
784 51276 42
785 51564 42
786 20460 42
787 67333 18924
788 48972 42
789 67333 22764
790 67333 24492
791 67333 24588
792 67333 23340
793 32172 48321
794 67333 27084
795 36300 48321
796 36108 48321
797 42 16908
