0 190696 259000
1 271008 207044
2 205960 269500
3 340870 193977
4 199832 275100
5 49707 259050
6 90535 189980
7 167770 250600
8 327858 213720
9 153438 226200
10 176082 271600
11 196414 299262
12 192755 282100
13 198407 279300
14 193464 322411
15 235821 191488
16 220514 143640
17 90524 209533
18 70089 253816
19 87825 165266
20 178932 100100
21 333588 155909
22 189214 107613
23 169697 330000
24 175636 258440
25 183707 260344
26 272575 145896
27 322126 202440
28 149473 168840
29 210980 293787
30 60773 197992
31 131144 187786
32 105640 90440
33 287765 180288
34 167960 135450
35 234448 168000
36 123648 234286
37 109250 182000
38 119890 125844
39 110057 99400
40 142535 120925
41 221270 300367
42 86292 209142
43 8740 169400
44 269911 92976
45 313535 193025
46 129618 101360
47 130065 161622
48 113572 85400
49 136447 107400
50 129817 224700
51 180610 223066
52 116707 217000
53 148057 199500
54 148817 203700
55 142182 145140
56 152522 232400
57 154926 237720
58 215847 313340
59 148884 246680
60 158100 253100
61 149435 104300
62 340226 285133
63 155847 107100
64 238580 303100
65 196032 156100
66 334868 207234
67 192318 152600
68 152000 7000
69 220732 163100
70 347306 290400
71 216342 174000
72 271674 306973
73 307833 338498
74 218837 243755
75 221017 259700
76 164091 156835
77 213132 248500
78 211031 233800
79 160407 88900
80 155325 81760
81 170762 91700
82 453454 163768
83 166871 86927
84 283685 143033
85 174705 240800
86 220708 295750
87 269574 243950
88 320589 162225
89 52762 130736
90 164245 130103
91 178172 240800
92 123350 239989
93 236332 317100
94 242746 254333
95 143830 242900
96 129110 164094
97 225308 326355
98 327370 253088
99 193610 81200
100 152168 97377
101 209449 287763
102 74220 125206
103 266696 99244
104 137220 211400
105 308772 124435
106 179778 89880
107 177032 84700
108 150100 101360
109 88455 122940
110 139797 117133
111 169522 135488
112 188076 187950
113 129276 162120
114 160752 178173
115 178997 172963
116 75037 244745
117 200205 206487
118 131644 288658
119 301724 277839
120 429977 175829
121 291069 185179
122 272772 152500
123 210139 50000
124 293712 259800
125 236787 99680
126 287185 147700
127 295098 260570
128 277740 129315
129 279870 72800
130 226226 73266
131 297369 122379
132 418228 157640
133 294563 46200
134 232248 43960
135 249755 73266
136 257694 47000
137 241370 107147
138 321838 258688
139 228672 120723
140 251940 40040
141 290890 48066
142 222110 70466
143 293217 60900
144 407475 141213
145 329270 65177
146 458429 179114
147 306516 62295
148 337186 65800
149 395529 133117
150 221228 116316
151 321480 86800
152 403784 90486
153 320910 162178
154 317962 96063
155 313500 82600
156 322217 87376
157 340214 79800
158 316051 372600
159 351056 63933
160 379269 136876
161 414688 95400
162 357010 70466
163 397873 105400
164 329688 334600
165 344683 135100
166 389975 159600
167 324947 361200
168 320747 93000
169 347636 81666
170 394036 255150
171 238793 253490
172 400885 82036
173 263493 249000
174 350930 275100
175 408840 262242
176 349817 229400
177 243411 241681
178 385438 230475
179 255835 275100
180 261890 216322
181 281945 189861
182 406925 246600
183 303050 346733
184 368233 224200
185 292724 198012
186 315716 343000
187 253351 231266
188 401612 249900
189 324710 344866
190 410305 268566
191 268611 188321
192 111926 333851
193 309510 341133
194 397955 277200
195 191539 359800
196 153477 285444
197 232211 293066
198 263197 364000
199 204564 362048
200 352146 321720
201 247570 340900
202 143205 305575
203 373739 321864
204 180025 227360
205 360408 329622
206 197406 226289
207 167960 306600
208 226510 317890
209 246556 361666
210 193674 368311
211 243447 347200
212 360651 338333
213 186865 352333
214 370445 331000
215 251940 355600
216 260046 366333
217 263685 151327
218 260775 142800
219 250705 266000
220 273790 298200
221 277083 297266
222 210530 254177
223 192976 289800
224 329935 150500
225 321005 232866
226 309928 191240
227 390644 212027
228 362583 166600
229 373856 166600
230 378416 175933
231 270243 60200
232 253365 275800
233 240350 263900
234 279490 51800
235 260743 49933
236 269905 100177
237 269863 57400
238 272903 50866
239 187435 364000
240 109879 347005
241 195890 349300
242 251465 327600
243 212610 371000
244 232623 371933
245 172411 362600
246 308085 130900
247 300105 235200
248 302290 114333
249 321683 123200
250 312043 164733
251 321480 197400
252 299680 163800
253 333307 353500
254 389259 313691
255 337725 312200
256 313405 315000
257 350423 370066
258 338770 301933
259 229963 265533
260 228095 261100
261 229045 256200
262 243136 103133
263 257450 61133
264 241887 137709
265 250863 98466
266 247570 64866
267 181070 316400
268 299114 351506
269 252188 306169
270 264955 306600
271 253143 321533
272 252256 331800
273 261883 369133
274 307420 73500
275 288356 66733
276 359796 42466
277 327750 130200
278 326863 46200
279 337060 308700
280 318005 250400
281 346750 340200
282 354096 321533
283 339656 328066
284 254600 307300
285 224960 255500
286 229836 255266
287 232496 181533
288 237310 165666
289 247912 194600
290 230415 173800
291 215935 289800
292 247760 331100
293 256310 359800
294 261503 303800
295 260883 312400
296 135802 64400
297 137010 70810
298 259825 348600
299 296780 142800
300 181830 288400
301 271130 23800
302 275880 392000
303 271130 385000
304 220970 168000
305 271890 308000
306 324520 389200
307 344850 240800
308 369740 170800
309 301910 306600
310 353970 46200
311 126860 190225
312 141550 57400
313 223250 404600
314 304190 12600
315 329270 12600
316 312930 15400
317 313690 4200
318 271130 4200
319 280250 15400
320 306090 4200
321 283670 4200
322 330790 4200
323 311030 7000
324 214130 401800
325 298870 9800
326 252130 21000
327 281010 7000
328 268850 396200
329 290130 4200
330 219450 399000
331 266190 7000
332 275690 12600
333 274550 7000
334 227810 390600
335 187910 399000
336 298110 4200
337 273790 15400
338 286710 15400
339 269230 12600
340 299250 23800
341 284430 12600
342 304950 21000
343 287850 18200
344 191710 401800
345 270750 399000
346 216410 404600
347 200830 399000
348 126350 404600
349 180690 396200
350 173090 404600
351 179550 404600
352 212610 295400
353 160170 401800
354 186010 404600
355 158650 404600
356 152190 404600
357 249470 396200
358 266190 401800
359 252130 371000
360 248330 401800
361 258970 373800
362 237310 393400
363 205010 396200
364 241490 399000
365 225910 399000
366 248710 404600
367 232370 399000
368 238830 396200
369 246050 15400
370 246810 7000
371 249090 12600
372 258970 404600
373 229710 396200
374 205770 404600
375 246050 390600
376 229330 401800
377 229710 404600
378 259730 7000
379 250230 4200
380 232750 7000
381 254410 18200
382 238830 404600
383 234270 390600
384 216790 287000
385 235790 401800
386 279490 404600
387 259730 12600
388 255930 9800
389 263150 9800
390 267330 15400
391 278730 399000
392 363090 401800
393 265430 387800
394 312930 404600
395 199310 404600
396 363470 396200
397 370310 404600
398 374870 396200
399 378670 404600
400 356630 401800
401 334590 18200
402 331930 9800
403 336490 23800
404 342950 404600
405 346750 18200
406 264290 399000
407 359670 18200
408 358910 399000
409 145730 404600
410 336490 404600
411 319390 404600
412 349410 404600
413 343710 399000
414 363850 404600
415 356630 345800
416 350550 396200
417 166630 404600
418 342950 15400
419 324330 4200
420 321670 15400
421 336490 12600
422 344470 4200
423 393490 169400
424 360430 9800
425 348270 9800
426 337630 4200
427 328130 18200
428 255930 396200
429 322430 12600
430 353210 18200
431 362330 4200
432 350930 7000
433 355870 4200
434 406030 166600
435 297730 12600
436 298110 7000
437 291650 404600
438 316350 9800
439 138890 404600
440 144670 140
441 140 175980
442 104350 140
443 105470 140
444 108830 140
445 127870 408210
446 144670 408210
447 148030 408210
448 151390 408210
449 143550 140
450 149150 140
451 217470 140
452 131230 408210
453 281310 408210
454 214110 408210
455 152510 408210
456 178270 408210
457 150270 408210
458 201790 408210
459 178270 140
460 207390 140
461 158110 140
462 167070 140
463 135710 140
464 187230 408210
465 181630 140
466 130110 408210
467 168190 140
468 165950 140
469 165950 408210
470 169310 140
471 155870 140
472 156990 140
473 161470 140
474 167070 408210
475 140190 140
476 140 216300
477 140 217420
478 164830 408210
479 140 223020
480 140 196140
481 140 162540
482 140 227500
483 140 233100
484 140 228620
485 140 163660
486 140 160300
487 140 159180
488 140 158060
489 140 156940
490 106590 140
491 140 225260
492 153630 140
493 113310 140
494 149150 408210
495 133470 140
496 140 226380
497 118910 140
498 121150 140
499 122270 140
500 117790 140
501 140 215180
502 140 180460
503 146910 408210
504 156990 408210
505 137950 408210
506 130110 140
507 160350 140
508 209630 140
509 280190 408210
510 204030 408210
511 172670 408210
512 197310 408210
513 140 181580
514 136830 408210
515 193950 408210
516 172670 140
517 208510 140
518 152510 140
519 164830 140
520 183870 408210
521 174910 408210
522 134590 408210
523 191710 140
524 140 170380
525 190590 140
526 153630 408210
527 179390 140
528 182750 408210
529 139070 408210
530 124510 140
531 140 219660
532 127870 140
533 123390 140
534 126750 140
535 116670 140
536 125630 140
537 140 218540
538 137950 140
539 142430 408210
540 180510 408210
541 139070 140
542 159230 140
543 206270 408210
544 205150 408210
545 200670 408210
546 140 211820
547 135710 408210
548 170430 408210
549 168190 408210
550 162590 408210
551 176030 140
552 200670 140
553 162590 140
554 170430 140
555 191710 408210
556 171550 408210
557 141310 140
558 141310 408210
559 192830 140
560 189470 140
561 177150 408210
562 174910 140
563 177150 140
564 140190 408210
565 107710 140
566 140 214060
567 140 209580
568 154750 140
569 133470 408210
570 131230 140
571 212990 408210
572 320510 140
573 321630 140
574 328350 140
575 509300 184940
576 307070 140
577 296990 140
578 298110 408210
579 374270 408210
580 370910 408210
581 329470 140
582 293630 408210
583 509300 190540
584 310430 140
585 264510 140
586 143550 408210
587 285790 408210
588 190590 408210
589 286910 408210
590 221950 408210
591 277950 408210
592 192830 408210
593 154750 408210
594 280190 140
595 274590 140
596 281310 140
597 266750 140
598 289150 140
599 261150 140
600 298110 140
601 295870 140
602 159230 408210
603 169310 408210
604 210750 408210
605 225310 408210
606 186110 408210
607 188350 408210
608 276830 408210
609 198430 408210
610 275710 408210
611 173790 408210
612 202910 408210
613 237630 408210
614 211870 408210
615 266750 408210
616 295870 408210
617 283550 408210
618 289150 408210
619 255550 408210
620 261150 408210
621 251070 408210
622 246590 408210
623 258910 408210
624 248830 408210
625 221950 140
626 220830 408210
627 236510 140
628 234270 140
629 243230 140
630 229790 140
631 227550 408210
632 226430 408210
633 224190 408210
634 232030 408210
635 271230 408210
636 251070 140
637 244350 140
638 237630 140
639 246590 140
640 255550 140
641 257790 408210
642 256670 140
643 217470 408210
644 219710 408210
645 277950 140
646 268990 140
647 271230 140
648 262270 140
649 275710 140
650 272350 408210
651 351870 408210
652 256670 408210
653 347390 408210
654 254430 408210
655 311550 408210
656 324990 408210
657 317150 408210
658 304830 408210
659 332830 408210
660 322750 408210
661 321630 408210
662 335070 408210
663 333950 408210
664 331710 408210
665 249950 408210
666 355230 408210
667 349630 408210
668 348510 408210
669 344030 408210
670 310430 408210
671 356350 408210
672 360830 408210
673 358590 408210
674 357470 408210
675 336190 408210
676 265630 408210
677 330590 140
678 364190 408210
679 303710 140
680 509300 153580
681 342910 140
682 367550 140
683 509300 179340
684 509300 160300
685 322750 140
686 341790 140
687 303710 408210
688 312670 140
689 337310 140
690 360830 140
691 340670 140
692 352990 140
693 358590 140
694 311550 140
695 356350 140
696 286910 140
697 359710 140
698 163710 408210
699 228670 408210
700 308190 140
701 332830 140
702 316030 140
703 317150 140
704 273470 140
705 283550 140
706 309310 140
707 285790 140
708 333950 140
709 313790 140
710 209630 408210
711 323870 140
712 254430 140
713 284670 140
714 273470 408210
715 293630 140
716 223070 408210
717 267870 140
718 279070 140
719 276830 140
720 230910 408210
721 181630 408210
722 301470 140
723 291390 140
724 290270 140
725 272350 140
726 318270 140
727 288030 140
728 314910 140
729 294750 140
730 195070 408210
731 274590 408210
732 215230 408210
733 196190 408210
734 128990 408210
735 179390 408210
736 176030 408210
737 184990 408210
738 216350 408210
739 160350 408210
740 189470 408210
741 161470 408210
742 155870 408210
743 253310 408210
744 270110 408210
745 264510 408210
746 252190 408210
747 262270 408210
748 242110 408210
749 207390 408210
750 244350 408210
751 245470 408210
752 243230 408210
753 235390 408210
754 240990 408210
755 247710 140
756 245470 140
757 252190 140
758 263390 408210
759 229790 408210
760 208510 408210
761 247710 408210
762 234270 408210
763 233150 408210
764 263390 140
765 253310 140
766 235390 140
767 257790 140
768 239870 408210
769 236510 408210
770 218590 408210
771 279070 408210
772 238750 408210
773 284670 408210
774 260030 140
775 258910 140
776 265630 140
777 270110 140
778 282430 408210
779 366430 408210
780 268990 408210
781 316030 408210
782 199550 408210
783 368670 408210
784 377630 408210
785 378750 408210
786 383230 408210
787 361950 408210
788 338430 140
789 335070 140
790 336190 140
791 345150 408210
792 351870 140
793 267870 408210
794 363070 140
795 363070 408210
796 145790 408210
797 350750 408210
798 320510 408210
799 352990 408210
800 346270 408210
801 375390 408210
802 359710 408210
803 354110 408210
804 158110 408210
805 346270 140
806 327230 140
807 324990 140
808 339550 140
809 348510 140
810 509300 142380
811 364190 140
812 355230 140
813 344030 140
814 331710 140
815 260030 408210
816 326110 140
817 357470 140
818 366430 140
819 354110 140
820 365310 140
821 509300 167020
822 300350 140
823 302590 140
824 294750 408210
825 319390 140
826 132350 408210
