0 153203 121800
1 253327 163435
2 123405 87500
3 262656 169400
4 120346 83160
5 45444 123318
6 74754 83533
7 185345 90300
8 232593 204647
9 175892 88200
10 99341 216440
11 118560 77700
12 140880 119442
13 113192 74200
14 91303 82600
15 114916 233800
16 210187 84000
17 227525 102200
18 204487 86800
19 65073 120772
20 144013 48253
21 98562 89600
22 267128 151725
23 101270 85000
24 98439 100800
25 90516 88760
26 114352 97000
27 68722 88069
28 155610 86100
29 215310 207800
30 147107 77000
31 39428 65715
32 112046 66675
33 136087 62300
34 141122 72800
35 138866 95200
36 151392 91000
37 216566 218317
38 136705 77000
39 219220 238957
40 129722 71400
41 171237 67900
42 152673 78018
43 124799 213752
44 57562 69187
45 84740 4200
46 152047 59500
47 216493 225400
48 143217 56777
49 119731 67666
50 180547 70000
51 190098 231900
52 157233 83618
53 175892 79100
54 149672 98233
55 67968 69358
56 90962 78400
57 227605 224674
58 98562 69300
59 95092 27720
60 103217 64400
61 205587 222824
62 114494 61320
63 107540 199920
64 128138 103744
65 88160 103880
66 95380 60200
67 125134 57773
68 123072 51800
69 122561 255500
70 113873 9800
71 143687 10500
72 242488 228760
73 135137 6300
74 128060 4200
75 193657 9100
76 244801 236600
77 163481 7800
78 137940 241266
79 100066 44768
80 182315 9800
81 231961 285860
82 180737 5600
83 195747 72800
84 209015 89833
85 201352 63700
86 190658 85960
87 196602 80500
88 191757 88900
89 323331 132236
90 205152 94500
91 271362 130044
92 210104 122325
93 267520 134866
94 166301 35226
95 191489 35148
96 263590 97745
97 104460 224933
98 216781 181573
99 262719 198706
100 171750 114726
101 104861 238093
102 160855 155500
103 265715 126700
104 168116 111094
105 113736 242355
106 214256 204866
107 263910 160300
108 216536 117911
109 186718 47978
110 271652 162400
111 303134 104844
112 190244 123000
113 278302 166600
114 251876 172200
115 280297 170100
116 134171 257600
117 220330 105509
118 183218 59015
119 212377 107800
120 263577 171500
121 265430 168840
122 255241 159950
123 156290 76066
124 143083 9400
125 170196 83676
126 279574 109355
127 68238 108111
128 52252 179103
129 117086 137252
130 108268 43914
131 152305 192786
132 63755 45266
133 190126 49933
134 294378 132285
135 317046 138133
136 254192 76039
137 270548 150648
138 327103 71376
139 284313 133933
140 196916 192920
141 288318 37053
142 290795 138600
143 176649 193521
144 281405 150733
145 320696 151900
146 320815 133700
147 321100 95666
148 296698 89100
149 323000 126280
150 214003 175933
151 329270 106866
152 331894 69240
153 316065 112700
154 360392 87640
155 273027 38005
156 322798 145188
157 167500 180452
158 254536 65333
159 304456 57400
160 336110 99400
161 275785 48300
162 329270 105000
163 294856 33250
164 224073 163800
165 326736 118066
166 327856 269085
167 227936 158200
168 300033 248150
169 215001 128803
170 312626 272525
171 257081 26794
172 262618 234920
173 264385 247100
174 292932 224700
175 245028 240625
176 220077 160720
177 160794 293400
178 265715 282800
179 238350 120621
180 249850 131880
181 195537 312200
182 269398 237377
183 281516 280466
184 314355 255500
185 326854 239400
186 279490 296333
187 283860 251200
188 310436 221900
189 183033 294466
190 276678 264040
191 347985 252700
192 186675 315350
193 220807 115000
194 320751 221258
195 310048 283733
196 301411 220150
197 280440 282100
198 244692 187000
199 74436 222600
200 161690 147000
201 252721 192422
202 328816 214391
203 250474 202466
204 198794 221800
205 213655 182700
206 168815 226800
207 138985 169400
208 205376 151232
209 239155 66200
210 255201 178266
211 205770 249666
212 262774 201893
213 178742 222600
214 119953 215133
215 206403 245933
216 211280 71400
217 181228 234266
218 237998 203700
219 184653 175096
220 205263 250600
221 224073 219800
222 223693 74200
223 80116 203000
224 162336 232120
225 196016 251533
226 266779 189000
227 221567 83000
228 103797 218217
229 110485 289100
230 128131 156800
231 112730 215231
232 85683 289694
233 56905 204866
234 189126 269640
235 114142 223650
236 99370 218400
237 106064 151357
238 48735 196560
239 94031 244440
240 216220 295400
241 70300 209160
242 118288 173800
243 97532 301501
244 139776 273933
245 54533 194352
246 211311 305200
247 113271 299133
248 215948 299400
249 113620 260866
250 70363 210466
251 135280 270900
252 135533 262733
253 182624 264090
254 80912 205000
255 113176 283266
256 249303 144550
257 257735 138600
258 267615 166600
259 99370 115266
260 292663 143266
261 150699 144200
262 289154 117320
263 123943 108733
264 228760 241500
265 208810 220500
266 178170 249130
267 294056 171266
268 298616 179666
269 290763 165666
270 175116 124600
271 186580 143984
272 190358 156644
273 205865 163100
274 162766 133000
275 220716 101266
276 232851 138028
277 213623 94733
278 177693 142907
279 212356 162866
280 219576 161933
281 91295 246400
282 47420 239822
283 94430 213500
284 94493 201133
285 59296 224178
286 116343 261800
287 124576 258066
288 102322 245861
289 98854 256200
290 285475 133000
291 273790 167300
292 329270 110600
293 298827 105622
294 334590 106866
295 292505 110600
296 269127 106292
297 251332 98560
298 235688 71050
299 246109 293727
300 236930 252000
301 215312 226333
302 142025 224000
303 247950 302866
304 251876 259933
305 265722 270846
306 170335 140000
307 147915 57400
308 212230 159133
309 210710 59266
310 219830 8866
311 225537 51800
312 219196 96600
313 197283 75133
314 162221 304262
315 125162 226800
316 128915 224000
317 159220 197400
318 132050 265533
319 172507 294549
320 138130 268333
321 123183 262733
322 282739 148400
323 274170 232400
324 285823 175000
325 354476 187133
326 332436 182466
327 311283 185266
328 198835 254800
329 210710 256900
330 248710 252466
331 248710 248733
332 215016 265533
333 183008 164640
334 153615 193200
335 147060 112000
336 37810 192733
337 39203 185266
338 41863 177800
339 102552 182000
340 112556 170520
341 88241 139000
342 116141 214200
343 109725 193900
344 99655 201600
345 141550 300066
346 139650 254333
347 90735 205800
348 134940 227800
349 321432 101500
350 322081 107955
351 355110 119000
352 110580 170800
353 96330 191800
354 288800 92400
355 130340 266000
356 84930 235200
357 123500 277200
358 10450 172200
359 155610 123200
360 209570 200200
361 200450 289800
362 249660 327600
363 255930 161000
364 287470 170800
365 255930 320600
366 347890 186200
367 107540 198800
368 166577 109537
369 361190 91000
370 19570 214200
371 363850 141400
372 363850 147000
373 357390 175000
374 363850 163800
375 358150 116200
376 363850 79800
377 363090 169400
378 360430 88200
379 274170 4200
380 298870 9800
381 13110 214200
382 282530 4200
383 363850 93800
384 363850 127400
385 363850 194600
386 363850 152600
387 363850 135800
388 363850 82600
389 363850 105000
390 358910 102200
391 358530 96600
392 109250 326200
393 354730 121800
394 292030 7000
395 361190 121800
396 339150 110600
397 295830 4200
398 357390 105000
399 305330 9800
400 289370 4200
401 113810 329000
402 135090 329000
403 121030 329000
404 101650 329000
405 5890 225400
406 12350 225400
407 21850 208600
408 8550 231000
409 12730 217000
410 5890 236600
411 120650 281400
412 95950 250600
413 98230 326200
414 167390 329000
415 5890 219800
416 13110 211400
417 11970 228200
418 135850 326200
419 127870 329000
420 6270 208600
421 146490 329000
422 11590 239400
423 190950 329000
424 5890 175000
425 5890 163800
426 5890 169400
427 5890 180600
428 12730 180600
429 5890 186200
430 5890 191800
431 124830 326200
432 363850 180600
433 154090 4200
434 160550 4200
435 194750 4200
436 201210 4200
437 203870 7000
438 213750 7000
439 207670 4200
440 363850 158200
441 173090 4200
442 12350 236600
443 17670 155400
444 6650 177800
445 363850 155400
446 357770 99400
447 363850 85400
448 357390 93800
449 363850 189000
450 252510 323400
451 12350 163800
452 214130 329000
453 5890 233800
454 231230 323400
455 363470 172200
456 227810 326200
457 238830 323400
458 215270 323400
459 208430 326200
460 220590 329000
461 207670 329000
462 228190 320600
463 254790 326200
464 10830 222600
465 238830 329000
466 234650 326200
467 19950 205800
468 184490 329000
469 12730 200200
470 201970 326200
471 262770 329000
472 197410 329000
473 241490 326200
474 255930 329000
475 12350 233800
476 228190 329000
477 363850 149800
478 221350 326200
479 352070 102200
480 363850 138600
481 360430 110600
482 363850 119000
483 338770 113400
484 270750 329000
485 258970 323400
486 17290 222600
487 224770 323400
488 279110 329000
489 274930 326200
490 246050 329000
491 363850 225400
492 249470 317800
493 363850 130200
494 363850 183400
495 361190 186200
496 363850 166600
497 32870 208600
498 369340 72940
499 140 100940
500 165950 140
501 150270 140
502 167070 140
503 170430 140
504 74110 140
505 100990 140
506 140 149100
507 80830 140
508 86430 140
509 190590 140
510 127870 140
511 181630 140
512 189470 140
513 183870 140
514 116670 140
515 77470 140
516 120030 140
517 96510 140
518 369340 79660
519 186110 140
520 174910 140
521 97630 140
522 369340 74060
523 369340 117740
524 369340 124460
525 369340 119980
526 369340 114380
527 369340 111020
528 369340 75180
529 369340 109900
530 99870 140
531 126750 140
532 92030 140
533 83070 140
534 84190 140
535 140 103180
536 102110 140
537 140 105420
538 140 106540
539 103230 140
540 87550 140
541 90910 140
542 88670 140
543 104350 140
544 122270 140
545 106590 140
546 105470 140
547 155870 140
548 124510 140
549 134590 140
550 162590 140
551 161470 140
552 141310 140
553 140190 140
554 135710 140
555 131230 140
556 152510 140
557 137950 140
558 153630 140
559 151390 140
560 140 104300
561 79710 140
562 115550 140
563 128990 140
564 78590 140
565 94270 140
566 178270 140
567 176030 140
568 184990 140
569 172670 140
570 113310 140
571 85310 140
572 111070 140
573 121150 140
574 95390 140
575 201790 140
576 192830 140
577 369340 99820
578 369340 134540
579 369340 76300
580 177150 140
581 369340 192780
582 81950 140
583 369340 177100
584 369340 162540
585 369340 188300
586 369340 172620
587 146910 140
588 139070 140
589 142430 140
590 136830 140
591 156990 140
592 143550 140
593 89790 140
594 159230 140
595 160350 140
596 98750 140
597 108830 140
598 125630 140
599 75230 140
600 76350 140
601 168190 140
602 171550 140
603 187230 140
604 140 102060
605 173790 140
606 112190 140
607 114430 140
608 118910 140
609 109950 140
610 369340 89740
611 191710 140
612 200670 140
613 369340 135660
614 369340 121100
615 93150 140
616 369340 130060
617 369340 154700
618 369340 160300
619 369340 164780
620 369340 181580
621 369340 165900
622 149150 140
623 132350 140
624 148030 140
625 133470 140
626 107710 140
627 130110 140
628 369340 88620
629 140 208460
630 369340 151340
631 369340 155820
632 369340 186060
633 369340 173740
634 369340 141260
635 369340 127820
636 369340 180460
637 369340 152460
638 369340 116620
639 369340 107660
640 233150 332790
641 369340 106540
642 369340 112140
643 369340 133420
644 140 181580
645 369340 179340
646 140 167020
647 369340 161420
648 369340 126700
649 140 164780
650 117790 140
651 140 191660
652 369340 140140
653 260030 140
654 369340 125580
655 369340 102060
656 369340 118860
657 369340 83020
658 369340 80780
659 369340 90860
660 114430 332790
661 115550 332790
662 116670 332790
663 107710 332790
664 140 199500
665 108830 332790
666 140 202860
667 111070 332790
668 132350 332790
669 112190 332790
670 106590 332790
671 123390 332790
672 117790 332790
673 140 211820
674 140 217420
675 189470 332790
676 190590 332790
677 164830 332790
678 139070 332790
679 140 201740
680 136830 332790
681 163710 332790
682 186110 332790
683 140 171500
684 145790 140
685 123390 140
686 140 184940
687 140 178220
688 140 186060
689 140 190540
690 140 197260
691 169310 140
692 154750 140
693 144670 140
694 180510 140
695 182750 140
696 369340 139020
697 369340 105420
698 199550 140
699 369340 178220
700 369340 113260
701 140 195020
702 163710 140
703 369340 132300
704 369340 145740
705 369340 150220
706 369340 84140
707 369340 108780
708 209630 332790
709 229790 332790
710 140 192780
711 226430 332790
712 140 205100
713 191710 332790
714 199550 332790
715 205150 332790
716 197310 332790
717 192830 332790
718 196190 332790
719 200670 332790
720 140 224140
721 210750 332790
722 211870 332790
723 141310 332790
724 247710 332790
725 245470 332790
726 235390 332790
727 256670 332790
728 140 198380
729 271230 332790
730 260030 332790
731 263390 332790
732 248830 332790
733 251070 332790
734 142430 332790
735 221950 332790
736 369340 144620
737 217470 332790
738 369340 143500
739 369340 146860
740 369340 175980
741 369340 168140
742 369340 169260
743 198430 332790
744 207390 332790
745 140 216300
746 227550 332790
747 281310 332790
748 276830 332790
749 267870 332790
750 284670 332790
751 255550 332790
752 212990 332790
753 369340 182700
754 369340 189420
755 369340 167020
756 140 200620
757 140 214060
758 369340 142380
759 369340 147980
760 369340 174860
761 369340 153580
762 369340 115500
763 369340 78540
764 369340 171500
765 369340 91980
766 276830 140
767 264510 140
768 140 215180
769 258910 140
770 369340 98700
771 369340 128940
772 369340 191660
773 369340 158060
774 369340 136780
775 369340 77420
776 369340 104300
777 369340 97580
778 369340 96460
779 105470 332790
780 369340 122220
781 270110 140
782 369340 123340
783 369340 87500
784 273470 140
785 369340 86380
786 271230 140
787 272350 140
788 109950 332790
789 135710 332790
790 100990 332790
791 104350 332790
792 140 226380
793 140 225260
794 140 206220
795 140 228620
796 140 218540
797 140 236460
798 102110 332790
799 98750 332790
800 103230 332790
801 173790 332790
802 140 219660
803 140 207340
804 140 227500
805 140190 332790
806 134590 332790
807 140 209580
808 169310 332790
809 140 239820
810 193950 332790
811 140 174860
812 140 173740
813 140 175980
814 140 182700
815 140 180460
816 140 187180
817 140 189420
818 127870 332790
819 369340 184940
820 158110 140
821 164830 140
822 188350 140
823 196190 140
824 197310 140
825 198430 140
826 195070 140
827 369340 159180
828 179390 140
829 140 235340
830 140 169260
831 140 177100
832 369340 156940
833 369340 100940
834 369340 85260
835 369340 81900
836 369340 190540
837 257790 332790
838 140 172620
839 228670 332790
840 140 231980
841 242110 332790
842 369340 170380
843 236510 332790
844 243230 332790
845 208510 332790
846 202910 332790
847 223070 332790
848 195070 332790
849 232030 332790
850 254430 332790
851 140 230860
852 244350 332790
853 237630 332790
854 140 203980
855 133470 332790
856 140 196140
857 137950 332790
858 265630 332790
859 177150 332790
860 253310 332790
861 258910 332790
862 140 233100
863 230910 332790
864 369340 149100
865 224190 332790
866 369340 103180
867 369340 137900
868 369340 95340
869 369340 94220
870 369340 93100
871 206270 332790
872 215230 332790
873 140 223020
874 234270 332790
875 283550 332790
876 277950 332790
877 249950 332790
878 369340 226380
879 252190 332790
880 369340 131180
881 369340 183820
882 369340 187180
883 369340 163660
884 140 210700
