0 150670 124600
1 167888 153091
2 167450 133896
3 263190 167484
4 171334 127800
5 66344 107989
6 97839 53822
7 173515 82712
8 226530 178978
9 135050 91116
10 128235 193953
11 125463 137853
12 95681 72223
13 97493 219800
14 268691 121022
15 225150 75133
16 164133 78562
17 116137 79100
18 249090 151000
19 131114 82815
20 90440 209484
21 201685 130550
22 122484 108958
23 156860 86566
24 125700 196589
25 46156 52188
26 191976 199780
27 138496 52668
28 153452 202100
29 168644 110040
30 147956 106456
31 266288 170520
32 122140 132784
33 231216 139400
34 163590 122920
35 116423 204527
36 62262 65080
37 102885 29400
38 259277 101400
39 236901 228900
40 145229 56381
41 121958 95355
42 222086 140700
43 158029 115640
44 253080 101181
45 156829 53200
46 220787 205100
47 108041 25609
48 123196 57400
49 147353 39072
50 216634 129181
51 138137 103707
52 213890 150733
53 128182 58882
54 92477 212644
55 238483 97094
56 230295 239232
57 118965 70840
58 115520 4200
59 246280 79357
60 215384 258253
61 140161 65584
62 100431 225894
63 91384 275189
64 184841 24500
65 110318 41962
66 179908 18511
67 194465 26600
68 226982 72058
69 261988 88511
70 221363 145068
71 238861 171266
72 183182 69816
73 229262 107800
74 254930 191921
75 251623 144666
76 171863 197654
77 181866 162522
78 193760 117133
79 161508 207581
80 250130 237533
81 214252 127894
82 157253 209160
83 266380 248360
84 177722 81808
85 287593 108080
86 226710 142000
87 281247 253225
88 276361 191240
89 177563 224636
90 209000 133560
91 204098 130200
92 278793 151044
93 222642 100520
94 250515 177566
95 153636 90784
96 143830 4709
97 177880 67400
98 55571 160400
99 131236 148814
100 186153 199460
101 180460 153336
102 327983 105711
103 313147 157800
104 290693 47608
105 318818 92406
106 257099 158056
107 205793 193818
108 254949 34328
109 259198 162120
110 240072 41404
111 306850 129500
112 319893 100660
113 317210 138937
114 264523 156046
115 333042 119400
116 243407 123327
117 243684 225038
118 326018 154695
119 226427 114263
120 253966 287933
121 281330 290832
122 226614 29892
123 249546 260680
124 225243 225015
125 231040 268100
126 230514 116364
127 250071 101266
128 248625 253524
129 185684 231600
130 295927 285115
131 330703 223610
132 104436 281866
133 286366 216922
134 203702 157093
135 336223 210723
136 264005 191100
137 280496 223072
138 214808 169200
139 236496 159573
140 163115 175700
141 281322 61800
142 220644 296000
143 291498 228427
144 287698 44574
145 215274 169340
146 66046 200931
147 131756 204781
148 153916 260573
149 67972 219800
150 139453 253645
151 92986 202440
152 155752 214083
153 47025 170520
154 132620 308466
155 58928 175575
156 115358 219590
157 120897 296800
158 170841 261800
159 136610 283577
160 120032 161400
161 48513 229133
162 236094 158200
163 239685 167300
164 194227 131950
165 304570 171500
166 244150 247800
167 216718 227850
168 215301 269682
169 229472 133700
170 193914 144200
171 180626 141400
172 243886 155184
173 54815 214900
174 54715 217095
175 73910 199500
176 67735 191100
177 85804 236600
178 93860 232200
179 280345 155400
180 273410 156100
181 207337 283500
182 161522 305448
183 239020 268800
184 207138 264600
185 137275 263200
186 168656 119933
187 116166 157080
188 163115 161000
189 220122 151092
190 189831 34246
191 104147 194600
192 80840 275120
193 122455 210280
194 184775 189000
195 243390 225400
196 280503 166600
197 231040 258440
198 219830 263200
199 241912 311266
200 211173 267000
201 198835 199500
202 87115 166600
203 94755 140200
204 136515 192500
205 83600 196700
206 163590 293533
207 126662 218400
208 274312 86800
209 273970 94242
210 266855 261800
211 61655 226800
212 357010 133000
213 356440 105000
214 297350 180600
215 171713 130030
216 357010 77000
217 19190 208600
218 363850 133000
219 363850 121800
220 238830 329000
221 363850 158200
222 363850 127400
223 363470 77000
224 361950 147000
225 229330 4200
226 356630 102200
227 363850 85400
228 5890 200200
229 357390 74200
230 263150 12600
231 359670 144200
232 148390 4200
233 363850 138600
234 358150 141400
235 362710 124600
236 357770 93800
237 246430 4200
238 363090 96600
239 11590 228200
240 363850 135800
241 363850 105000
242 363850 130200
243 353970 127400
244 363850 116200
245 358910 79800
246 338390 121800
247 363850 107800
248 5890 236600
249 5890 233800
250 108490 329000
251 102790 326200
252 6270 208600
253 5890 211400
254 5890 194600
255 12350 245000
256 5890 205800
257 5890 217000
258 6650 231000
259 8930 239400
260 18810 245000
261 12350 217000
262 187530 326200
263 188670 329000
264 8550 219800
265 10830 222600
266 175370 329000
267 9690 203000
268 181830 329000
269 168910 329000
270 208050 329000
271 7410 175000
272 5890 169400
273 18810 177800
274 8550 189000
275 5890 177800
276 5890 186200
277 7410 183400
278 11590 197400
279 363850 155400
280 167390 4200
281 8170 166600
282 190950 4200
283 363850 74200
284 363850 68600
285 203870 4200
286 197410 4200
287 179550 4200
288 179930 7000
289 9310 214200
290 6270 172200
291 5890 180600
292 363850 82600
293 222490 4200
294 361950 88200
295 363090 102200
296 217170 323400
297 359670 183400
298 196270 329000
299 246050 317800
300 12730 236600
301 363850 169400
302 274550 329000
303 361570 177800
304 259730 326200
305 210710 323400
306 227430 329000
307 220970 329000
308 245670 329000
309 260110 329000
310 18810 211400
311 235410 320600
312 243390 320600
313 21470 189000
314 21850 236600
315 214510 329000
316 256310 323400
317 12350 211400
318 246430 301000
319 238830 306600
320 19570 231000
321 253270 329000
322 363850 166600
323 219450 326200
324 363850 149800
325 361190 152600
326 254410 7000
327 253650 4200
328 363850 91000
329 266190 326200
330 363850 194600
331 12730 208600
332 228950 326200
333 363850 233800
334 277590 323400
335 363850 239400
336 363470 253400
337 276830 326200
338 363850 180600
339 246810 326200
340 363850 163800
341 363850 189000
342 16530 205800
343 369340 77420
344 72990 140
345 170430 140
346 155870 140
347 173790 140
348 178270 140
349 79710 140
350 96510 140
351 94270 140
352 78590 140
353 95390 140
354 118910 140
355 140190 140
356 191710 140
357 192830 140
358 168190 140
359 74110 140
360 80830 140
361 126750 140
362 93150 140
363 235390 140
364 230910 140
365 369340 96460
366 109950 140
367 369340 192780
368 369340 87500
369 369340 80780
370 369340 122220
371 369340 89740
372 369340 123340
373 369340 137900
374 369340 135660
375 77470 140
376 114430 140
377 111070 140
378 98750 140
379 83070 140
380 84190 140
381 116670 140
382 88670 140
383 85310 140
384 99870 140
385 89790 140
386 140 150220
387 86430 140
388 124510 140
389 136830 140
390 135710 140
391 123390 140
392 167070 140
393 128990 140
394 148030 140
395 176030 140
396 179390 140
397 160350 140
398 145790 140
399 153630 140
400 139070 140
401 164830 140
402 150270 140
403 162590 140
404 163710 140
405 90910 140
406 112190 140
407 121150 140
408 130110 140
409 100990 140
410 97630 140
411 106590 140
412 189470 140
413 187230 140
414 152510 140
415 76350 140
416 87550 140
417 125630 140
418 137950 140
419 75230 140
420 196190 140
421 227550 140
422 369340 91980
423 369340 191660
424 258910 332790
425 369340 147980
426 237630 332790
427 103230 140
428 256670 332790
429 369340 180460
430 369340 160300
431 369340 151340
432 154750 140
433 146910 140
434 151390 140
435 144670 140
436 172670 140
437 159230 140
438 81950 140
439 171550 140
440 174910 140
441 117790 140
442 120030 140
443 131230 140
444 102110 140
445 104350 140
446 115550 140
447 183870 140
448 188350 140
449 92030 140
450 156990 140
451 107710 140
452 122270 140
453 127870 140
454 108830 140
455 204030 140
456 228670 140
457 201790 140
458 369340 165900
459 272350 332790
460 105470 140
461 369340 155820
462 239870 332790
463 369340 171500
464 369340 164780
465 369340 175980
466 369340 146860
467 161470 140
468 142430 140
469 165950 140
470 143550 140
471 113310 140
472 141310 140
473 369340 100940
474 140 195020
475 369340 144620
476 369340 78540
477 238750 332790
478 369340 139020
479 369340 145740
480 369340 130060
481 369340 162540
482 369340 132300
483 369340 115500
484 369340 85260
485 235390 332790
486 369340 125580
487 369340 114380
488 369340 158060
489 140 173740
490 369340 190540
491 140 174860
492 369340 174860
493 369340 131180
494 132350 140
495 134590 140
496 140 206220
497 369340 173740
498 369340 99820
499 369340 79660
500 369340 111020
501 369340 121100
502 369340 86380
503 369340 84140
504 369340 109900
505 140 248780
506 140 246540
507 140 243180
508 140 242060
509 140 200620
510 140 223020
511 140 196140
512 94270 332790
513 140 233100
514 140 239820
515 93150 332790
516 104350 332790
517 98750 332790
518 140 203980
519 140 218540
520 197310 332790
521 199550 332790
522 140 245420
523 140 229740
524 140 197260
525 181630 332790
526 140 228620
527 198430 332790
528 140 167020
529 140 172620
530 133470 140
531 140 190540
532 140 183820
533 140 184940
534 140 186060
535 140 193900
536 140 170380
537 158110 140
538 140 168140
539 181630 140
540 186110 332790
541 369340 188300
542 369340 116620
543 369340 107660
544 184990 140
545 369340 112140
546 140 189420
547 180510 140
548 369340 141260
549 369340 159180
550 369340 189420
551 369340 118860
552 369340 119980
553 208510 332790
554 264510 332790
555 140 199500
556 263390 332790
557 140 230860
558 212990 332790
559 226430 332790
560 206270 332790
561 218590 332790
562 229790 332790
563 209630 332790
564 210750 332790
565 215230 332790
566 224190 332790
567 221950 332790
568 165950 332790
569 254430 332790
570 242110 332790
571 248830 332790
572 255550 332790
573 220830 332790
574 240990 332790
575 245470 332790
576 252190 332790
577 251070 332790
578 236510 332790
579 140 226380
580 260030 332790
581 369340 168140
582 217470 332790
583 369340 161420
584 369340 177100
585 369340 179340
586 369340 181580
587 369340 184940
588 262270 332790
589 273470 332790
590 140 207340
591 233150 332790
592 284670 332790
593 270110 332790
594 277950 332790
595 283550 332790
596 268990 332790
597 225310 332790
598 369340 170380
599 369340 172620
600 369340 153580
601 140 192780
602 140 210700
603 369340 134540
604 369340 124460
605 244350 332790
606 369340 154700
607 369340 126700
608 369340 88620
609 369340 149100
610 229790 140
611 369340 102060
612 369340 90860
613 140 201740
614 369340 98700
615 233150 140
616 369340 142380
617 149150 140
618 369340 140140
619 369340 143500
620 369340 127820
621 369340 94220
622 234270 140
623 369340 97580
624 140 225260
625 369340 136780
626 369340 106540
627 369340 133420
628 369340 128940
629 369340 117740
630 369340 83020
631 369340 113260
632 369340 108780
633 140 236460
634 140 235340
635 111070 332790
636 105470 332790
637 140 216300
638 140 214060
639 140 198380
640 140 247660
641 140 209580
642 140 227500
643 140 231980
644 140 240940
645 140 244300
646 140 215180
647 190590 332790
648 191710 332790
649 140 219660
650 140 224140
651 178270 332790
652 140 202860
653 179390 332790
654 173790 332790
655 211870 332790
656 140 175980
657 140 178220
658 140 180460
659 140 191660
660 140 181580
661 140 187180
662 140 182700
663 140 212940
664 369340 156940
665 169310 140
666 140 169260
667 193950 140
668 369340 104300
669 369340 105420
670 202910 140
671 197310 140
672 182750 140
673 186110 140
674 140 221900
675 140 177100
676 140 179340
677 369340 81900
678 226430 140
679 369340 95340
680 369340 103180
681 216350 332790
682 369340 182700
683 195070 332790
684 246590 332790
685 140 238700
686 271230 332790
687 369340 169260
688 274590 332790
689 369340 178220
690 265630 332790
691 214110 332790
692 230910 332790
693 223070 332790
694 228670 332790
695 266750 332790
696 140 217420
697 227550 332790
698 243230 332790
699 140 188300
700 140 237580
701 219710 332790
702 140 220780
703 261150 332790
704 140 211820
705 253310 332790
706 247710 332790
707 140 234220
708 257790 332790
709 369340 167020
710 234270 332790
711 369340 150220
712 369340 152460
713 232030 140
714 236510 140
715 369340 93100
716 267870 332790
717 369340 186060
718 140 208460
719 232030 332790
720 369340 228620
721 281310 332790
722 369340 227500
723 369340 226380
724 280190 332790
725 369340 183820
726 249950 332790
727 369340 163660
728 369340 187180
729 140 205100
