0 37700 7034
1 23473 33378
2 39484 20733
3 28329 16815
4 39831 10215
5 32764 7911
6 27920 17874
7 18938 6025
8 20991 21901
9 22875 26844
10 38500 10665
11 52362 10684
12 49422 19737
13 22707 2295
14 38603 12125
15 38678 16175
16 47164 18441
17 25875 16797
18 23949 20738
19 36276 7695
20 46077 15525
21 28132 15849
22 21521 6180
23 32982 11918
24 44031 18423
25 28044 17482
26 34740 12960
27 50779 10757
28 44861 22029
29 23294 19198
30 49125 20686
31 50616 23937
32 20692 35055
33 49582 19830
34 53820 23837
35 29473 33682
36 39084 30966
37 54218 23882
38 47635 35145
39 34876 36180
40 34725 34095
41 38296 30634
42 21589 33007
43 21367 30105
44 49807 34670
45 36585 32146
46 29866 29004
47 22399 34717
48 22244 32265
49 22595 33373
50 33345 39285
51 33825 30726
52 11901 22311
53 39726 15885
54 43143 28185
55 46360 23096
56 51193 25816
57 36775 19507
58 38081 29413
59 18862 15266
60 31266 26604
61 40786 26595
62 24087 17859
63 29278 32130
64 40098 22352
65 24205 14580
66 13173 20395
67 37105 18621
68 34969 17662
69 16426 17111
70 44653 25250
71 42591 11109
72 28345 8730
73 45922 22432
74 13660 29961
75 35917 12902
76 44076 11801
77 58003 13375
78 47924 22693
79 28923 12249
80 48376 21573
81 15731 9343
82 49473 12160
83 25690 3735
84 39174 20407
85 37369 8289
86 43006 27143
87 32083 8427
88 38779 26487
89 14738 30369
90 36089 8284
91 13954 33429
92 40331 8280
93 38880 22680
94 37398 35933
95 39970 6720
96 50979 4066
97 51486 20295
98 40218 19186
99 39829 33638
100 50036 17613
101 36024 20634
102 40357 23118
103 36585 2295
104 40264 6975
105 19980 9382
106 19980 4686
107 14424 20688
108 48252 15180
109 47987 19404
110 47568 17226
111 50433 5550
112 44253 17677
113 49973 8029
114 43072 4300
115 46679 15157
116 46672 34882
117 60064 7863
118 49713 9517
119 46194 18756
120 49491 34077
121 43343 14040
122 42842 11549
123 45192 7641
124 51985 10310
125 50541 7665
126 34464 25965
127 45510 18680
128 47013 6176
129 54414 12612
130 67176 21002
131 67692 11055
132 23422 13680
133 66624 13124
134 70570 23547
135 55206 12810
136 22788 11745
137 56382 12165
138 50335 4023
139 56368 13570
140 64899 9900
141 17235 14130
142 66594 18675
143 54554 13919
144 58099 12285
145 62622 11175
146 52065 15143
147 50475 18137
148 68974 15317
149 49569 16219
150 70761 21249
151 69675 13403
152 28847 25052
153 45892 21850
154 59904 37875
155 44000 23140
156 47510 25145
157 55552 27506
158 60896 26040
159 49857 21715
160 54219 27673
161 44786 25001
162 22821 24198
163 48246 22861
164 53796 25686
165 62592 25575
166 50285 27212
167 42366 34479
168 53618 30831
169 43431 27373
170 61450 36366
171 53726 27945
172 50886 27855
173 26661 12528
174 10951 11782
175 29360 13246
176 33912 17246
177 28439 8401
178 28341 30825
179 26078 18012
180 10427 11084
181 26547 30611
182 28686 11955
183 25728 12529
184 11953 15255
185 27185 31826
186 29787 17263
187 10260 7849
188 30550 19198
189 34522 17847
190 28217 22157
191 29286 15210
192 12660 15156
193 34243 18726
194 30084 28350
195 10053 8955
196 13896 10980
197 10035 12451
198 31756 7285
199 39582 5130
200 29670 5734
201 31833 6210
202 35513 6129
203 35485 4262
204 59544 6419
205 37682 16885
206 48943 3531
207 49315 14715
208 61207 7040
209 61964 6305
210 58820 5562
211 58087 3138
212 55207 5461
213 58253 19219
214 59832 19317
215 57103 17473
216 61109 18788
217 56358 17775
218 57246 15795
219 54540 17347
220 21942 24190
221 31909 11997
222 28644 19629
223 23814 26301
224 24172 24345
225 28344 12135
226 26088 24401
227 23899 27579
228 63231 27428
229 44011 9295
230 46380 14637
231 43476 14715
232 64496 28084
233 62119 30978
234 43672 13648
235 38331 18330
236 35868 18307
237 38839 5771
238 40403 20250
239 48333 36797
240 45131 33204
241 45123 28845
242 49756 31950
243 49224 31493
244 44829 30150
245 44102 29950
246 26460 14647
247 24446 13249
248 20758 13642
249 23166 11565
250 18175 13730
251 22816 15018
252 70314 21453
253 43184 15772
254 71405 23974
255 68744 23506
256 71346 19155
257 59845 35482
258 55314 35010
259 62522 35664
260 56904 37935
261 55093 36315
262 56146 36045
263 30858 34936
264 40548 30330
265 30260 35338
266 30209 38320
267 28190 37152
268 29083 18000
269 31291 25467
270 27059 26838
271 34007 25785
272 34056 22950
273 36774 24003
274 31914 26170
275 36745 37508
276 24313 2835
277 37408 39015
278 26824 2835
279 44212 5805
280 44482 30645
281 43591 39015
282 45859 30780
283 54013 37395
284 52960 36315
285 54175 36990
286 54661 39285
287 54202 37260
288 43699 38880
289 24637 3510
290 45292 31860
291 46075 3510
292 42052 3105
293 40432 2835
294 44158 5400
295 38542 2430
296 43267 4320
297 41944 2970
298 41728 3780
299 42619 5400
300 10138 20790
301 49693 2835
302 53554 2700
303 51556 2970
304 47479 3780
305 44239 5130
306 42727 2565
307 41890 7020
308 46507 3780
309 23125 2430
310 8950 14580
311 24340 2430
312 25474 2700
313 24259 2970
314 25366 2430
315 23152 2700
316 25501 3510
317 25933 39015
318 25474 4185
319 24880 3915
320 25528 5130
321 28579 2835
322 29227 2295
323 29848 2565
324 28012 2565
325 31900 7695
326 34033 9045
327 33142 8775
328 24745 39150
329 33034 2835
330 29929 2430
331 40459 37665
332 38758 38205
333 36058 39015
334 40621 39015
335 39082 37935
336 41242 37125
337 41377 37665
338 40675 38205
339 30523 39285
340 52366 35910
341 53716 36180
342 52987 36720
343 41080 39150
344 52798 36855
345 46669 37800
346 49801 38880
347 49639 38070
348 50314 31455
349 50881 30780
350 25258 38880
351 50125 31590
352 44185 31995
353 44158 31725
354 45130 33210
355 47209 7830
356 48262 30105
357 51988 33345
358 51691 35100
359 46102 31725
360 43051 38205
361 31171 39150
362 43591 38070
363 42889 37935
364 44860 38880
365 45886 38880
366 56362 39150
367 55552 39015
368 55633 39150
369 54634 36720
370 52798 37125
371 51043 36990
372 26041 39285
373 50179 37125
374 52879 37395
375 35923 7425
376 35815 7560
377 26554 2700
378 36058 7965
379 37786 6210
380 38920 32670
381 36976 2430
382 47830 2835
383 26959 2295
384 55255 2430
385 57145 2295
386 51475 2565
387 52285 3105
388 45400 5400
389 48775 2295
390 46912 3780
391 50233 2700
392 56767 2430
393 60493 6750
394 26203 2835
395 58036 2430
396 54094 7155
397 70213 19440
398 52258 37800
399 50287 29430
400 50854 2835
401 50314 38880
402 53338 10665
403 53986 35505
404 45292 11205
405 39569 3155
406 42399 2580
407 31994 15273
408 36740 37764
409 48751 38295
410 47671 38945
411 51153 37965
412 46354 37597
413 50298 2475
414 37740 41452
415 15180 41452
416 42828 41452
417 43116 41452
418 42348 41452
419 41964 41452
420 36876 41452
421 33036 41452
422 32940 41452
423 36972 41452
424 37260 41452
425 37836 41452
426 21516 41452
427 36684 41452
428 42828 42
429 40236 42
430 32940 42
431 33132 42
432 36972 42
433 42348 42
434 42540 42
435 40428 42
436 41676 42
437 17676 41452
438 38124 42
439 38988 42
440 38220 42
441 39084 42
442 40332 42
443 39564 42
444 40140 42
445 39660 42
446 19980 41452
447 21036 41452
448 20940 42
449 24108 42
450 42 21036
451 22572 42
452 21900 42
453 21036 42
454 14412 41452
455 22860 42
456 23148 42
457 22284 42
458 27564 42
459 33420 42
460 26796 42
461 25356 42
462 22764 41452
463 22860 41452
464 22956 42
465 21708 41452
466 30732 41452
467 30636 41452
468 36396 41452
469 35244 41452
470 32556 41452
471 38892 41452
472 37548 41452
473 38124 41452
474 38604 41452
475 38028 41452
476 21228 41452
477 35628 41452
478 35532 41452
479 33516 41452
480 35916 41452
481 37164 41452
482 38412 41452
483 35820 41452
484 42252 42
485 40044 42
486 36204 41452
487 21996 41452
488 33612 41452
489 36588 42
490 41580 42
491 39852 42
492 41772 42
493 41388 42
494 38316 42
495 38796 42
496 39468 42
497 37932 41452
498 21804 41452
499 40908 41452
500 38700 41452
501 39948 41452
502 38796 41452
503 40620 41452
504 36588 41452
505 22476 41452
506 39756 41452
507 43884 41452
508 43788 41452
509 22284 41452
510 41388 41452
511 40716 41452
512 34956 41452
513 34764 41452
514 22092 41452
515 35148 41452
516 36300 41452
517 37452 41452
518 35532 42
519 43692 42
520 22188 41452
521 40908 42
522 35436 42
523 32844 42
524 37068 42
525 43212 42
526 41196 42
527 43596 42
528 42732 42
529 33804 42
530 38028 42
531 33324 41452
532 36300 42
533 38508 41452
534 40620 42
535 39180 41452
536 40812 41452
537 39180 42
538 40428 41452
539 35724 41452
540 33228 41452
541 38988 41452
542 20076 41452
543 21900 41452
544 36780 41452
545 39372 42
546 41100 42
547 43404 42
548 41868 42
549 45900 42
550 48012 42
551 51852 41452
552 52428 41452
553 48108 42
554 45516 42
555 44748 42
556 41004 42
557 44076 42
558 44364 42
559 39948 42
560 40812 42
561 34860 42
562 35052 42
563 41292 42
564 39276 42
565 39756 42
566 40716 42
567 34092 42
568 48492 42
569 49356 42
570 49260 42
571 46476 42
572 46668 42
573 43308 42
574 41484 42
575 46860 42
576 33612 42
577 31788 42
578 31884 42
579 31980 42
580 33324 42
581 33132 41452
582 34668 41452
583 34380 41452
584 31884 41452
585 32652 42
586 32076 42
587 33228 42
588 30924 42
589 31692 42
590 31116 42
591 30828 42
592 31404 42
593 32172 42
594 34284 42
595 30924 41452
596 33996 42
597 31980 41452
598 36492 41452
599 32748 41452
600 32268 41452
601 38316 41452
602 39468 41452
603 39276 41452
604 39372 41452
605 38220 41452
606 32460 41452
607 52524 41452
608 53484 41452
609 53292 41452
610 42636 41452
611 46380 41452
612 45804 41452
613 48396 41452
614 48684 41452
615 52332 41452
616 53388 41452
617 43692 41452
618 50700 41452
619 52620 41452
620 45708 41452
621 47148 41452
622 47052 41452
623 46956 41452
624 46860 41452
625 46572 41452
626 44460 41452
627 42252 41452
628 41772 41452
629 44364 41452
630 41868 41452
631 44076 41452
632 47916 41452
633 53964 41452
634 54156 41452
635 54060 41452
636 53100 41452
637 50796 41452
638 49164 41452
639 34476 41452
640 48300 41452
641 47244 42
642 35244 42
643 34764 42
644 34572 42
645 50604 42
646 49740 42
647 36780 42
648 36396 42
649 45132 42
650 34956 42
651 44268 42
652 52236 42
653 46380 42
654 43116 42
655 43980 42
656 46092 42
657 44652 42
658 47052 42
659 54060 42
660 54156 42
661 44172 42
662 53868 42
663 52812 42
664 52428 42
665 50220 42
666 47628 42
667 49548 42
668 50988 42
669 53484 42
670 53772 42
671 42636 42
672 35340 42
673 26988 42
674 46188 42
675 45324 41452
676 44268 41452
677 46668 41452
678 56172 41452
679 53868 41452
680 55596 41452
681 56460 41452
682 55884 41452
683 44172 41452
684 24780 42
685 46284 41452
686 46764 42
687 42156 42
688 40524 42
689 44460 42
690 38604 42
691 43500 42
692 42444 42
693 41964 42
694 43020 42
695 42 21132
696 50700 42
697 54444 42
698 52044 42
699 49164 42
700 44556 42
701 42924 42
702 42060 42
703 48204 42
704 22764 42
705 42 13548
706 23820 42
707 25452 42
708 24492 42
709 24876 42
710 23052 42
711 24972 42
712 24588 41452
713 24588 42
714 24300 42
715 23916 42
716 29388 42
717 29772 42
718 30732 42
719 29292 42
720 32268 42
721 36684 42
722 33900 42
723 22572 41452
724 34188 42
725 32748 42
726 41484 41452
727 39660 41452
728 34860 41452
729 41196 41452
730 39564 41452
731 42156 41452
732 42060 41452
733 41580 41452
734 31020 41452
735 55980 41452
736 55692 41452
737 55788 41452
738 41676 41452
739 56268 41452
740 46764 41452
741 50220 41452
742 50508 41452
743 51468 41452
744 51372 41452
745 23340 41452
746 50604 41452
747 45900 41452
748 45420 41452
749 45516 41452
750 47820 42
751 48780 41452
752 52812 41452
753 52236 41452
754 46476 41452
755 43500 41452
756 31788 41452
757 43980 41452
758 43596 41452
759 45036 41452
760 45612 41452
761 56652 41452
762 56076 41452
763 56748 41452
764 55116 41452
765 52908 41452
766 51084 41452
767 23724 41452
768 49932 41452
769 53196 41452
770 36108 42
771 36204 42
772 26892 42
773 36492 42
774 37932 42
775 39084 41452
776 36876 42
777 47916 42
778 26028 42
779 54732 42
780 58284 42
781 51660 42
782 52524 42
783 45804 42
784 47724 42
785 47340 42
786 50508 42
787 57420 42
788 60876 42
789 25932 42
790 58572 42
791 54636 42
792 78945 20652
793 52716 41452
794 49836 41452
795 51180 42
796 51180 41452
797 55884 42
798 54636 41452
799 46284 42
800 23340 42
