0 247570 161933
1 269028 129223
2 181982 177800
3 346759 161700
4 188337 177100
5 255080 95715
6 35854 181934
7 51563 102822
8 195700 127680
9 185307 157500
10 238070 156800
11 86652 121240
12 162901 202825
13 313091 75460
14 349872 121753
15 240670 112350
16 55042 175949
17 75625 142520
18 158127 178500
19 316603 107100
20 179455 154800
21 145160 206546
22 234308 139720
23 222768 148800
24 225473 136318
25 43179 110186
26 266253 140533
27 162819 96288
28 228988 169960
29 203613 169156
30 224763 153720
31 244661 128261
32 195367 116550
33 65630 105950
34 94525 67200
35 310310 89231
36 316266 151900
37 171518 99145
38 120270 115360
39 195510 128200
40 176462 62300
41 263074 117320
42 157082 149566
43 144143 65800
44 72223 39677
45 172662 43400
46 170753 110880
47 207936 145880
48 205220 153200
49 331873 45640
50 179290 51357
51 168498 176400
52 306778 25025
53 184775 25200
54 80600 53461
55 95380 4200
56 321594 33180
57 362479 178400
58 193026 27800
59 202109 184893
60 195360 216219
61 232750 18760
62 203528 23613
63 92158 61071
64 206767 42700
65 191583 47444
66 206292 36400
67 201447 135800
68 229720 109715
69 216932 130200
70 429252 77032
71 228409 121153
72 248410 159231
73 236915 184046
74 325163 173276
75 107839 170468
76 313816 72066
77 261499 134750
78 321692 59864
79 228665 141400
80 264880 181659
81 244819 111160
82 312330 88953
83 280753 189000
84 258442 65177
85 298819 122360
86 219192 106152
87 284696 180320
88 288277 74200
89 128045 166148
90 355067 47911
91 261199 100520
92 364766 162811
93 271520 106621
94 247190 218400
95 242022 116200
96 270855 99088
97 251180 101850
98 334495 85866
99 195367 166600
100 179308 80563
101 206165 226100
102 118900 102115
103 192015 93636
104 336575 215441
105 405809 31456
106 310123 68520
107 331355 72208
108 472066 31400
109 166647 16163
110 328662 55720
111 349791 205326
112 425182 87720
113 318060 44800
114 484434 42409
115 467723 57120
116 406676 67480
117 343377 49000
118 486231 53222
119 480244 66920
120 158892 28995
121 363137 59150
122 396340 75707
123 362753 171945
124 333070 111160
125 334181 167314
126 442381 95103
127 303072 117953
128 332975 217700
129 479058 205029
130 142026 33961
131 311125 177100
132 316821 163853
133 295545 172200
134 322962 107240
135 192164 241995
136 390040 208600
137 462713 189933
138 338263 83533
139 486910 195548
140 428808 165170
141 229368 218120
142 305969 133763
143 387584 197633
144 289013 47600
145 242691 91000
146 432043 152926
147 284715 39900
148 267051 37650
149 338905 109800
150 259198 89320
151 368540 92837
152 250895 51100
153 96756 215472
154 379956 32200
155 292334 50120
156 265982 42034
157 355038 92925
158 407364 36686
159 128080 197252
160 291270 62066
161 271082 30800
162 285190 43145
163 225895 189770
164 263429 232581
165 228478 174888
166 278682 223300
167 273133 218185
168 131055 124600
169 238640 213500
170 394511 223740
171 114095 120960
172 368853 237222
173 207702 198046
174 309866 233450
175 245195 235200
176 373666 240644
177 183451 111505
178 207300 193511
179 294120 228200
180 189857 131600
181 309510 62440
182 306755 52500
183 326483 44022
184 231578 88977
185 336490 72100
186 328605 88200
187 295378 116900
188 374690 112535
189 373223 74200
190 269736 53666
191 248045 86100
192 245765 152600
193 301665 30600
194 145920 216300
195 97212 233212
196 215175 214200
197 227746 220733
198 216030 231000
199 211850 242200
200 140654 237400
201 328206 37800
202 312550 39200
203 368077 223300
204 405624 219191
205 322430 172200
206 285266 202440
207 361063 234733
208 350170 75133
209 379843 177964
210 227556 22866
211 234650 73500
212 233510 163100
213 219323 52733
214 182864 40185
215 210710 188200
216 179084 225982
217 226670 197615
218 248425 231000
219 228475 88200
220 286203 232400
221 316540 62300
222 318630 41533
223 386016 68600
224 309225 172200
225 284335 165900
226 333497 177100
227 231040 182700
228 238830 171500
229 184743 24733
230 169936 73640
231 163970 43800
232 248140 178500
233 250230 215600
234 301023 234733
235 256563 240333
236 253337 184400
237 227002 25200
238 223510 31905
239 170620 200200
240 334685 219800
241 343330 23800
242 269230 256200
243 279680 162400
244 387030 75600
245 257720 144793
246 230850 4200
247 135470 253400
248 363090 9800
249 352070 32200
250 369930 7000
251 358910 4200
252 238830 4200
253 306850 18200
254 238450 7000
255 378670 9800
256 354350 15400
257 361950 29400
258 206530 259000
259 341810 15400
260 323950 26600
261 316730 7000
262 296970 7000
263 310270 4200
264 347510 9800
265 345610 12600
266 345610 32200
267 352450 21000
268 290510 7000
269 140410 247800
270 329650 18200
271 331930 4200
272 316730 4200
273 380190 4200
274 478990 96600
275 350550 29400
276 485070 110600
277 493810 79800
278 163210 256200
279 201590 256200
280 144970 222600
281 187150 259000
282 160930 189000
283 157890 259000
284 147250 259000
285 144970 250600
286 138510 250600
287 148770 253400
288 172710 259000
289 135470 259000
290 140410 236600
291 240730 253400
292 291270 259000
293 306850 247800
294 310650 259000
295 248330 253400
296 314450 253400
297 146110 256200
298 230850 250600
299 306850 242200
300 240350 74200
301 197030 7000
302 238070 259000
303 215270 4200
304 217930 9800
305 194370 4200
306 181450 4200
307 174610 4200
308 179930 259000
309 244910 7000
310 225910 21000
311 229330 256200
312 190190 7000
313 204250 12600
314 203490 4200
315 237310 15400
316 231610 23800
317 233890 239400
318 215650 259000
319 152570 256200
320 241870 247800
321 224770 9800
322 211850 7000
323 238830 71400
324 219450 7000
325 220590 12600
326 262010 4200
327 325470 12600
328 260110 9800
329 284430 4200
330 166250 259000
331 307230 51800
332 320150 23800
333 315590 18200
334 334210 9800
335 315590 256200
336 284810 259000
337 293930 4200
338 335730 259000
339 343710 256200
340 344090 7000
341 178790 256200
342 357390 7000
343 307990 253400
344 254790 253400
345 234270 245000
346 256690 259000
347 338390 4200
348 368030 4200
349 372210 9800
350 347890 18200
351 153330 247800
352 314830 9800
353 314830 12600
354 300770 9800
355 327750 9800
356 339150 12600
357 350550 7000
358 351690 4200
359 340670 9800
360 330410 256200
361 324710 259000
362 238830 256200
363 293930 256200
364 358910 259000
365 371830 256200
366 363090 253400
367 407930 259000
368 342190 259000
369 323190 7000
370 325470 15400
371 316350 15400
372 356630 9800
373 222110 256200
374 242110 140
375 140 134540
376 204030 262720
377 132350 262720
378 133470 262720
379 140190 262720
380 140 113260
381 167070 140
382 206270 262720
383 156990 140
384 154750 140
385 189470 140
386 210750 262720
387 200670 140
388 201790 140
389 162590 140
390 148030 262720
391 240990 262720
392 187230 262720
393 143550 262720
394 226430 262720
395 177150 262720
396 212990 262720
397 92030 140
398 248830 262720
399 247710 262720
400 248830 140
401 277950 140
402 267870 140
403 262270 140
404 279070 140
405 274590 140
406 98750 140
407 94270 140
408 99870 140
409 85310 140
410 140 145740
411 140 146860
412 219710 262720
413 140 147980
414 140 142380
415 140 141260
416 140 152460
417 140 144620
418 140 156940
419 140 136780
420 140 139020
421 140 135660
422 140 140140
423 140 133420
424 140 131180
425 199550 262720
426 205150 262720
427 161470 140
428 224190 262720
429 173790 262720
430 191710 262720
431 179390 262720
432 196190 262720
433 186110 140
434 176030 140
435 159230 262720
436 140 137900
437 163710 140
438 164830 262720
439 195070 262720
440 164830 140
441 165950 140
442 181630 140
443 193950 140
444 204030 140
445 163710 262720
446 174910 262720
447 140 114380
448 227550 262720
449 188350 262720
450 162590 262720
451 228670 262720
452 218590 262720
453 216350 262720
454 258910 262720
455 257790 140
456 255550 140
457 275710 140
458 88670 140
459 261150 140
460 288030 140
461 284670 140
462 281310 140
463 223070 262720
464 183870 262720
465 200670 262720
466 186110 262720
467 197310 262720
468 189470 262720
469 140 102060
470 178270 140
471 149150 262720
472 168190 140
473 136830 262720
474 198430 262720
475 170430 140
476 169310 140
477 182750 140
478 196190 140
479 201790 262720
480 140 132300
481 169310 262720
482 176030 262720
483 233150 262720
484 190590 262720
485 168190 262720
486 232030 262720
487 236510 262720
488 217470 262720
489 261150 262720
490 254430 140
491 86430 140
492 251070 262720
493 280190 140
494 285790 140
495 294750 140
496 282430 140
497 264510 140
498 229790 262720
499 134590 262720
500 242110 262720
501 139070 262720
502 95390 140
503 237630 262720
504 263390 140
505 254430 262720
506 391070 140
507 373150 140
508 379870 140
509 389950 140
510 322750 140
511 344030 140
512 307070 140
513 377630 140
514 361950 140
515 368670 140
516 243230 140
517 375390 140
518 336190 140
519 291390 140
520 161470 262720
521 286910 140
522 178270 262720
523 319390 140
524 331710 140
525 333950 140
526 329470 140
527 146910 262720
528 308190 140
529 369790 140
530 293630 140
531 387710 140
532 380990 140
533 386590 140
534 338430 140
535 388830 140
536 193950 262720
537 192830 262720
538 208510 262720
539 221950 262720
540 211870 262720
541 151390 262720
542 230910 262720
543 171550 262720
544 267870 262720
545 184990 262720
546 167070 262720
547 202910 262720
548 214110 262720
549 255550 262720
550 341790 262720
551 330590 262720
552 323870 262720
553 338430 262720
554 313790 262720
555 252190 262720
556 336190 262720
557 331710 262720
558 249950 262720
559 172670 140
560 239870 262720
561 174910 140
562 215230 140
563 184990 140
564 209630 140
565 208510 140
566 273470 262720
567 232030 140
568 226430 140
569 235390 262720
570 191710 140
571 197310 140
572 214110 140
573 224190 140
574 251070 140
575 252190 140
576 272350 140
577 243230 262720
578 244350 262720
579 268990 140
580 271230 140
581 258910 140
582 273470 140
583 266750 140
584 260030 140
585 314910 140
586 265630 140
587 309310 140
588 288030 262720
589 245470 140
590 295870 140
591 298110 140
592 256670 140
593 298110 262720
594 262270 262720
595 274590 262720
596 265630 262720
597 300350 262720
598 281310 262720
599 294750 262720
600 340670 262720
601 296990 262720
602 321630 140
603 360830 262720
604 271230 262720
605 366430 140
606 363070 262720
607 364190 262720
608 357470 262720
609 349630 140
610 272350 262720
611 310430 140
612 304830 140
613 290270 140
614 348510 262720
615 328350 140
616 376510 140
617 358590 140
618 356350 140
619 304830 262720
620 320510 262720
621 270110 262720
622 282430 262720
623 374270 262720
624 367550 262720
625 366430 262720
626 373150 262720
627 335070 140
628 299230 140
629 374270 140
630 311550 140
631 378750 140
632 215230 262720
633 135710 262720
634 364190 140
635 352990 140
636 385470 140
637 363070 140
638 244350 140
639 305950 140
640 247710 140
641 382110 140
642 357470 140
643 365310 140
644 209630 262720
645 345150 140
646 326110 140
647 296990 140
648 300350 140
649 302590 140
650 351870 140
651 348510 140
652 347390 140
653 372030 140
654 292510 140
655 142430 262720
656 323870 140
657 339550 140
658 317150 140
659 383230 140
660 521580 100940
661 354110 140
662 521580 114380
663 521580 108780
664 165950 262720
665 207390 262720
666 153630 262720
667 180510 262720
668 156990 262720
669 160350 262720
670 144670 262720
671 145790 262720
672 141310 262720
673 152510 262720
674 172670 262720
675 137950 262720
676 154750 262720
677 253310 262720
678 305950 262720
679 312670 262720
680 314910 262720
681 280190 262720
682 318270 262720
683 150270 262720
684 303710 262720
685 310430 262720
686 249950 140
687 198430 140
688 245470 262720
689 217470 140
690 220830 140
691 195070 140
692 179390 140
693 177150 140
694 182750 262720
695 253310 140
696 228670 140
697 234270 262720
698 192830 140
699 210750 140
700 207390 140
701 240990 140
702 235390 140
703 238750 262720
704 220830 262720
705 155870 262720
706 246590 262720
707 227550 140
708 216350 140
709 246590 140
710 225310 140
711 221950 140
712 270110 140
713 332830 140
714 276830 140
715 289150 140
716 170430 262720
717 312670 140
718 327230 140
719 320510 140
720 337310 140
721 317150 262720
722 264510 262720
723 283550 140
724 275710 262720
725 268990 262720
726 346270 140
727 181630 262720
728 367550 140
729 277950 262720
730 256670 262720
731 257790 262720
732 260030 262720
733 341790 140
734 339550 262720
735 370910 140
736 384350 140
737 350750 140
738 158110 262720
739 316030 140
740 301470 140
741 303710 140
742 330590 140
743 340670 140
744 359710 140
745 355230 140
746 342910 140
747 316030 262720
748 327230 262720
749 263390 262720
750 291390 262720
751 361950 262720
752 375390 262720
753 365310 262720
754 411230 262720
755 345150 262720
756 313790 140
757 324990 140
758 318270 140
759 360830 140
760 225310 262720
