0 40083 23880
1 29264 12656
2 39807 22591
3 40899 16967
4 30723 12312
5 30272 20535
6 7041 23951
7 20710 27795
8 41203 10792
9 58144 10857
10 51388 27495
11 22491 41715
12 41673 12027
13 41076 15330
14 40576 23465
15 27037 19356
16 23219 31141
17 49086 28035
18 44567 11684
19 49495 25530
20 25161 25411
21 38601 11353
22 36890 26706
23 48703 22878
24 54695 27186
25 12591 36735
26 47875 22916
27 57532 26475
28 43203 34746
29 60625 23366
30 60202 30681
31 35154 32981
32 39639 35025
33 42886 34695
34 30499 39352
35 29018 36607
36 52335 35357
37 43430 26399
38 14934 36979
39 24861 37323
40 26230 11610
41 28791 28455
42 28539 13172
43 12410 9216
44 47115 14715
45 48285 31414
46 45353 23677
47 53797 28793
48 37742 17164
49 21935 7518
50 49686 16565
51 52833 17015
52 24279 13650
53 43924 18691
54 25142 14715
55 14894 8607
56 47509 9808
57 52078 15610
58 49334 34701
59 18086 7458
60 8800 22917
61 45685 13213
62 20443 23220
63 50208 33480
64 22809 36141
65 36815 29049
66 49604 12633
67 51847 33536
68 52461 27963
69 22376 14535
70 19767 23663
71 41551 27115
72 40366 15810
73 35345 13837
74 42203 33302
75 35198 15640
76 24924 19665
77 40296 38461
78 46013 25506
79 42383 20398
80 57484 8044
81 51567 27030
82 45099 22800
83 44152 38486
84 49856 17376
85 39069 24093
86 39501 2295
87 50639 12719
88 47809 7193
89 7120 28176
90 49894 14726
91 50733 19677
92 47508 16117
93 55882 7382
94 44424 4455
95 68554 8040
96 19747 31792
97 45294 12039
98 47081 8767
99 50344 7101
100 58034 7400
101 24816 29835
102 48949 17668
103 44533 23718
104 54763 14577
105 59393 13959
106 68182 19532
107 24570 6402
108 66177 17356
109 74835 21600
110 58901 15156
111 65031 13635
112 22176 11295
113 73002 16905
114 62706 15255
115 55111 16842
116 69302 16909
117 76000 22971
118 51679 34381
119 50585 32211
120 51769 34587
121 68065 28402
122 53526 31812
123 61066 36687
124 65841 36006
125 58222 37620
126 58667 35707
127 46463 33280
128 48018 34689
129 62642 36680
130 63898 37017
131 72154 38659
132 29027 15336
133 18411 20133
134 28827 17103
135 32845 18090
136 30240 33525
137 26200 17859
138 17450 17973
139 24288 16485
140 25642 15165
141 22026 20169
142 26375 22207
143 19496 17788
144 16328 15761
145 28447 20561
146 26571 25553
147 24914 25182
148 34452 16773
149 31481 35851
150 17217 18369
151 34681 7110
152 41634 6480
153 31527 7777
154 35244 6705
155 35462 9855
156 67194 6938
157 63965 3582
158 56990 25008
159 59734 23730
160 55319 23180
161 53203 24131
162 31609 26222
163 28747 17482
164 34776 26573
165 31798 29430
166 33122 30510
167 67261 27608
168 48213 13519
169 64899 30226
170 67236 28788
171 46471 7965
172 36302 18743
173 49277 40448
174 50944 40837
175 49306 27675
176 46588 22397
177 49875 25616
178 46386 29865
179 47975 20616
180 76051 21614
181 45229 13281
182 70605 18562
183 77058 23715
184 71413 36645
185 70311 40056
186 33990 36990
187 44332 36150
188 32875 40851
189 31788 40320
190 24571 23517
191 17126 27717
192 18323 25686
193 20034 25852
194 21236 26926
195 40562 40308
196 7276 17415
197 41296 41580
198 27958 5940
199 45751 38745
200 46021 2430
201 48397 4725
202 50287 40095
203 77611 27405
204 53905 35640
205 61141 36180
206 60304 36045
207 76828 27675
208 47722 41445
209 28012 2835
210 49450 4590
211 50476 3915
212 42511 3240
213 43213 3645
214 40351 4590
215 42052 2430
216 44239 4995
217 41782 4320
218 44590 3915
219 43726 2700
220 23881 7965
221 50287 2700
222 54931 7830
223 53203 2295
224 49558 3240
225 46264 2565
226 44860 3645
227 47128 3780
228 50152 4185
229 7060 19305
230 7357 18495
231 7141 17955
232 27418 2430
233 27985 4050
234 28282 4455
235 27877 8370
236 30010 3105
237 30253 41715
238 26473 7830
239 27958 36045
240 28687 6210
241 32629 36990
242 30361 8235
243 31630 7965
244 27634 2430
245 31765 36855
246 26365 35640
247 33493 11340
248 28255 8100
249 33601 9585
250 33223 8640
251 42052 41310
252 41188 39960
253 37867 41580
254 45643 40230
255 41161 39960
256 45508 41175
257 45994 41580
258 45589 41175
259 29794 41040
260 55525 40905
261 53419 41310
262 59116 41310
263 46264 38880
264 51124 39150
265 50746 39690
266 54472 39555
267 54796 39960
268 55498 41445
269 54499 40365
270 19534 41445
271 55768 40500
272 48181 39015
273 48235 6075
274 49666 40365
275 49963 10530
276 53473 40230
277 55768 39420
278 55957 40230
279 50152 39825
280 46426 39555
281 28741 41715
282 47533 39420
283 47641 40095
284 48424 40095
285 50071 40770
286 60196 2430
287 60979 36585
288 61222 7020
289 57226 41580
290 56632 40635
291 53986 38205
292 20857 41715
293 53473 39825
294 55984 39825
295 39028 2700
296 37921 2565
297 29983 7695
298 40108 4050
299 41188 4050
300 40756 3780
301 42835 2565
302 50476 4725
303 23692 8640
304 57658 2295
305 63085 2430
306 57226 2565
307 55660 2565
308 45994 3375
309 50962 3375
310 51799 2430
311 53797 2565
312 62653 2295
313 64678 7155
314 28012 2565
315 65947 7290
316 56848 36045
317 60088 2295
318 51907 41445
319 54985 34020
320 56929 19845
321 42970 41445
322 58009 10395
323 57442 36180
324 50530 40095
325 43225 3383
326 45270 2865
327 33731 20864
328 40596 41061
329 51497 39206
330 51696 40140
331 49927 37980
332 51598 3769
333 54131 11361
334 41484 43808
335 42 27948
336 44556 43808
337 44460 43808
338 44172 43808
339 43692 43808
340 38604 43808
341 35724 43808
342 35820 43808
343 38412 43808
344 39660 43808
345 39372 43808
346 28524 42
347 40812 42
348 42060 42
349 40236 42
350 35916 42
351 37740 42
352 40140 42
353 41772 42
354 40428 42
355 42828 42
356 40908 42
357 42 22956
358 39276 42
359 41100 42
360 43116 42
361 41484 42
362 46380 42
363 44652 42
364 46092 42
365 46572 42
366 24396 42
367 24204 42
368 22284 43808
369 25260 42
370 21708 43808
371 22380 43808
372 24972 42
373 20364 43808
374 42 28140
375 21900 43808
376 20940 43808
377 21516 43808
378 32652 43808
379 36684 43808
380 26316 42
381 25644 42
382 21612 43808
383 25068 42
384 21996 43808
385 28716 42
386 32460 43808
387 32556 43808
388 38220 43808
389 38796 43808
390 33516 43808
391 41772 43808
392 38124 43808
393 42156 43808
394 41868 43808
395 41964 43808
396 16716 43808
397 37644 43808
398 37836 43808
399 36972 43808
400 38028 43808
401 38316 43808
402 39852 43808
403 40332 43808
404 42924 42
405 43596 42
406 40044 43808
407 19116 43808
408 38508 43808
409 42156 42
410 43308 42
411 43500 42
412 43212 42
413 42348 43808
414 39948 43808
415 41196 43808
416 45228 42
417 40812 43808
418 20844 43808
419 46668 42
420 42924 43808
421 46572 43808
422 45516 43808
423 41676 43808
424 40140 43808
425 33804 43808
426 42060 43808
427 45708 43808
428 45612 43808
429 19788 43808
430 43404 43808
431 43596 43808
432 36876 43808
433 37068 43808
434 28908 42
435 37068 42
436 39756 43808
437 39180 43808
438 41196 42
439 42732 42
440 21132 43808
441 46764 42
442 39372 42
443 37356 43808
444 42348 42
445 42540 42
446 43788 42
447 43692 42
448 43020 42
449 37452 43808
450 38700 43808
451 26508 42
452 38124 42
453 41580 43808
454 46860 42
455 44460 42
456 47052 42
457 45708 42
458 40908 43808
459 39564 43808
460 36012 43808
461 42252 43808
462 21804 43808
463 29100 42
464 40236 43808
465 43884 42
466 46476 42
467 45132 42
468 47628 42
469 49644 42
470 50028 42
471 54540 43808
472 54444 43808
473 50412 42
474 45612 42
475 47436 42
476 44940 42
477 48108 42
478 48780 42
479 41292 42
480 42444 42
481 38412 42
482 38892 42
483 41676 42
484 39756 42
485 44172 42
486 40524 42
487 37356 42
488 47532 42
489 45996 42
490 47340 42
491 48204 42
492 47820 42
493 44364 42
494 44268 42
495 48300 42
496 37164 42
497 34956 42
498 35052 42
499 34476 42
500 35148 42
501 34860 43808
502 35916 43808
503 36300 43808
504 34188 43808
505 34572 43808
506 34476 43808
507 36012 42
508 33996 43808
509 34860 42
510 34188 42
511 34572 42
512 36204 43808
513 35532 43808
514 35820 42
515 34092 43808
516 36108 42
517 35340 43808
518 37932 43808
519 34956 43808
520 34668 43808
521 43980 43808
522 43788 43808
523 43500 43808
524 43884 43808
525 42732 43808
526 36780 43808
527 55212 43808
528 58188 43808
529 58476 43808
530 49740 43808
531 50988 43808
532 50412 43808
533 53004 43808
534 53964 43808
535 57612 43808
536 58284 43808
537 48684 42
538 56076 43808
539 57996 43808
540 49836 43808
541 51756 43808
542 51948 43808
543 51852 43808
544 50508 43808
545 51372 43808
546 48492 43808
547 46284 43808
548 46092 43808
549 47148 43808
550 45900 43808
551 48204 43808
552 51084 43808
553 58764 43808
554 58668 43808
555 58956 43808
556 57324 43808
557 54828 43808
558 53772 43808
559 37548 43808
560 51468 43808
561 51468 42
562 37548 42
563 37932 42
564 37836 42
565 54348 42
566 54156 42
567 38988 42
568 41004 42
569 48396 42
570 37740 43808
571 50316 42
572 57996 42
573 48492 42
574 45036 42
575 50604 42
576 49164 42
577 47244 42
578 51660 42
579 60204 42
580 60108 42
581 46956 42
582 57516 42
583 57132 43808
584 56268 43808
585 51276 42
586 53484 43808
587 55308 43808
588 56172 42
589 57612 42
590 57804 42
591 42252 42
592 38316 42
593 27084 42
594 46476 43808
595 46284 42
596 49260 42
597 50604 43808
598 83657 26796
599 56556 43808
600 61548 43808
601 60876 43808
602 83657 27660
603 48300 43808
604 28236 42
605 50220 42
606 51180 42
607 41964 42
608 42636 42
609 40620 42
610 41580 42
611 44076 42
612 41868 42
613 44556 42
614 43980 42
615 24108 42
616 52812 42
617 57708 42
618 53772 42
619 49356 42
620 46188 42
621 44748 42
622 47148 42
623 50700 42
624 42 19692
625 42 18732
626 42 17964
627 27180 42
628 27948 42
629 28332 42
630 28044 42
631 30732 42
632 33324 43808
633 27276 42
634 34380 43808
635 28812 42
636 34284 43808
637 31404 42
638 32172 42
639 30540 42
640 37260 43808
641 37164 43808
642 34764 42
643 28620 42
644 35628 42
645 36588 42
646 42444 43808
647 41004 43808
648 35628 43808
649 46188 43808
650 41292 43808
651 45996 43808
652 46380 43808
653 45804 43808
654 33612 43808
655 60204 43808
656 60684 43808
657 60780 43808
658 47436 43808
659 60972 43808
660 51276 43808
661 54924 43808
662 55500 43808
663 57900 43808
664 55020 43808
665 20556 43808
666 56364 43808
667 49356 43808
668 48588 42
669 50220 43808
670 50508 42
671 53676 43808
672 56172 43808
673 57708 43808
674 50124 43808
675 46860 43808
676 33900 43808
677 48012 43808
678 47724 43808
679 48588 43808
680 50316 43808
681 60780 42
682 60300 43808
683 60684 42
684 57804 43808
685 57420 43808
686 54252 43808
687 21420 43808
688 53868 43808
689 56844 43808
690 37452 42
691 37644 42
692 29004 42
693 38508 42
694 41388 42
695 40716 42
696 43404 42
697 50892 42
698 24012 42
699 57900 42
700 63756 42
701 57420 42
702 55788 42
703 45804 42
704 51084 42
705 52236 42
706 54060 42
707 63180 42
708 65196 42
709 28428 42
710 68556 42
711 57036 43808
712 60012 42
713 52140 43808
714 55404 43808
715 57516 43808
716 43308 43808
717 58764 42
718 58380 43808
719 51180 43808
720 42 17004
