0 269990 245000
1 303595 218194
2 147155 204400
3 312982 221355
4 188518 221480
5 54699 175595
6 136250 120326
7 232180 212800
8 303905 242822
9 192438 215600
10 178939 270038
11 131955 193900
12 217170 189700
13 139107 118600
14 147541 281026
15 268839 181844
16 217195 132066
17 71782 183363
18 134913 120700
19 139792 182700
20 337077 185945
21 211356 159320
22 145458 270600
23 184379 232264
24 191672 217000
25 159182 229320
26 291570 263900
27 175797 242200
28 191829 261160
29 192598 68012
30 182702 114887
31 189287 129500
32 177127 200900
33 158594 220150
34 147592 218680
35 184490 142100
36 192707 137900
37 185212 129640
38 180658 128333
39 230871 258274
40 209614 83313
41 161500 4200
42 309610 169894
43 315768 254388
44 205276 148400
45 164508 190633
46 181972 247100
47 241439 243133
48 178742 236600
49 182447 159600
50 190325 162200
51 196412 100800
52 290122 263032
53 198217 104300
54 108183 97301
55 217882 107800
56 270261 245200
57 205466 106120
58 204584 221151
59 215004 93800
60 118428 108866
61 185535 98000
62 303936 284044
63 184937 101541
64 137395 257693
65 225102 91000
66 306147 278810
67 221848 97825
68 187720 4200
69 246392 105000
70 281428 270760
71 231396 99400
72 227974 273186
73 126127 112921
74 253887 103600
75 250338 103200
76 97046 295704
77 241062 112000
78 276282 311294
79 239210 106507
80 192422 120400
81 188052 110600
82 180737 121800
83 439970 187663
84 175123 115360
85 285921 189420
86 155914 246120
87 199852 270600
88 241598 245000
89 128616 149252
90 135795 222200
91 145587 296800
92 269478 188569
93 235235 296800
94 250917 233058
95 275985 265377
96 136911 211564
97 220875 293222
98 326525 269733
99 154755 269500
100 151200 258557
101 172031 301400
102 151603 160017
103 307884 168466
104 154309 264169
105 307979 294155
106 168482 294700
107 179787 294000
108 169226 253711
109 149494 162866
110 166022 243040
111 169311 291044
112 158327 250880
113 167593 163800
114 202524 139533
115 191725 174766
116 76626 189827
117 203685 185865
118 91497 215883
119 132134 115344
120 251486 248844
121 365573 120553
122 277888 187000
123 395750 161312
124 288990 181573
125 281381 202745
126 302080 189589
127 327702 163800
128 262770 180600
129 267747 240086
130 434478 197909
131 325061 90129
132 295925 172200
133 364610 159320
134 318792 157400
135 416404 185080
136 297191 237533
137 325470 152600
138 332923 175861
139 351337 150200
140 322864 174700
141 278350 240022
142 292572 100000
143 353400 156520
144 335856 152600
145 360303 164733
146 333323 169400
147 407904 317800
148 307610 133933
149 320011 265363
150 371521 304850
151 452379 204879
152 255577 139220
153 344090 301700
154 397796 325702
155 297826 83255
156 324615 256900
157 353332 221793
158 274541 133400
159 275006 275380
160 293265 243600
161 268838 142882
162 306166 135240
163 99342 315400
164 352323 304733
165 360837 231400
166 335730 250600
167 345325 231200
168 118686 301933
169 349315 291550
170 389690 298200
171 98990 311150
172 291161 147800
173 422600 330000
174 340974 303800
175 399027 296600
176 276783 204716
177 253276 216900
178 399506 283266
179 253636 198558
180 358720 285600
181 425426 285240
182 342651 245000
183 268755 277200
184 389716 238241
185 252510 276500
186 82597 246750
187 344265 116200
188 408690 298760
189 346116 327133
190 426426 290710
191 365777 240333
192 344196 117764
193 351563 322466
194 351183 326200
195 430271 292889
196 342526 123115
197 350930 324333
198 124224 235037
199 167347 315933
200 120840 233800
201 199025 262422
202 190133 318134
203 224532 319900
204 268394 303240
205 219640 309400
206 99473 232313
207 172235 196280
208 206948 280560
209 257597 314066
210 194257 201752
211 115682 234200
212 183808 320600
213 223376 323400
214 174839 325266
215 204388 303800
216 250768 326200
217 160391 320133
218 254057 321000
219 248900 317800
220 271415 180600
221 269895 186900
222 170556 228200
223 273790 253400
224 158322 200822
225 187403 211400
226 310460 214900
227 312645 242200
228 277324 298760
229 458715 188103
230 387479 250600
231 341176 316866
232 341683 305666
233 335730 320600
234 270750 127400
235 261785 192563
236 262865 122500
237 264670 250600
238 286963 114333
239 293296 113400
240 261976 163635
241 296716 131133
242 278603 126466
243 146490 311500
244 63156 259708
245 177935 302400
246 195826 315933
247 203110 325266
248 207923 321533
249 136528 305000
250 317585 159600
251 314925 157500
252 339276 101266
253 348473 140200
254 319896 157266
255 350075 118300
256 325444 144013
257 294939 314292
258 301340 310800
259 275215 312200
260 328510 329000
261 266443 321533
262 238070 254333
263 250325 179900
264 209190 228900
265 265430 75133
266 269736 71400
267 249058 87383
268 274930 70466
269 260996 67666
270 329940 80389
271 162545 284900
272 82543 297842
273 193012 277400
274 253555 287700
275 266000 249900
276 200070 287000
277 208936 290733
278 183730 326200
279 296875 207200
280 299630 203000
281 323063 246866
282 318503 229133
283 331676 297266
284 307990 303100
285 293930 301700
286 320910 327133
287 338485 308000
288 331170 319666
289 336743 319666
290 260585 275100
291 229330 249900
292 223503 212333
293 258716 256200
294 255550 166600
295 251940 183960
296 241978 166600
297 150955 298200
298 247475 306600
299 265936 323400
300 247696 315933
301 225652 282000
302 121267 271600
303 129190 269610
304 360050 183400
305 154470 208600
306 122170 277200
307 154660 344400
308 251180 168000
309 290510 345800
310 271890 343000
311 315590 228200
312 317870 242200
313 135245 253569
314 121790 348600
315 200450 275800
316 344090 4200
317 343330 7000
318 303050 348600
319 327750 9800
320 282910 12600
321 294310 7000
322 298870 21000
323 296970 4200
324 352070 4200
325 303430 4200
326 265430 348600
327 300010 23800
328 284050 4200
329 303810 18200
330 274170 7000
331 274170 21000
332 250610 348600
333 317110 4200
334 321290 9800
335 306470 23800
336 290510 4200
337 132810 337400
338 311030 9800
339 309890 4200
340 290890 18200
341 312930 7000
342 336870 7000
343 334210 9800
344 325850 7000
345 347890 18200
346 208810 345800
347 262010 345800
348 189810 348600
349 164350 348600
350 125210 331800
351 149910 345800
352 157130 348600
353 125210 343000
354 133190 345800
355 139270 337400
356 112290 239400
357 118750 331800
358 134330 348600
359 229330 292600
360 224010 345800
361 321290 337400
362 230850 348600
363 170810 345800
364 208810 348600
365 173090 348600
366 217930 348600
367 217550 345800
368 245670 345800
369 229710 289800
370 224390 348600
371 257450 4200
372 265430 9800
373 278350 9800
374 247190 9800
375 242250 12600
376 107350 348600
377 249850 4200
378 232370 4200
379 236170 301000
380 260110 7000
381 266950 12600
382 271510 35000
383 271890 9800
384 259350 18200
385 197030 245000
386 239590 7000
387 193610 289800
388 178790 345800
389 238830 345800
390 267710 7000
391 285950 9800
392 280630 21000
393 265430 4200
394 258970 348600
395 369170 348600
396 245290 292600
397 365370 343000
398 227050 287000
399 382850 345800
400 376390 348600
401 382850 348600
402 361950 345800
403 323570 348600
404 285570 343000
405 288990 348600
406 296590 348600
407 342950 348600
408 350170 340200
409 168530 343000
410 330030 348600
411 317110 348600
412 182590 348600
413 238830 340200
414 219830 289800
415 134710 334600
416 253270 345800
417 247570 326200
418 241870 337400
419 238830 348600
420 121410 326200
421 323570 4200
422 300010 9800
423 280630 7000
424 330030 4200
425 347130 9800
426 353590 7000
427 337250 15400
428 315210 12600
429 336490 348600
430 362710 348600
431 234270 295400
432 304570 12600
433 417050 225400
434 376390 345800
435 356250 348600
436 389310 348600
437 350170 334600
438 277970 18200
439 276070 348600
440 305330 21000
441 327370 343000
442 197410 348600
443 103230 352790
444 90910 140
445 126750 140
446 108830 352790
447 134590 352790
448 122270 352790
449 197310 140
450 206270 140
451 218590 140
452 188350 140
453 216350 140
454 248830 140
455 209630 352790
456 246590 140
457 238750 140
458 227550 352790
459 113310 352790
460 193950 352790
461 111070 352790
462 116670 352790
463 207390 140
464 189470 140
465 181630 140
466 186110 140
467 161470 352790
468 141310 352790
469 153630 352790
470 132350 352790
471 136830 352790
472 159230 352790
473 174910 352790
474 178270 352790
475 193950 140
476 191710 140
477 176030 140
478 163710 140
479 115550 140
480 113310 140
481 196190 352790
482 104350 140
483 140 125580
484 122270 140
485 109950 140
486 155870 352790
487 114430 140
488 111070 140
489 133470 140
490 123390 140
491 128990 140
492 155870 140
493 151390 140
494 133470 352790
495 123390 352790
496 172670 140
497 179390 352790
498 151390 352790
499 135710 140
500 140190 140
501 136830 140
502 170430 140
503 173790 352790
504 178270 140
505 94270 140
506 196190 140
507 202910 140
508 205150 352790
509 204030 140
510 217470 140
511 235390 140
512 247710 140
513 234270 140
514 216350 352790
515 217470 352790
516 116670 140
517 199550 352790
518 201790 352790
519 215230 140
520 201790 140
521 183870 140
522 177150 140
523 125630 352790
524 135710 352790
525 148030 352790
526 131230 352790
527 158110 140
528 146910 352790
529 115550 352790
530 149150 352790
531 195070 352790
532 171550 352790
533 154750 140
534 140 178220
535 143550 140
536 134590 140
537 171550 140
538 107710 352790
539 182750 352790
540 184990 140
541 187230 140
542 195070 140
543 215230 352790
544 205150 140
545 219710 140
546 232030 140
547 230910 140
548 226430 140
549 105470 140
550 220830 352790
551 219710 352790
552 156990 352790
553 190590 352790
554 191710 352790
555 200670 140
556 190590 140
557 179390 140
558 186110 352790
559 143550 352790
560 180510 140
561 104350 352790
562 164830 352790
563 162590 352790
564 145790 352790
565 180510 352790
566 114430 352790
567 140190 352790
568 159230 140
569 139070 352790
570 142430 140
571 192830 140
572 202910 352790
573 142430 352790
574 121150 352790
575 345150 352790
576 349630 140
577 350750 352790
578 366430 352790
579 330590 140
580 502340 175980
581 337310 140
582 502340 162540
583 361950 140
584 360830 140
585 331710 352790
586 502340 160300
587 354110 140
588 257790 140
589 168190 352790
590 268990 140
591 112190 352790
592 274590 352790
593 271230 352790
594 165950 352790
595 188350 352790
596 120030 352790
597 258910 140
598 312670 140
599 299230 140
600 301470 140
601 335070 140
602 313790 140
603 321630 140
604 332830 140
605 208510 352790
606 233150 352790
607 210750 352790
608 187230 352790
609 189470 352790
610 154750 352790
611 198430 352790
612 137950 352790
613 152510 352790
614 163710 352790
615 183870 352790
616 207390 352790
617 206270 352790
618 236510 352790
619 357470 352790
620 356350 352790
621 351870 352790
622 342910 352790
623 263390 352790
624 264510 352790
625 310430 352790
626 323870 352790
627 256670 352790
628 252190 140
629 226430 352790
630 253310 140
631 254430 140
632 255550 140
633 258910 352790
634 170430 352790
635 124510 352790
636 244350 140
637 228670 352790
638 105470 352790
639 229790 140
640 261150 140
641 264510 140
642 272350 140
643 256670 140
644 265630 140
645 279070 140
646 214110 352790
647 272350 352790
648 289150 140
649 298110 140
650 277950 140
651 290270 140
652 284670 140
653 252190 352790
654 384350 352790
655 251070 352790
656 374270 352790
657 238750 352790
658 376510 352790
659 363070 352790
660 372030 352790
661 373150 352790
662 312670 352790
663 275710 352790
664 288030 352790
665 308190 352790
666 352990 352790
667 344030 352790
668 232030 352790
669 347390 352790
670 320510 352790
671 289150 352790
672 239870 352790
673 266750 352790
674 328350 352790
675 339550 352790
676 268990 352790
677 349630 352790
678 262270 352790
679 248830 352790
680 314910 140
681 320510 140
682 270110 352790
683 361950 352790
684 342910 140
685 358590 352790
686 359710 352790
687 360830 352790
688 331710 140
689 364190 352790
690 243230 352790
691 294750 140
692 383230 352790
693 369790 352790
694 379870 352790
695 382110 352790
696 340670 140
697 291390 140
698 377630 352790
699 303710 140
700 367550 352790
701 172670 352790
702 204030 352790
703 347390 140
704 348510 140
705 265630 352790
706 336190 140
707 285790 140
708 296990 140
709 302590 140
710 295870 140
711 356350 140
712 305950 140
713 273470 352790
714 300350 140
715 286910 140
716 307070 140
717 276830 140
718 275710 140
719 254430 352790
720 319390 140
721 329470 140
722 309310 140
723 293630 140
724 118910 352790
725 316030 140
726 311550 140
727 292510 140
728 317150 140
729 339550 140
730 338430 140
731 327230 140
732 351870 140
733 211870 352790
734 267870 352790
735 192830 352790
736 167070 352790
737 128990 352790
738 158110 352790
739 160350 352790
740 127870 352790
741 130110 352790
742 144670 352790
743 140 234220
744 117790 352790
745 150270 352790
746 234270 352790
747 249950 352790
748 368670 352790
749 245470 352790
750 177150 352790
751 212990 352790
752 176030 352790
753 257790 352790
754 224190 352790
755 244350 352790
756 230910 352790
757 218590 352790
758 260030 140
759 267870 140
760 280190 140
761 251070 140
762 245470 140
763 106590 352790
764 249950 140
765 237630 140
766 221950 352790
767 263390 140
768 270110 140
769 273470 140
770 274590 140
771 262270 140
772 225310 352790
773 242110 140
774 197310 352790
775 181630 352790
776 240990 352790
777 271230 140
778 288030 140
779 283550 140
780 266750 140
781 260030 352790
782 375390 352790
783 235390 352790
784 370910 352790
785 229790 352790
786 394430 352790
787 386590 352790
788 387710 352790
789 365310 352790
790 333950 352790
791 285790 352790
792 290270 352790
793 299230 352790
794 346270 352790
795 355230 352790
796 169310 352790
797 332830 352790
798 321630 352790
799 184990 352790
800 242110 352790
801 223070 352790
802 126750 352790
803 255550 352790
804 253310 352790
805 247710 352790
806 246590 352790
807 109950 352790
808 328350 140
809 304830 140
810 282430 140
811 333950 140
812 350750 140
813 357470 140
814 341790 140
815 318270 140
816 340670 352790
817 385470 352790
818 237630 352790
819 308190 140
820 502340 174860
821 380990 352790
822 378750 352790
823 393310 352790
824 354110 352790
825 281310 140
826 261150 352790
827 310430 140
828 348510 352790
829 200670 352790
