0 209823 239400
1 175394 206371
2 160360 189000
3 347007 208270
4 244672 189875
5 255007 214675
6 65484 165892
7 143366 118300
8 178106 177800
9 314770 231000
10 166012 237300
11 155420 205100
12 178362 234500
13 142907 91000
14 172116 275450
15 198550 95666
16 232991 108309
17 198312 83300
18 82158 173469
19 130685 146151
20 176462 192500
21 378805 178200
22 205044 168636
23 190712 123200
24 155772 268800
25 164141 213640
26 171988 207480
27 182083 223533
28 189335 234500
29 152318 83086
30 145065 173600
31 327605 231000
32 134282 179200
33 187197 247300
34 193700 32335
35 169163 88013
36 157082 109200
37 147297 103600
38 156187 222950
39 138852 218680
40 295853 235025
41 146395 120400
42 300263 137882
43 150907 114100
44 165252 118300
45 186098 121800
46 245699 215276
47 210901 46286
48 145445 29400
49 176367 110950
50 329970 242200
51 176272 107100
52 158734 139844
53 140837 158900
54 151050 149290
55 184442 87500
56 182574 98933
57 182827 66500
58 316189 228846
59 173992 73500
60 199626 257288
61 103346 75007
62 206102 72800
63 262390 187292
64 204081 73266
65 181674 258745
66 197757 225206
67 209304 65240
68 169290 59500
69 157911 74666
70 169622 65100
71 152961 254275
72 206482 60900
73 341095 238241
74 212942 65100
75 197600 4200
76 250752 59500
77 290042 248446
78 290056 92711
79 233282 59080
80 227088 252280
81 110532 92018
82 252082 48300
83 241315 112233
84 255597 52500
85 245337 65100
86 241604 68600
87 198407 116200
88 242234 134166
89 194512 109200
90 186817 95900
91 433241 162097
92 179417 100240
93 266332 167125
94 204540 255463
95 155582 233000
96 278217 234360
97 178410 247100
98 85784 123083
99 178362 287700
100 350403 280969
101 142310 205357
102 222590 270200
103 256405 239400
104 274483 231730
105 147049 207666
106 207089 282488
107 315001 289000
108 139460 277200
109 142922 234888
110 160692 291900
111 110807 131500
112 297033 130822
113 141712 253800
114 140457 269500
115 174736 284200
116 170572 277900
117 158346 240800
118 112381 139637
119 158460 236911
120 159093 283888
121 160993 247800
122 142468 179511
123 184519 56323
124 184856 177600
125 150385 264600
126 88406 180027
127 196709 148288
128 129828 87057
129 226418 202034
130 310823 149223
131 389246 170800
132 364781 84100
133 267893 152973
134 250719 100954
135 293083 159960
136 241164 194200
137 338718 33727
138 278825 150500
139 230622 184520
140 282260 164733
141 416329 172316
142 301245 159600
143 294626 103133
144 413364 153160
145 244910 168466
146 309890 106866
147 275763 96576
148 298604 102200
149 317883 70600
150 226820 188263
151 272975 127400
152 298490 54133
153 252297 195706
154 302632 98280
155 314196 105933
156 336364 40127
157 266570 118066
158 320910 111533
159 455098 274161
160 432494 137400
161 397171 272650
162 443075 176835
163 382110 132233
164 437813 275927
165 311799 37885
166 342131 242630
167 343712 204797
168 407507 136152
169 135985 291000
170 305140 226100
171 378266 145250
172 397974 153720
173 112741 326900
174 363137 254255
175 366383 273000
176 116995 306565
177 362954 215400
178 379683 285133
179 377692 265200
180 351523 215250
181 439435 262309
182 130403 297733
183 312444 261488
184 382242 251720
185 469205 254100
186 107540 311500
187 376824 142200
188 464531 280840
189 345443 212100
190 374585 288400
191 306415 319000
192 87151 258569
193 259603 233333
194 304823 324333
195 342789 191597
196 280265 226916
197 340057 322033
198 387220 223720
199 278920 279300
200 399190 221800
201 84337 247553
202 350267 79319
203 269420 280700
204 284466 150666
205 333667 83000
206 294911 325733
207 398270 225105
208 296463 332733
209 340577 325574
210 409450 210890
211 183757 216600
212 292030 329933
213 313174 331400
214 269329 159933
215 307610 330866
216 372653 304733
217 313373 91000
218 427995 208300
219 283416 324333
220 352431 328720
221 342532 82600
222 96801 217980
223 243485 317450
224 206270 251631
225 249723 310333
226 207838 313199
227 198011 182466
228 243770 276360
229 222870 298200
230 89771 225726
231 273980 273742
232 168207 163800
233 222425 321806
234 264268 286377
235 175028 188440
236 115194 237800
237 265683 317800
238 237517 294127
239 193209 161857
240 280155 292600
241 219228 309866
242 276911 287400
243 211414 261333
244 207138 176680
245 234477 296163
246 188543 199266
247 266000 314300
248 235600 317800
249 237068 204781
250 234175 302750
251 269230 166200
252 253840 160300
253 261915 173600
254 163463 220733
255 274423 227266
256 157085 208929
257 280946 138226
258 172583 290733
259 290985 212100
260 430086 228228
261 386016 255266
262 380190 168466
263 374996 269266
264 310903 97533
265 285228 213640
266 248045 234500
267 296463 91933
268 302670 96600
269 320086 135333
270 286710 91933
271 279363 91933
272 165395 306600
273 72119 262041
274 165680 260866
275 163115 294000
276 200766 314066
277 208683 321533
278 208683 319666
279 153791 300200
280 348523 163800
281 323380 133700
282 269515 144900
283 312930 114333
284 337186 131133
285 326230 151666
286 332975 145600
287 337277 113200
288 301779 275106
289 322715 296800
290 297603 240955
291 274550 290500
292 366383 278600
293 279236 287000
294 332588 263666
295 234903 76066
296 277158 200200
297 250895 222600
298 240983 233488
299 223440 237300
300 275563 68600
301 284430 68600
302 271362 59577
303 292030 72333
304 265556 69533
305 99143 306382
306 255170 284900
307 236265 242900
308 229836 281400
309 230090 278600
310 153203 319666
311 292505 182000
312 285570 179666
313 323348 147466
314 319506 128476
315 307356 217933
316 332436 213266
317 323696 135800
318 340195 263900
319 289940 287000
320 355996 273000
321 364103 273933
322 366130 279533
323 355110 225400
324 281200 205240
325 271985 270200
326 224675 237300
327 241363 211400
328 248203 132066
329 246050 94733
330 261060 159320
331 223141 102600
332 167390 279300
333 233985 291200
334 262770 308466
335 253903 291666
336 214235 237222
337 240635 263400
338 107207 336000
339 117130 334157
340 128820 277200
341 162640 336000
342 308560 121800
343 152570 329000
344 269990 323400
345 216410 121800
346 249850 242200
347 382850 301000
348 295640 347200
349 264670 341600
350 320910 221200
351 334970 218400
352 384750 249200
353 335350 225400
354 356820 288400
355 302670 212800
356 178030 338800
357 135522 242875
358 111530 345800
359 189810 289800
360 326230 4200
361 350930 4200
362 269990 7000
363 276830 7000
364 295830 15400
365 286330 15400
366 277590 9800
367 290130 12600
368 300010 12600
369 299630 7000
370 226290 267400
371 300390 9800
372 293550 9800
373 286330 7000
374 199690 348600
375 274550 18200
376 222870 343000
377 212610 281400
378 315970 9800
379 307990 7000
380 254410 68600
381 155990 326200
382 312930 4200
383 292790 7000
384 304190 4200
385 290130 4200
386 336110 12600
387 329270 9800
388 319390 4200
389 339150 4200
390 198930 278600
391 240730 275800
392 157510 348600
393 126730 340200
394 140030 340200
395 146110 337400
396 155990 343000
397 139650 337400
398 182590 348600
399 126350 348600
400 137370 345800
401 130530 345800
402 119890 348600
403 226290 348600
404 219830 348600
405 375630 345800
406 234650 345800
407 245670 340200
408 221350 345800
409 197410 273000
410 249850 345800
411 212610 345800
412 273410 345800
413 232750 4200
414 258210 348600
415 254030 71400
416 247190 71400
417 256310 4200
418 247190 4200
419 255170 74200
420 146490 340200
421 262770 4200
422 238830 15400
423 246810 343000
424 260110 9800
425 269610 15400
426 266190 12600
427 284050 9800
428 281010 18200
429 234270 348600
430 231990 236600
431 208430 278600
432 224770 236600
433 249090 337400
434 216410 343000
435 282150 4200
436 269230 4200
437 230850 9800
438 281010 345800
439 379810 348600
440 240350 343000
441 371450 348600
442 246050 267400
443 393490 348600
444 496850 242200
445 386650 348600
446 396150 345800
447 339150 348600
448 304190 348600
449 290130 348600
450 312170 348600
451 356250 348600
452 356630 267400
453 176130 348600
454 350930 345800
455 342950 345800
456 189430 287000
457 257070 337400
458 228570 242200
459 132810 348600
460 204250 275800
461 259350 345800
462 251750 348600
463 264670 348600
464 151810 345800
465 332690 4200
466 330410 7000
467 296590 4200
468 496090 166600
469 496850 163800
470 495330 152600
471 490390 155400
472 496850 149800
473 349410 348600
474 363850 289800
475 151050 348600
476 312170 12600
477 496850 247800
478 490010 247800
479 388170 270200
480 373730 7000
481 378670 292600
482 274550 348600
483 260110 343000
484 262390 7000
485 260490 71400
486 189810 278600
487 108830 352790
488 120030 140
489 154750 140
490 140190 140
491 154750 352790
492 159230 140
493 180510 140
494 202910 140
495 211870 140
496 167070 140
497 198430 140
498 246590 140
499 191710 352790
500 247710 140
501 252190 140
502 211870 352790
503 114430 352790
504 171550 352790
505 198430 352790
506 183870 352790
507 206270 140
508 197310 140
509 183870 140
510 178270 140
511 173790 352790
512 176030 352790
513 116670 352790
514 137950 352790
515 150270 352790
516 145790 352790
517 167070 352790
518 168190 352790
519 191710 140
520 200670 140
521 165950 140
522 172670 140
523 103230 140
524 104350 140
525 162590 352790
526 112190 140
527 118910 140
528 121150 140
529 113310 140
530 152510 352790
531 116670 140
532 133470 140
533 125630 140
534 117790 140
535 114430 140
536 139070 140
537 135710 140
538 136830 352790
539 155870 352790
540 161470 140
541 140 179340
542 130110 140
543 153630 352790
544 141310 140
545 152510 140
546 142430 140
547 173790 140
548 151390 140
549 115550 140
550 168190 140
551 190590 140
552 200670 352790
553 149150 140
554 208510 140
555 232030 140
556 242110 140
557 254430 140
558 139070 352790
559 196190 352790
560 124510 140
561 189470 352790
562 181630 352790
563 196190 140
564 228670 140
565 205150 140
566 171550 140
567 135710 352790
568 180510 352790
569 117790 352790
570 141310 352790
571 127870 140
572 124510 352790
573 131230 352790
574 169310 352790
575 112190 352790
576 140 178220
577 137950 140
578 126750 352790
579 134590 140
580 146910 140
581 144670 140
582 160350 140
583 127870 352790
584 150270 140
585 176030 140
586 189470 140
587 201790 352790
588 158110 140
589 207390 140
590 233150 140
591 236510 140
592 251070 140
593 122270 140
594 214110 352790
595 187230 352790
596 184990 352790
597 111070 352790
598 170430 352790
599 223070 140
600 216350 140
601 179390 140
602 188350 352790
603 182750 352790
604 174910 140
605 146910 352790
606 122270 352790
607 156990 352790
608 123390 352790
609 174910 352790
610 159230 352790
611 140 183820
612 136830 140
613 132350 352790
614 123390 140
615 188350 140
616 197310 352790
617 130110 352790
618 161470 352790
619 345150 140
620 351870 140
621 350750 140
622 373150 352790
623 321630 140
624 502340 168140
625 279070 140
626 502340 155820
627 502340 153580
628 502340 160300
629 273470 352790
630 502340 161420
631 313790 140
632 253310 140
633 113310 352790
634 266750 140
635 109950 352790
636 272350 352790
637 280190 140
638 163710 352790
639 199550 352790
640 164830 352790
641 281310 140
642 311550 140
643 307070 140
644 305950 140
645 327230 140
646 317150 140
647 312670 140
648 326110 140
649 235390 352790
650 233150 352790
651 238750 352790
652 134590 352790
653 165950 352790
654 208510 352790
655 204030 352790
656 190590 352790
657 125630 352790
658 179390 352790
659 209630 352790
660 230910 352790
661 228670 352790
662 243230 352790
663 376510 352790
664 355230 352790
665 377630 352790
666 350750 352790
667 245470 352790
668 239870 352790
669 339550 352790
670 357470 352790
671 246590 352790
672 221950 140
673 221950 352790
674 235390 140
675 243230 140
676 245470 140
677 244350 140
678 223070 352790
679 186110 352790
680 212990 352790
681 234270 140
682 219710 352790
683 239870 140
684 255550 140
685 264510 140
686 271230 140
687 275710 140
688 224190 352790
689 288030 140
690 217470 352790
691 218590 352790
692 263390 140
693 276830 140
694 272350 140
695 295870 140
696 290270 140
697 270110 352790
698 394430 352790
699 249950 352790
700 389950 352790
701 247710 352790
702 386590 352790
703 379870 352790
704 374270 352790
705 367550 352790
706 336190 352790
707 294750 352790
708 290270 352790
709 323870 352790
710 352990 352790
711 333950 352790
712 265630 352790
713 364190 352790
714 354110 352790
715 327230 352790
716 264510 352790
717 275710 352790
718 328350 352790
719 365310 352790
720 284670 352790
721 372030 352790
722 274590 352790
723 257790 352790
724 319390 140
725 337310 140
726 286910 140
727 388830 352790
728 502340 170380
729 384350 352790
730 385470 352790
731 502340 171500
732 338430 140
733 358590 352790
734 271230 352790
735 304830 140
736 502340 175980
737 375390 352790
738 387710 352790
739 366430 352790
740 380990 352790
741 309310 140
742 369790 352790
743 292510 140
744 360830 352790
745 177150 352790
746 192830 352790
747 342910 140
748 358590 140
749 273470 140
750 274590 140
751 299230 140
752 289150 140
753 285790 140
754 293630 140
755 300350 140
756 301470 140
757 229790 352790
758 302590 140
759 296990 140
760 291390 140
761 205150 352790
762 277950 140
763 225310 352790
764 215230 352790
765 320510 140
766 310430 140
767 257790 140
768 144670 352790
769 318270 140
770 303710 140
771 308190 140
772 294750 140
773 340670 140
774 335070 140
775 323870 140
776 344030 140
777 207390 352790
778 244350 352790
779 160350 352790
780 118910 352790
781 143550 352790
782 149150 352790
783 158110 352790
784 142430 352790
785 172670 352790
786 115550 352790
787 140190 352790
788 128990 352790
789 120030 352790
790 248830 352790
791 260030 352790
792 393310 352790
793 268990 352790
794 255550 352790
795 242110 352790
796 206270 352790
797 251070 352790
798 216350 352790
799 254430 352790
800 229790 140
801 226430 352790
802 256670 140
803 249950 140
804 261150 140
805 237630 140
806 258910 140
807 133470 352790
808 248830 140
809 240990 140
810 240990 352790
811 262270 140
812 270110 140
813 267870 140
814 283550 140
815 282430 140
816 236510 352790
817 234270 352790
818 210750 352790
819 227550 352790
820 252190 352790
821 220830 352790
822 284670 140
823 268990 140
824 238750 140
825 261150 352790
826 383230 352790
827 237630 352790
828 378750 352790
829 253310 352790
830 398910 352790
831 502340 226380
832 391070 352790
833 400030 352790
834 342910 352790
835 305950 352790
836 289150 352790
837 313790 352790
838 356350 352790
839 359710 352790
840 178270 352790
841 349630 352790
842 346270 352790
843 195070 352790
844 258910 352790
845 232030 352790
846 121150 352790
847 202910 352790
848 262270 352790
849 256670 352790
850 266750 352790
851 151390 352790
852 336190 140
853 333950 140
854 298110 140
855 502340 165900
856 502340 164780
857 502340 147980
858 502340 128940
859 502340 149100
860 351870 352790
861 368670 352790
862 148030 352790
863 316030 140
864 502340 167020
865 502340 174860
866 392190 352790
867 376510 140
868 382110 352790
869 267870 352790
870 263390 352790
871 265630 140
872 260030 140
873 193950 352790
