0 155863 126466
1 227647 145021
2 109915 65800
3 253056 136675
4 145207 58800
5 52112 81801
6 120164 42777
7 220685 41300
8 257990 177947
9 183114 51933
10 214177 10500
11 110675 61600
12 122692 53900
13 153854 162400
14 126580 50326
15 131345 206458
16 206007 49000
17 220762 64527
18 200497 42000
19 76288 87792
20 111007 50400
21 241870 115453
22 139541 47400
23 119048 182400
24 129656 59640
25 249482 179853
26 137813 68600
27 145853 69300
28 221350 59640
29 270959 187786
30 227900 91589
31 131307 176527
32 45536 38771
33 196467 30955
34 179882 48300
35 253161 141400
36 173327 53200
37 209456 65800
38 253246 201337
39 193100 64909
40 168910 62300
41 291654 98733
42 161927 53900
43 244892 71654
44 238830 62200
45 148501 163305
46 70859 47029
47 189145 14000
48 252842 24500
49 292588 184975
50 239438 29120
51 155483 56466
52 254762 55600
53 242202 31500
54 251698 65036
55 286224 167080
56 229662 30100
57 199832 35000
58 201067 9100
59 135348 20141
60 215222 19600
61 203034 9800
62 145332 197145
63 179436 38920
64 181823 66900
65 182305 38500
66 177840 50200
67 190332 7000
68 123918 198146
69 215412 25900
70 254425 195508
71 207670 15960
72 190000 4200
73 235172 20300
74 237145 196653
75 224651 13650
76 126593 33356
77 216552 37800
78 199642 83766
79 215507 29400
80 225672 36400
81 227459 30261
82 128751 243306
83 126075 51177
84 154897 46900
85 111007 56000
86 305932 119190
87 143687 53900
88 269850 85026
89 157415 99750
90 238690 148178
91 126730 134400
92 158950 102384
93 248002 84048
94 299456 179747
95 223962 107100
96 152010 88052
97 113348 187600
98 234518 136661
99 127585 129500
100 181371 77988
101 123827 196311
102 327057 180929
103 209190 72100
104 166891 96250
105 150907 125300
106 194490 104164
107 313770 81568
108 208701 80600
109 223677 67200
110 234776 73266
111 248662 68600
112 217581 76066
113 270982 74822
114 192125 101162
115 214282 75880
116 233446 66422
117 173794 107964
118 195330 62844
119 207611 7215
120 169683 14800
121 201970 68250
122 182556 143626
123 52675 120379
124 148956 32714
125 194354 189170
126 317094 96372
127 401363 112954
128 273042 84000
129 403877 73191
130 320367 113000
131 215916 167160
132 287553 93800
133 412127 22145
134 285475 81200
135 221654 184100
136 286472 83766
137 301126 126583
138 278749 83020
139 294405 78400
140 342855 74200
141 292600 107240
142 240350 172200
143 381500 68975
144 353526 92166
145 358733 41800
146 224432 182311
147 357696 31984
148 206001 178288
149 366776 70280
150 345230 69533
151 364230 77000
152 400306 27650
153 235346 174066
154 324836 76066
155 376893 229107
156 328320 63000
157 318938 226450
158 306163 129855
159 297184 48034
160 306280 239400
161 355666 235695
162 365778 18187
163 282910 201800
164 284905 231000
165 393635 167770
166 323332 76300
167 149394 236600
168 262295 238700
169 292844 54600
170 300162 69720
171 126183 262850
172 297096 245000
173 344565 232633
174 427554 175000
175 308623 239400
176 300200 65800
177 395413 172200
178 146870 241266
179 327433 224155
180 300732 227080
181 346085 224000
182 125542 252700
183 287524 55400
184 374727 241500
185 371331 169750
186 318554 232120
187 362167 201000
188 234618 118066
189 359163 190400
190 400683 158488
191 245670 80780
192 398734 198725
193 262742 174600
194 239560 127938
195 403986 111829
196 239970 177100
197 264438 100156
198 372698 99800
199 362178 209720
200 271383 237533
201 387299 206370
202 280072 164546
203 155166 149800
204 285443 232866
205 76791 164966
206 278833 123200
207 290003 229133
208 399081 206600
209 333260 106866
210 75810 154781
211 304895 157800
212 285570 240333
213 332614 193480
214 346053 106555
215 85673 131320
216 92131 215600
217 81771 127050
218 133695 198036
219 135730 177210
220 152696 238466
221 57462 208378
222 143671 152600
223 179094 234360
224 142595 172200
225 49051 135757
226 167523 153440
227 114928 199266
228 184595 240333
229 96900 147800
230 149606 209346
231 141043 248733
232 66886 217955
233 172159 224000
234 174261 246400
235 96108 220266
236 189891 244600
237 134393 141400
238 186676 153584
239 158650 227266
240 191266 244066
241 194532 163800
242 87447 208250
243 260937 93635
244 121030 86333
245 264290 77700
246 245290 78400
247 120523 77000
248 271636 78866
249 117785 97676
250 287356 83533
251 136863 77933
252 273695 217000
253 256880 233800
254 307694 172894
255 293043 241266
256 288483 235666
257 294310 235666
258 259096 32200
259 253546 82854
260 252035 46200
261 232085 42000
262 288230 32200
263 312142 59363
264 275943 22866
265 254512 61492
266 272396 27533
267 272143 34066
268 109155 179200
269 57469 167171
270 119795 180600
271 113145 170100
272 115393 156333
273 166630 217000
274 156243 221666
275 103794 189800
276 311030 106866
277 301435 129500
278 276830 83300
279 340543 100333
280 341377 102044
281 335187 87800
282 341683 97533
283 319865 102900
284 340976 117707
285 405131 95836
286 199183 246866
287 230082 236816
288 263397 202720
289 262675 237300
290 251750 178422
291 240825 219800
292 257196 248733
293 233510 246866
294 246976 221375
295 239336 27533
296 254600 49700
297 225403 117755
298 214795 116200
299 267076 16333
300 263656 24733
301 392737 23400
302 288251 19755
303 247950 24733
304 252763 18200
305 106830 246459
306 144101 203400
307 209095 235200
308 223566 153533
309 160550 238466
310 184503 221200
311 168150 244066
312 145856 223533
313 292125 180600
314 293423 187133
315 330758 149333
316 338516 214200
317 325343 153533
318 315716 153533
319 276070 221900
320 251085 233800
321 272016 249666
322 276703 246866
323 290003 241266
324 224675 161000
325 224295 96600
326 241996 98466
327 234270 101266
328 265303 50866
329 211660 124040
330 220807 110200
331 124830 171500
332 178600 166600
333 206276 246866
334 206150 242200
335 140684 188688
336 186050 211400
337 107967 128800
338 110350 133147
339 104690 138600
340 336490 72800
341 318630 77000
342 132430 168000
343 191710 256200
344 224200 112000
345 226480 210000
346 308180 208600
347 257830 259000
348 265430 256200
349 260680 116200
350 336110 210000
351 143830 221200
352 222415 86600
353 5890 127400
354 7410 161000
355 310650 253400
356 314070 29400
357 320910 259000
358 328890 77000
359 303050 7000
360 290130 9800
361 281010 7000
362 324330 4200
363 322810 7000
364 317110 4200
365 5890 152600
366 334590 4200
367 309890 7000
368 288990 7000
369 182970 4200
370 266570 4200
371 133950 68600
372 296590 7000
373 303810 4200
374 311030 77000
375 283290 9800
376 124830 267400
377 290890 4200
378 324330 29400
379 300770 9800
380 319390 71400
381 346750 37800
382 307610 29400
383 328890 35000
384 356250 40600
385 152190 264600
386 160170 261800
387 161310 259000
388 131290 267400
389 11210 155400
390 6650 169400
391 14250 149800
392 135850 222600
393 26410 147000
394 36670 144200
395 127110 225400
396 113810 225400
397 8550 166600
398 204250 264600
399 174990 267400
400 178030 261800
401 167390 264600
402 203870 267400
403 197410 267400
404 21850 144200
405 189810 267400
406 210330 267400
407 238830 4200
408 230090 4200
409 6650 133000
410 252130 4200
411 276450 4200
412 262010 7000
413 270370 12600
414 252890 9800
415 15010 144200
416 249090 7000
417 238830 7000
418 5890 124600
419 268850 9800
420 258970 4200
421 276830 9800
422 255550 7000
423 260870 9800
424 232370 7000
425 214130 4200
426 13490 152600
427 8550 144200
428 220590 4200
429 273030 15400
430 271510 7000
431 245670 9800
432 245670 4200
433 238830 267400
434 277590 267400
435 13490 147000
436 322430 205800
437 167770 267400
438 279870 264600
439 317870 208600
440 284050 267400
441 291650 267400
442 281770 261800
443 254030 264600
444 248330 267400
445 271130 267400
446 290510 239400
447 301150 267400
448 7030 141400
449 281770 228200
450 267710 217000
451 6650 158200
452 13490 172200
453 6270 149800
454 160550 267400
455 188290 264600
456 223250 267400
457 181450 267400
458 195890 264600
459 133950 225400
460 300010 15400
461 286330 264600
462 247570 264600
463 303430 12600
464 312170 32200
465 307230 26600
466 343710 71400
467 286330 15400
468 301150 264600
469 308750 267400
470 9310 163800
471 262390 219800
472 315210 267400
473 328130 267400
474 338390 267400
475 325090 261800
476 318250 264600
477 224770 7000
478 300770 261800
479 284430 4200
480 313310 259000
481 147630 267400
482 140 126700
483 92030 140
484 225310 140
485 270110 140
486 251070 140
487 169310 140
488 99870 140
489 100990 140
490 170430 140
491 123390 140
492 165950 140
493 190590 140
494 176030 140
495 202910 140
496 210750 140
497 212990 140
498 98750 140
499 126750 140
500 104350 140
501 105470 140
502 160350 140
503 97630 140
504 102110 140
505 122270 140
506 195070 140
507 196190 140
508 201790 140
509 200670 140
510 180510 140
511 164830 140
512 192830 140
513 214110 140
514 103230 140
515 162590 140
516 130110 140
517 107710 140
518 109950 140
519 111070 140
520 146910 140
521 112190 140
522 120030 140
523 121150 140
524 115550 140
525 106590 140
526 108830 140
527 95390 140
528 173790 140
529 144670 140
530 149150 140
531 181630 140
532 161470 140
533 193950 140
534 179390 140
535 218590 140
536 208510 140
537 168190 140
538 182750 140
539 143550 140
540 233150 140
541 237630 140
542 221950 140
543 226430 140
544 125630 140
545 131230 140
546 142430 140
547 171550 140
548 128990 140
549 93150 140
550 184990 140
551 209630 140
552 211870 140
553 207390 140
554 96510 140
555 124510 140
556 94270 140
557 145790 140
558 133470 140
559 187230 140
560 150270 140
561 137950 140
562 140 139020
563 186110 140
564 140 142380
565 199550 140
566 136830 140
567 140 132300
568 178270 140
569 228670 140
570 230910 140
571 216350 140
572 167070 140
573 197310 140
574 153630 140
575 188350 140
576 232030 140
577 118910 140
578 229790 140
579 224190 140
580 151390 140
581 154750 140
582 177150 140
583 148030 140
584 159230 140
585 183870 140
586 198430 140
587 204030 140
588 113310 140
589 205150 140
590 155870 140
591 158110 140
592 141310 140
593 134590 140
594 189470 140
595 152510 140
596 135710 140
597 140 135660
598 140 131180
599 114430 140
600 140 134540
601 206270 140
602 140 133420
603 163710 140
604 243230 140
605 240990 140
606 215230 140
607 172670 140
608 191710 140
609 156990 140
610 127870 140
611 140 140140
612 140 136780
613 140 170380
614 336190 272430
615 451480 122220
616 313790 272430
617 314910 272430
618 310430 272430
619 309310 272430
620 286910 140
621 339550 272430
622 319390 272430
623 333950 140
624 279070 272430
625 340670 272430
626 451480 128940
627 263390 140
628 132350 140
629 242110 140
630 117790 140
631 257790 140
632 272350 140
633 116670 140
634 139070 140
635 140 137900
636 280190 140
637 336190 140
638 301470 140
639 451480 111020
640 323870 140
641 338430 140
642 317150 140
643 342910 140
644 159230 272430
645 179390 272430
646 187230 272430
647 124510 272430
648 140 163660
649 135710 272430
650 140 155820
651 128990 272430
652 140 154700
653 131230 272430
654 140190 272430
655 160350 272430
656 177150 272430
657 140 156940
658 212990 272430
659 208510 272430
660 210750 272430
661 219710 272430
662 201790 272430
663 140 165900
664 204030 272430
665 223070 272430
666 233150 272430
667 284670 140
668 219710 140
669 300350 140
670 296990 140
671 277950 140
672 254430 140
673 248830 140
674 140 168140
675 267870 140
676 236510 140
677 140 130060
678 252190 140
679 245470 140
680 249950 140
681 244350 140
682 266750 140
683 261150 140
684 260030 140
685 140 128940
686 220830 140
687 283550 140
688 275710 140
689 282430 140
690 291390 140
691 309310 140
692 225310 272430
693 303710 272430
694 221950 272430
695 311550 272430
696 220830 272430
697 273470 272430
698 289150 272430
699 288030 272430
700 271230 272430
701 276830 272430
702 239870 272430
703 266750 272430
704 240990 272430
705 290270 272430
706 281310 272430
707 207390 272430
708 275710 272430
709 277950 272430
710 258910 272430
711 180510 272430
712 236510 272430
713 217470 272430
714 189470 272430
715 227550 272430
716 254430 272430
717 232030 272430
718 230910 272430
719 298110 272430
720 270110 272430
721 263390 272430
722 332830 140
723 318270 140
724 337310 272430
725 321630 272430
726 335070 272430
727 285790 272430
728 308190 272430
729 229790 272430
730 265630 272430
731 333950 272430
732 330590 272430
733 328350 272430
734 326110 272430
735 316030 272430
736 292510 272430
737 338430 272430
738 302590 272430
739 327230 272430
740 145790 272430
741 140 160300
742 318270 272430
743 314910 140
744 323870 272430
745 335070 140
746 311550 140
747 293630 140
748 285790 140
749 326110 140
750 329470 140
751 320510 140
752 140 153580
753 337310 140
754 312670 140
755 295870 140
756 174910 140
757 268990 140
758 140190 140
759 298110 140
760 310430 140
761 316030 140
762 288030 140
763 126750 272430
764 294750 140
765 327230 140
766 305950 140
767 321630 140
768 345150 140
769 308190 140
770 331710 140
771 363070 140
772 144670 272430
773 161470 272430
774 118910 272430
775 132350 272430
776 140 161420
777 140 167020
778 140 152460
779 139070 272430
780 140 145740
781 140 147980
782 134590 272430
783 133470 272430
784 140 169260
785 218590 272430
786 215230 272430
787 206270 272430
788 214110 272430
789 211870 272430
790 202910 272430
791 140 143500
792 209630 272430
793 216350 272430
794 238750 140
795 235390 140
796 140 146860
797 255550 140
798 279070 140
799 265630 140
800 274590 140
801 256670 140
802 140 144620
803 253310 140
804 239870 140
805 140 127820
806 271230 140
807 262270 140
808 281310 140
809 258910 140
810 264510 140
811 234270 140
812 217470 140
813 140 151340
814 140 149100
815 223070 140
816 276830 140
817 273470 140
818 246590 140
819 247710 140
820 244350 272430
821 280190 272430
822 140 162540
823 324990 272430
824 168190 272430
825 283550 272430
826 320510 272430
827 282430 272430
828 293630 272430
829 286910 272430
830 257790 272430
831 255550 272430
832 274590 272430
833 294750 272430
834 307070 272430
835 140 141260
836 284670 272430
837 272350 272430
838 140 158060
839 140 164780
840 140 150220
841 141310 272430
842 188350 272430
843 224190 272430
844 183870 272430
845 205150 272430
846 136830 272430
847 303710 140
848 291390 272430
849 249950 272430
850 313790 140
851 322750 140
852 330590 140
853 347390 140
854 319390 140
855 305950 272430
856 312670 272430
857 140 159180
858 267870 272430
859 329470 272430
860 332830 272430
861 341790 272430
862 331710 272430
863 322750 272430
864 227550 140
865 304830 272430
866 289150 140
867 317150 272430
868 149150 272430
