0 26553 21393
1 12031 27641
2 29621 27960
3 14547 24921
4 29777 15447
5 24261 18855
6 19216 34245
7 6033 18466
8 6939 26717
9 8266 28609
10 31547 14563
11 34608 13654
12 34029 31612
13 2457 22005
14 27036 12015
15 34205 29835
16 16975 34913
17 10140 26127
18 25509 10962
19 30944 31538
20 23250 32769
21 8157 17934
22 28415 11552
23 30978 32265
24 22491 34234
25 27695 12453
26 30291 29221
27 17552 38413
28 39253 26658
29 37827 29835
30 6523 28108
31 41152 24907
32 37800 27027
33 25511 39253
34 11115 31297
35 35958 25566
36 37618 34887
37 20401 37955
38 23557 45330
39 25497 34635
40 29122 41652
41 16864 35235
42 21349 34319
43 8488 27406
44 12273 37957
45 34333 35127
46 28775 42615
47 25434 37149
48 19100 37105
49 15316 35273
50 2295 23625
51 18987 24165
52 12655 10872
53 23655 22532
54 33618 36219
55 35833 29205
56 25435 11967
57 28078 34526
58 15882 20260
59 9234 25105
60 21625 24705
61 28945 25194
62 21610 21076
63 10444 24300
64 32352 20182
65 20425 24806
66 14611 10914
67 28076 22646
68 19942 29054
69 25384 25613
70 18106 11205
71 32048 39907
72 24799 11250
73 36470 14111
74 15592 16200
75 32305 36450
76 4819 35019
77 22510 22913
78 42251 16116
79 41909 16503
80 33970 38718
81 16258 38867
82 32042 40419
83 13019 39327
84 42536 12926
85 29948 20061
86 28499 15279
87 31244 30341
88 8130 35783
89 27085 16740
90 27222 18585
91 29158 41512
92 9648 36758
93 24970 19803
94 30875 21963
95 27829 29466
96 26188 29227
97 28588 11880
98 29017 8895
99 32690 9585
100 32917 31312
101 29021 23974
102 28632 36000
103 41718 26209
104 20830 19656
105 28425 15709
106 30359 25639
107 25569 2295
108 28274 20553
109 8663 20076
110 9072 21843
111 8607 20385
112 15004 9970
113 41808 18900
114 43019 21286
115 44248 34945
116 41132 19541
117 46980 9767
118 29268 25360
119 32909 16682
120 41551 16854
121 45105 33193
122 38047 4356
123 46001 10462
124 40974 25235
125 43790 32997
126 28485 31695
127 39657 18243
128 38617 22498
129 42557 13311
130 24995 24853
131 38059 23038
132 49802 10546
133 40460 22244
134 47779 10557
135 31686 27885
136 33156 35340
137 31149 33642
138 42282 9753
139 45411 7487
140 36985 16660
141 36705 14479
142 51638 20753
143 21658 21195
144 50345 17170
145 52719 23200
146 37311 17385
147 22809 20925
148 40962 16185
149 37734 16007
150 38295 15711
151 48204 15615
152 13063 16920
153 48534 28635
154 38418 13510
155 45762 15885
156 38004 17599
157 33996 19938
158 43340 21789
159 54165 17099
160 35513 20001
161 35562 22575
162 41763 21120
163 53822 16527
164 27968 38475
165 35638 37539
166 46105 45306
167 37596 40700
168 40568 45067
169 37766 49916
170 33796 41405
171 53290 35382
172 34865 38184
173 37610 46826
174 34892 38291
175 35456 40061
176 39206 43629
177 51186 35055
178 48444 45723
179 35242 47655
180 32944 38278
181 31452 44775
182 33349 39737
183 31034 41382
184 36216 36712
185 39893 47767
186 37054 39213
187 40176 46035
188 36533 44352
189 34434 50445
190 16379 31711
191 11971 45453
192 18001 30317
193 17644 7830
194 22981 17041
195 17271 44685
196 15136 35228
197 10663 43664
198 16611 43470
199 17037 41073
200 28014 46247
201 15671 36281
202 15115 42795
203 11475 42221
204 21360 32662
205 12608 45122
206 9426 42795
207 18082 34617
208 20190 8559
209 22206 33690
210 21114 38700
211 15890 44390
212 21211 45292
213 19999 40806
214 21245 9855
215 20637 48060
216 9732 44265
217 12951 45287
218 39982 14940
219 24768 14006
220 40378 14827
221 32229 15795
222 21757 14233
223 26046 16830
224 27095 15917
225 25425 17190
226 36921 6727
227 33862 17325
228 40307 7165
229 37054 8551
230 37938 10327
231 36891 10100
232 34511 29460
233 36584 27554
234 32253 28947
235 32826 24825
236 31961 30003
237 22929 38895
238 18309 31506
239 23276 33534
240 24547 41063
241 28036 37854
242 17296 30003
243 25958 35736
244 26237 39116
245 27135 38103
246 22472 41881
247 44046 22545
248 52394 33342
249 41882 26980
250 41910 27337
251 54679 34858
252 37654 19761
253 51726 36900
254 23672 5756
255 31780 10551
256 31050 11340
257 20285 5489
258 23047 7530
259 25249 3448
260 26628 7715
261 39126 49930
262 42402 34996
263 43864 30753
264 42775 30799
265 38718 32265
266 42127 32727
267 15761 30582
268 16960 24827
269 18537 19039
270 20652 20156
271 20539 18819
272 13882 17979
273 50476 25272
274 36360 24227
275 52055 24430
276 49126 21667
277 48288 21915
278 51552 28185
279 50116 21833
280 47200 41805
281 44100 41130
282 49041 44198
283 43914 41925
284 52153 43173
285 42700 41782
286 43740 42626
287 21799 47962
288 28312 43584
289 20717 48643
290 19606 45998
291 23994 44010
292 19167 43416
293 17845 30585
294 25103 28476
295 20687 32805
296 28848 26633
297 26670 26835
298 14250 26055
299 9436 26055
300 2551 26460
301 2659 30915
302 57091 29565
303 56092 29295
304 55201 29025
305 57334 28350
306 56686 28485
307 57280 27135
308 57226 29565
309 53770 28890
310 57388 29835
311 57280 26595
312 8113 30375
313 57334 25515
314 50098 26055
315 33223 7830
316 37543 7020
317 32008 3240
318 33034 3375
319 36274 6885
320 30766 2970
321 33007 3645
322 32737 8775
323 2929 22410
324 57334 20385
325 57037 21465
326 42295 2565
327 40189 2430
328 36571 7290
329 57307 19440
330 57253 21195
331 55741 21735
332 16645 4455
333 21964 6210
334 2497 25515
335 2551 25245
336 2524 28080
337 8923 27135
338 17131 51705
339 7114 24570
340 15808 50760
341 11191 26190
342 10813 28755
343 10327 28485
344 2578 32130
345 2875 31860
346 56821 32535
347 23206 46710
348 20992 47115
349 26716 51975
350 28768 51165
351 2767 34020
352 26014 48060
353 30226 51435
354 34222 50355
355 32467 50355
356 21154 51840
357 31873 49005
358 29956 49005
359 29875 47115
360 31873 51165
361 30604 51030
362 15484 51030
363 42052 46035
364 40891 46305
365 40702 46440
366 41296 46845
367 42511 46170
368 35491 51030
369 34546 51300
370 35140 50895
371 36571 51300
372 36814 51030
373 7654 32535
374 37894 51975
375 28633 48330
376 32008 51435
377 31846 51840
378 31900 50625
379 33304 50490
380 33871 51165
381 36706 51435
382 30469 49545
383 29794 48465
384 16402 51705
385 30118 48600
386 31279 50760
387 31846 50085
388 31333 50760
389 56659 27945
390 57172 27675
391 55201 28755
392 57415 30240
393 51691 30375
394 57361 24840
395 8140 31455
396 57280 26325
397 57064 27405
398 28849 2430
399 29470 2970
400 18211 2430
401 27040 2430
402 29821 3240
403 33250 10260
404 31090 2970
405 32818 2565
406 7789 29295
407 34600 7965
408 31927 3780
409 32062 2430
410 33871 7965
411 33898 2835
412 34330 2430
413 32818 2430
414 33952 7425
415 38542 7155
416 46480 3375
417 19966 5805
418 46075 4050
419 56362 20250
420 56740 20790
421 56308 21465
422 35491 7695
423 57307 20925
424 57226 26190
425 57280 25785
426 57253 26865
427 56929 29295
428 33129 16260
429 37179 22770
430 27374 50069
431 28451 51126
432 34203 51570
433 32773 42142
434 31752 48123
435 33159 12510
436 38581 20655
437 42 26988
438 42 30156
439 33900 54261
440 31980 54261
441 31212 54261
442 31500 54261
443 42 24204
444 42 26796
445 42 26700
446 42 24396
447 25356 42
448 34380 42
449 42 27564
450 25548 42
451 31116 54261
452 28332 42
453 26028 42
454 24012 42
455 29004 42
456 31020 42
457 28524 42
458 30636 42
459 31116 42
460 42 23724
461 26796 42
462 27084 42
463 26220 42
464 26124 42
465 26316 42
466 28716 42
467 26508 42
468 26412 42
469 42 23244
470 42 24588
471 42 25260
472 42 25452
473 42 25740
474 42 20652
475 42 26028
476 42 25932
477 42 30252
478 42 24972
479 42 25356
480 42 24300
481 42 26220
482 25356 54261
483 42 30636
484 42 31116
485 42 31596
486 42 31500
487 42 31788
488 42 27948
489 42 31020
490 42 30924
491 25452 54261
492 42 29004
493 42 29196
494 27852 54261
495 26316 54261
496 26700 54261
497 28812 54261
498 28428 54261
499 42 28716
500 42 25644
501 42 27468
502 42 29100
503 42 24492
504 26892 42
505 28140 42
506 27660 42
507 25452 42
508 27756 42
509 27564 42
510 42 30348
511 24684 42
512 29388 42
513 29676 42
514 28236 42
515 29580 42
516 25932 42
517 26700 42
518 27468 42
519 27276 42
520 25548 54261
521 42 29676
522 27948 54261
523 28908 54261
524 28524 54261
525 26220 54261
526 27756 54261
527 42 28524
528 42 28332
529 30732 54261
530 31020 54261
531 30924 54261
532 42 29580
533 29772 54261
534 30444 54261
535 42 24684
536 42 26412
537 42 26892
538 25068 42
539 28044 42
540 30828 42
541 29100 42
542 33324 42
543 42 27084
544 28620 42
545 27852 42
546 22668 42
547 30060 42
548 31212 42
549 29868 42
550 30732 42
551 31500 42
552 25836 42
553 42 25164
554 42 23820
555 25164 42
556 27468 54261
557 26604 42
558 28812 42
559 27948 42
560 27372 42
561 25740 54261
562 42 27180
563 42 27372
564 30540 54261
565 42 24780
566 42 27660
567 42 28044
568 42 28428
569 31596 54261
570 59850 26412
571 59850 28236
572 59850 28140
573 59850 28332
574 59850 27756
575 59850 29292
576 59850 29196
577 59850 26988
578 59850 29004
579 32748 42
580 59850 26796
581 59850 26508
582 32076 42
583 36972 42
584 28428 42
585 29292 42
586 33900 42
587 28908 42
588 59850 26124
589 32556 42
590 42 26124
591 37068 42
592 38604 42
593 38028 42
594 59850 22476
595 59850 23148
596 59850 23724
597 33708 42
598 59850 24876
599 42 22668
600 42 22764
601 42 27756
602 42 27852
603 42 28236
604 19116 54261
605 16908 54261
606 26124 54261
607 17004 54261
608 24972 54261
609 25260 54261
610 26508 54261
611 25932 54261
612 33420 54261
613 30636 54261
614 29580 54261
615 26796 54261
616 26028 54261
617 29484 54261
618 25836 54261
619 26412 54261
620 29100 54261
621 26892 54261
622 28332 54261
623 26988 54261
624 29004 54261
625 27180 54261
626 27276 54261
627 29292 54261
628 28140 54261
629 25644 54261
630 38220 54261
631 39756 54261
632 39564 54261
633 39180 54261
634 34860 54261
635 33708 54261
636 33516 54261
637 34764 54261
638 35436 54261
639 37452 54261
640 31692 54261
641 59850 30252
642 59850 30156
643 33612 54261
644 33228 54261
645 32556 54261
646 33036 54261
647 31404 54261
648 32940 54261
649 28620 54261
650 30348 54261
651 27564 54261
652 27660 54261
653 28044 54261
654 29388 54261
655 29868 54261
656 59850 29772
657 59850 28620
658 34476 54261
659 32268 54261
660 59850 29100
661 32460 54261
662 28716 54261
663 59850 28044
664 32844 42
665 25644 42
666 27180 42
667 25740 42
668 31308 42
669 34284 42
670 32172 42
671 30156 42
672 30444 42
673 42 26316
674 30348 42
675 32268 42
676 29484 42
677 31788 42
678 33996 42
679 31692 42
680 30540 42
681 32460 42
682 43308 42
683 59850 20940
684 29964 42
685 59850 20364
686 59850 21036
687 59850 22572
688 36012 42
689 35628 42
690 59850 24300
691 59850 26700
692 59850 26892
693 59850 24684
694 59850 28908
695 42 25548
696 42 30060
697 59850 30636
698 59850 29868
699 59850 29388
700 59850 28812
701 59850 28428
702 59850 27468
703 59850 29676
704 59850 28524
705 59850 30060
706 59850 27084
707 42 30540
708 59850 27276
709 59850 26316
710 31596 42
711 37164 42
712 32364 42
713 33516 42
714 36300 42
715 30924 42
716 33228 42
717 32940 42
718 42 22092
719 59850 21900
720 59850 21612
721 42732 42
722 40236 42
723 36780 42
724 59850 20652
725 59850 21804
726 59850 23436
727 16524 42
728 22380 42
729 42 25836
730 42 25068
731 42 28140
732 42 27276
733 17580 54261
734 42 24876
735 16236 54261
736 42 26508
737 42 28908
738 42 28620
739 42 31884
740 42 30444
741 59850 32268
742 29676 54261
743 27084 54261
744 28236 54261
745 29196 54261
746 42 33900
747 26604 54261
748 33324 54261
749 34572 54261
750 32844 54261
751 17388 54261
752 32748 54261
753 29964 54261
754 30156 54261
755 32076 54261
756 31308 54261
757 15564 54261
758 42636 54261
759 41292 54261
760 41388 54261
761 41964 54261
762 43212 54261
763 35628 54261
764 35532 54261
765 35340 54261
766 36780 54261
767 37164 54261
768 42 32268
769 38124 54261
770 27372 54261
771 33132 54261
772 32652 54261
773 32364 54261
774 34956 54261
775 33804 54261
776 35820 54261
777 30828 54261
778 30060 54261
779 16140 54261
780 30252 54261
781 31788 54261
782 32172 54261
783 31884 54261
784 59850 27948
785 59850 27852
786 59850 28716
787 59850 29964
788 59850 30444
789 59850 27180
790 42 29292
791 59850 26604
792 59850 27564
793 29196 42
794 29772 42
795 18444 42
796 26988 42
797 30252 42
798 34188 42
799 31404 42
800 33036 42
801 42 28812
802 33420 42
803 31980 42
804 31884 42
805 34092 42
806 33612 42
807 33804 42
808 32652 42
809 33132 42
810 37932 42
811 47244 42
812 22284 42
813 46476 42
814 59850 20748
815 59850 21708
816 59850 22188
817 35820 42
818 59850 23244
819 59850 27660
820 59850 26220
821 59850 27372
822 59850 29484
823 42 26604
