0 135596 133933
1 226970 133576
2 131356 54807
3 105545 68600
4 275426 103288
5 122597 68600
6 208942 126284
7 52029 83504
8 117348 46200
9 204345 39900
10 270660 166764
11 195082 42000
12 128345 61600
13 136562 67200
14 122394 47472
15 130697 180929
16 169907 49700
17 367464 106925
18 189176 59733
19 72805 86240
20 107017 64400
21 277241 88511
22 117284 61400
23 113647 172000
24 106685 100940
25 100092 60200
26 123147 103000
27 242630 54600
28 273916 170893
29 221480 100284
30 167667 168323
31 124121 17288
32 133875 44000
33 178932 46200
34 264108 139490
35 180167 42000
36 203630 70060
37 232560 70840
38 218527 86200
39 163162 59500
40 269277 67900
41 239381 69160
42 165459 160328
43 152434 25228
44 129485 21000
45 269372 60200
46 298050 180075
47 253502 61755
48 148896 54288
49 254932 69300
50 324566 163849
51 236597 75133
52 209807 35000
53 216774 56000
54 122787 39900
55 147012 40600
56 48450 41683
57 128677 44800
58 204088 169192
59 151905 42000
60 127490 162633
61 186946 70000
62 193040 37240
63 278730 73640
64 129432 52111
65 140932 50400
66 113845 168700
67 178220 32200
68 172178 36120
69 152760 4200
70 199927 28700
71 220729 184333
72 161923 152472
73 192242 19880
74 174014 186760
75 53470 52297
76 202033 20066
77 202302 14700
78 81901 201733
79 213702 23800
80 195847 29400
81 210757 17500
82 138995 58644
83 147297 56000
84 104832 54600
85 127656 55300
86 150812 51800
87 89950 88863
88 182906 185826
89 206502 99000
90 241648 144433
91 212895 139300
92 173256 99188
93 159323 178054
94 207622 58800
95 283020 80094
96 187561 86800
97 154633 193588
98 225414 141900
99 203680 133000
100 157816 75288
101 149519 209377
102 304178 176647
103 183635 58100
104 274692 188300
105 199578 85729
106 201922 140700
107 204911 95800
108 306870 63147
109 172004 71000
110 173802 55300
111 228443 59266
112 226812 56000
113 206478 59436
114 193208 93800
115 212268 60480
116 229351 51488
117 197209 101577
118 201637 50866
119 185319 4709
120 174786 37600
121 189667 17500
122 143880 138566
123 50763 119541
124 68411 52714
125 227410 167868
126 308775 77494
127 396124 66210
128 285279 79100
129 378424 32045
130 374004 90688
131 248438 163000
132 292628 84212
133 275223 24563
134 283195 75600
135 366354 98890
136 289560 68600
137 333830 46900
138 351044 85400
139 289496 163800
140 304570 52733
141 354321 27987
142 339371 64866
143 333228 20066
144 307817 42000
145 258620 164536
146 302554 103800
147 292704 39200
148 336756 23240
149 321543 53666
150 357136 49000
151 292790 23191
152 328890 53666
153 329141 243782
154 268919 143690
155 278606 196304
156 317181 225750
157 395534 97453
158 285609 124285
159 285380 217000
160 317265 240647
161 265407 31318
162 274550 209300
163 381653 146540
164 257660 190100
165 105205 198200
166 260965 220500
167 308393 124250
168 301986 140840
169 74788 211400
170 324076 221666
171 304285 238466
172 385428 154600
173 305330 215133
174 317082 206000
175 383094 149000
176 96393 204866
177 307895 235900
178 78422 211750
179 283940 193630
180 292790 113400
181 294626 220266
182 357722 237066
183 359408 151900
184 321765 222600
185 331875 205400
186 219057 126045
187 358065 197711
188 394330 137062
189 316033 207666
190 380805 205541
191 308125 161000
192 232275 196000
193 339815 158666
194 221445 197400
195 251696 103994
196 362330 60600
197 311866 211400
198 246683 238466
199 371853 213004
200 347170 158000
201 164920 128200
202 242756 239400
203 404758 67666
204 81541 164266
205 353834 202200
206 240441 113490
207 248583 242200
208 385347 216600
209 328700 65800
210 370310 159165
211 264796 237533
212 342342 201880
213 338428 63560
214 80677 131262
215 137655 242200
216 74395 126466
217 150210 175000
218 117150 233251
219 166851 152600
220 203060 220632
221 48038 136761
222 206514 214536
223 131347 156800
224 130399 239192
225 180035 220733
226 148714 148034
227 80125 144200
228 160347 195253
229 189936 237533
230 173603 220920
231 171981 220733
232 132018 231933
233 195265 221800
234 133000 158550
235 185250 235900
236 187086 231000
237 192741 143800
238 254945 87945
239 258495 85400
240 267330 78400
241 115076 72333
242 246176 75133
243 125151 98753
244 288040 67106
245 150416 66733
246 248504 187600
247 277685 193200
248 226500 191357
249 237120 219100
250 363225 171682
251 385735 92560
252 312550 199266
253 333070 240333
254 328003 243133
255 267203 81666
256 242940 87690
257 245670 80500
258 145920 121800
259 285316 98466
260 288559 134811
261 289876 92866
262 249928 104835
263 280630 97533
264 268216 91933
265 133665 188300
266 57399 167114
267 137401 179433
268 132525 174300
269 126413 166600
270 169796 202066
271 69298 156441
272 159663 201133
273 119754 186600
274 306185 130900
275 288230 64400
276 303050 61133
277 385068 76697
278 329314 70576
279 326718 60200
280 327116 80733
281 328225 82600
282 334984 83676
283 225222 220159
284 247665 221200
285 205390 223300
286 225276 240333
287 219450 240333
288 237547 204400
289 232116 77933
290 231765 84127
291 232085 81900
292 144115 121100
293 255043 72333
294 253903 55533
295 263910 56466
296 271066 54081
297 248330 60200
298 261756 63933
299 60585 201236
300 161189 183909
301 201400 215600
302 234935 169400
303 145983 200200
304 165110 204866
305 122550 203000
306 283765 155400
307 295576 138600
308 329048 131600
309 330536 150733
310 328510 77000
311 304823 160066
312 257165 223300
313 275943 240333
314 286836 238466
315 285760 202066
316 283036 240333
317 229615 166600
318 198930 127400
319 233636 105933
320 239590 87266
321 254536 87266
322 199880 122920
323 195130 117800
324 168245 172200
325 201210 147700
326 194876 235666
327 212990 235666
328 169333 161215
329 196853 197800
330 196222 6300
331 202487 10111
332 308750 102200
333 122170 107800
334 108300 112000
335 335160 50400
336 122550 170800
337 204820 246400
338 222490 243600
339 187150 239400
340 216030 119000
341 281010 264600
342 256310 256200
343 186960 257600
344 279870 99400
345 320150 102200
346 331170 147000
347 113240 165200
348 206854 76367
349 202350 4200
350 7030 158200
351 304950 267400
352 337250 12600
353 310270 217000
354 313310 4200
355 312930 9800
356 296210 9800
357 287090 9800
358 326610 7000
359 323570 12600
360 341810 4200
361 6270 172200
362 320150 4200
363 309510 7000
364 283670 4200
365 229330 12600
366 272270 7000
367 149530 68600
368 298110 4200
369 304570 4200
370 303810 9800
371 285950 7000
372 124070 256200
373 292410 7000
374 325470 9800
375 299250 12600
376 341810 85400
377 330410 12600
378 338770 7000
379 318630 7000
380 334590 4200
381 127870 259000
382 169290 267400
383 114950 267400
384 119510 253400
385 11590 149800
386 32870 147000
387 6270 169400
388 121410 267400
389 7410 141400
390 12350 144200
391 121410 259000
392 130910 256200
393 5890 135800
394 195130 264600
395 205770 267400
396 192090 259000
397 198930 259000
398 192850 267400
399 179930 267400
400 22990 144200
401 182970 259000
402 188290 245000
403 234650 267400
404 223630 4200
405 224770 264600
406 247950 7000
407 271510 4200
408 261630 7000
409 252130 9800
410 245670 4200
411 6650 163800
412 235790 12600
413 223630 9800
414 39710 147000
415 255170 7000
416 272650 9800
417 262770 12600
418 255930 12600
419 245670 9800
420 224770 7000
421 232750 4200
422 5890 147000
423 18810 147000
424 238830 9800
425 265050 9800
426 265050 4200
427 241490 7000
428 258590 4200
429 233890 264600
430 293930 217000
431 220970 267400
432 319010 214200
433 6270 161000
434 262390 261800
435 290890 211400
436 266570 264600
437 271510 267400
438 289370 208600
439 238450 261800
440 252130 267400
441 268850 261800
442 298870 211400
443 295830 208600
444 136990 119000
445 282910 208600
446 245670 267400
447 7410 155400
448 132430 267400
449 12350 147000
450 8930 177800
451 188670 264600
452 199310 267400
453 176890 264600
454 213750 267400
455 150670 267400
456 287470 54600
457 277970 267400
458 240350 264600
459 302670 99400
460 314830 57400
461 317490 51800
462 310650 54600
463 304190 57400
464 282910 211400
465 305710 264600
466 6650 166600
467 259350 264600
468 328130 4200
469 329270 267400
470 341810 267400
471 322810 267400
472 316350 267400
473 258590 9800
474 296590 264600
475 300390 7000
476 323950 217000
477 7030 152600
478 164830 140
479 90910 140
480 284670 140
481 261150 140
482 240990 140
483 172670 140
484 102110 140
485 115550 140
486 186110 140
487 117790 140
488 152510 140
489 189470 140
490 195070 140
491 192830 140
492 214110 140
493 211870 140
494 126750 140
495 97630 140
496 98750 140
497 99870 140
498 171550 140
499 128990 140
500 100990 140
501 104350 140
502 200670 140
503 196190 140
504 197310 140
505 181630 140
506 182750 140
507 173790 140
508 209630 140
509 212990 140
510 94270 140
511 153630 140
512 103230 140
513 105470 140
514 113310 140
515 114430 140
516 96510 140
517 116670 140
518 118910 140
519 130110 140
520 120030 140
521 108830 140
522 107710 140
523 169310 140
524 163710 140
525 148030 140
526 92030 140
527 193950 140
528 160350 140
529 187230 140
530 210750 140
531 215230 140
532 207390 140
533 156990 140
534 202910 140
535 158110 140
536 236510 140
537 283550 140
538 237630 140
539 224190 140
540 109950 140
541 136830 140
542 134590 140
543 180510 140
544 137950 140
545 149150 140
546 179390 140
547 199550 140
548 208510 140
549 188350 140
550 131230 140
551 123390 140
552 161470 140
553 93150 140
554 95390 140
555 174910 140
556 143550 140
557 145790 140
558 140 126700
559 198430 140
560 140 132300
561 184990 140
562 125630 140
563 140 135660
564 177150 140
565 223070 140
566 217470 140
567 221950 140
568 165950 140
569 218590 140
570 159230 140
571 206270 140
572 230910 140
573 112190 140
574 227550 140
575 220830 140
576 135710 140
577 141310 140
578 191710 140
579 140190 140
580 146910 140
581 183870 140
582 190590 140
583 204030 140
584 121150 140
585 201790 140
586 144670 140
587 140 131180
588 139070 140
589 142430 140
590 176030 140
591 154750 140
592 150270 140
593 140 137900
594 205150 140
595 127870 140
596 140 133420
597 178270 140
598 140 139020
599 170430 140
600 225310 140
601 219710 140
602 232030 140
603 168190 140
604 216350 140
605 162590 140
606 132350 140
607 140 142380
608 167070 140
609 140 168140
610 313790 272430
611 338430 140
612 301470 272430
613 324990 140
614 302590 272430
615 309310 272430
616 293630 140
617 327230 272430
618 323870 272430
619 328350 140
620 300350 272430
621 322750 272430
622 307070 140
623 257790 140
624 124510 140
625 282430 140
626 122270 140
627 246590 140
628 281310 140
629 111070 140
630 151390 140
631 106590 140
632 273470 140
633 335070 140
634 290270 140
635 336190 140
636 331710 140
637 339550 140
638 304830 140
639 323870 140
640 137950 272430
641 139070 272430
642 169310 272430
643 120030 272430
644 140 154700
645 143550 272430
646 140 150220
647 125630 272430
648 140 155820
649 136830 272430
650 146910 272430
651 171550 272430
652 170430 272430
653 207390 272430
654 230910 272430
655 215230 272430
656 232030 272430
657 209630 272430
658 201790 272430
659 140 147980
660 205150 272430
661 214110 272430
662 238750 272430
663 291390 140
664 140 134540
665 298110 140
666 286910 140
667 279070 140
668 239870 140
669 242110 140
670 140 140140
671 234270 140
672 229790 140
673 140 127820
674 247710 140
675 270110 140
676 255550 140
677 252190 140
678 256670 140
679 244350 140
680 272350 140
681 140 141260
682 140 128940
683 277950 140
684 280190 140
685 271230 140
686 300350 140
687 292510 140
688 226430 272430
689 294750 272430
690 220830 272430
691 304830 272430
692 212990 272430
693 275710 272430
694 245470 272430
695 235390 272430
696 243230 272430
697 277950 272430
698 255550 272430
699 260030 272430
700 253310 272430
701 271230 272430
702 282430 272430
703 191710 272430
704 276830 272430
705 270110 272430
706 252190 272430
707 180510 272430
708 206270 272430
709 190590 272430
710 189470 272430
711 196190 272430
712 225310 272430
713 218590 272430
714 211870 272430
715 281310 272430
716 276830 140
717 261150 272430
718 337310 140
719 317150 140
720 310430 272430
721 328350 272430
722 333950 272430
723 280190 272430
724 303710 272430
725 216350 272430
726 266750 272430
727 332830 272430
728 331710 272430
729 337310 272430
730 336190 272430
731 312670 272430
732 292510 272430
733 330590 272430
734 296990 272430
735 329470 272430
736 140 161420
737 140 156940
738 308190 272430
739 340670 140
740 316030 272430
741 318270 140
742 313790 140
743 299230 140
744 289150 140
745 330590 140
746 326110 140
747 345150 140
748 140 163660
749 322750 140
750 312670 140
751 285790 140
752 233150 140
753 268990 140
754 155870 140
755 296990 140
756 308190 140
757 305950 140
758 288030 140
759 118910 272430
760 294750 140
761 329470 140
762 302590 140
763 451480 118860
764 333950 140
765 342910 140
766 319390 140
767 341790 140
768 130110 272430
769 172670 272430
770 113310 272430
771 122270 272430
772 140 162540
773 140 145740
774 140 167020
775 123390 272430
776 140 136780
777 140 143500
778 124510 272430
779 135710 272430
780 140 130060
781 199550 272430
782 221950 272430
783 208510 272430
784 204030 272430
785 198430 272430
786 187230 272430
787 140 144620
788 197310 272430
789 210750 272430
790 242110 272430
791 253310 140
792 227550 272430
793 251070 140
794 274590 140
795 264510 140
796 254430 140
797 248830 140
798 140 165900
799 238750 140
800 228670 140
801 140 153580
802 258910 140
803 275710 140
804 265630 140
805 263390 140
806 249950 140
807 226430 140
808 235390 140
809 140 146860
810 140 164780
811 243230 140
812 267870 140
813 266750 140
814 245470 140
815 262270 140
816 237630 272430
817 298110 272430
818 224190 272430
819 324990 272430
820 140 160300
821 264510 272430
822 293630 272430
823 268990 272430
824 273470 272430
825 290270 272430
826 239870 272430
827 254430 272430
828 272350 272430
829 307070 272430
830 295870 272430
831 133470 140
832 291390 272430
833 240990 272430
834 140 152460
835 131230 272430
836 140 149100
837 140 159180
838 188350 272430
839 202910 272430
840 178270 272430
841 217470 272430
842 132350 272430
843 295870 140
844 279070 272430
845 246590 272430
846 327230 140
847 321630 140
848 320510 140
849 314910 140
850 316030 140
851 305950 272430
852 311550 272430
853 140 158060
854 262270 272430
855 332830 140
856 338430 272430
857 348510 272430
858 339550 272430
859 321630 272430
860 260030 140
861 299230 272430
862 303710 140
863 326110 272430
864 140 151340
