0 32796 13365
1 15798 37192
2 27730 17321
3 23940 21413
4 37656 26191
5 34131 15585
6 28968 23737
7 41692 31122
8 9539 12986
9 21101 30726
10 10895 30499
11 43665 15000
12 50229 17839
13 42597 37125
14 30969 2295
15 37269 15120
16 42934 29722
17 40455 37083
18 25466 23316
19 9962 27367
20 15980 19617
21 41505 34567
22 26602 23067
23 39241 16959
24 64643 15432
25 42904 36585
26 26859 22432
27 39780 13905
28 34572 27286
29 22829 26295
30 49729 33376
31 50077 36585
32 9625 46224
33 48297 31419
34 53422 33510
35 32671 46292
36 50514 34992
37 53122 38458
38 29513 49067
39 29025 38475
40 34446 47156
41 18653 34290
42 53742 31738
43 20212 32838
44 56312 37296
45 38259 37041
46 14067 30353
47 13446 48229
48 9957 31264
49 14636 45655
50 32953 50220
51 31773 42066
52 13480 20999
53 35100 38475
54 40866 43335
55 46205 32621
56 46041 44965
57 32744 44569
58 39043 22540
59 48494 35132
60 37281 32984
61 29389 24313
62 47688 36975
63 29133 20115
64 57556 29896
65 40034 44091
66 31842 22556
67 19882 20486
68 11600 12664
69 40505 16900
70 46129 14760
71 23080 10620
72 35255 37353
73 9952 28830
74 38883 17085
75 29451 34355
76 21890 16360
77 49982 15802
78 20192 15486
79 35123 23949
80 35395 15990
81 33180 13207
82 32604 36752
83 35844 13365
84 22644 15135
85 37247 45886
86 39768 17926
87 54231 15477
88 34126 23190
89 40005 39578
90 49601 31622
91 34993 27192
92 42288 31734
93 34317 15525
94 42237 38165
95 13947 16180
96 50493 17897
97 51091 27658
98 49972 20176
99 53153 9873
100 18373 38407
101 51486 22710
102 65920 16772
103 14631 38805
104 48485 27930
105 47903 26706
106 46948 28118
107 48249 12339
108 54642 9860
109 56693 11732
110 20544 39735
111 41272 36373
112 48114 8741
113 53489 7492
114 55216 27103
115 63758 30953
116 49986 26477
117 58193 26871
118 41857 23906
119 54169 20344
120 62030 23178
121 68788 35505
122 45727 26001
123 53748 24975
124 59284 22197
125 41044 18922
126 62664 38055
127 58032 19425
128 52218 28372
129 63663 26121
130 67566 34111
131 39257 43032
132 59851 44488
133 37498 42432
134 41460 44770
135 58478 50622
136 37402 42052
137 24349 44560
138 57108 41599
139 21417 33918
140 36927 41393
141 27578 44656
142 26363 44646
143 35044 44077
144 39869 46323
145 26361 46363
146 55279 43605
147 62766 44655
148 24759 19789
149 25721 8803
150 30807 30138
151 35737 7720
152 24687 51840
153 23836 24699
154 21368 49082
155 24637 27675
156 26340 16635
157 23587 20580
158 28487 12530
159 24005 13176
160 28666 21475
161 18222 11655
162 30042 17145
163 28728 11008
164 30930 27157
165 28356 55815
166 39901 7741
167 45837 14265
168 39888 10125
169 43932 8355
170 56052 26247
171 64376 13253
172 61461 13438
173 49479 37200
174 43485 35235
175 50525 34155
176 50583 38824
177 48505 39150
178 23771 31280
179 23533 22880
180 25747 34206
181 26417 31518
182 26284 31387
183 57131 50177
184 47873 44269
185 46883 39927
186 54729 48405
187 55991 52008
188 44874 27887
189 45294 27739
190 35576 32207
191 45185 55369
192 50674 53055
193 47100 56461
194 49302 52245
195 49161 53433
196 45545 52090
197 31171 22308
198 66344 34583
199 48042 35392
200 68346 34275
201 62614 42519
202 57964 42688
203 27713 54468
204 35521 45459
205 27680 54459
206 20356 29040
207 13536 37805
208 17231 39595
209 22869 35595
210 36506 53523
211 3442 21330
212 38407 56700
213 3037 27675
214 47533 51840
215 46507 51840
216 45751 53595
217 46885 44820
218 74128 41175
219 74074 33885
220 51934 60345
221 47695 55080
222 48613 60210
223 47992 55080
224 3496 23355
225 47479 54405
226 48478 48060
227 45697 2295
228 44995 3510
229 43483 2565
230 44671 2430
231 46777 3645
232 46102 3240
233 44860 2970
234 45859 2700
235 4927 25785
236 50395 2430
237 51637 2700
238 51178 2430
239 55930 3645
240 47236 2430
241 47020 2970
242 47182 4320
243 47803 2565
244 4036 18765
245 3334 18495
246 5737 24975
247 3064 25785
248 2767 25110
249 26392 2970
250 3820 26055
251 32062 3510
252 4495 39015
253 27310 2430
254 27526 5670
255 28336 5130
256 4306 24705
257 30442 3780
258 28849 5940
259 27526 4455
260 32062 3915
261 35410 2835
262 34087 3645
263 2956 28485
264 31981 2565
265 32899 3105
266 38515 60075
267 35410 58590
268 34330 60075
269 37435 57375
270 37111 56565
271 38542 59265
272 37894 57510
273 36895 58320
274 28120 59130
275 45697 55215
276 46507 53055
277 43591 60345
278 36355 54810
279 45049 55485
280 44617 55215
281 45994 54270
282 42376 54135
283 41971 42120
284 32899 59130
285 4792 38205
286 35329 58320
287 34060 58995
288 41917 50760
289 41512 40365
290 40702 60210
291 41107 51435
292 41593 59805
293 39379 58455
294 36814 60345
295 35734 59265
296 3442 38745
297 35059 59535
298 36220 58995
299 37057 55755
300 37003 58050
301 74560 36585
302 74290 32805
303 73237 38205
304 74371 35775
305 74398 37935
306 73750 35235
307 3550 42795
308 73804 37125
309 74479 37395
310 36517 2835
311 40162 2430
312 3145 22680
313 37408 2565
314 43969 2565
315 46291 54945
316 42916 2835
317 47587 3240
318 2956 36450
319 53824 4455
320 52663 3645
321 54472 3105
322 53041 2970
323 52420 3105
324 52852 4050
325 73264 27405
326 67054 26190
327 72967 24840
328 74236 25515
329 26581 4590
330 73129 26325
331 73804 29295
332 73858 30645
333 73156 30105
334 74668 30375
335 74587 31995
336 48262 52515
337 74209 36045
338 47398 52785
339 48559 52920
340 43926 15908
341 45463 31005
342 46840 6840
343 44397 6465
344 30021 18360
345 33475 43158
346 42465 47837
347 38248 39912
348 45074 42673
349 52033 36000
350 47028 10093
351 59508 28667
352 39276 62524
353 42 39756
354 44076 62524
355 43500 62524
356 42636 62524
357 41964 62524
358 37932 62524
359 42 32940
360 33036 62524
361 39372 62524
362 42060 62524
363 42156 62524
364 42 34764
365 39852 62524
366 42540 62524
367 37740 42
368 39276 42
369 38508 42
370 41676 42
371 42924 42
372 41772 42
373 41868 42
374 42636 42
375 42 31692
376 39660 42
377 37452 42
378 38316 42
379 37356 42
380 38220 42
381 36684 42
382 38892 42
383 37932 42
384 42 30732
385 42 27468
386 42 28044
387 42 27948
388 42 27660
389 30924 42
390 42 25068
391 42 24972
392 42 39660
393 42 26988
394 42 26220
395 42 26508
396 42 26796
397 33516 42
398 28236 42
399 27372 42
400 42 29676
401 42 30828
402 42 31404
403 42 38412
404 42 30924
405 42 29292
406 36204 62524
407 34188 62524
408 32076 62524
409 38508 62524
410 34860 62524
411 36876 62524
412 36012 62524
413 34956 62524
414 42 37164
415 36780 62524
416 35148 62524
417 37548 62524
418 42 33132
419 39084 62524
420 38604 62524
421 77166 30156
422 77166 29868
423 38796 42
424 39468 42
425 42 36204
426 38412 42
427 39948 42
428 39852 42
429 39372 42
430 38604 42
431 39180 42
432 39564 42
433 37164 42
434 35340 42
435 34092 42
436 42 36108
437 42 32364
438 42 31596
439 42 31308
440 42 32460
441 42 32844
442 34284 62524
443 29964 62524
444 40236 62524
445 44268 62524
446 44172 62524
447 42 36684
448 42732 62524
449 40812 62524
450 35724 62524
451 34572 62524
452 42 33420
453 42 31980
454 41196 62524
455 40908 62524
456 77166 29100
457 77166 30348
458 42 34668
459 38028 42
460 40140 42
461 37644 42
462 42156 42
463 42732 42
464 40812 42
465 41964 42
466 43308 42
467 38124 42
468 37260 42
469 33612 62524
470 34572 42
471 35628 42
472 36876 42
473 35532 42
474 37548 42
475 42 32076
476 38892 62524
477 35340 62524
478 33228 62524
479 38796 62524
480 42 32268
481 42 38028
482 36684 62524
483 36588 42
484 77166 29292
485 46860 62524
486 43020 62524
487 44940 62524
488 47820 62524
489 49356 62524
490 49164 62524
491 48108 62524
492 77166 31596
493 45324 62524
494 39756 42
495 43596 62524
496 43692 62524
497 43116 42
498 41484 42
499 41580 42
500 41292 42
501 43788 42
502 43884 42
503 43020 42
504 43980 42
505 34956 42
506 51660 42
507 51852 42
508 49548 42
509 47628 42
510 47724 42
511 46476 42
512 46284 42
513 45132 42
514 26028 42
515 23820 42
516 31884 42
517 29964 42
518 42 27564
519 42 28236
520 42 38220
521 28908 62524
522 25548 62524
523 42 27372
524 42 28140
525 30444 42
526 29580 42
527 32268 42
528 31308 42
529 29868 42
530 32748 42
531 29772 42
532 32844 42
533 31884 62524
534 30156 42
535 32556 42
536 33324 62524
537 32844 62524
538 31980 62524
539 33420 62524
540 35052 62524
541 35244 62524
542 34764 62524
543 34380 62524
544 33132 42
545 43404 62524
546 44364 62524
547 44460 62524
548 40428 62524
549 43884 62524
550 41292 62524
551 42828 62524
552 40716 62524
553 42924 62524
554 43788 62524
555 33996 42
556 40620 42
557 42828 42
558 77166 30924
559 40332 62524
560 39468 62524
561 39660 62524
562 35820 62524
563 39180 62524
564 33996 62524
565 33708 62524
566 33516 62524
567 33804 62524
568 33900 62524
569 40044 62524
570 38220 62524
571 77166 37164
572 77166 34284
573 77166 40140
574 77166 32940
575 77166 35052
576 77166 35148
577 34668 62524
578 77166 34380
579 77166 30444
580 29004 42
581 30540 42
582 28812 42
583 50796 42
584 51180 42
585 77166 29580
586 44652 42
587 45804 42
588 33324 42
589 45420 42
590 48492 42
591 47916 42
592 49356 42
593 45900 42
594 46092 42
595 77166 28140
596 77166 26604
597 77166 26700
598 77166 27372
599 43692 42
600 77166 28812
601 77166 28332
602 77166 31212
603 77166 31308
604 77166 31116
605 77166 32172
606 77166 33420
607 77166 32844
608 77166 33324
609 45708 62524
610 33228 42
611 42 29004
612 47628 62524
613 45900 62524
614 45996 62524
615 47052 62524
616 77166 36684
617 77166 33516
618 52620 62524
619 47916 62524
620 46956 62524
621 47724 62524
622 42 22956
623 44844 62524
624 43980 62524
625 44940 42
626 45228 42
627 43596 42
628 44748 42
629 46188 42
630 45996 42
631 45036 42
632 45708 42
633 42 28620
634 51276 42
635 51756 42
636 51564 42
637 57324 42
638 47436 42
639 47052 42
640 47244 42
641 46380 42
642 42 17868
643 42 17964
644 42 25452
645 42 26124
646 42 26316
647 26700 42
648 42 26412
649 32460 42
650 42 38892
651 26796 42
652 27660 42
653 28620 42
654 42 26892
655 34188 42
656 29292 42
657 27948 42
658 32652 42
659 36108 42
660 34860 42
661 42 28716
662 33036 42
663 33708 42
664 38700 62524
665 35916 62524
666 34092 62524
667 37836 62524
668 37356 62524
669 38988 62524
670 38028 62524
671 37260 62524
672 28428 62524
673 46092 62524
674 47148 62524
675 44556 62524
676 36588 62524
677 45516 62524
678 45036 62524
679 45804 62524
680 42444 62524
681 43116 62524
682 33132 62524
683 42 38316
684 35628 62524
685 34476 62524
686 42348 62524
687 41676 62524
688 41004 62524
689 41484 62524
690 42252 62524
691 43308 62524
692 37164 62524
693 36108 62524
694 42 38124
695 37740 62524
696 37644 62524
697 39756 62524
698 39564 62524
699 77166 36204
700 77166 33036
701 77166 38316
702 77166 35628
703 77166 37836
704 77166 35340
705 42 37644
706 77166 37068
707 77166 36300
708 35916 42
709 34668 42
710 42 18636
711 36204 42
712 43404 42
713 43212 62524
714 42252 42
715 47340 42
716 42 35916
717 54060 42
718 53004 42
719 55020 42
720 53292 42
721 52716 42
722 52812 42
723 77166 27276
724 77166 24684
725 77166 24780
726 77166 25932
727 22764 42
728 77166 29196
729 77166 30060
730 77166 31404
731 77166 31788
732 77166 30732
733 77166 32268
734 48588 62524
735 77166 35916
736 47340 62524
737 48780 62524
738 42 20652
