0 206403 239400
1 262881 235623
2 147066 127350
3 202654 210280
4 366538 210000
5 216125 217000
6 45040 165794
7 155083 134400
8 262770 185325
9 307800 242881
10 246496 200340
11 179729 254022
12 180785 209300
13 227677 182913
14 140070 108800
15 151915 267088
16 272111 184333
17 207955 116800
18 60953 177702
19 129316 135529
20 206264 100520
21 349113 163625
22 225074 99960
23 155158 261625
24 244625 190225
25 178335 228300
26 166706 222040
27 307182 256760
28 212303 216222
29 196611 261369
30 108329 97893
31 161652 128520
32 319651 243600
33 154383 204527
34 152380 208040
35 165553 210350
36 303014 176348
37 200687 136500
38 188978 131250
39 141171 94705
40 151335 58800
41 308512 156800
42 326835 257950
43 199845 127654
44 168445 187755
45 212420 236250
46 371645 234594
47 192406 227500
48 262200 210381
49 184062 200666
50 180343 92826
51 167421 52631
52 203062 81900
53 199476 93800
54 262580 179836
55 205894 222492
56 292230 116494
57 189420 82320
58 130884 264040
59 289265 100660
60 312039 265766
61 213370 84840
62 184300 7000
63 318440 136536
64 292179 279600
65 245439 84600
66 230254 270200
67 167435 66658
68 251892 92400
69 245480 93053
70 222901 88900
71 223487 81900
72 180852 118200
73 184062 100100
74 184395 136888
75 173517 100800
76 278841 176976
77 211775 254100
78 204744 266840
79 126400 150137
80 287688 170940
81 215051 289660
82 310088 279573
83 232623 278911
84 150449 223160
85 227810 285512
86 250125 220266
87 139861 210311
88 229340 290266
89 335220 260326
90 302546 282940
91 151972 251933
92 264200 293688
93 147336 158858
94 316181 155088
95 154571 254893
96 319501 295564
97 232112 301400
98 212454 301254
99 228035 206675
100 149223 167353
101 168758 244160
102 176615 289800
103 222761 230400
104 166176 161215
105 195773 131492
106 197439 175215
107 211898 174072
108 94067 208509
109 429157 180988
110 358578 101800
111 396146 142920
112 307957 167400
113 283299 242366
114 289655 162400
115 293522 172666
116 296685 158200
117 368726 138911
118 319560 145455
119 405308 164920
120 290526 235529
121 347655 162647
122 347157 131800
123 324785 158126
124 304302 71603
125 325343 137666
126 350803 143266
127 340036 135800
128 296172 128240
129 315444 269458
130 453390 183770
131 254531 125221
132 409469 323919
133 282963 63209
134 337250 252280
135 315400 248033
136 312265 228200
137 264860 131188
138 308674 130760
139 102931 303596
140 425963 318164
141 354783 211946
142 404890 311733
143 287470 311577
144 346085 226400
145 127806 301466
146 279327 140600
147 394847 290600
148 133872 238381
149 229773 222833
150 274740 227123
151 356250 199046
152 418820 277754
153 270465 275800
154 251655 279300
155 83817 242054
156 340582 101769
157 408151 294000
158 425573 284433
159 404903 225603
160 341696 98466
161 345610 325266
162 272437 149470
163 361190 326200
164 104051 222349
165 166896 320226
166 204275 259280
167 198493 320907
168 209069 206818
169 228760 305200
170 180177 183120
171 268153 312511
172 203735 191121
173 180588 280466
174 257671 326200
175 186168 315933
176 264154 318600
177 282148 309890
178 265620 322466
179 186817 231000
180 273505 166600
181 275405 186200
182 274930 197400
183 168413 190866
184 320910 191100
185 318250 176400
186 313120 222040
187 413849 238702
188 447520 172128
189 356772 289800
190 353463 299133
191 267076 113400
192 257735 141400
193 217265 235200
194 297983 104066
195 284810 99400
196 280954 152105
197 288610 114333
198 66264 255455
199 170335 305200
200 191900 301000
201 201210 297500
202 204487 315000
203 145160 303400
204 327560 149800
205 294120 154000
206 332310 84466
207 338643 154466
208 302754 311935
209 274502 314300
210 308275 310100
211 292600 304500
212 341936 325266
213 315847 289141
214 227430 206733
215 257830 171640
216 210140 233100
217 271272 84000
218 236458 76688
219 255740 108500
220 168564 279109
221 91371 298211
222 194680 269690
223 256595 303800
224 257450 263900
225 179803 294466
226 147756 324333
227 305425 193200
228 291270 188066
229 342063 273933
230 326705 308000
231 316255 293300
232 341050 318733
233 349156 319666
234 354603 320600
235 254600 279300
236 226385 214900
237 235283 208600
238 243263 251533
239 262263 160066
240 264561 178200
241 247678 151800
242 154755 280000
243 236740 301700
244 272523 318733
245 262136 283266
246 252740 281200
247 126302 263200
248 132550 268136
249 294595 58800
250 164065 315000
251 346370 78400
252 315020 134400
253 140600 343000
254 250230 158200
255 359290 287000
256 349030 333200
257 330410 231000
258 136158 250600
259 128250 340200
260 192850 289800
261 347130 9800
262 409070 169400
263 288230 348600
264 325470 4200
265 295830 15400
266 285190 9800
267 291650 9800
268 345230 4200
269 298870 12600
270 227050 278600
271 311790 12600
272 281010 12600
273 303050 4200
274 284050 4200
275 279490 15400
276 269990 32200
277 305330 9800
278 319010 9800
279 299630 26600
280 287470 7000
281 176130 343000
282 319010 4200
283 308370 23800
284 293930 7000
285 310650 4200
286 340670 9800
287 325470 9800
288 346370 7000
289 331930 4200
290 207670 348600
291 232370 348600
292 195130 348600
293 176890 345800
294 152190 337400
295 146110 348600
296 115710 348600
297 144210 326200
298 143450 323400
299 129390 348600
300 111530 233800
301 121410 343000
302 136230 348600
303 215270 284200
304 238070 340200
305 372590 345800
306 232370 345800
307 225910 348600
308 214130 348600
309 220970 281400
310 238830 345800
311 207290 343000
312 264290 340200
313 267330 345800
314 238830 295400
315 255930 4200
316 268850 4200
317 272650 9800
318 245670 4200
319 236550 12600
320 182970 278600
321 252130 9800
322 229330 4200
323 225530 233800
324 255550 15400
325 271890 35000
326 279110 23800
327 267330 12600
328 259730 35000
329 226290 239400
330 235030 7000
331 205770 270200
332 220210 247800
333 225150 231000
334 277590 4200
335 273790 12600
336 269230 21000
337 262390 4200
338 255930 337400
339 375250 343000
340 244150 292600
341 369170 261800
342 246050 289800
343 384750 348600
344 392350 348600
345 386650 343000
346 383990 345800
347 334590 348600
348 294690 348600
349 286330 345800
350 306850 348600
351 347510 345800
352 355870 345800
353 154090 348600
354 341050 345800
355 325850 345800
356 204250 289800
357 268850 348600
358 227430 281400
359 170810 348600
360 259350 348600
361 262390 334600
362 252130 348600
363 238830 348600
364 324710 7000
365 311030 15400
366 292790 4200
367 334210 12600
368 456570 149800
369 363470 4200
370 355110 4200
371 451250 141400
372 341430 331800
373 378290 348600
374 127870 343000
375 312550 9800
376 436050 214200
377 372210 340200
378 365370 348600
379 447830 211400
380 349790 317800
381 316730 18200
382 281770 348600
383 273030 18200
384 343330 348600
385 186390 348600
386 107710 352790
387 140 123340
388 122270 140
389 156990 140
390 172670 352790
391 186110 352790
392 189470 140
393 199550 140
394 221950 352790
395 190590 140
396 215230 140
397 248830 140
398 193950 352790
399 247710 140
400 224190 140
401 228670 352790
402 124510 352790
403 117790 352790
404 196190 352790
405 204030 140
406 202910 140
407 184990 140
408 179390 140
409 181630 140
410 123390 352790
411 169310 352790
412 137950 352790
413 140190 352790
414 145790 352790
415 154750 352790
416 161470 352790
417 171550 352790
418 188350 140
419 180510 140
420 191710 140
421 172670 140
422 114430 140
423 113310 140
424 149150 352790
425 140 168140
426 140 124460
427 112190 140
428 104350 140
429 159230 352790
430 111070 140
431 109950 140
432 133470 140
433 118910 140
434 123390 140
435 159230 140
436 143550 140
437 116670 352790
438 151390 352790
439 173790 140
440 128990 352790
441 145790 140
442 140 177100
443 136830 140
444 131230 140
445 158110 140
446 174910 352790
447 176030 140
448 89790 140
449 164830 140
450 183870 352790
451 190590 352790
452 200670 140
453 211870 140
454 243230 140
455 242110 140
456 221950 140
457 209630 352790
458 201790 352790
459 140 125580
460 192830 352790
461 217470 352790
462 217470 140
463 192830 140
464 183870 140
465 174910 140
466 155870 352790
467 111070 352790
468 142430 352790
469 136830 352790
470 150270 140
471 139070 352790
472 144670 352790
473 158110 352790
474 165950 352790
475 127870 352790
476 148030 140
477 128990 140
478 126750 140
479 127870 140
480 165950 140
481 162590 352790
482 164830 352790
483 122270 352790
484 171550 140
485 186110 140
486 115550 352790
487 201790 140
488 210750 140
489 236510 140
490 235390 140
491 220830 140
492 107710 140
493 215230 352790
494 206270 352790
495 120030 352790
496 219710 352790
497 218590 140
498 193950 140
499 182750 140
500 177150 140
501 180510 352790
502 135710 352790
503 178270 140
504 163710 352790
505 118910 352790
506 181630 352790
507 126750 352790
508 143550 352790
509 189470 352790
510 178270 352790
511 146910 140
512 141310 352790
513 125630 140
514 187230 140
515 204030 352790
516 134590 352790
517 112190 352790
518 341790 140
519 356350 352790
520 369790 352790
521 375390 352790
522 340670 140
523 352990 140
524 318270 140
525 502340 152460
526 349630 140
527 502340 160300
528 300350 352790
529 502340 154700
530 357470 140
531 266750 140
532 205150 352790
533 279070 140
534 130110 352790
535 274590 352790
536 249950 352790
537 121150 352790
538 211870 352790
539 109950 352790
540 283550 140
541 310430 140
542 305950 140
543 301470 140
544 339550 140
545 317150 140
546 336190 140
547 322750 140
548 202910 352790
549 238750 352790
550 182750 352790
551 187230 352790
552 197310 352790
553 179390 352790
554 198430 352790
555 152510 352790
556 125630 352790
557 195070 352790
558 176030 352790
559 214110 352790
560 160350 352790
561 267870 352790
562 363070 352790
563 376510 352790
564 372030 352790
565 317150 352790
566 271230 352790
567 243230 352790
568 308190 352790
569 326110 352790
570 253310 352790
571 245470 140
572 226430 352790
573 249950 140
574 261150 140
575 260030 140
576 229790 352790
577 230910 352790
578 191710 352790
579 239870 140
580 223070 352790
581 132350 352790
582 223070 140
583 258910 140
584 268990 140
585 264510 140
586 255550 140
587 253310 140
588 284670 140
589 216350 352790
590 212990 352790
591 286910 140
592 285790 140
593 294750 140
594 303710 140
595 292510 140
596 257790 352790
597 374270 352790
598 248830 352790
599 377630 352790
600 245470 352790
601 367550 352790
602 366430 352790
603 357470 352790
604 368670 352790
605 329470 352790
606 283550 352790
607 281310 352790
608 316030 352790
609 359710 352790
610 332830 352790
611 264510 352790
612 351870 352790
613 342910 352790
614 307070 352790
615 258910 352790
616 266750 352790
617 318270 352790
618 348510 352790
619 268990 352790
620 350750 352790
621 263390 352790
622 262270 352790
623 320510 140
624 330590 140
625 263390 140
626 364190 352790
627 351870 140
628 365310 352790
629 361950 352790
630 358590 352790
631 335070 140
632 391070 352790
633 255550 352790
634 309310 140
635 382110 352790
636 373150 352790
637 379870 352790
638 383230 352790
639 370910 352790
640 312670 140
641 385470 352790
642 304830 140
643 378750 352790
644 168190 352790
645 199550 352790
646 350750 140
647 502340 170380
648 275710 352790
649 338430 140
650 298110 140
651 299230 140
652 289150 140
653 290270 140
654 356350 140
655 300350 140
656 233150 352790
657 314910 140
658 277950 140
659 307070 140
660 288030 140
661 281310 140
662 273470 140
663 308190 140
664 326110 140
665 302590 140
666 291390 140
667 173790 352790
668 323870 140
669 311550 140
670 295870 140
671 313790 140
672 345150 140
673 328350 140
674 348510 140
675 333950 140
676 210750 352790
677 237630 352790
678 200670 352790
679 177150 352790
680 153630 352790
681 148030 352790
682 114430 352790
683 146910 352790
684 133470 352790
685 131230 352790
686 140 233100
687 113310 352790
688 150270 352790
689 244350 352790
690 252190 352790
691 380990 352790
692 251070 352790
693 236510 352790
694 220830 352790
695 235390 352790
696 246590 352790
697 218590 352790
698 270110 352790
699 273470 352790
700 239870 352790
701 256670 140
702 271230 140
703 275710 140
704 244350 140
705 238750 140
706 184990 352790
707 254430 140
708 234270 140
709 225310 352790
710 257790 140
711 274590 140
712 282430 140
713 267870 140
714 262270 140
715 234270 352790
716 237630 140
717 208510 352790
718 224190 352790
719 227550 352790
720 280190 140
721 276830 140
722 272350 140
723 265630 140
724 260030 352790
725 393310 352790
726 242110 352790
727 388830 352790
728 247710 352790
729 389950 352790
730 396670 352790
731 392190 352790
732 387710 352790
733 340670 352790
734 295870 352790
735 280190 352790
736 301470 352790
737 349630 352790
738 360830 352790
739 156990 352790
740 341790 352790
741 328350 352790
742 207390 352790
743 272350 352790
744 232030 352790
745 170430 352790
746 261150 352790
747 265630 352790
748 254430 352790
749 240990 352790
750 167070 352790
751 329470 140
752 316030 140
753 293630 140
754 337310 140
755 502340 150220
756 368670 140
757 359710 140
758 502340 142380
759 346270 352790
760 397790 352790
761 108830 352790
762 296990 140
763 502340 173740
764 384350 352790
765 386590 352790
766 502340 184940
767 354110 352790
768 321630 140
769 256670 352790
770 270110 140
771 347390 352790
772 188350 352790
