0 227810 153533
1 254376 124533
2 206522 112583
3 330450 158200
4 244756 111400
5 36953 174788
6 33239 101111
7 155916 144044
8 300872 159635
9 206897 98840
10 210594 193500
11 156170 164080
12 71746 115338
13 150078 189622
14 292058 61040
15 315329 176207
16 228950 68133
17 54843 168442
18 119814 109297
19 156512 138600
20 312031 144963
21 151097 142800
22 213503 87080
23 175614 197800
24 210824 66920
25 219888 146892
26 276094 96113
27 206292 51800
28 37615 109542
29 267235 51800
30 241164 125533
31 98727 119193
32 179250 54305
33 199021 148931
34 261927 110751
35 180642 152600
36 247456 52080
37 195993 41618
38 198837 176272
39 59175 114280
40 86640 4200
41 256947 162482
42 294464 41429
43 259456 152425
44 168547 48490
45 119009 93545
46 199761 63350
47 165908 47320
48 173707 156800
49 247718 122527
50 162917 146784
51 219899 190527
52 60628 49111
53 137892 127400
54 156281 118066
55 195510 175560
56 278574 87563
57 200925 151200
58 313794 40600
59 160331 47460
60 156066 171453
61 279479 26133
62 158460 13400
63 88540 23800
64 311642 29711
65 341839 158415
66 181490 22800
67 188125 172013
68 186540 213870
69 175892 15400
70 171705 19800
71 186247 32900
72 181070 39072
73 190712 28000
74 189962 169400
75 195757 163520
76 100901 205614
77 230798 95836
78 446148 128135
79 186827 137480
80 317764 70777
81 230056 162647
82 237339 88200
83 105123 155186
84 302143 83363
85 217874 113070
86 271707 95200
87 209182 106232
88 240141 179967
89 190849 121305
90 251929 185577
91 244910 55688
92 259635 67900
93 310756 191275
94 252190 91294
95 306090 166911
96 124604 151216
97 351500 43925
98 221879 75200
99 314807 164788
100 253502 75444
101 228918 207900
102 217360 89040
103 217968 86800
104 270467 220928
105 254811 79488
106 235053 17850
107 212892 115972
108 165695 65100
109 189097 134166
110 115800 89212
111 178882 94787
112 376573 156626
113 395710 28850
114 458393 58479
115 308438 72968
116 372427 127400
117 318250 58800
118 373714 139571
119 427371 116470
120 143284 31371
121 290225 37800
122 461147 73093
123 144610 12747
124 371746 65975
125 330536 30333
126 370145 54600
127 451548 83800
128 349429 57882
129 407930 56466
130 320760 171933
131 337136 134680
132 301779 174475
133 443098 138414
134 321738 110298
135 358252 215961
136 303525 219800
137 126431 36169
138 297160 180600
139 292986 160900
140 283955 204400
141 326570 117378
142 329118 128520
143 316983 225400
144 387732 100916
145 308876 231000
146 355194 228148
147 379497 101800
148 217296 216533
149 204012 221550
150 320367 127000
151 272103 33250
152 226637 88630
153 227765 59306
154 393752 87319
155 282539 37117
156 237662 118600
157 240350 40600
158 261433 99493
159 248045 37800
160 107831 190182
161 351975 28600
162 272555 23333
163 225576 29897
164 288305 37039
165 244737 105000
166 210878 63933
167 120080 200200
168 240476 23800
169 212911 30388
170 283531 49509
171 270123 221480
172 234277 176400
173 237531 213266
174 274895 209493
175 134485 119509
176 223792 199800
177 170380 112777
178 420722 208129
179 111131 124040
180 403053 214822
181 125244 107630
182 200746 201075
183 238703 222600
184 391058 224840
185 254885 222600
186 237120 217000
187 185202 133700
188 273030 74760
189 275310 67900
190 301245 144200
191 323380 149800
192 291080 146440
193 260835 121585
194 330536 147000
195 314576 208600
196 325216 216066
197 275072 80500
198 234650 35700
199 228950 145600
200 331160 111253
201 140315 217700
202 102093 219543
203 207290 217700
204 221540 213266
205 203616 228200
206 139405 223000
207 321860 41300
208 332500 38500
209 328256 24733
210 399154 35707
211 349552 184800
212 427772 195305
213 303335 149800
214 272270 156100
215 338390 187133
216 323443 213266
217 361782 161000
218 210583 22866
219 222262 36680
220 217170 158900
221 124246 18947
222 210102 49560
223 167762 33923
224 173595 214505
225 237405 216300
226 277590 88900
227 173850 176866
228 211976 222600
229 289180 78400
230 307103 30333
231 361950 19133
232 357010 35933
233 282910 172200
234 264195 165200
235 278856 176866
236 222965 156100
237 218405 156800
238 189810 60200
239 168910 37400
240 231762 175560
241 230375 198800
242 289750 177800
243 238323 218866
244 217122 10500
245 219230 18642
246 203395 32200
247 320910 23800
248 260680 239400
249 262770 7000
250 250040 165200
251 207290 179200
252 223630 12600
253 146490 222600
254 336490 23800
255 361190 12600
256 340670 26600
257 334970 15400
258 276450 4200
259 316730 4200
260 290890 4200
261 330790 4200
262 323570 9800
263 328130 15400
264 195130 242200
265 326610 12600
266 331170 32200
267 347130 7000
268 282910 4200
269 295830 7000
270 323190 7000
271 333450 12600
272 336110 37800
273 320150 231000
274 283670 65800
275 138130 228200
276 317490 12600
277 312930 15400
278 311030 12600
279 345230 4200
280 445550 99400
281 353970 4200
282 439090 99400
283 452770 102200
284 154090 242200
285 194370 245000
286 146870 239400
287 160550 245000
288 138890 217000
289 143830 242200
290 134710 231000
291 134710 239400
292 153710 239400
293 162070 242200
294 170050 245000
295 136610 242200
296 145730 245000
297 229710 242200
298 236170 222600
299 238830 245000
300 288990 245000
301 274550 245000
302 222110 242200
303 130150 242200
304 229710 222600
305 310270 245000
306 226290 9800
307 198930 4200
308 223250 4200
309 194370 7000
310 204250 23800
311 178030 7000
312 161310 4200
313 172330 4200
314 168530 175000
315 229710 4200
316 207290 4200
317 216790 245000
318 185250 4200
319 194370 18200
320 199690 15400
321 230470 12600
322 213750 4200
323 215650 7000
324 207290 18200
325 137750 245000
326 225150 245000
327 209950 12600
328 230090 23800
329 192470 4200
330 201970 9800
331 238830 4200
332 276070 7000
333 239210 7000
334 297350 4200
335 153330 245000
336 260870 4200
337 328890 26600
338 293170 9800
339 320150 29400
340 289370 175000
341 254410 245000
342 269610 82600
343 269610 7000
344 254030 242200
345 353590 7000
346 140790 208600
347 247950 245000
348 260870 245000
349 240350 242200
350 228570 233800
351 247570 242200
352 315970 9800
353 331550 242200
354 340670 7000
355 317490 242200
356 331170 7000
357 129770 245000
358 303810 4200
359 282530 7000
360 276070 88200
361 323190 4200
362 337250 4200
363 339530 9800
364 322050 239400
365 310270 4200
366 301910 245000
367 295450 245000
368 232370 245000
369 281770 245000
370 317110 245000
371 324330 242200
372 330030 245000
373 323570 245000
374 310270 242200
375 316730 7000
376 317110 18200
377 309510 7000
378 360430 4200
379 210330 245000
380 226430 140
381 140 98700
382 199550 140
383 170430 140
384 173790 140
385 178270 249030
386 140 114380
387 126750 249030
388 226430 249030
389 144670 140
390 154750 140
391 186110 140
392 211870 249030
393 169310 140
394 181630 140
395 135710 249030
396 159230 249030
397 209630 140
398 180510 249030
399 145790 249030
400 210750 249030
401 181630 249030
402 170430 249030
403 87550 140
404 234270 249030
405 233150 249030
406 230910 140
407 261150 140
408 249950 140
409 246590 140
410 245470 140
411 254430 140
412 90910 140
413 88670 140
414 92030 140
415 84190 140
416 140 137900
417 140 139020
418 206270 249030
419 140 135660
420 140 105420
421 140 133420
422 140 145740
423 140 156940
424 140 152460
425 140 132300
426 140 128940
427 140 127820
428 140 130060
429 137950 249030
430 140 125580
431 199550 249030
432 215230 140
433 153630 140
434 205150 140
435 183870 140
436 191710 249030
437 179390 249030
438 191710 140
439 163710 140
440 155870 140
441 167070 249030
442 140 100940
443 143550 249030
444 155870 249030
445 189470 249030
446 160350 140
447 152510 140
448 176030 140
449 161470 140
450 188350 140
451 158110 249030
452 128990 249030
453 140 97580
454 217470 249030
455 184990 249030
456 148030 249030
457 216350 140
458 193950 249030
459 186110 249030
460 244350 249030
461 237630 140
462 240990 140
463 229790 140
464 85310 140
465 271230 140
466 272350 140
467 268990 140
468 263390 140
469 200670 249030
470 179390 140
471 207390 249030
472 188350 249030
473 193950 140
474 162590 140
475 140 99820
476 159230 140
477 174910 249030
478 144670 249030
479 154750 249030
480 183870 249030
481 158110 140
482 156990 140
483 180510 140
484 165950 140
485 184990 140
486 140 124460
487 151390 249030
488 134590 249030
489 224190 249030
490 182750 249030
491 133470 249030
492 219710 249030
493 214110 249030
494 192830 249030
495 239870 249030
496 280190 140
497 83070 140
498 243230 140
499 279070 140
500 274590 140
501 273470 140
502 270110 140
503 264510 140
504 205150 249030
505 171550 140
506 190590 249030
507 172670 249030
508 140 118860
509 216350 249030
510 252190 140
511 237630 249030
512 376510 140
513 341790 140
514 355230 140
515 340670 140
516 319390 140
517 320510 140
518 347390 140
519 345150 140
520 359710 140
521 351870 140
522 348510 140
523 363070 140
524 317150 140
525 266750 140
526 169310 249030
527 277950 140
528 127870 249030
529 321630 140
530 324990 140
531 365310 140
532 311550 140
533 164830 249030
534 295870 140
535 350750 140
536 285790 140
537 367550 140
538 370910 140
539 349630 140
540 329470 140
541 356350 140
542 176030 249030
543 177150 249030
544 209630 249030
545 208510 249030
546 202910 249030
547 168190 249030
548 223070 249030
549 150270 249030
550 256670 249030
551 215230 249030
552 187230 249030
553 195070 249030
554 201790 249030
555 230910 249030
556 309310 249030
557 320510 249030
558 308190 249030
559 322750 249030
560 294750 249030
561 235390 249030
562 319390 249030
563 314910 249030
564 229790 249030
565 168190 140
566 218590 249030
567 167070 140
568 198430 140
569 172670 140
570 190590 140
571 195070 140
572 262270 249030
573 228670 140
574 211870 140
575 221950 249030
576 182750 140
577 187230 140
578 204030 140
579 220830 140
580 242110 140
581 238750 140
582 260030 140
583 197310 249030
584 225310 249030
585 257790 140
586 251070 140
587 247710 140
588 256670 140
589 239870 140
590 248830 140
591 308190 140
592 258910 140
593 294750 140
594 270110 249030
595 283550 140
596 275710 140
597 282430 140
598 236510 140
599 277950 249030
600 247710 249030
601 251070 249030
602 252190 249030
603 280190 249030
604 249950 249030
605 275710 249030
606 299230 249030
607 291390 249030
608 299230 140
609 361950 140
610 255550 140
611 354110 140
612 340670 249030
613 369790 140
614 339550 249030
615 327230 249030
616 243230 249030
617 339550 140
618 292510 140
619 265630 140
620 358590 140
621 307070 140
622 328350 140
623 329470 249030
624 313790 249030
625 293630 249030
626 295870 249030
627 242110 249030
628 267870 249030
629 352990 249030
630 344030 249030
631 347390 249030
632 351870 249030
633 307070 249030
634 288030 140
635 375390 140
636 304830 140
637 373150 140
638 204030 249030
639 149150 249030
640 331710 140
641 366430 140
642 344030 140
643 337310 140
644 290270 140
645 300350 140
646 293630 140
647 332830 140
648 326110 140
649 330590 140
650 198430 249030
651 327230 140
652 335070 140
653 352990 140
654 289150 140
655 291390 140
656 323870 140
657 336190 140
658 338430 140
659 323870 249030
660 286910 140
661 140190 249030
662 302590 140
663 316030 140
664 314910 140
665 346270 140
666 494210 103180
667 357470 140
668 494210 114380
669 494210 112140
670 161470 249030
671 196190 249030
672 156990 249030
673 163710 249030
674 141310 249030
675 146910 249030
676 136830 249030
677 132350 249030
678 160350 249030
679 162590 249030
680 173790 249030
681 139070 249030
682 165950 249030
683 240990 249030
684 283550 249030
685 288030 249030
686 292510 249030
687 276830 249030
688 317150 249030
689 131230 249030
690 289150 249030
691 326110 249030
692 232030 140
693 201790 140
694 227550 140
695 197310 140
696 208510 140
697 178270 140
698 164830 140
699 177150 140
700 171550 249030
701 233150 140
702 212990 140
703 220830 249030
704 189470 140
705 200670 140
706 202910 140
707 234270 140
708 218590 140
709 221950 140
710 210750 140
711 142430 249030
712 228670 249030
713 207390 140
714 214110 140
715 235390 140
716 196190 140
717 206270 140
718 253310 140
719 284670 140
720 244350 140
721 301470 140
722 153630 249030
723 298110 140
724 333950 140
725 303710 140
726 322750 140
727 290270 249030
728 255550 249030
729 262270 140
730 267870 140
731 257790 249030
732 360830 140
733 152510 249030
734 253310 249030
735 263390 249030
736 248830 249030
737 232030 249030
738 254430 249030
739 318270 140
740 335070 249030
741 372030 140
742 321630 249030
743 374270 140
744 130110 249030
745 296990 140
746 281310 140
747 276830 140
748 310430 140
749 368670 140
750 342910 140
751 324990 249030
752 312670 140
753 302590 249030
754 282430 249030
755 238750 249030
756 266750 249030
757 318270 249030
758 341790 249030
759 348510 249030
760 382110 249030
761 311550 249030
762 309310 140
763 313790 140
764 305950 140
765 364190 140
766 212990 249030
