0 30456 22303
1 14340 32400
2 32571 33341
3 22116 27968
4 42701 23832
5 29605 18036
6 28243 36267
7 12471 20646
8 19547 33732
9 15311 28817
10 42021 21609
11 39783 18189
12 37690 42023
13 26433 2295
14 43184 22910
15 31920 16436
16 35865 40338
17 24213 36867
18 18466 28764
19 36438 16470
20 39999 43065
21 24802 38061
22 41677 20601
23 41348 46177
24 24593 38223
25 38442 19510
26 39320 14613
27 32765 37345
28 24141 42537
29 45919 33585
30 43926 33915
31 11425 28762
32 49554 32143
33 47602 31327
34 26402 47455
35 14617 34445
36 44874 31995
37 48097 36399
38 22925 46403
39 30441 38925
40 30280 48485
41 17647 36247
42 15609 37530
43 47206 36153
44 29254 46507
45 12393 38150
46 13409 27713
47 27638 33990
48 26109 2295
49 25791 19425
50 19801 14224
51 30258 17631
52 37550 40746
53 41537 28895
54 43302 36036
55 28826 40875
56 23223 24787
57 29326 23992
58 46163 25279
59 40386 50871
60 26695 27277
61 30258 31005
62 44994 27846
63 25488 28923
64 21948 14545
65 38341 24828
66 47172 24969
67 37842 49201
68 26139 14411
69 35326 15714
70 43112 19495
71 19875 19150
72 34844 45578
73 6458 35587
74 31277 25942
75 49934 24589
76 51290 24964
77 30762 48051
78 23879 42748
79 27204 49653
80 21522 46227
81 46110 21371
82 21441 23085
83 32549 28791
84 9308 36632
85 32643 19157
86 35397 36180
87 30588 18855
88 32707 45369
89 29944 24203
90 34503 26370
91 29911 28548
92 37879 24120
93 43817 15879
94 39610 44208
95 31638 26344
96 32961 35955
97 44363 31506
98 27109 23247
99 38646 21607
100 31617 2295
101 34230 24553
102 14013 20520
103 11733 23856
104 23580 14310
105 23220 10732
106 48708 26787
107 50562 31924
108 55503 14820
109 49505 52796
110 48884 28215
111 47371 30808
112 54619 15100
113 42120 21465
114 50222 53353
115 43345 9382
116 53419 16098
117 49606 50625
118 34109 31536
119 45892 29423
120 44058 33768
121 51607 19467
122 44390 34319
123 57028 16577
124 46499 31932
125 55622 17091
126 38220 31455
127 49310 31303
128 38089 41702
129 52245 14782
130 49281 21744
131 46275 21053
132 61332 21975
133 29855 24570
134 59522 23176
135 62061 30606
136 50796 21765
137 26740 20277
138 50388 22305
139 48319 22491
140 47071 21722
141 57486 20500
142 22180 20385
143 57528 36225
144 48583 20011
145 55944 20223
146 49045 24635
147 60730 25949
148 49156 28296
149 53847 26985
150 61606 22159
151 33969 45957
152 35628 49545
153 57510 46795
154 35475 50577
155 37584 50470
156 33399 59906
157 51929 44847
158 32789 49467
159 30807 58419
160 38896 50400
161 32151 49015
162 31018 55902
163 60383 46496
164 31289 55316
165 35800 53055
166 34345 49969
167 37820 52785
168 34798 58286
169 40902 51998
170 47346 41478
171 30246 57847
172 23799 31995
173 16228 43033
174 26635 11812
175 22924 39940
176 24110 31447
177 19701 47475
178 22787 36227
179 15914 44068
180 22674 41475
181 23112 36957
182 18708 40438
183 19683 50045
184 20558 37025
185 14595 47577
186 27972 36099
187 27804 13527
188 27607 38070
189 24357 40893
190 23535 40995
191 17820 40561
192 30340 15525
193 16758 49230
194 14841 45675
195 19404 43650
196 14505 42005
197 39492 24311
198 37651 23701
199 42142 20257
200 42615 21330
201 38941 27545
202 34774 25469
203 35919 21195
204 42106 24462
205 36618 23928
206 43792 10954
207 44941 24930
208 42792 13300
209 46772 11288
210 44205 8025
211 42998 14027
212 40143 43260
213 41339 43916
214 43990 42749
215 39543 40017
216 41040 39405
217 39730 41715
218 29340 44005
219 23623 31050
220 22972 32355
221 24993 38772
222 30985 46611
223 22090 42919
224 33354 43296
225 31150 41020
226 28802 45427
227 31536 46543
228 50567 42063
229 47410 34849
230 43515 35107
231 51495 44154
232 49327 46003
233 49713 43166
234 32365 12040
235 30220 11145
236 32487 10416
237 32767 14818
238 38498 61695
239 48081 52525
240 41013 54555
241 47568 46197
242 47296 49005
243 45036 49356
244 51546 47693
245 23941 29785
246 25219 23362
247 27235 26807
248 28586 26706
249 60172 32384
250 42682 34466
251 57874 28687
252 56982 28785
253 61700 36045
254 59591 29147
255 60683 43107
256 58320 42930
257 64018 44572
258 57903 44337
259 56929 43875
260 56801 46001
261 19741 52570
262 29541 50823
263 22582 48195
264 14805 50821
265 16794 51219
266 17892 48420
267 26968 33090
268 34360 34073
269 28463 36207
270 36313 37040
271 38216 33418
272 36972 36360
273 37432 34317
274 30231 27675
275 3955 30915
276 31522 4185
277 3955 33345
278 43618 63855
279 43105 61965
280 41431 62370
281 41998 63585
282 69133 36585
283 67594 33345
284 70051 37125
285 68809 37665
286 45157 63045
287 43132 62910
288 3064 38880
289 69133 32535
290 69376 31995
291 66811 26865
292 43186 4320
293 45076 9990
294 42079 4050
295 44374 4320
296 42646 5940
297 40810 4320
298 41782 9990
299 26446 4725
300 66325 27135
301 69862 29565
302 48883 10530
303 47776 9990
304 48154 9180
305 42511 10125
306 69916 26730
307 69376 27945
308 24880 4860
309 25933 5400
310 23314 4320
311 27202 5130
312 3901 31995
313 2983 34695
314 24070 61425
315 29065 9045
316 22369 61965
317 2551 33615
318 2605 35505
319 2551 34695
320 2713 35775
321 2875 33615
322 23206 60885
323 24394 60615
324 28363 63045
325 26878 63450
326 2848 37395
327 23665 62910
328 2551 36585
329 2983 37530
330 35356 62640
331 32251 63045
332 24178 61965
333 36976 61965
334 32764 63855
335 38434 61560
336 36814 62100
337 30280 63045
338 3064 39960
339 42511 61695
340 42241 59940
341 38542 61965
342 33493 63720
343 43024 59670
344 42592 60885
345 42403 62100
346 40675 61695
347 38110 63855
348 34546 55890
349 3226 41310
350 70132 36045
351 36004 58995
352 40027 60885
353 40000 61020
354 37867 62235
355 39217 62235
356 38191 60750
357 36112 62370
358 34303 63180
359 32386 63450
360 2821 37530
361 38677 61560
362 39649 61695
363 36949 63585
364 34303 63585
365 69727 29835
366 69808 33615
367 70456 36585
368 69700 34965
369 69808 35910
370 70078 34695
371 3253 36045
372 68053 29835
373 69052 33075
374 30928 9450
375 31981 9990
376 25636 5940
377 32953 4320
378 39487 4455
379 69079 27135
380 38353 4860
381 44428 10530
382 3415 31995
383 47965 4455
384 48937 9045
385 49288 9450
386 47236 4185
387 41809 4050
388 45859 9450
389 44752 9315
390 46858 9450
391 69295 22140
392 68944 24840
393 26797 4455
394 69700 24705
395 67027 26865
396 69646 27270
397 67972 27810
398 66352 27945
399 69862 27675
400 69376 33615
401 68863 33750
402 69889 33885
403 45670 63450
404 43393 24975
405 48717 28590
406 26142 48782
407 25215 45212
408 30163 58552
409 39616 62012
410 37053 62130
411 40289 26715
412 40360 24007
413 42168 17610
414 51393 28230
415 31980 42
416 42 36876
417 38796 66077
418 38220 66077
419 36972 66077
420 38028 66077
421 32652 42
422 27852 42
423 42 31596
424 32748 42
425 72979 32364
426 72979 28908
427 42 32556
428 72979 32076
429 72979 31788
430 36012 42
431 34284 42
432 28236 42
433 35724 42
434 39372 42
435 37836 42
436 38412 42
437 39660 42
438 42 27948
439 33900 42
440 33996 42
441 32940 42
442 33324 42
443 34860 42
444 33612 42
445 34092 42
446 33516 42
447 24492 42
448 25260 42
449 24588 42
450 42 30060
451 42 30252
452 26316 42
453 42 31500
454 42 31116
455 42 36492
456 42 31308
457 42 30636
458 42 28908
459 42 31212
460 31500 42
461 42 31788
462 42 32748
463 42 33036
464 42 36204
465 42 36108
466 42 33324
467 42 35628
468 42 35532
469 42 34860
470 42 35340
471 42 34956
472 42 35148
473 42 36588
474 42 34284
475 42 34188
476 42 33996
477 42 34572
478 30540 42
479 30636 42
480 42 32652
481 31692 42
482 35436 42
483 35628 42
484 35532 42
485 72979 30060
486 35340 42
487 35916 42
488 42 32268
489 28044 42
490 36876 42
491 72979 31404
492 72979 30540
493 36684 42
494 72979 31308
495 35148 42
496 35244 42
497 33420 42
498 42 33612
499 42 33900
500 42 35916
501 42 35820
502 42 35052
503 42 35436
504 42 33132
505 42 34668
506 42 34380
507 37356 66077
508 39276 66077
509 39372 66077
510 42 34092
511 42 33420
512 36780 66077
513 30156 42
514 30252 42
515 42 32364
516 31308 42
517 72979 29484
518 72979 28044
519 36300 42
520 72979 29772
521 42 31404
522 34764 42
523 36396 42
524 27180 42
525 36780 42
526 39276 42
527 37452 42
528 37644 42
529 38316 42
530 32364 42
531 34188 42
532 26124 42
533 31788 42
534 42 32940
535 34956 42
536 33804 42
537 34668 42
538 33708 42
539 42 33708
540 42 33228
541 42 33516
542 37068 66077
543 42 29484
544 42 32172
545 29676 42
546 42 34476
547 40236 66077
548 42828 66077
549 72979 32844
550 72979 33036
551 72979 34860
552 72979 33324
553 45612 66077
554 44748 66077
555 43308 66077
556 41580 66077
557 35052 42
558 72979 30732
559 72979 30444
560 36204 42
561 40620 42
562 34380 42
563 34572 42
564 42252 42
565 41004 42
566 72979 29196
567 39756 42
568 32076 42
569 45036 42
570 46188 42
571 46092 42
572 72979 27660
573 72979 28332
574 72979 29004
575 72979 27948
576 72979 28812
577 30060 42
578 28812 42
579 42 31884
580 42 32460
581 42 32844
582 26604 66077
583 25548 66077
584 28620 66077
585 25644 66077
586 27852 66077
587 27756 66077
588 42 38508
589 42 38988
590 32460 66077
591 32364 66077
592 32268 66077
593 31116 66077
594 31500 66077
595 42 38412
596 30924 66077
597 42 37740
598 42 37836
599 32076 66077
600 31020 66077
601 30828 66077
602 31404 66077
603 34380 66077
604 34572 66077
605 34092 66077
606 32940 66077
607 31308 66077
608 38412 66077
609 39660 66077
610 39084 66077
611 34956 66077
612 39948 66077
613 40620 66077
614 40524 66077
615 39180 66077
616 40428 66077
617 40908 66077
618 33804 66077
619 40332 66077
620 41196 66077
621 39468 66077
622 41100 66077
623 36876 66077
624 37164 66077
625 36300 66077
626 34284 66077
627 33996 66077
628 34188 66077
629 42 37164
630 35628 66077
631 37452 66077
632 35916 66077
633 34668 66077
634 72979 36108
635 72979 35244
636 72979 40236
637 72979 34092
638 72979 35916
639 72979 34956
640 42 36300
641 72979 34188
642 72979 32556
643 42 32076
644 25836 42
645 25644 42
646 46572 42
647 45804 42
648 72979 30828
649 38892 42
650 42060 42
651 35820 42
652 37740 42
653 44076 42
654 37164 42
655 42924 42
656 42156 42
657 43884 42
658 44652 42
659 44364 42
660 72979 26988
661 72979 24972
662 39180 42
663 72979 25740
664 72979 26796
665 72979 28428
666 72979 29292
667 72979 29100
668 72979 29676
669 72979 32748
670 72979 31596
671 72979 30636
672 40716 66077
673 28332 42
674 42 38604
675 43980 66077
676 43116 66077
677 39852 66077
678 40812 66077
679 72979 36876
680 72979 33612
681 72979 37164
682 72979 37932
683 45516 66077
684 42156 66077
685 42 39276
686 72979 32460
687 72979 31980
688 72979 27084
689 42828 42
690 45324 42
691 38796 42
692 44268 42
693 42636 42
694 41292 42
695 41868 42
696 26988 42
697 72979 27372
698 72979 30156
699 48972 42
700 47916 42
701 48300 42
702 42732 42
703 72979 27180
704 72979 28140
705 24684 42
706 25932 42
707 23628 42
708 27564 42
709 42 31980
710 42 35244
711 24684 66077
712 29484 42
713 22764 66077
714 42 33804
715 42 35724
716 42 34764
717 42 36012
718 42 39084
719 23628 66077
720 24780 66077
721 32172 66077
722 35724 66077
723 42 37260
724 23724 66077
725 42 36684
726 42 36780
727 35148 66077
728 33612 66077
729 23532 66077
730 37260 66077
731 33228 66077
732 38700 66077
733 36684 66077
734 34476 66077
735 42 40716
736 42732 66077
737 42636 66077
738 38604 66077
739 33900 66077
740 43212 66077
741 42924 66077
742 42540 66077
743 40140 66077
744 38508 66077
745 34764 66077
746 42 41676
747 72979 32652
748 36588 66077
749 39756 66077
750 40044 66077
751 37836 66077
752 38316 66077
753 38892 66077
754 37548 66077
755 35532 66077
756 35436 66077
757 42 37452
758 38988 66077
759 39564 66077
760 36492 66077
761 35052 66077
762 72979 29580
763 72979 33900
764 72979 36588
765 72979 34764
766 72979 35532
767 72979 34668
768 42 36396
769 72979 29964
770 72979 33132
771 31596 42
772 32172 42
773 25740 42
774 33228 42
775 38988 42
776 72979 27276
777 38220 42
778 44172 42
779 42 36972
780 48396 42
781 49452 42
782 49932 42
783 47628 42
784 41964 42
785 46284 42
786 44460 42
787 46860 42
788 72979 24684
789 72979 25164
790 27084 42
791 72979 26604
792 72979 27564
793 72979 27468
794 72979 29388
795 72979 28716
796 72979 28236
797 72979 33804
798 72979 34476
799 72979 33996
800 45708 66077
801 42 31692
