0 35259 14395
1 24303 38340
2 38340 25188
3 26572 20340
4 40987 10839
5 30162 18157
6 31268 20385
7 11067 17754
8 22560 29992
9 19884 30105
10 42369 15969
11 51884 17530
12 43890 34425
13 3105 17415
14 41704 11732
15 39969 21685
16 40350 28336
17 26849 20217
18 22959 29502
19 35806 14960
20 43454 29925
21 23787 22509
22 34656 15505
23 44791 31725
24 24179 23211
25 34251 12844
26 38003 22765
27 27334 21778
28 45009 25149
29 53685 30815
30 14103 36097
31 45658 25280
32 57025 30047
33 30038 36906
34 48872 28440
35 61797 33213
36 21666 39407
37 26523 34065
38 32758 39575
39 20867 32231
40 19193 30881
41 52363 35073
42 40151 37908
43 30674 32481
44 31188 31821
45 17796 36918
46 21765 32727
47 21168 34106
48 24111 35235
49 27345 35355
50 14436 25258
51 39188 19901
52 43286 27923
53 41581 37267
54 45308 31117
55 34659 36877
56 24529 13308
57 30820 32285
58 51714 21619
59 28137 17939
60 25646 29362
61 40470 16935
62 27141 18427
63 16567 24422
64 36787 30355
65 37093 24157
66 19690 21117
67 14579 16332
68 29619 16920
69 43849 11160
70 17536 15255
71 34722 32557
72 12086 30522
73 33266 16924
74 50214 11976
75 58287 17786
76 31434 33745
77 29396 34749
78 11268 14007
79 49670 11689
80 21442 17325
81 37264 26802
82 32082 12217
83 36606 33439
84 31313 13635
85 37304 38903
86 13544 31153
87 33021 13855
88 37982 14647
89 37084 43350
90 40114 23955
91 52670 12723
92 40254 26505
93 37290 25515
94 46793 22815
95 34278 22590
96 41380 24435
97 35721 2295
98 35802 16605
99 39009 11660
100 8829 17820
101 14180 16443
102 16591 22477
103 13110 33195
104 51507 15255
105 50502 20982
106 55707 41777
107 48591 15018
108 53866 7077
109 50171 12908
110 63811 15457
111 58434 7627
112 58347 39902
113 30324 33210
114 47829 13149
115 45488 17341
116 45797 7263
117 42991 16378
118 58613 8218
119 43772 16103
120 55975 7375
121 36072 32415
122 50960 16655
123 46163 6311
124 52636 5616
125 53664 17118
126 61783 26440
127 68991 20958
128 32026 14760
129 66447 20065
130 55509 18525
131 33231 15039
132 57693 17253
133 53226 13617
134 56354 17517
135 61992 18810
136 24090 15356
137 62812 31320
138 56110 17031
139 68340 17235
140 54911 21087
141 64696 22099
142 54126 19958
143 54664 23787
144 68603 19834
145 54299 20722
146 64611 27829
147 61243 21079
148 36700 27405
149 40933 36855
150 63803 37714
151 39641 36938
152 43213 37424
153 27999 43470
154 41143 38900
155 54423 33642
156 38062 35370
157 27178 41360
158 61398 35620
159 27918 26358
160 39837 36595
161 33993 40193
162 67079 38292
163 32365 40635
164 38413 37871
165 37557 43447
166 44925 39886
167 31673 41539
168 43596 40500
169 56759 36369
170 33261 41595
171 23697 43065
172 24468 17955
173 34850 20148
174 31062 8195
175 10746 40995
176 21647 19568
177 10605 9861
178 16166 37395
179 25069 20569
180 17088 14775
181 21240 18438
182 17913 8824
183 16073 10519
184 25389 21815
185 4628 10433
186 30434 20494
187 34576 19521
188 31350 21723
189 25492 22320
190 27126 20970
191 17206 11008
192 37283 21272
193 8415 41400
194 11406 9833
195 9936 9765
196 11443 8816
197 35100 7905
198 48852 11092
199 36635 6347
200 42367 6806
201 43695 11295
202 31480 6439
203 38637 8685
204 42819 7533
205 40047 7357
206 64025 12801
207 59301 15894
208 64845 13699
209 69201 12416
210 61036 11235
211 66025 10327
212 48683 26706
213 48823 26034
214 49644 24805
215 52873 28234
216 53790 25995
217 50753 27708
218 30729 24883
219 30113 7425
220 24977 21438
221 34312 26505
222 30605 10831
223 29230 26989
224 26160 17235
225 35457 24333
226 34566 26055
227 52162 32701
228 45014 30799
229 45396 18400
230 55289 33928
231 49070 34488
232 47499 33075
233 44640 12356
234 42661 19962
235 42703 21556
236 41636 20645
237 41664 18819
238 45234 21317
239 40816 43450
240 53283 40914
241 54556 38043
242 57645 38610
243 51192 38706
244 52265 35808
245 57409 36045
246 22221 17662
247 23937 16582
248 29107 12376
249 25582 15930
250 30888 12786
251 25762 15205
252 65287 28369
253 43607 24480
254 68353 28348
255 67986 29115
256 59118 28530
257 69735 28485
258 66950 26030
259 66583 36116
260 52215 37352
261 70176 36601
262 61413 36585
263 61188 36922
264 12856 42944
265 37360 39681
266 11817 41720
267 19008 42705
268 12160 40851
269 12152 40782
270 24859 24705
271 30106 31243
272 22917 30159
273 36794 39960
274 33682 29655
275 34300 29133
276 41683 12388
277 37864 29349
278 35660 32666
279 25962 45111
280 3415 19575
281 29146 45495
282 4495 22815
283 46264 43065
284 44914 43335
285 44806 44010
286 44995 44280
287 48046 44145
288 51448 41040
289 49666 44955
290 51259 41175
291 47668 44010
292 44887 10530
293 3793 17955
294 45400 43200
295 47155 10800
296 42457 6075
297 47533 6345
298 47020 5940
299 46939 6885
300 44752 6750
301 43618 2430
302 42160 2700
303 43213 3105
304 5872 21600
305 45481 6075
306 51556 6210
307 47857 5940
308 46912 3780
309 45886 4050
310 43537 3240
311 41242 4185
312 42187 2700
313 23449 3240
314 4306 21195
315 5197 21600
316 24367 2835
317 4225 20790
318 28444 2565
319 4522 20115
320 28660 6075
321 21505 42120
322 4117 23355
323 25474 3105
324 28093 5805
325 25933 3510
326 26878 5535
327 30199 2700
328 19399 3510
329 34492 3780
330 28012 5670
331 30226 3375
332 6007 22005
333 29686 5805
334 27121 2430
335 39919 43470
336 30091 44820
337 29713 45360
338 39811 45360
339 39460 42795
340 42349 44010
341 40891 44415
342 36436 44820
343 25339 41310
344 40864 45090
345 32440 44685
346 29443 44820
347 34438 44820
348 47722 44820
349 46021 42390
350 45346 44415
351 41836 44415
352 42295 43200
353 36976 45360
354 23692 41445
355 35005 40095
356 44374 43065
357 44401 43875
358 44860 43605
359 46480 45495
360 43294 43740
361 41080 45225
362 31657 44820
363 34357 45360
364 36598 45495
365 24259 44955
366 36328 43470
367 39271 44280
368 38866 43470
369 37435 43065
370 74128 26730
371 72967 25515
372 72940 31050
373 53743 41040
374 74236 28755
375 73804 24975
376 22990 45360
377 73804 26325
378 53338 41580
379 35788 3780
380 33736 3510
381 30901 3105
382 35248 2835
383 40783 2835
384 39973 3240
385 41377 34695
386 49423 17280
387 23962 41175
388 54472 3915
389 56983 3915
390 56362 3375
391 53014 6480
392 54229 6885
393 51529 6345
394 51988 6345
395 52798 6210
396 57199 2970
397 56902 2565
398 26284 4995
399 73480 18360
400 58981 22005
401 73534 23355
402 74182 23625
403 67459 24030
404 74236 22545
405 46615 43740
406 50503 44280
407 49477 40770
408 43132 43065
409 44608 8572
410 38803 3865
411 31116 28151
412 34858 41258
413 44670 44370
414 37725 45240
415 48942 36540
416 52476 12540
417 53433 17025
418 32076 47611
419 42 25740
420 42540 47611
421 43020 47611
422 42636 47611
423 41292 47611
424 36012 47611
425 30060 47611
426 28140 47611
427 37068 47611
428 39660 47611
429 37836 42
430 23244 47611
431 40140 47611
432 42732 47611
433 40716 47611
434 37068 42
435 36972 42
436 39468 42
437 42060 42
438 41676 42
439 40620 42
440 40236 42
441 20364 47611
442 38700 42
443 36300 42
444 38028 42
445 36588 42
446 38604 42
447 37644 42
448 37932 42
449 37452 42
450 22764 47611
451 22668 47611
452 22572 47611
453 23916 47611
454 23532 47611
455 42 17388
456 42 19116
457 42 19308
458 42 25452
459 23820 47611
460 42 23148
461 42 23532
462 42 22956
463 31884 42
464 24684 47611
465 23724 47611
466 26604 47611
467 26796 47611
468 27084 47611
469 22956 47611
470 26508 47611
471 26316 47611
472 36492 47611
473 31212 47611
474 28044 47611
475 39756 47611
476 37356 47611
477 39084 47611
478 38796 47611
479 34092 47611
480 42 25164
481 34860 47611
482 33420 47611
483 34668 47611
484 33324 47611
485 38892 47611
486 37452 47611
487 38220 47611
488 40524 47611
489 40620 47611
490 37548 42
491 42 25068
492 36780 42
493 40332 42
494 41484 47611
495 40812 47611
496 41388 47611
497 41292 42
498 38796 42
499 35916 42
500 35820 42
501 33996 47611
502 24588 47611
503 35724 47611
504 37740 47611
505 36972 47611
506 35628 47611
507 38508 47611
508 32940 47611
509 24300 47611
510 40236 47611
511 43404 47611
512 42924 47611
513 21804 47611
514 42828 47611
515 39852 47611
516 33900 47611
517 33036 47611
518 24396 47611
519 34380 47611
520 39372 47611
521 38220 42
522 38508 42
523 43116 47611
524 42 23052
525 38412 47611
526 38412 42
527 35532 42
528 39948 42
529 43212 42
530 41772 42
531 43020 42
532 42828 42
533 36204 42
534 34956 42
535 24108 47611
536 35628 42
537 36588 47611
538 36108 42
539 36684 42
540 38124 47611
541 36396 42
542 38700 47611
543 32844 47611
544 28236 47611
545 41100 47611
546 24012 47611
547 23436 47611
548 31980 47611
549 36492 42
550 43116 42
551 46572 47611
552 43788 47611
553 43500 47611
554 46380 47611
555 47724 47611
556 46764 47611
557 47436 42
558 46476 42
559 44844 42
560 38124 42
561 44172 42
562 46572 42
563 43500 42
564 44268 42
565 42156 42
566 42540 42
567 42252 42
568 40812 42
569 39564 42
570 39372 42
571 29868 42
572 37740 42
573 41196 42
574 41580 42
575 41484 42
576 39756 42
577 41004 42
578 38316 42
579 40524 42
580 29004 42
581 28716 42
582 28812 42
583 33324 42
584 31308 42
585 36396 47611
586 36876 47611
587 35052 47611
588 34476 47611
589 28620 47611
590 30828 47611
591 31788 42
592 30060 42
593 29964 42
594 31212 42
595 29772 42
596 33420 42
597 30636 47611
598 34476 42
599 29868 47611
600 32940 42
601 31020 42
602 35148 47611
603 28332 47611
604 27660 47611
605 32460 47611
606 37836 47611
607 38028 47611
608 37932 47611
609 34956 47611
610 33132 47611
611 41868 47611
612 36204 47611
613 40428 47611
614 34284 47611
615 47148 47611
616 46476 47611
617 43212 47611
618 41196 47611
619 44556 47611
620 47052 47611
621 34572 47611
622 38316 47611
623 45132 47611
624 44748 47611
625 44940 47611
626 43884 47611
627 42060 47611
628 32364 47611
629 33516 47611
630 30156 47611
631 36780 47611
632 33228 47611
633 42156 47611
634 36684 47611
635 39276 47611
636 40044 47611
637 52716 47611
638 76713 27660
639 76713 28236
640 50220 47611
641 51564 47611
642 52332 47611
643 37164 47611
644 52428 47611
645 48972 42
646 32268 42
647 32748 42
648 31980 42
649 49644 42
650 49356 42
651 36876 42
652 47532 42
653 48300 42
654 32364 42
655 52716 42
656 50124 42
657 54060 42
658 49548 42
659 49836 42
660 47628 42
661 48204 42
662 49932 42
663 52236 42
664 53580 42
665 44556 42
666 54828 42
667 51084 42
668 52524 42
669 51276 42
670 76713 24300
671 53676 42
672 51468 47611
673 48396 42
674 76713 24972
675 49164 42
676 30156 42
677 42 23244
678 46668 47611
679 45996 47611
680 45228 47611
681 45516 47611
682 48204 47611
683 51372 47611
684 50028 47611
685 52236 47611
686 47916 47611
687 45228 42
688 42 17772
689 46284 47611
690 47724 42
691 41388 42
692 47916 42
693 47820 42
694 47340 42
695 44652 42
696 43596 42
697 42348 42
698 43692 42
699 42 22092
700 42444 42
701 50508 42
702 46668 42
703 47244 42
704 46284 42
705 43788 42
706 40716 42
707 42636 42
708 23628 42
709 42 21708
710 42 22188
711 24588 42
712 42 20844
713 29196 42
714 42 19980
715 29100 42
716 21900 47611
717 42 23724
718 25644 42
719 28524 42
720 26028 42
721 31596 42
722 33612 42
723 30924 42
724 35244 42
725 34764 42
726 33708 42
727 42 22572
728 33516 42
729 27276 42
730 38604 47611
731 30252 47611
732 29964 47611
733 39948 47611
734 39468 47611
735 41676 47611
736 40908 47611
737 36108 47611
738 25452 47611
739 41004 47611
740 31788 47611
741 29196 47611
742 34188 47611
743 48012 47611
744 47436 47611
745 45420 47611
746 41772 47611
747 42252 47611
748 37260 47611
749 23628 47611
750 35532 47611
751 46092 47611
752 44652 47611
753 45612 47611
754 46860 47611
755 43596 47611
756 41580 47611
757 31692 47611
758 34764 47611
759 36300 47611
760 26700 47611
761 35820 47611
762 39564 47611
763 38988 47611
764 37548 47611
765 76713 26220
766 76713 25644
767 76713 28140
768 51660 47611
769 76713 27564
770 76713 25068
771 23148 47611
772 76713 26316
773 52140 47611
774 36012 42
775 33996 42
776 30540 42
777 35724 42
778 40908 42
779 40428 42
780 40332 47611
781 49452 42
782 23340 47611
783 54636 42
784 57324 42
785 56460 42
786 50604 42
787 52140 42
788 50316 42
789 50796 42
790 52044 42
791 57420 42
792 57228 42
793 26604 42
794 76713 18924
795 76713 22092
796 76713 23532
797 76713 24012
798 76713 24396
799 76713 22860
800 46956 47611
801 50316 47611
802 49932 47611
803 43308 47611
804 42 19500
