0 284430 177800
1 284419 142420
2 240880 131950
3 341030 162915
4 267282 125766
5 46463 73670
6 105890 69336
7 170844 79036
8 221350 128333
9 225240 127400
10 175275 145600
11 282530 112567
12 126718 69825
13 166414 211026
14 321807 83222
15 258260 83906
16 68281 72287
17 160602 40110
18 171142 136500
19 341153 146490
20 190836 130200
21 152217 202800
22 265088 149240
23 281229 156261
24 267211 133700
25 321534 171300
26 109685 31363
27 276735 108100
28 292392 102624
29 248292 180040
30 257871 174391
31 220102 129713
32 263614 165355
33 230113 175000
34 206891 202160
35 116394 54656
36 124640 4200
37 337877 86380
38 322441 209650
39 184196 153618
40 170514 75133
41 226503 157500
42 192042 178500
43 216410 126280
44 176998 160600
45 220215 142800
46 100222 115413
47 202920 94920
48 206131 96320
49 228310 189000
50 259388 116760
51 261921 173400
52 166810 134540
53 172246 203700
54 178663 23800
55 110753 125787
56 122740 4200
57 330198 60511
58 359933 218292
59 212902 73553
60 194180 202253
61 136365 241053
62 255787 90300
63 239957 95106
64 124331 125284
65 236407 63000
66 395495 246284
67 238654 53307
68 239067 109900
69 258576 103200
70 226052 102900
71 234745 96833
72 268992 89366
73 333948 168525
74 164180 77669
75 292600 74200
76 303397 95331
77 268782 177000
78 307767 156040
79 247350 68452
80 261619 220111
81 363575 64711
82 348184 168280
83 242140 164242
84 359700 156726
85 181912 90835
86 366911 64244
87 270598 48440
88 376568 177964
89 337972 35560
90 339838 112700
91 264923 220500
92 255463 56890
93 478730 71202
94 268596 57400
95 209802 239980
96 260559 78018
97 310127 64820
98 238504 165400
99 193886 142927
100 217755 109666
101 71839 72848
102 137879 177682
103 225253 144989
104 316614 235944
105 326800 39009
106 474679 56221
107 321304 98560
108 321708 195160
109 222556 13580
110 371313 72537
111 316730 80920
112 488001 117720
113 277210 53900
114 466564 88760
115 331335 221877
116 388803 35000
117 403889 63933
118 481188 78600
119 219210 28922
120 378416 70653
121 329288 218739
122 371070 38733
123 437570 66733
124 318456 206608
125 365538 139222
126 505940 122850
127 361328 117972
128 347573 162866
129 461721 194410
130 206444 31546
131 298300 163100
132 434380 136943
133 308816 183765
134 302385 141400
135 368044 111461
136 386498 140840
137 166602 265400
138 364533 206733
139 371703 246866
140 441433 206733
141 446500 155800
142 363470 248733
143 464492 207177
144 429549 152600
145 156116 247333
146 356304 128200
147 401470 45000
148 288450 135844
149 283057 119857
150 438911 123365
151 361855 51100
152 412207 36348
153 302366 103320
154 305995 102200
155 77435 160484
156 294631 35430
157 401755 18666
158 418462 32603
159 382381 162883
160 308533 38991
161 282678 76043
162 78481 172025
163 362330 43400
164 364420 85600
165 270380 99842
166 357643 28466
167 391153 27720
168 260618 207037
169 196966 239400
170 279908 201693
171 264147 238000
172 222218 243023
173 270142 220920
174 255281 211826
175 138795 198800
176 385066 254022
177 147218 191647
178 191900 213150
179 215746 212772
180 268090 235666
181 390545 262266
182 189208 233800
183 390531 253800
184 215228 161627
185 277400 244066
186 245907 178500
187 298338 97720
188 272270 102900
189 332647 75133
190 321575 144900
191 328415 156800
192 305368 158200
193 384524 176325
194 500205 104255
195 370943 236600
196 367903 231933
197 383736 89133
198 313183 136733
199 273885 65100
200 288325 177800
201 324836 85400
202 374153 123943
203 302796 88200
204 306976 87266
205 174610 223300
206 68001 181082
207 258970 230300
208 272840 238466
209 175370 245933
210 182463 248733
211 165571 225800
212 324330 82600
213 295830 83300
214 342443 24733
215 366747 242200
216 408532 239919
217 321575 190400
218 289180 226800
219 366636 258066
220 353257 239400
221 361044 212388
222 247316 70466
223 265810 111720
224 270845 177100
225 290636 23800
226 220363 63430
227 273916 39666
228 251876 20066
229 125418 242283
230 277818 231000
231 281865 186200
232 172836 224466
233 240350 253400
234 312740 116200
235 309383 95666
236 390196 79800
237 369676 34066
238 324140 158200
239 298205 225400
240 353843 246866
241 345356 249666
242 280915 191100
243 262390 177100
244 227936 86333
245 239336 82600
246 192660 148750
247 199635 125800
248 263815 190400
249 275500 214900
250 287976 245933
251 266696 236600
252 297037 199000
253 251892 27300
254 259740 28933
255 383135 33600
256 327370 5600
257 391590 74200
258 266570 267400
259 218690 85400
260 329270 271600
261 390260 70000
262 230280 198800
263 255952 53694
264 246050 18200
265 260110 273000
266 354350 4200
267 358530 12600
268 386270 7000
269 392350 4200
270 331930 7000
271 326230 9800
272 255930 7000
273 339530 4200
274 378290 12600
275 362330 32200
276 276830 270200
277 373730 23800
278 302290 7000
279 317110 4200
280 266190 4200
281 296210 4200
282 253650 273000
283 351310 68600
284 378670 7000
285 344850 68600
286 302670 4200
287 176130 245000
288 324710 4200
289 520790 88200
290 317870 7000
291 385890 4200
292 519270 77000
293 371830 4200
294 528010 85400
295 527250 88200
296 166250 242200
297 207670 267400
298 107350 273000
299 113810 273000
300 173090 270200
301 184870 267400
302 198170 267400
303 159030 273000
304 190950 270200
305 170050 267400
306 164730 259000
307 169290 256200
308 156370 270200
309 267330 273000
310 288990 267400
311 265050 256200
312 267710 270200
313 254030 267400
314 285190 273000
315 202350 273000
316 261250 270200
317 247190 273000
318 280250 4200
319 245670 21000
320 276830 267400
321 243010 7000
322 252510 18200
323 230850 4200
324 215650 93800
325 207670 88200
326 160170 264600
327 288230 4200
328 257070 4200
329 263150 7000
330 249470 7000
331 257830 15400
332 263530 18200
333 287850 9800
334 266190 23800
335 191710 267400
336 269610 7000
337 181450 273000
338 277590 273000
339 213750 96600
340 200830 79800
341 249090 4200
342 242250 12600
343 245670 9800
344 309130 4200
345 359670 9800
346 311410 7000
347 395770 7000
348 197410 270200
349 376390 32200
350 378290 18200
351 371830 35000
352 346370 88200
353 304950 267400
354 303430 270200
355 273790 4200
356 311030 273000
357 350170 273000
358 213370 273000
359 350550 270200
360 341050 267400
361 176510 267400
362 298110 273000
363 289750 270200
364 291650 273000
365 168530 245000
366 278350 231000
367 358150 259000
368 357770 273000
369 191330 273000
370 331550 144200
371 321670 119000
372 306090 149800
373 379050 9800
374 361950 4200
375 385510 9800
376 398050 77000
377 349030 91000
378 379430 4200
379 355110 88200
380 265810 242200
381 312930 141400
382 357390 270200
383 385510 273000
384 401850 273000
385 442510 270200
386 366130 273000
387 308370 9800
388 318630 110600
389 311790 82600
390 361570 15400
391 235410 273000
392 233150 140
393 111070 140
394 219710 278990
395 146910 278990
396 192830 278990
397 154750 278990
398 130110 140
399 196190 140
400 254430 278990
401 172670 140
402 199550 140
403 209630 140
404 236510 278990
405 255550 278990
406 232030 140
407 164830 140
408 156990 278990
409 253310 278990
410 202910 278990
411 168190 278990
412 239870 140
413 233150 278990
414 177150 278990
415 114430 140
416 274590 278990
417 265630 140
418 263390 140
419 279070 140
420 258910 140
421 280190 140
422 277950 140
423 267870 140
424 127870 140
425 122270 140
426 124510 140
427 117790 140
428 140 146860
429 140 147980
430 248830 278990
431 140 149100
432 112190 140
433 160350 140
434 121150 140
435 152510 140
436 120030 140
437 144670 140
438 158110 140
439 148030 140
440 154750 140
441 170430 140
442 141310 140
443 237630 278990
444 245470 278990
445 187230 140
446 234270 278990
447 226430 278990
448 227550 278990
449 208510 278990
450 223070 278990
451 212990 278990
452 191710 278990
453 174910 278990
454 113310 140
455 189470 278990
456 198430 140
457 275710 278990
458 161470 278990
459 197310 140
460 204030 140
461 217470 140
462 230910 140
463 181630 278990
464 188350 278990
465 116670 140
466 273470 278990
467 150270 278990
468 182750 278990
469 240990 140
470 251070 278990
471 235390 278990
472 275710 140
473 281310 140
474 290270 140
475 289150 140
476 115550 140
477 288030 140
478 285790 140
479 296990 140
480 286910 140
481 242110 278990
482 220830 278990
483 240990 278990
484 218590 278990
485 224190 278990
486 151390 278990
487 140190 140
488 180510 278990
489 152510 278990
490 149150 278990
491 193950 140
492 221950 278990
493 190590 278990
494 195070 140
495 205150 140
496 217470 278990
497 229790 278990
498 123390 140
499 153630 278990
500 179390 278990
501 263390 278990
502 199550 278990
503 164830 278990
504 248830 140
505 239870 278990
506 238750 140
507 286910 278990
508 274590 140
509 118910 140
510 292510 140
511 283550 140
512 298110 140
513 293630 140
514 295870 140
515 284670 140
516 244350 278990
517 209630 278990
518 247710 278990
519 207390 278990
520 125630 140
521 271230 278990
522 255550 140
523 260030 278990
524 404510 140
525 403390 140
526 376510 140
527 379870 140
528 340670 140
529 332830 140
530 301470 140
531 370910 140
532 368670 140
533 388830 140
534 285790 278990
535 358590 140
536 345150 140
537 307070 140
538 206270 278990
539 272350 140
540 210750 278990
541 337310 140
542 346270 140
543 347390 140
544 312670 140
545 201790 278990
546 330590 140
547 391070 140
548 237630 140
549 384350 140
550 369790 140
551 367550 140
552 402270 140
553 372030 140
554 163710 278990
555 204030 278990
556 162590 278990
557 225310 278990
558 258910 278990
559 170430 278990
560 252190 278990
561 158110 278990
562 238750 278990
563 176030 278990
564 148030 278990
565 193950 278990
566 186110 278990
567 272350 278990
568 320510 278990
569 326110 278990
570 324990 278990
571 317150 278990
572 282430 278990
573 267870 278990
574 308190 278990
575 310430 278990
576 284670 278990
577 221950 140
578 256670 278990
579 229790 140
580 234270 140
581 243230 140
582 219710 140
583 220830 140
584 216350 278990
585 256670 140
586 246590 140
587 243230 278990
588 236510 140
589 249950 140
590 257790 140
591 276830 140
592 299230 140
593 271230 140
594 314910 140
595 211870 278990
596 283550 278990
597 300350 140
598 303710 140
599 310430 140
600 318270 140
601 326110 140
602 313790 140
603 359710 140
604 311550 140
605 392190 140
606 265630 278990
607 349630 140
608 357470 140
609 373150 140
610 327230 140
611 322750 140
612 291390 278990
613 294750 278990
614 311550 278990
615 299230 278990
616 300350 278990
617 246590 278990
618 350750 278990
619 342910 278990
620 339550 140
621 367550 278990
622 289150 278990
623 393310 278990
624 380990 278990
625 369790 278990
626 377630 278990
627 357470 278990
628 261150 278990
629 386590 140
630 328350 140
631 302590 140
632 375390 278990
633 351870 140
634 374270 278990
635 383230 140
636 370910 278990
637 253310 140
638 354110 140
639 288030 278990
640 262270 140
641 378750 278990
642 385470 278990
643 389950 278990
644 376510 278990
645 366430 278990
646 323870 140
647 389950 140
648 320510 140
649 378750 140
650 228670 278990
651 262270 278990
652 356350 140
653 361950 140
654 393310 140
655 396670 140
656 338430 140
657 342910 140
658 251070 140
659 344030 140
660 395550 140
661 365310 140
662 280190 278990
663 401150 140
664 336190 140
665 321630 140
666 270110 140
667 309310 140
668 230910 278990
669 352990 140
670 382110 140
671 348510 140
672 305950 140
673 178270 278990
674 333950 140
675 554110 122220
676 329470 140
677 387710 140
678 554110 121100
679 375390 140
680 554110 116620
681 554110 123340
682 169310 278990
683 214110 278990
684 102110 278990
685 103230 278990
686 173790 278990
687 187230 278990
688 195070 278990
689 159230 278990
690 198430 278990
691 165950 278990
692 167070 278990
693 172670 278990
694 160350 278990
695 270110 278990
696 293630 278990
697 266750 278990
698 276830 278990
699 257790 278990
700 290270 278990
701 205150 278990
702 264510 278990
703 249950 278990
704 282430 140
705 245470 140
706 279070 278990
707 244350 140
708 247710 140
709 227550 140
710 218590 140
711 211870 140
712 155870 278990
713 291390 140
714 260030 140
715 264510 140
716 254430 140
717 261150 140
718 266750 140
719 294750 140
720 268990 140
721 197310 278990
722 273470 140
723 183870 278990
724 277950 278990
725 216350 140
726 200670 140
727 252190 140
728 242110 140
729 228670 140
730 324990 140
731 335070 140
732 319390 140
733 400030 140
734 200670 278990
735 377630 140
736 394430 140
737 380990 140
738 374270 140
739 364190 140
740 303710 278990
741 305950 278990
742 235390 140
743 309310 278990
744 352990 278990
745 215230 278990
746 346270 278990
747 345150 278990
748 184990 278990
749 298110 278990
750 292510 278990
751 296990 278990
752 171550 278990
753 281310 278990
754 363070 278990
755 360830 278990
756 196190 278990
757 350750 140
758 331710 140
759 308190 140
760 385470 140
761 366430 140
762 397790 140
763 398910 140
764 355230 140
765 405630 140
766 360830 140
767 268990 278990
768 317150 140
769 373150 278990
770 388830 278990
771 406750 278990
772 445950 278990
773 372030 278990
774 304830 140
775 341790 140
776 316030 140
777 363070 140
778 232030 278990
