0 36583 5748
1 21144 26966
2 50511 24950
3 25636 18225
4 36007 7740
5 32820 11127
6 29615 19922
7 17455 6139
8 25467 24588
9 18936 26910
10 36766 10585
11 52123 9218
12 49427 20018
13 20925 2295
14 38084 12439
15 38640 16229
16 47302 19845
17 27399 20757
18 21575 15552
19 22218 21418
20 36851 10587
21 46653 17207
22 29637 14463
23 32415 11494
24 42235 19179
25 29295 15021
26 33769 13063
27 54367 11154
28 38349 23735
29 27868 24498
30 45577 22845
31 48811 29096
32 19000 35525
33 46778 21505
34 52540 26400
35 38647 31365
36 15483 32119
37 53338 23179
38 50405 28906
39 34913 34523
40 34569 33075
41 38737 30179
42 17087 32197
43 47652 20272
44 21326 29666
45 47536 37314
46 36956 33193
47 40027 26906
48 20865 35735
49 21090 32872
50 24429 30035
51 30807 39285
52 34929 31935
53 10402 21232
54 38334 15553
55 47502 27309
56 46171 24176
57 54181 27124
58 36916 18225
59 41846 29454
60 19532 16243
61 46634 22185
62 47644 20860
63 47130 19989
64 24023 17256
65 31877 34523
66 38585 23436
67 24489 14816
68 11852 19290
69 48017 15900
70 44605 25480
71 31981 14368
72 31369 20717
73 18451 14715
74 19037 5985
75 31609 11817
76 41152 10305
77 26896 8055
78 43443 21330
79 12114 29105
80 39762 9072
81 58275 13053
82 35705 10819
83 46542 24191
84 10190 11358
85 43700 24683
86 15935 16129
87 49718 12534
88 26795 6692
89 39283 20713
90 35087 5412
91 44901 24045
92 32931 7650
93 40865 30289
94 35588 6713
95 29160 4095
96 38065 35489
97 40165 7710
98 51404 6378
99 50829 20981
100 40044 18369
101 40462 36067
102 45297 18122
103 34754 22197
104 36423 2835
105 39988 5370
106 18090 2700
107 11822 20664
108 46438 16024
109 47050 17466
110 48825 20427
111 43359 19667
112 58559 27016
113 46816 17469
114 47733 9085
115 60608 25953
116 49988 7944
117 58512 11441
118 50733 9213
119 56873 25476
120 28751 27641
121 43592 17469
122 43416 15505
123 44739 7371
124 21940 21951
125 42990 13837
126 51594 10622
127 43751 13252
128 50884 8100
129 51200 7269
130 27372 26775
131 44302 21195
132 41022 21391
133 47761 5747
134 47790 5355
135 50898 6273
136 52577 12985
137 66420 24087
138 68944 12352
139 24097 14085
140 67954 12417
141 70207 22622
142 53087 13513
143 21686 10773
144 53040 11115
145 56379 13390
146 65466 12060
147 17388 15525
148 65910 17415
149 56443 13306
150 57950 12388
151 63666 10597
152 52249 16020
153 69817 14303
154 67591 11180
155 70232 22797
156 70740 12169
157 37850 24705
158 49132 23875
159 58845 37910
160 50114 26278
161 47368 23972
162 46332 36821
163 70258 30713
164 47045 32475
165 54887 33962
166 46969 23245
167 37449 22781
168 46809 25068
169 49000 31995
170 60275 36315
171 44885 29835
172 42488 29515
173 43191 27967
174 43528 28181
175 49417 31089
176 42368 27163
177 54372 36855
178 43821 35437
179 26543 14535
180 9736 10851
181 31637 19068
182 26631 7973
183 27189 32490
184 25675 21208
185 25812 32501
186 26043 16322
187 25968 11745
188 30486 11802
189 26535 17741
190 13593 8971
191 27409 32883
192 28997 15497
193 11856 14290
194 28357 21813
195 32178 18495
196 31824 22310
197 29336 21341
198 29592 13770
199 14089 9904
200 29301 38715
201 33302 18456
202 29187 30577
203 8946 12780
204 12865 12757
205 10613 9875
206 30204 6843
207 40491 8640
208 28481 5671
209 30969 10215
210 34427 6075
211 34006 5771
212 60092 6975
213 49964 3856
214 47443 15075
215 62007 7479
216 59613 5508
217 62061 3675
218 56788 3890
219 57437 18857
220 47092 24052
221 60567 19026
222 55714 16987
223 57148 15552
224 57252 15885
225 53858 17381
226 33252 25168
227 31534 5332
228 30253 16497
229 36180 26346
230 37422 23936
231 25992 13665
232 34492 25211
233 33816 28087
234 69016 29604
235 45679 13154
236 67772 28744
237 67540 32754
238 68809 27945
239 43595 3133
240 37374 17141
241 35196 17176
242 34386 17550
243 37494 14112
244 40521 19935
245 43831 26358
246 55128 23517
247 60395 23586
248 53817 26763
249 57564 24203
250 26964 19170
251 24414 17797
252 41484 4060
253 19901 13891
254 22317 14343
255 68975 20735
256 42624 17768
257 65762 22176
258 69653 18765
259 59316 34963
260 49194 17646
261 56244 36855
262 62166 34095
263 56484 36146
264 30660 35225
265 39669 29970
266 27468 37800
267 26194 21630
268 21185 26049
269 18356 27945
270 23635 26754
271 22464 24165
272 26598 24242
273 24260 25434
274 36944 37622
275 23530 2970
276 37948 39015
277 26392 2430
278 44806 30780
279 44158 30780
280 44671 5130
281 45886 31050
282 55903 39150
283 52123 37395
284 55444 38745
285 56740 39015
286 70429 25515
287 45670 37530
288 23260 2700
289 46372 3375
290 46993 3915
291 39109 3510
292 40756 4050
293 42430 3510
294 39946 2835
295 42808 4725
296 42484 2565
297 43537 4050
298 42997 4455
299 16159 30780
300 49990 2565
301 55255 3645
302 53230 2565
303 46210 3240
304 42268 3645
305 43402 3645
306 44887 5805
307 46615 3915
308 22774 2565
309 9220 13230
310 22558 2295
311 24772 2835
312 23503 3645
313 24502 2295
314 23881 39015
315 23638 2430
316 24529 39150
317 24016 3375
318 23152 3510
319 23962 4185
320 28768 2565
321 29227 2295
322 28876 6750
323 25717 2835
324 32413 34290
325 32602 7695
326 31792 7290
327 21262 39285
328 30388 7155
329 32845 6885
330 39541 37800
331 39109 37800
332 35518 38880
333 40783 37800
334 39379 38205
335 41593 38070
336 42538 36855
337 41620 36045
338 29929 39285
339 55552 35910
340 53635 35640
341 54418 33750
342 41296 37665
343 54526 36045
344 46075 37665
345 51448 36855
346 51124 31860
347 52258 31320
348 51070 31725
349 23719 39150
350 52420 36180
351 44320 31455
352 43429 32940
353 44428 33210
354 45751 31185
355 49612 30645
356 49774 38610
357 51907 37935
358 46561 38070
359 43564 36990
360 29254 39015
361 44374 36855
362 43969 36585
363 43699 38205
364 45238 37530
365 55579 39150
366 55957 39285
367 56146 2295
368 54607 37530
369 53743 36855
370 50827 37530
371 24907 39015
372 50152 37935
373 54148 37395
374 36004 3510
375 35923 3510
376 27364 7290
377 37624 4050
378 37408 3510
379 37435 39150
380 39703 2565
381 49072 3105
382 25771 2565
383 55525 3240
384 57469 2295
385 53905 2430
386 53851 3780
387 46912 2565
388 48019 2700
389 48721 2565
390 51178 2565
391 56713 2430
392 61195 2295
393 25204 2565
394 59656 2430
395 54526 2565
396 70537 17010
397 48721 30375
398 51772 3105
399 52825 2430
400 41728 39015
401 51124 10260
402 54094 36990
403 47128 32805
404 40074 3209
405 42375 2715
406 29512 24307
407 38248 38907
408 49130 38692
409 47642 38936
410 48536 38090
411 45729 37665
412 39906 2655
413 50044 7944
414 38220 41452
415 14316 41452
416 43116 41452
417 43020 41452
418 41772 41452
419 41964 41452
420 36012 41452
421 32940 41452
422 31884 41452
423 35916 41452
424 36396 41452
425 36300 41452
426 19596 41452
427 38316 42
428 44076 42
429 37356 42
430 33516 42
431 31980 42
432 37164 42
433 42828 42
434 43020 42
435 40428 42
436 41484 42
437 15084 41452
438 36300 42
439 39276 42
440 38412 42
441 41100 42
442 40140 42
443 39468 42
444 39852 42
445 39564 42
446 18252 41452
447 16812 41452
448 17004 41452
449 23244 42
450 18156 41452
451 20844 42
452 42 20844
453 42 20652
454 13452 41452
455 20748 42
456 21804 42
457 21324 42
458 27756 42
459 33324 42
460 24684 42
461 23916 42
462 21228 41452
463 21036 41452
464 21324 41452
465 20172 41452
466 30156 41452
467 30060 41452
468 36876 41452
469 33804 41452
470 31788 41452
471 38892 41452
472 37644 41452
473 38604 41452
474 38412 41452
475 38508 41452
476 19692 41452
477 37164 41452
478 37068 41452
479 32076 41452
480 37452 41452
481 37260 41452
482 36972 41452
483 37356 41452
484 42252 42
485 41580 42
486 36108 41452
487 20364 41452
488 33996 41452
489 36972 42
490 40812 42
491 41868 42
492 42060 42
493 41964 42
494 36204 42
495 38124 42
496 39948 42
497 35340 41452
498 19980 41452
499 40524 41452
500 39852 41452
501 38796 41452
502 38700 41452
503 38988 41452
504 34668 41452
505 30348 41452
506 40620 41452
507 43308 41452
508 43404 41452
509 20748 41452
510 41676 41452
511 41868 41452
512 34476 41452
513 34572 41452
514 19404 41452
515 35244 41452
516 35436 41452
517 36204 41452
518 37932 42
519 43788 42
520 20844 41452
521 40716 42
522 35532 42
523 31308 41452
524 37260 42
525 41196 42
526 43404 42
527 42732 42
528 43308 42
529 33996 42
530 38028 42
531 30828 41452
532 36492 42
533 39084 41452
534 40620 42
535 39372 41452
536 42156 42
537 41676 42
538 38316 41452
539 33324 41452
540 31980 41452
541 40428 41452
542 18348 41452
543 42 21420
544 35820 41452
545 39180 42
546 41388 42
547 42636 42
548 43980 42
549 46284 42
550 47724 42
551 51948 41452
552 52716 41452
553 47244 42
554 45996 42
555 45036 42
556 41004 42
557 44748 42
558 44940 42
559 40332 42
560 39756 42
561 34476 42
562 34764 42
563 41292 42
564 38508 42
565 41772 42
566 40908 42
567 33900 42
568 48108 42
569 49260 42
570 49164 42
571 46860 42
572 46956 42
573 42348 42
574 44844 42
575 47148 42
576 33708 42
577 32364 42
578 32172 42
579 32268 42
580 33804 42
581 32556 41452
582 34284 41452
583 34380 41452
584 31212 41452
585 31212 42
586 31884 42
587 33036 42
588 29580 42
589 31596 42
590 29964 42
591 29388 42
592 33420 41452
593 32748 42
594 32652 42
595 29580 41452
596 33420 42
597 32364 41452
598 36492 41452
599 32460 41452
600 32268 41452
601 39180 41452
602 40140 41452
603 39468 41452
604 40236 41452
605 39948 41452
606 39276 41452
607 51852 41452
608 54828 41452
609 55116 41452
610 42828 41452
611 48204 41452
612 47340 41452
613 49836 41452
614 50124 41452
615 53100 41452
616 54924 41452
617 44076 41452
618 53004 41452
619 54732 41452
620 47244 41452
621 48972 41452
622 46380 41452
623 48780 41452
624 48012 41452
625 47820 41452
626 44748 41452
627 42732 41452
628 42540 41452
629 45324 41452
630 42636 41452
631 43980 41452
632 47436 41452
633 55212 41452
634 55308 41452
635 55404 41452
636 54156 41452
637 51372 41452
638 49644 41452
639 35148 41452
640 45996 41452
641 48876 42
642 35628 42
643 35148 42
644 35724 42
645 51468 42
646 51084 42
647 35436 42
648 37740 42
649 47820 42
650 35244 42
651 43692 42
652 54348 42
653 45900 42
654 43212 42
655 45324 42
656 47340 42
657 46572 42
658 48588 42
659 54540 42
660 54252 42
661 44556 42
662 54156 42
663 53676 41452
664 52716 42
665 47916 42
666 50700 42
667 50796 42
668 51180 42
669 53580 42
670 53964 42
671 39660 42
672 34860 42
673 26700 42
674 45612 41452
675 45228 41452
676 45132 42
677 46476 41452
678 57996 41452
679 52524 41452
680 56076 41452
681 57516 41452
682 78945 25740
683 46284 41452
684 23436 42
685 46668 42
686 47436 42
687 39372 42
688 40524 42
689 42540 42
690 40236 42
691 43116 42
692 42924 42
693 43884 42
694 43500 42
695 14892 41452
696 50412 42
697 55788 42
698 53772 42
699 48396 42
700 42444 42
701 43596 42
702 45804 42
703 49068 42
704 22284 42
705 42 12780
706 22860 42
707 24780 42
708 23628 42
709 24012 42
710 20460 41452
711 23532 42
712 23916 41452
713 24108 42
714 22764 42
715 23820 42
716 29004 42
717 29676 42
718 30060 42
719 28236 42
720 34188 41452
721 34380 42
722 32940 42
723 21132 41452
724 34572 42
725 33612 42
726 39564 41452
727 39756 41452
728 34092 41452
729 41196 41452
730 39660 41452
731 42444 41452
732 42924 41452
733 42348 41452
734 30924 41452
735 57420 41452
736 57324 41452
737 57132 41452
738 42156 41452
739 57708 41452
740 48108 41452
741 51756 41452
742 52140 41452
743 52812 41452
744 51660 41452
745 21804 41452
746 52908 41452
747 46860 41452
748 44364 41452
749 46668 41452
750 47628 41452
751 49932 41452
752 52620 41452
753 53292 41452
754 47052 41452
755 44556 41452
756 31116 41452
757 44844 41452
758 44460 41452
759 44652 41452
760 46188 41452
761 57228 41452
762 57036 41452
763 56460 42
764 55980 41452
765 54060 41452
766 52044 41452
767 22380 41452
768 50604 41452
769 54636 41452
770 36108 42
771 36012 42
772 27564 42
773 37068 42
774 36876 42
775 37740 41452
776 40044 42
777 49452 42
778 26028 42
779 55500 42
780 58860 42
781 54060 42
782 53868 42
783 47052 42
784 48012 42
785 48972 42
786 51564 42
787 58380 42
788 61644 42
789 25164 42
790 59820 42
791 55596 42
792 78945 19980
793 49740 41452
794 52140 42
795 52812 42
796 42060 41452
797 53292 42
798 55884 41452
799 47916 41452
800 23724 42
