0 29584 21493
1 16027 31961
2 42746 43367
3 23656 28620
4 37711 23331
5 30033 18615
6 29313 41591
7 11247 21450
8 16318 27415
9 42887 22973
10 42156 18784
11 36721 43425
12 24921 2295
13 36187 20638
14 24231 41535
15 19204 29808
16 22193 14516
17 39229 46629
18 26504 41367
19 43624 31539
20 40160 46638
21 27054 41459
22 41442 20945
23 25501 49226
24 47105 33678
25 43035 34665
26 11056 30635
27 41469 32664
28 50272 31035
29 29056 51880
30 45779 32154
31 21047 38495
32 31221 39915
33 32174 53765
34 20010 37698
35 39178 35346
36 53014 34132
37 35917 52614
38 13141 29849
39 34160 28350
40 31381 33605
41 27135 2565
42 23973 20790
43 19375 14445
44 36690 18834
45 38103 45508
46 44204 29205
47 40002 33860
48 31927 11097
49 21837 25721
50 27132 27945
51 45624 29325
52 50256 25752
53 25943 14613
54 16365 21642
55 35955 19156
56 36713 48236
57 11370 38951
58 41537 23990
59 38905 49959
60 36463 47738
61 19347 50483
62 20647 23817
63 30355 31340
64 34857 23499
65 29195 23915
66 13966 39052
67 19548 24570
68 29431 25866
69 37768 25272
70 44746 16207
71 37755 45540
72 30445 28188
73 44564 31455
74 37047 19530
75 31671 2295
76 54428 15458
77 13209 17820
78 48052 25534
79 48867 30692
80 46627 30358
81 35661 37323
82 48013 30569
83 45726 10208
84 45792 25828
85 50739 49818
86 31479 33001
87 44158 31672
88 51489 20169
89 56851 16325
90 53802 16012
91 37080 32925
92 37898 50315
93 52197 15187
94 49400 21958
95 45858 21470
96 52351 24327
97 46402 19696
98 62831 22432
99 54506 23676
100 52866 22572
101 62712 21037
102 60210 36153
103 61284 18549
104 49727 24900
105 51726 26870
106 64630 24963
107 34669 50020
108 36840 51358
109 36511 52103
110 35621 52539
111 50403 41817
112 32793 51285
113 46527 59227
114 54493 46497
115 44426 56818
116 41699 60075
117 35634 57079
118 35547 54925
119 39027 54036
120 49289 58950
121 53670 48789
122 60822 48911
123 24055 40243
124 13899 46892
125 26142 11475
126 36748 27119
127 21357 53325
128 21878 42303
129 13702 48244
130 23154 39845
131 21198 45225
132 22444 41622
133 15610 44415
134 23414 38542
135 13740 51795
136 28659 40277
137 25528 41416
138 29538 12532
139 38719 24483
140 43209 19350
141 36738 22770
142 39072 24897
143 43340 10930
144 42510 13759
145 37161 44007
146 40647 43560
147 36988 41429
148 36301 42592
149 24703 32901
150 28198 51136
151 28417 48772
152 49315 40073
153 43168 35108
154 45881 42363
155 49788 41478
156 30475 11102
157 46561 44550
158 45393 47301
159 51084 43875
160 25029 31488
161 24483 24774
162 25137 24816
163 20534 20925
164 62083 32231
165 63180 30278
166 60291 28147
167 62595 35730
168 60401 46376
169 48279 42018
170 56322 49695
171 23402 59129
172 31218 54198
173 23052 57327
174 20865 58023
175 21897 53415
176 26253 40270
177 32498 34788
178 35227 34076
179 29694 27461
180 4387 31860
181 31522 4725
182 3388 39015
183 43888 63720
184 42808 63720
185 40351 63720
186 42754 63315
187 69322 36315
188 68647 33885
189 69781 35370
190 46021 63855
191 69214 36855
192 41674 63720
193 23098 63855
194 60250 32805
195 70024 30645
196 44941 10800
197 43132 9450
198 39757 4860
199 40918 4860
200 44536 4320
201 43429 4590
202 41917 4590
203 41917 9990
204 25204 4725
205 67675 27675
206 69673 29970
207 47884 9855
208 47965 9720
209 44131 10665
210 70537 24165
211 70456 25785
212 69835 26730
213 23800 5400
214 26365 4590
215 27148 5805
216 28012 4725
217 3955 36045
218 3172 31725
219 24097 63720
220 28876 9045
221 22720 63585
222 3361 34425
223 3469 33885
224 3982 34695
225 28201 63855
226 32413 63180
227 31144 63585
228 22855 58455
229 31468 63180
230 33250 62775
231 3226 37665
232 23368 63585
233 4468 38070
234 34978 62775
235 33898 62775
236 32656 61155
237 27148 63855
238 37462 62235
239 33088 61560
240 39325 62235
241 36139 62100
242 34303 61290
243 21397 58185
244 43267 58185
245 43132 58185
246 39433 56700
247 33952 62370
248 43375 58860
249 42970 58725
250 42619 59535
251 40837 58860
252 38650 57240
253 33142 61965
254 21721 59130
255 3496 44955
256 36625 62235
257 40081 60210
258 39433 58590
259 38002 62100
260 38893 57510
261 38785 63855
262 37840 59400
263 35059 62100
264 35410 61290
265 4738 37800
266 38083 61425
267 39217 61965
268 36949 61965
269 35302 61965
270 69457 30105
271 70186 34155
272 69781 36450
273 69619 34965
274 68458 35775
275 69754 34155
276 3172 37125
277 69862 31725
278 69376 33345
279 30928 9180
280 32845 9855
281 25123 5265
282 33277 9180
283 37435 4725
284 68809 28215
285 39622 5670
286 42700 9990
287 3496 37395
288 44266 10395
289 46723 9585
290 49450 8505
291 48019 9450
292 43645 9315
293 45157 9450
294 48424 9045
295 49045 9315
296 69430 22275
297 70402 22680
298 27850 5130
299 69322 21195
300 70348 27135
301 69565 27540
302 68863 27405
303 70240 28620
304 69106 28215
305 69376 36045
306 68134 34695
307 69214 33615
308 46318 63315
309 45552 25070
310 46395 26255
311 27939 62831
312 30550 56582
313 31759 57435
314 39042 62487
315 37248 61137
316 42147 27655
317 44470 23145
318 52102 26925
319 32076 42
320 42 37452
321 38892 66077
322 38700 66077
323 36972 66077
324 37548 66077
325 32748 42
326 27564 42
327 42 31884
328 32844 42
329 36300 42
330 72979 29388
331 42 32940
332 72979 31788
333 72979 31020
334 36780 42
335 34476 42
336 28332 42
337 35916 42
338 38988 42
339 37548 42
340 39852 42
341 39660 42
342 42 27468
343 34284 42
344 33996 42
345 33036 42
346 33324 42
347 33900 42
348 34188 42
349 34860 42
350 33708 42
351 25164 42
352 26028 42
353 25452 42
354 42 30828
355 42 32364
356 25068 42
357 42 31116
358 42 30924
359 42 36492
360 42 32076
361 42 31692
362 42 29772
363 42 32172
364 31500 42
365 42 32652
366 42 33804
367 42 32268
368 42 36588
369 42 36396
370 42 33228
371 42 36780
372 42 35052
373 42 36204
374 42 35820
375 42 35436
376 42 35916
377 42 34956
378 42 35628
379 42 34380
380 42 34572
381 42 35724
382 30540 42
383 30444 42
384 42 33132
385 30732 42
386 34572 42
387 36204 42
388 36396 42
389 72979 30636
390 35532 42
391 35436 42
392 42 32460
393 28716 42
394 37068 42
395 72979 32268
396 72979 31692
397 72979 30060
398 72979 32364
399 35340 42
400 35244 42
401 33420 42
402 42 33900
403 42 34764
404 42 37068
405 42 36972
406 42 35340
407 42 35148
408 42 36300
409 42 35244
410 42 34284
411 36876 66077
412 39180 66077
413 38988 66077
414 42 34188
415 42 34092
416 38220 66077
417 29676 42
418 29772 42
419 42 32556
420 31404 42
421 35628 42
422 72979 28236
423 37740 42
424 72979 29964
425 42 31020
426 36012 42
427 35724 42
428 28044 42
429 36684 42
430 38796 42
431 37836 42
432 38508 42
433 38412 42
434 32172 42
435 34092 42
436 26988 42
437 31788 42
438 42 33612
439 35820 42
440 33804 42
441 34956 42
442 34380 42
443 42 36108
444 42 33516
445 42 33420
446 37740 66077
447 42 29292
448 42 33036
449 29484 42
450 42 35532
451 40332 66077
452 43212 66077
453 40620 66077
454 41196 66077
455 43980 66077
456 72979 34284
457 46572 66077
458 45996 66077
459 44268 66077
460 42636 66077
461 35052 42
462 72979 31116
463 72979 30732
464 37260 42
465 72979 27276
466 36108 42
467 35148 42
468 42156 42
469 41676 42
470 72979 30156
471 72979 29100
472 31884 42
473 44940 42
474 46956 42
475 46860 42
476 72979 27660
477 72979 29196
478 72979 29580
479 72979 28524
480 72979 29868
481 30636 42
482 28620 42
483 42 33324
484 42 31788
485 42 34860
486 27372 66077
487 25644 66077
488 28332 66077
489 25932 66077
490 29580 66077
491 29196 66077
492 32364 66077
493 31020 66077
494 32748 66077
495 33132 66077
496 32268 66077
497 31212 66077
498 42 38700
499 33228 66077
500 30540 66077
501 42 38220
502 42 38412
503 31500 66077
504 30156 66077
505 29964 66077
506 31308 66077
507 33420 66077
508 34668 66077
509 34284 66077
510 32460 66077
511 31116 66077
512 41868 66077
513 41388 66077
514 41004 66077
515 34860 66077
516 40524 66077
517 41580 66077
518 41484 66077
519 38604 66077
520 40236 66077
521 41676 66077
522 34188 66077
523 39276 66077
524 40908 66077
525 41292 66077
526 40140 66077
527 37836 66077
528 37164 66077
529 36300 66077
530 33996 66077
531 33900 66077
532 35148 66077
533 42 37740
534 35724 66077
535 38796 66077
536 37356 66077
537 35244 66077
538 72979 36684
539 72979 34764
540 72979 39468
541 72979 34668
542 72979 35916
543 72979 35340
544 42 36684
545 72979 34860
546 72979 33612
547 42 30540
548 26220 42
549 25260 42
550 48300 42
551 72979 27564
552 72979 32844
553 72979 27372
554 40140 42
555 42 32844
556 39564 42
557 44172 42
558 38700 42
559 44460 42
560 72979 28428
561 43308 42
562 48396 42
563 46668 42
564 72979 27084
565 72979 25452
566 40524 42
567 72979 24780
568 72979 26316
569 72979 29772
570 72979 30348
571 72979 30444
572 72979 30924
573 72979 32076
574 72979 32172
575 72979 31500
576 39852 66077
577 29100 42
578 42 39660
579 44172 66077
580 42924 66077
581 40428 66077
582 43116 66077
583 72979 37356
584 72979 33996
585 72979 37932
586 46476 66077
587 72979 36876
588 41772 66077
589 23820 66077
590 72979 32652
591 72979 30540
592 44652 42
593 43404 42
594 39276 42
595 40428 42
596 44844 42
597 43596 42
598 41964 42
599 42060 42
600 25740 42
601 72979 27948
602 72979 30828
603 48492 42
604 48684 42
605 44556 42
606 72979 27180
607 72979 28140
608 72979 29004
609 23724 42
610 26124 42
611 28140 42
612 28524 42
613 42 36012
614 42 31980
615 24684 66077
616 29196 42
617 23148 66077
618 42 34476
619 42 33996
620 42 34668
621 28812 66077
622 33036 66077
623 32844 66077
624 24972 66077
625 32076 66077
626 37260 66077
627 42 37356
628 23532 66077
629 42 36876
630 35532 66077
631 34380 66077
632 32940 66077
633 23436 66077
634 38316 66077
635 33324 66077
636 39948 66077
637 36588 66077
638 34956 66077
639 22188 66077
640 43596 66077
641 43788 66077
642 39660 66077
643 34092 66077
644 43884 66077
645 43692 66077
646 43020 66077
647 41100 66077
648 39084 66077
649 33516 66077
650 22092 66077
651 42 33708
652 37644 66077
653 40044 66077
654 39468 66077
655 38124 66077
656 39372 66077
657 39756 66077
658 38508 66077
659 35436 66077
660 35820 66077
661 42 37260
662 38412 66077
663 39564 66077
664 37068 66077
665 35628 66077
666 72979 30252
667 72979 34188
668 72979 36396
669 72979 35148
670 72979 35532
671 72979 34380
672 42 37164
673 72979 31308
674 72979 33516
675 31308 42
676 33516 42
677 25356 42
678 33612 42
679 37644 42
680 72979 28332
681 39756 42
682 42348 42
683 42 37836
684 44748 42
685 49932 42
686 51372 42
687 49164 42
688 43692 42
689 45516 42
690 48588 42
691 49356 42
692 72979 24204
693 72979 22956
694 28428 42
695 72979 21516
696 72979 27468
697 72979 28044
698 72979 27852
699 72979 29292
700 72979 29676
701 72979 36108
702 72979 35052
703 72979 33804
704 46668 66077
705 42 32748
