0 134836 139533
1 154545 213925
2 145894 135672
3 259276 156177
4 143687 84000
5 35498 119000
6 80294 60620
7 217692 126000
8 207237 117600
9 114693 196840
10 146680 77700
11 153567 72100
12 234124 116858
13 78216 91000
14 81193 204400
15 236510 115315
16 206573 73553
17 47030 127547
18 90666 67245
19 147820 63622
20 283344 141200
21 153026 59640
22 77547 202200
23 117666 130614
24 164388 68040
25 126046 98840
26 265915 233371
27 179930 125650
28 118140 195588
29 60609 36503
30 129310 96747
31 138396 66920
32 180810 93357
33 177135 92750
34 167428 91000
35 238960 217240
36 164065 76300
37 195486 170431
38 179122 74200
39 156417 93100
40 186375 122230
41 165490 94920
42 119755 192952
43 89459 41815
44 105355 23800
45 177498 66080
46 268838 217700
47 175037 58800
48 74416 94733
49 199025 82600
50 271998 188720
51 188600 60200
52 204582 61600
53 209431 94563
54 201257 56000
55 135802 52500
56 151642 25380
57 169556 54600
58 212791 203636
59 167932 52600
60 127212 187923
61 180237 85979
62 185212 49560
63 131860 60200
64 126841 56082
65 136562 55300
66 120194 221666
67 198882 38500
68 193420 38200
69 120080 7000
70 204582 27300
71 233961 228375
72 203416 25953
73 147592 211586
74 135261 258778
75 207480 14466
76 209047 14000
77 152521 41432
78 207242 50400
79 194327 47755
80 202967 42000
81 133506 79177
82 131717 79800
83 190237 66500
84 192565 73266
85 250565 128388
86 90060 137200
87 114971 212488
88 208141 157752
89 197891 211960
90 82857 84960
91 145029 130812
92 71202 148400
93 239229 151900
94 60065 139490
95 108431 217000
96 191055 149877
97 89858 127070
98 102188 221355
99 171527 196466
100 35625 163100
101 79050 146066
102 80267 225830
103 99638 96300
104 265810 124425
105 36340 160253
106 245871 226223
107 193389 233271
108 18382 170800
109 26703 155400
110 103747 94338
111 48944 151200
112 15010 166600
113 24541 163800
114 64481 128100
115 152293 169400
116 155261 83066
117 176510 8723
118 156142 22866
119 53109 135163
120 164017 119719
121 111259 165554
122 189626 178247
123 268514 142311
124 324749 63546
125 259160 142055
126 328184 109609
127 250230 156927
128 212067 169800
129 268061 28980
130 238165 163800
131 314913 157412
132 260395 159600
133 268726 132634
134 311904 135800
135 213760 176059
136 336363 118066
137 339260 116200
138 297993 131276
139 335191 131600
140 244840 56127
141 308864 103880
142 341810 127400
143 294943 114333
144 269515 37875
145 342190 131133
146 287406 90533
147 248376 226005
148 332887 156085
149 257640 254333
150 302064 273423
151 247000 31819
152 242915 241500
153 245021 85231
154 293664 205000
155 266142 89611
156 230099 211133
157 246810 234500
158 256656 103847
159 271510 105000
160 286836 249666
161 309396 262220
162 308397 217400
163 286076 244066
164 288040 216138
165 150796 264133
166 262793 245875
167 291840 259700
168 149577 270200
169 250230 103000
170 315006 283400
171 280554 243880
172 214184 226200
173 206128 143230
174 211533 224933
175 296197 196056
176 230813 134938
177 230945 204400
178 186855 229520
179 303077 224200
180 213940 200200
181 347854 221462
182 183445 151900
183 59493 182594
184 305066 56969
185 227658 233800
186 222363 274866
187 322362 210200
188 331390 61193
189 204129 137709
190 221096 272066
191 214130 274866
192 320711 73309
193 215143 271133
194 113107 167618
195 82561 257693
196 141115 207000
197 44982 224000
198 49659 250570
199 162526 137760
200 76380 221900
201 112352 182651
202 194462 269185
203 142975 123760
204 62405 257600
205 176657 254644
206 160969 134674
207 90657 182200
208 53770 223533
209 75291 235327
210 171665 265533
211 72611 259000
212 173497 271400
213 37493 221666
214 240065 158200
215 225055 154000
216 105576 131133
217 82776 158200
218 105830 140466
219 278445 166600
220 260395 230300
221 233890 225400
222 345406 235211
223 323020 144088
224 345103 156333
225 343963 160066
226 276830 244066
227 231895 149800
228 206815 151900
229 247190 117133
230 211723 106866
231 219528 117188
232 229076 112466
233 238196 112466
234 48355 218400
235 47305 199497
236 59660 189700
237 56746 176866
238 115583 227266
239 95443 224466
240 87291 221800
241 318554 157080
242 320150 134400
243 343203 105933
244 295436 123200
245 349536 118066
246 324710 109900
247 300567 97346
248 205271 278445
249 253175 261800
250 204725 254800
251 274423 281400
252 245036 247800
253 240516 251650
254 197790 82600
255 218595 114100
256 194940 87500
257 212736 63000
258 251370 117133
259 218888 54356
260 246810 112466
261 250483 111533
262 98420 203000
263 177935 235200
264 178980 200900
265 131543 227266
266 130783 220733
267 55923 224466
268 245860 219800
269 262136 166600
270 279300 140000
271 256183 198333
272 338770 163800
273 248520 257600
274 229425 261100
275 277970 284200
276 273536 279533
277 246683 283266
278 85500 161700
279 172995 148400
280 206783 103133
281 205390 100333
282 199690 96600
283 207404 125720
284 198930 88600
285 64505 188300
286 78470 172900
287 202223 272066
288 137243 209533
289 153750 208000
290 11257 147700
291 13530 154515
292 264005 275800
293 379050 106400
294 53770 170800
295 370120 134400
296 11590 204400
297 18430 229600
298 190570 93800
299 256690 119000
300 256880 299600
301 267710 303800
302 378670 151200
303 251560 184800
304 50326 151900
305 5890 147000
306 6650 144200
307 237310 303800
308 381330 135800
309 236930 309400
310 231990 306600
311 245670 4200
312 247190 7000
313 384750 130200
314 379050 99400
315 385890 107800
316 385890 119000
317 6270 189000
318 252130 4200
319 234270 7000
320 379430 166600
321 375250 144200
322 374110 141400
323 195130 7000
324 377530 124600
325 385510 113400
326 237690 4200
327 240730 7000
328 130150 306600
329 246430 306600
330 385890 127400
331 374870 147000
332 377910 130200
333 385890 116200
334 376770 116200
335 385510 99400
336 380950 152600
337 92150 309400
338 5890 214200
339 101270 306600
340 10450 222600
341 10450 186200
342 13110 191800
343 10450 233800
344 5890 203000
345 5890 141400
346 12350 208600
347 12350 214200
348 6650 211400
349 10830 194600
350 5890 197400
351 11590 200200
352 164730 309400
353 5890 208600
354 5890 205800
355 119510 309400
356 6270 175000
357 151430 303800
358 157130 309400
359 380950 161000
360 201970 4200
361 196270 303800
362 381330 121800
363 379430 127400
364 373730 102200
365 375630 113400
366 379430 110600
367 12350 197400
368 374870 135800
369 200830 9800
370 380950 141400
371 224770 4200
372 385890 96600
373 222490 9800
374 231230 4200
375 227810 7000
376 382470 147000
377 385890 133000
378 7030 169400
379 5890 155400
380 195510 4200
381 187910 4200
382 218310 4200
383 215270 7000
384 211090 4200
385 209570 309400
386 277970 306600
387 196270 309400
388 203110 309400
389 5890 217000
390 259730 306600
391 261250 301000
392 258590 309400
393 252130 309400
394 252890 306600
395 229710 303800
396 238830 306600
397 245670 309400
398 248710 250600
399 257450 281400
400 5890 225400
401 258590 289800
402 245670 245000
403 21470 228200
404 245670 267400
405 223250 309400
406 239970 242200
407 254410 247800
408 252130 267400
409 249850 275800
410 251750 270200
411 5890 177800
412 273790 309400
413 381710 144200
414 234270 298200
415 383230 138600
416 376770 138600
417 380570 88200
418 285190 4200
419 372970 93800
420 258590 303800
421 258590 259000
422 5890 191800
423 240350 292600
424 379430 186200
425 385890 228200
426 385890 183400
427 382090 175000
428 234270 301000
429 216030 309400
430 267330 309400
431 230470 309400
432 6650 228200
433 140 131180
434 140 84140
435 152510 140
436 156990 140
437 169310 140
438 216350 140
439 113310 140
440 170430 140
441 182750 140
442 130110 140
443 165950 140
444 212990 140
445 173790 140
446 246590 140
447 227550 140
448 159230 140
449 133470 140
450 168190 140
451 136830 140
452 145790 140
453 239870 140
454 117790 140
455 187230 140
456 108830 140
457 139070 140
458 128990 140
459 140 144620
460 116670 140
461 111070 140
462 140 152460
463 140 154700
464 140 136780
465 123390 140
466 118910 140
467 99870 140
468 95390 140
469 140 123340
470 140 122220
471 140 156940
472 140 135660
473 140 87500
474 126750 140
475 140 142380
476 140 147980
477 140 143500
478 125630 140
479 131230 140
480 132350 140
481 135710 140
482 122270 140
483 121150 140
484 179390 140
485 140 153580
486 105470 140
487 142430 140
488 137950 140
489 177150 140
490 176030 140
491 151390 140
492 163710 140
493 181630 140
494 204030 140
495 140 85260
496 134590 140
497 158110 140
498 180510 140
499 127870 140
500 191710 140
501 211870 140
502 243230 140
503 229790 140
504 167070 140
505 143550 140
506 140 124460
507 140 140140
508 141310 140
509 148030 140
510 240990 140
511 112190 140
512 192830 140
513 140 164780
514 140 162540
515 140 149100
516 140 155820
517 103230 140
518 140 172620
519 140 179340
520 140 170380
521 140 182700
522 153630 140
523 120030 140
524 172670 140
525 171550 140
526 154750 140
527 162590 140
528 98750 140
529 178270 140
530 186110 140
531 144670 140
532 161470 140
533 183870 140
534 149150 140
535 174910 140
536 202910 140
537 214110 140
538 209630 140
539 140 86380
540 155870 140
541 115550 140
542 140 161420
543 146910 140
544 150270 140
545 207390 140
546 114430 140
547 188350 140
548 140 160300
549 140 145740
550 104350 140
551 140 159180
552 140 163660
553 140 183820
554 140 174860
555 140 171500
556 140 151340
557 140 141260
558 140190 140
559 164830 140
560 160350 140
561 124510 140
562 140 167020
563 140 139020
564 140 181580
565 391510 165900
566 391510 150220
567 281310 313980
568 391510 160300
569 391510 159180
570 391510 94220
571 391510 135660
572 391510 140140
573 391510 95340
574 391510 128940
575 204030 313980
576 391510 119980
577 391510 97580
578 391510 155820
579 140 180460
580 220830 313980
581 140 168140
582 140 173740
583 391510 145740
584 140 132300
585 140 146860
586 140 230860
587 226430 313980
588 391510 134540
589 258910 313980
590 391510 126700
591 391510 127820
592 391510 121100
593 391510 112140
594 391510 114380
595 140 229740
596 140 200620
597 140 206220
598 140 218540
599 140 178220
600 140 221900
601 140 177100
602 100990 313980
603 140 208460
604 140 215180
605 140 210700
606 95390 313980
607 140190 313980
608 140 226380
609 140 225260
610 140 219660
611 190590 313980
612 140 212940
613 140 216300
614 140 169260
615 140 217420
616 140 205100
617 140 165900
618 184990 140
619 140 150220
620 200670 140
621 199550 140
622 197310 140
623 205150 140
624 210750 140
625 140 214060
626 206270 140
627 195070 140
628 189470 140
629 245470 140
630 391510 98700
631 208510 140
632 391510 99820
633 391510 107660
634 391510 164780
635 391510 116620
636 140 133420
637 206270 313980
638 391510 136780
639 391510 100940
640 391510 105420
641 391510 102060
642 391510 106540
643 205150 313980
644 270110 313980
645 196190 313980
646 267870 313980
647 140 202860
648 221950 313980
649 212990 313980
650 218590 313980
651 216350 313980
652 214110 313980
653 223070 313980
654 211870 313980
655 227550 313980
656 230910 313980
657 232030 313980
658 208510 313980
659 234270 313980
660 276830 313980
661 266750 313980
662 271230 313980
663 209630 313980
664 248830 313980
665 255550 313980
666 239870 313980
667 275710 313980
668 243230 313980
669 140 209580
670 268990 313980
671 391510 162540
672 224190 313980
673 391510 151340
674 391510 147980
675 391510 154700
676 277950 313980
677 391510 158060
678 237630 313980
679 280190 313980
680 207390 313980
681 247710 313980
682 391510 167020
683 293630 313980
684 294750 313980
685 290270 313980
686 286910 313980
687 240990 313980
688 283550 313980
689 261150 313980
690 285790 313980
691 140 188300
692 140 137900
693 235390 313980
694 391510 137900
695 238750 313980
696 228670 313980
697 244350 140
698 238750 140
699 391510 132300
700 391510 111020
701 391510 109900
702 391510 122220
703 140 184940
704 236510 140
705 235390 140
706 391510 163660
707 391510 146860
708 391510 142380
709 196190 140
710 391510 125580
711 391510 103180
712 237630 140
713 242110 140
714 134590 313980
715 254430 313980
716 391510 130060
717 391510 149100
718 391510 131180
719 391510 118860
720 391510 117740
721 391510 96460
722 391510 156940
723 93150 313980
724 140 196140
725 88670 313980
726 140 223020
727 140 187180
728 140 189420
729 140 231980
730 140 198380
731 140 134540
732 140 203980
733 140 211820
734 140 207340
735 140 195020
736 140 193900
737 140 197260
738 197310 313980
739 140 201740
740 140 199500
741 126750 313980
742 140 175980
743 154750 313980
744 163710 313980
745 391510 161420
746 193950 140
747 198430 313980
748 391510 124460
749 391510 123340
750 391510 108780
751 391510 113260
752 391510 115500
753 140 190540
754 391510 139020
755 201790 140
756 391510 153580
757 228670 140
758 391510 104300
759 226430 140
760 234270 140
761 232030 140
762 391510 152460
763 391510 133420
764 140 191660
765 140 158060
766 198430 140
767 190590 140
768 233150 140
769 230910 140
770 215230 140
771 210750 313980
772 282430 313980
773 199550 313980
774 215230 313980
775 140 220780
776 264510 313980
777 265630 313980
778 291390 313980
779 292510 313980
780 257790 313980
781 233150 313980
782 244350 313980
783 246590 313980
784 251070 313980
785 260030 313980
786 140 224140
787 262270 313980
788 249950 313980
789 140 227500
790 245470 313980
791 225310 313980
792 252190 313980
793 272350 313980
794 274590 313980
795 253310 313980
796 256670 313980
797 140 186060
798 279070 313980
799 391510 144620
800 236510 313980
801 391510 141260
802 391510 143500
803 391510 88620
804 316030 140
805 391510 93100
806 263390 313980
807 284670 313980
808 140 192780
809 242110 313980
810 289150 313980
811 391510 186060
812 391510 226380
813 391510 181580
814 391510 171500
815 229790 313980
816 217470 313980
817 273470 313980
818 219710 313980
819 140 228620
