0 246050 180600
1 180665 144948
2 138415 74900
3 317352 134088
4 145682 68600
5 68549 98701
6 134826 47755
7 254828 101826
8 282095 177666
9 246012 115640
10 150670 77700
11 158507 144200
12 168441 202863
13 334184 109386
14 121512 66015
15 129152 197925
16 268670 90557
17 320964 213764
18 224770 65566
19 84762 103690
20 181904 104391
21 132382 70000
22 315344 118341
23 178995 68600
24 138700 181533
25 153886 165827
26 128060 78120
27 229786 78680
28 302925 213500
29 258732 105525
30 168853 195720
31 128305 62909
32 55993 57301
33 187815 59325
34 211992 74900
35 197657 94920
36 217763 173483
37 238184 173320
38 180270 143266
39 214582 214393
40 265050 93545
41 245385 79800
42 79801 66571
43 122645 46200
44 333105 111825
45 312728 209650
46 255290 79800
47 163083 63933
48 258476 95200
49 259017 88200
50 238117 63000
51 238538 72146
52 189382 44100
53 279735 214433
54 182067 50400
55 160077 21653
56 162716 47880
57 171038 49560
58 160301 164661
59 199133 167662
60 201400 57400
61 137750 49000
62 155836 66066
63 149577 49700
64 119331 187075
65 124006 56000
66 295400 217060
67 131907 58450
68 150844 30396
69 173280 4200
70 226556 49000
71 245344 218800
72 225553 52500
73 148428 211960
74 85347 218105
75 217882 44100
76 207274 99633
77 219212 46900
78 154428 38043
79 204772 43400
80 190443 49000
81 204487 46900
82 154517 57400
83 179037 61320
84 141740 61755
85 407722 117680
86 161072 61600
87 201997 178200
88 169860 208169
89 187061 103268
90 197362 233100
91 184575 142940
92 170224 223533
93 273548 176781
94 287740 200539
95 197198 123200
96 157921 240488
97 307218 240882
98 220400 233100
99 181323 138755
100 158282 235853
101 183492 237300
102 221984 105047
103 349410 93488
104 179886 185984
105 320962 233800
106 246667 119700
107 219812 123072
108 201553 112969
109 218044 95200
110 251897 230066
111 245567 217861
112 215147 108200
113 198228 69246
114 176589 73966
115 99595 110185
116 248848 147464
117 234141 203125
118 453537 86833
119 316910 109733
120 409542 39103
121 416290 113400
122 264344 183400
123 314645 115684
124 289594 24818
125 300010 87500
126 323373 123106
127 389563 127192
128 305710 58100
129 383285 38192
130 402648 112840
131 344723 39666
132 369765 81293
133 360565 49400
134 312808 28388
135 310523 41766
136 240569 192077
137 362292 43960
138 359543 31266
139 400836 57400
140 353542 49700
141 363090 65800
142 402871 218050
143 420906 129374
144 335347 79171
145 343900 165666
146 423610 226396
147 277147 30051
148 303145 174300
149 428692 174187
150 362835 78550
151 300960 168700
152 338790 86578
153 336642 67480
154 76973 233450
155 361570 264600
156 387249 234230
157 425437 190200
158 339530 172200
159 414735 232781
160 420890 182400
161 104816 224933
162 364681 205275
163 389662 241800
164 88207 233100
165 329541 90600
166 427468 233800
167 348555 259000
168 337684 256200
169 100264 180435
170 295221 143054
171 280706 172760
172 264433 138463
173 335882 266653
174 434355 164079
175 343805 242900
176 350025 264432
177 309971 183800
178 266000 228900
179 346488 175045
180 266927 168741
181 287755 213500
182 271741 114156
183 430846 79369
184 310871 272066
185 329270 272066
186 333083 176400
187 456462 88946
188 318123 278600
189 290082 175233
190 307483 275800
191 442823 93884
192 93604 169078
193 312550 272066
194 368832 267814
195 121201 277480
196 84199 148515
197 181427 188835
198 217027 262500
199 113480 264545
200 203680 164563
201 171724 213500
202 203965 252700
203 225205 257741
204 238013 166320
205 117054 272851
206 199204 263044
207 236260 155202
208 122631 153000
209 151441 217448
210 234903 275800
211 193135 261800
212 193198 262733
213 100478 265066
214 208077 255800
215 219260 269266
216 277875 86800
217 285095 86800
218 130656 88200
219 258590 105000
220 162502 121488
221 163336 146066
222 317205 159600
223 282967 211540
224 292220 167300
225 351958 188046
226 336490 235666
227 353843 231933
228 336616 237533
229 277590 68600
230 282815 79800
231 269135 198800
232 301783 58333
233 302163 58333
234 295952 96600
235 283163 59266
236 272523 76066
237 143545 214200
238 73328 180037
239 161880 186900
240 164065 208600
241 161690 233800
242 155230 229133
243 133217 210200
244 330695 60900
245 316065 60900
246 346623 29400
247 372223 107400
248 388423 95666
249 352545 115500
250 221302 265300
251 248114 258356
252 288040 260400
253 232655 256900
254 310396 271133
255 246810 267400
256 277732 239225
257 248456 59266
258 252605 99400
259 226195 199500
260 263276 63933
261 270750 53666
262 244430 48878
263 269990 60200
264 259350 58333
265 150100 180600
266 65027 218708
267 225986 247800
268 245765 92400
269 143070 222600
270 160550 224466
271 128756 228200
272 306375 126000
273 319010 134866
274 353716 211400
275 350423 49933
276 343076 209533
277 283385 258300
278 294975 250600
279 299756 270200
280 310776 271133
281 323950 268333
282 274455 120400
283 236265 200200
284 253903 81666
285 262390 90066
286 262136 98466
287 298908 132440
288 267004 111400
289 180975 228200
290 221635 233800
291 204630 265533
292 204630 258066
293 150140 204600
294 165347 231700
295 172930 232915
296 314355 273000
297 353590 51800
298 149340 152600
299 362710 14000
300 128060 193200
301 280250 287000
302 265430 79800
303 275690 296800
304 324710 138600
305 347510 138600
306 353970 215600
307 166881 144109
308 173090 242200
309 199310 301000
310 360050 298200
311 356250 130200
312 341050 295400
313 364230 301000
314 317870 9800
315 318250 7000
316 330410 12600
317 347130 18200
318 341430 29400
319 358910 9800
320 186390 225400
321 341430 23800
322 309130 4200
323 297730 54600
324 241870 7000
325 302670 4200
326 218690 298200
327 338010 4200
328 296210 4200
329 336870 12600
330 307610 51800
331 131290 239400
332 315590 4200
333 344470 32200
334 322050 4200
335 371450 7000
336 354350 4200
337 370690 119000
338 358150 7000
339 364610 7000
340 10450 208600
341 137750 233800
342 136990 242200
343 11210 222600
344 11970 175000
345 18810 172200
346 13110 166600
347 16530 180600
348 179930 264600
349 12350 189000
350 29830 194600
351 23370 194600
352 20330 177800
353 250230 298200
354 186010 301000
355 198170 295400
356 187530 298200
357 236550 298200
358 222870 295400
359 145730 301000
360 197790 278600
361 238830 301000
362 255170 7000
363 262010 7000
364 257830 298200
365 268470 7000
366 270370 93800
367 272270 82600
368 276070 102200
369 260110 82600
370 163210 301000
371 258970 9800
372 236930 284200
373 245670 301000
374 253650 4200
375 277590 4200
376 294690 49000
377 279490 7000
378 267710 9800
379 247950 9800
380 243010 298200
381 179550 242200
382 225150 298200
383 245670 4200
384 288230 49000
385 284050 4200
386 248330 7000
387 268470 4200
388 273030 301000
389 345230 301000
390 260110 301000
391 333450 301000
392 141170 225400
393 303430 281400
394 340670 298200
395 339150 287000
396 303810 301000
397 266570 301000
398 282910 301000
399 289750 301000
400 302670 298200
401 319770 301000
402 12350 172200
403 297350 301000
404 309130 298200
405 156750 301000
406 154470 242200
407 212230 298200
408 145350 233800
409 15770 186200
410 229710 301000
411 211090 295400
412 205770 301000
413 10830 183400
414 317110 51800
415 301150 51800
416 288610 51800
417 331930 15400
418 332310 9800
419 325850 9800
420 320910 12600
421 352450 9800
422 324710 7000
423 347890 4200
424 193990 239400
425 298490 46200
426 368790 295400
427 355870 295400
428 369170 292600
429 372210 301000
430 349030 7000
431 260110 4200
432 334210 7000
433 329650 4200
434 353590 298200
435 144590 186200
436 176030 305240
437 106590 140
438 237630 140
439 247710 140
440 239870 140
441 235390 140
442 137950 140
443 135710 140
444 211870 140
445 107710 140
446 114430 140
447 223070 140
448 195070 305240
449 220830 140
450 199550 140
451 174910 140
452 146910 140
453 128990 140
454 131230 140
455 120030 140
456 196190 140
457 143550 140
458 127870 140
459 140190 140
460 202910 305240
461 197310 140
462 200670 305240
463 217470 140
464 183870 140
465 179390 305240
466 254430 305240
467 233150 140
468 121150 140
469 163710 140
470 149150 140
471 108830 140
472 112190 140
473 111070 140
474 143550 305240
475 113310 140
476 115550 140
477 161470 140
478 117790 140
479 132350 140
480 116670 140
481 176030 140
482 167070 140
483 152510 140
484 160350 140
485 193950 140
486 170430 140
487 197310 305240
488 229790 140
489 234270 140
490 228670 140
491 173790 140
492 225310 305240
493 155870 140
494 249950 140
495 254430 140
496 255550 140
497 232030 140
498 118910 140
499 144670 140
500 139070 140
501 191710 305240
502 141310 140
503 126750 140
504 219710 140
505 218590 140
506 198430 140
507 169310 305240
508 154750 305240
509 124510 140
510 161470 305240
511 142430 140
512 158110 140
513 187230 140
514 169310 140
515 156990 140
516 209630 305240
517 192830 305240
518 199550 305240
519 217470 305240
520 123390 140
521 182750 305240
522 183870 305240
523 240990 140
524 251070 305240
525 226430 140
526 181630 140
527 237630 305240
528 168190 305240
529 236510 140
530 242110 140
531 122270 140
532 248830 140
533 230910 140
534 153630 140
535 150270 140
536 193950 305240
537 134590 140
538 133470 140
539 212990 140
540 214110 140
541 195070 140
542 109950 140
543 174910 305240
544 154750 140
545 160350 305240
546 145790 140
547 159230 140
548 200670 140
549 171550 140
550 151390 140
551 218590 305240
552 187230 305240
553 125630 140
554 201790 305240
555 216350 305240
556 177150 305240
557 186110 305240
558 246590 140
559 247710 305240
560 227550 140
561 177150 140
562 236510 305240
563 170430 305240
564 148030 140
565 205150 305240
566 173790 305240
567 184990 305240
568 354110 305240
569 368670 140
570 339550 305240
571 352990 140
572 337310 140
573 367550 140
574 316030 140
575 368670 305240
576 351870 305240
577 506170 139020
578 326110 140
579 364190 140
580 348510 140
581 268990 140
582 158110 305240
583 283550 140
584 136830 140
585 265630 140
586 288030 140
587 130110 140
588 165950 305240
589 140 163660
590 282430 140
591 363070 140
592 309310 140
593 346270 140
594 355230 140
595 365310 140
596 342910 140
597 360830 140
598 151390 305240
599 150270 305240
600 189470 305240
601 126750 305240
602 162590 305240
603 149150 305240
604 163710 305240
605 134590 305240
606 140 186060
607 155870 305240
608 164830 305240
609 178270 305240
610 190590 305240
611 232030 305240
612 329470 305240
613 320510 305240
614 332830 305240
615 302590 305240
616 224190 305240
617 229790 305240
618 331710 305240
619 314910 305240
620 276830 140
621 295870 140
622 230910 305240
623 296990 140
624 275710 140
625 289150 140
626 261150 140
627 256670 140
628 159230 305240
629 238750 140
630 253310 140
631 226430 305240
632 244350 140
633 273470 140
634 263390 140
635 277950 140
636 272350 140
637 284670 140
638 280190 140
639 152510 305240
640 239870 305240
641 292510 140
642 308190 140
643 310430 140
644 313790 140
645 312670 140
646 252190 305240
647 340670 305240
648 246590 305240
649 350750 305240
650 140 191660
651 330590 305240
652 323870 305240
653 324990 305240
654 333950 305240
655 281310 305240
656 243230 305240
657 275710 305240
658 271230 305240
659 321630 305240
660 299230 305240
661 206270 305240
662 313790 305240
663 301470 305240
664 293630 305240
665 211870 305240
666 235390 305240
667 228670 305240
668 196190 305240
669 223070 305240
670 316030 305240
671 240990 305240
672 219710 305240
673 314910 140
674 303710 140
675 279070 140
676 349630 140
677 347390 140
678 341790 305240
679 338430 305240
680 349630 305240
681 305950 140
682 345150 140
683 238750 305240
684 299230 140
685 359710 140
686 360830 305240
687 363070 305240
688 359710 305240
689 341790 140
690 307070 140
691 355230 305240
692 318270 140
693 348510 305240
694 140 180460
695 204030 305240
696 374270 305240
697 506170 131180
698 344030 305240
699 373150 305240
700 320510 140
701 321630 140
702 333950 140
703 350750 140
704 338430 140
705 366430 140
706 188350 305240
707 344030 140
708 323870 140
709 298110 140
710 243230 140
711 300350 140
712 221950 305240
713 340670 140
714 324990 140
715 339550 140
716 311550 140
717 132350 305240
718 317150 140
719 335070 140
720 322750 140
721 354110 140
722 358590 140
723 506170 126700
724 361950 140
725 369790 140
726 140 210700
727 140190 305240
728 139070 305240
729 140 228620
730 140 177100
731 140 173740
732 140 169260
733 140 182700
734 181630 305240
735 140 190540
736 140 195020
737 140 199500
738 140 178220
739 253310 305240
740 210750 305240
741 208510 305240
742 214110 305240
743 249950 305240
744 248830 305240
745 148030 305240
746 220830 305240
747 257790 305240
748 258910 140
749 266750 140
750 261150 305240
751 267870 140
752 274590 140
753 294750 140
754 281310 140
755 264510 140
756 167070 305240
757 262270 140
758 234270 305240
759 242110 305240
760 257790 140
761 285790 140
762 301470 140
763 286910 140
764 270110 140
765 251070 140
766 245470 305240
767 180510 305240
768 227550 305240
769 245470 140
770 293630 140
771 290270 140
772 252190 140
773 271230 140
774 276830 305240
775 356350 305240
776 244350 305240
777 346270 305240
778 145790 305240
779 337310 305240
780 345150 305240
781 352990 305240
782 347390 305240
783 307070 305240
784 258910 305240
785 285790 305240
786 292510 305240
787 304830 305240
788 322750 305240
789 140 172620
790 300350 305240
791 312670 305240
792 153630 305240
793 156990 305240
794 215230 305240
795 144670 305240
796 140 181580
797 233150 305240
798 212990 305240
799 207390 305240
800 140 183820
801 319390 140
802 304830 140
803 291390 140
804 331710 140
805 330590 140
806 329470 140
807 327230 140
808 357470 140
809 328350 140
810 351870 140
811 198430 305240
812 302590 140
813 372030 305240
814 364190 305240
815 375390 305240
816 376510 305240
817 356350 140
818 260030 140
819 336190 140
820 332830 140
821 357470 305240
822 146910 305240
