0 31038 13166
1 9325 34425
2 35286 26503
3 23864 18056
4 44619 13505
5 28300 13168
6 25052 20784
7 10815 12500
8 6004 24767
9 11631 28639
10 41311 11776
11 44814 14271
12 36513 33849
13 3537 16335
14 20523 14580
15 37847 24603
16 34691 33038
17 21149 19501
18 10144 24397
19 10997 18612
20 38466 33831
21 43813 25119
22 38143 34822
23 18986 18776
24 36879 12225
25 48668 32693
26 47163 33686
27 7554 40600
28 50426 28296
29 51706 32040
30 29770 41650
31 10932 33435
32 46637 33615
33 47452 37074
34 28235 40581
35 28779 36405
36 34414 44373
37 15778 34492
38 49486 28399
39 40217 30041
40 50676 35136
41 32088 43703
42 10481 31704
43 9448 42934
44 15913 35032
45 12112 39064
46 4684 26865
47 30337 34776
48 7862 20507
49 38768 23243
50 36408 38934
51 47006 28775
52 45054 43167
53 29920 28293
54 31411 30811
55 31225 33149
56 29547 45961
57 42912 34005
58 37670 44842
59 27249 20025
60 49476 27260
61 14664 19203
62 13058 12055
63 41254 13297
64 30271 36585
65 7460 30381
66 29432 17537
67 50702 17567
68 26723 33121
69 21697 14145
70 21218 14097
71 32247 22025
72 32943 17595
73 29882 13545
74 31164 32136
75 35307 16283
76 26985 14592
77 33552 39555
78 36208 14364
79 46046 12015
80 37251 30195
81 33684 21258
82 37627 33814
83 45453 30375
84 33683 24939
85 37716 28311
86 32265 15255
87 37929 29261
88 13101 14445
89 50455 16525
90 51081 27990
91 61704 13961
92 59312 14873
93 41674 24156
94 50405 21233
95 51080 16449
96 48919 30000
97 53173 15435
98 25247 32886
99 41691 24902
100 53238 17307
101 59577 17569
102 44267 24934
103 25530 34005
104 38924 34817
105 57550 11306
106 49655 24769
107 58937 29680
108 49229 22182
109 65016 24312
110 33453 28887
111 51687 19542
112 61305 23340
113 65031 32612
114 36396 26541
115 51989 21366
116 57085 24280
117 29731 24592
118 57252 36945
119 59046 19695
120 50254 26674
121 62030 26452
122 62372 32232
123 61043 25380
124 30531 35895
125 58707 44095
126 33240 40706
127 36726 40691
128 35395 42576
129 47927 50809
130 32111 37508
131 19868 44006
132 55272 39940
133 25482 36700
134 22346 43851
135 36068 42207
136 21557 44376
137 32595 41566
138 21202 45592
139 54664 43605
140 62086 43278
141 21619 16448
142 24922 5526
143 37260 20857
144 33252 6609
145 23355 49320
146 23729 21376
147 22728 7852
148 21996 47295
149 23812 17158
150 24480 14295
151 26463 13847
152 24784 18486
153 25209 9585
154 20862 9237
155 25000 16929
156 23298 9774
157 28331 19836
158 18609 9011
159 26792 22806
160 23255 19009
161 28284 15880
162 27765 8455
163 36079 16643
164 28188 51615
165 28080 10260
166 37438 6392
167 41526 12735
168 38151 8775
169 40698 6525
170 51228 7537
171 45255 14715
172 50455 19170
173 53752 7590
174 48001 6939
175 46631 8210
176 43190 33245
177 43734 30392
178 46174 35028
179 46770 32415
180 45090 35606
181 18244 25812
182 23088 15759
183 20344 28797
184 21894 26968
185 22032 25818
186 47931 50359
187 45792 48210
188 45393 50557
189 41014 20077
190 39191 24746
191 39194 18591
192 37321 19742
193 48006 42114
194 46888 38407
195 51524 41517
196 46794 38552
197 42270 41925
198 49510 38436
199 27324 23115
200 60833 33195
201 62466 33555
202 61720 41145
203 55404 42120
204 28772 51144
205 34660 43257
206 26818 51249
207 27918 54559
208 26262 49572
209 22159 25680
210 20223 35402
211 22496 37240
212 26136 32265
213 36577 49743
214 20749 2970
215 37489 53190
216 8761 29565
217 43969 55485
218 42268 55485
219 42430 54675
220 44536 55215
221 68755 34965
222 68215 32265
223 68836 36045
224 44077 51435
225 43132 55485
226 41512 51300
227 18535 3510
228 42430 51165
229 67027 30105
230 44401 4185
231 44455 3510
232 40675 2565
233 43294 3645
234 43618 2430
235 42106 2565
236 42619 3240
237 43942 4725
238 5089 24435
239 48937 7290
240 49099 8100
241 50854 7965
242 52771 7425
243 46156 3240
244 42781 2430
245 43051 2565
246 44455 2565
247 19426 9045
248 17563 9585
249 9058 20925
250 9112 21870
251 9355 18360
252 21910 2430
253 9841 21060
254 29200 3105
255 17806 54405
256 8518 21870
257 23125 2970
258 26959 3510
259 10651 20385
260 24826 2295
261 28147 2430
262 24988 3105
263 29983 3240
264 31036 2970
265 31657 2295
266 4684 25380
267 30091 3780
268 30226 3780
269 35329 55485
270 31792 55485
271 30631 55620
272 37678 54405
273 32521 55080
274 33628 55755
275 35599 55080
276 34465 54540
277 26176 51300
278 42268 55080
279 41566 55755
280 40756 51300
281 34978 52785
282 40648 53865
283 40945 51705
284 41809 54540
285 39001 53325
286 39082 53325
287 30334 55215
288 5845 36045
289 29713 55755
290 31198 55350
291 38758 55215
292 38326 54000
293 37273 52650
294 38434 54405
295 39838 53055
296 40081 55080
297 32602 55485
298 33952 55485
299 21100 55755
300 35842 54270
301 34384 55485
302 35707 54675
303 36841 54135
304 68269 32805
305 68485 30645
306 67702 36585
307 68674 34155
308 68782 35775
309 68917 33345
310 8545 34560
311 68674 34695
312 68998 35235
313 30226 6615
314 28228 3240
315 26500 2700
316 33115 6345
317 39406 54270
318 41161 53595
319 39892 42255
320 41782 2295
321 8140 33615
322 50098 7290
323 48586 2430
324 48883 7425
325 50314 2835
326 43753 2970
327 47506 2835
328 49045 3240
329 49936 8370
330 68998 22545
331 68836 24435
332 20020 9180
333 68836 25920
334 68863 26865
335 68782 29565
336 65164 28755
337 67648 28215
338 68215 29025
339 43240 54945
340 68782 33615
341 41917 54135
342 43267 54405
343 42768 38422
344 41537 18991
345 41603 13695
346 20043 19916
347 30969 39375
348 39494 49518
349 33984 36950
350 41919 40430
351 46885 29385
352 39483 22620
353 52497 27585
354 37548 57988
355 42 37068
356 40140 57988
357 39756 57988
358 38604 57988
359 37932 57988
360 34380 57988
361 32844 42
362 30540 57988
363 34476 57988
364 37740 57988
365 39468 57988
366 42 31116
367 37644 57988
368 39276 57988
369 35052 42
370 37164 42
371 36684 42
372 39180 42
373 39468 42
374 38124 42
375 39948 42
376 39756 42
377 42 29772
378 36876 42
379 34188 42
380 35148 42
381 34284 42
382 35244 42
383 34860 42
384 35436 42
385 36012 42
386 42 30252
387 42 26604
388 42 27180
389 42 24588
390 42 25260
391 42 20268
392 42 22476
393 42 22380
394 42 37164
395 42 24876
396 42 23532
397 42 24012
398 42 23628
399 29292 42
400 27564 42
401 42 26316
402 42 27948
403 42 29004
404 42 30348
405 42 35244
406 42 28620
407 42 27372
408 32844 57988
409 29772 57988
410 28236 57988
411 35244 57988
412 31500 57988
413 31692 57988
414 33132 57988
415 32460 57988
416 42 35148
417 32652 42
418 30828 57988
419 34284 57988
420 31692 42
421 35436 57988
422 35532 57988
423 35724 42
424 36492 42
425 35820 42
426 36300 42
427 42 33708
428 34764 42
429 36972 42
430 36204 42
431 36108 42
432 35628 42
433 36396 42
434 35916 42
435 34956 42
436 32940 42
437 32268 42
438 42 33804
439 33516 57988
440 33228 42
441 33900 42
442 34476 42
443 34572 57988
444 32172 57988
445 18444 57988
446 35724 57988
447 42156 57988
448 41772 57988
449 42 34092
450 39180 57988
451 36876 57988
452 31596 42
453 31884 42
454 42 31884
455 31308 42
456 37260 57988
457 38892 57988
458 36588 42
459 39084 57988
460 42 32364
461 35532 42
462 37068 42
463 34668 42
464 38412 42
465 39660 42
466 38220 42
467 38604 42
468 39852 42
469 34572 42
470 33996 42
471 42 26988
472 32748 42
473 33132 42
474 33612 42
475 33420 42
476 35340 42
477 35820 57988
478 34956 57988
479 33996 57988
480 31308 57988
481 35340 57988
482 42 30540
483 42 35052
484 35916 57988
485 34380 42
486 41964 57988
487 42060 57988
488 39852 57988
489 42540 57988
490 44172 57988
491 44364 57988
492 44268 57988
493 43308 57988
494 71495 30156
495 40524 57988
496 38700 42
497 40812 57988
498 41004 57988
499 40044 42
500 38796 42
501 38892 42
502 40908 42
503 40620 42
504 40140 42
505 40332 42
506 40812 42
507 29772 42
508 47148 42
509 48204 42
510 48300 42
511 43884 42
512 44652 42
513 42252 42
514 41676 42
515 43308 42
516 25068 42
517 23340 42
518 25548 42
519 26316 42
520 42 25740
521 42 23916
522 42 26412
523 28428 42
524 42 26508
525 42 25548
526 42 26220
527 27276 42
528 27180 42
529 28524 42
530 29484 42
531 27468 42
532 28044 42
533 27852 42
534 30444 42
535 29004 57988
536 27372 42
537 29388 42
538 31404 57988
539 29964 57988
540 29100 57988
541 31116 57988
542 31884 57988
543 30636 57988
544 31980 57988
545 32268 57988
546 29676 42
547 41676 57988
548 41196 57988
549 41292 57988
550 37836 57988
551 38220 57988
552 38412 57988
553 40428 57988
554 39948 57988
555 40332 57988
556 40716 57988
557 31788 42
558 37356 42
559 38316 42
560 36588 57988
561 37740 42
562 36972 57988
563 36780 42
564 33900 57988
565 32940 57988
566 30732 57988
567 31788 57988
568 31596 57988
569 32748 57988
570 32652 57988
571 36684 57988
572 36012 57988
573 71495 34380
574 71495 31980
575 71495 38508
576 71495 30636
577 71495 30540
578 71495 32268
579 31212 42
580 71495 31692
581 71495 26412
582 25452 42
583 25836 42
584 25164 42
585 47724 42
586 71495 27276
587 38508 57988
588 39660 57988
589 43788 42
590 31404 42
591 42444 42
592 43980 42
593 44172 42
594 45420 42
595 40524 42
596 42924 42
597 47628 42
598 47436 42
599 71495 25068
600 71495 25740
601 40236 57988
602 71495 26508
603 71495 27564
604 71495 29004
605 71495 28908
606 71495 29100
607 71495 30252
608 71495 31788
609 71495 31212
610 71495 31308
611 38700 57988
612 31020 42
613 42 28332
614 43884 57988
615 42636 57988
616 42732 57988
617 44748 57988
618 71495 34956
619 71495 32172
620 71495 34284
621 44556 57988
622 43500 57988
623 41868 57988
624 18636 42
625 42924 57988
626 71495 29772
627 41868 42
628 41772 42
629 40716 42
630 43020 42
631 43500 42
632 42348 42
633 42540 42
634 43596 42
635 42 24780
636 48972 42
637 48684 42
638 51084 42
639 53100 42
640 46092 42
641 42732 42
642 42828 42
643 44076 42
644 18540 42
645 17868 42
646 42 21612
647 42 23052
648 42 21036
649 22188 42
650 42 22284
651 29580 42
652 17964 57988
653 42 24684
654 23628 42
655 27756 42
656 42 22956
657 26796 42
658 28620 42
659 25356 42
660 30540 42
661 33516 42
662 33036 42
663 42 25836
664 30828 42
665 30924 42
666 35628 57988
667 32076 57988
668 30924 57988
669 38124 57988
670 32556 57988
671 33804 57988
672 34764 57988
673 34668 57988
674 26316 57988
675 42828 57988
676 43788 57988
677 41484 57988
678 33708 57988
679 41100 57988
680 41580 57988
681 42348 57988
682 39372 57988
683 40044 57988
684 31020 57988
685 42 35628
686 30156 57988
687 31212 57988
688 38988 57988
689 38316 57988
690 37452 57988
691 38796 57988
692 40908 57988
693 40620 57988
694 33036 57988
695 34188 57988
696 20172 57988
697 36204 57988
698 35052 57988
699 36108 57988
700 36780 57988
701 71495 32844
702 71495 31020
703 71495 35724
704 71495 34188
705 71495 35148
706 71495 33228
707 42 34476
708 71495 34860
709 71495 33708
710 28140 42
711 27660 42
712 25260 42
713 32556 42
714 39564 57988
715 41388 57988
716 38028 57988
717 42060 42
718 42 33324
719 50508 42
720 48876 42
721 48780 42
722 50604 42
723 43692 42
724 48588 42
725 49452 42
726 50220 42
727 71495 22572
728 71495 24588
729 20076 42
730 71495 27084
731 71495 27852
732 71495 30060
733 71495 29676
734 71495 28524
735 71495 29868
736 43404 57988
737 71495 34092
738 42444 57988
739 43596 57988
740 18156 42
