0 308496 194600
1 301606 168235
2 128139 86744
3 272261 160391
4 402190 158936
5 287488 143933
6 67154 137497
7 303790 142136
8 265195 139258
9 231967 176482
10 324759 157104
11 172475 216835
12 293760 69778
13 86228 128450
14 210860 143315
15 288262 180793
16 338528 130441
17 351053 136783
18 264294 222409
19 153004 37409
20 287725 140810
21 265620 194786
22 268736 185080
23 325020 189294
24 349312 162600
25 228748 148482
26 304865 161622
27 242073 169400
28 170913 47853
29 122265 15400
30 296542 190750
31 354473 106400
32 399253 223300
33 223480 188600
34 164307 102511
35 219003 182280
36 224118 190333
37 241703 89600
38 85871 58363
39 213303 77280
40 250266 189361
41 269192 124390
42 181338 217000
43 203196 15018
44 129200 4200
45 354340 55042
46 369764 153208
47 267456 29586
48 212827 202200
49 103051 79174
50 268470 35294
51 263290 53568
52 260579 73376
53 254991 83588
54 152494 119022
55 287660 128955
56 307578 120166
57 328430 83683
58 273362 231280
59 350286 123630
60 352366 186900
61 279110 133084
62 281056 235010
63 314880 147343
64 232538 98933
65 325365 187452
66 358294 83082
67 415987 205927
68 326623 141786
69 172705 133466
70 392093 84293
71 284709 86882
72 298500 82747
73 301260 263715
74 259464 92400
75 317458 103133
76 286672 123480
77 362076 94966
78 248377 200900
79 223319 115436
80 237377 123200
81 142224 188044
82 258283 138180
83 330706 244843
84 380230 105800
85 333618 41443
86 498018 49667
87 247359 18400
88 358927 115181
89 348396 121488
90 481820 42871
91 489307 106522
92 344508 234337
93 382688 206539
94 423164 134845
95 366311 189834
96 497386 122653
97 498204 250071
98 228334 40996
99 351092 175800
100 411956 120693
101 345253 197145
102 335445 169400
103 348448 212450
104 413032 139800
105 143750 268093
106 493436 265160
107 511945 198000
108 340377 256846
109 514758 195203
110 429943 34829
111 307870 127326
112 519192 181888
113 427441 39784
114 324601 131800
115 316445 72800
116 302874 89737
117 326455 47444
118 298591 93669
119 80617 192019
120 218938 258879
121 229297 218033
122 295994 217560
123 231026 261759
124 276178 239800
125 142215 209160
126 149857 205205
127 223350 228035
128 200671 247800
129 326800 115500
130 243055 146164
131 366776 167160
132 339031 177450
133 431128 186366
134 306546 80360
135 316318 175700
136 70048 211667
137 256032 226907
138 178437 253800
139 372590 41533
140 355262 99960
141 333260 113400
142 377124 70840
143 419007 255866
144 362216 239400
145 312265 244300
146 407455 269427
147 271636 76066
148 288458 114520
149 290835 182600
150 228789 71076
151 244322 219290
152 131397 260026
153 292948 236133
154 292505 249200
155 353362 159320
156 343456 154466
157 359588 216600
158 323855 238000
159 428153 173183
160 302100 188377
161 205335 143400
162 285285 205100
163 289085 240800
164 365851 205053
165 282387 266000
166 289630 265926
167 207480 211400
168 217835 260400
169 200893 280233
170 235817 125400
171 343741 47600
172 244086 98381
173 289750 278600
174 189810 284200
175 387030 7000
176 391970 15400
177 393490 7000
178 388550 4200
179 352830 7000
180 299250 4200
181 338770 105000
182 406030 12600
183 398810 9800
184 386650 12600
185 236930 295400
186 369930 18200
187 367270 4200
188 341810 107800
189 293550 289800
190 347510 96600
191 301910 203000
192 385510 18200
193 400330 18200
194 372970 15400
195 290130 7000
196 178790 239400
197 361570 102200
198 386650 26600
199 350170 99400
200 542070 110600
201 543970 96600
202 540170 93800
203 533710 88200
204 537890 99400
205 190950 292600
206 221730 292600
207 158650 292600
208 165870 295400
209 183350 281400
210 199690 295400
211 198550 289800
212 193230 295400
213 247190 228200
214 182970 261800
215 181070 289800
216 179170 295400
217 182210 270200
218 280630 295400
219 281010 289800
220 288990 275800
221 262770 295400
222 270750 287000
223 253270 295400
224 212610 292600
225 293550 295400
226 269230 295400
227 304190 9800
228 260490 7000
229 287090 295400
230 233890 4200
231 260110 4200
232 245670 4200
233 228950 102200
234 216410 116200
235 213750 289800
236 305710 4200
237 277210 9800
238 292790 4200
239 266950 7000
240 272270 4200
241 282530 7000
242 296590 7000
243 279870 4200
244 219070 113400
245 227810 203000
246 172710 295400
247 294310 284200
248 228950 105000
249 203870 7000
250 304950 7000
251 275310 7000
252 262770 9800
253 330790 4200
254 360430 4200
255 320150 7000
256 385510 9800
257 213370 295400
258 395010 4200
259 401470 4200
260 396530 21000
261 404890 15400
262 380190 4200
263 325090 295400
264 331550 295400
265 345610 295400
266 358530 292600
267 383610 295400
268 380190 292600
269 364230 295400
270 300010 295400
271 319390 292600
272 296970 278600
273 306470 295400
274 390070 295400
275 301150 289800
276 384370 284200
277 379810 270200
278 177270 292600
279 373730 4200
280 362710 144200
281 341050 161000
282 386270 175000
283 390450 172200
284 406410 7000
285 408690 4200
286 378670 18200
287 366510 7000
288 380570 278600
289 279490 275800
290 333450 172200
291 407170 295400
292 409450 289800
293 436430 292600
294 468350 292600
295 400710 295400
296 345610 110600
297 363850 113400
298 352830 147000
299 393870 26600
300 245670 292600
301 293630 298760
302 117790 140
303 234270 298760
304 270110 298760
305 227550 298760
306 170430 298760
307 118910 140
308 212990 140
309 256670 298760
310 173790 298760
311 208510 140
312 226430 140
313 249950 298760
314 239870 140
315 252190 140
316 197310 298760
317 191710 298760
318 267870 298760
319 214110 298760
320 182750 298760
321 273470 140
322 264510 140
323 253310 298760
324 124510 140
325 284670 298760
326 289150 140
327 294750 140
328 302590 140
329 303710 140
330 314910 140
331 316030 140
332 305950 140
333 137950 140
334 132350 140
335 130110 140
336 123390 140
337 140 146860
338 140 145740
339 260030 298760
340 140 159180
341 112190 140
342 174910 140
343 121150 140
344 140 150220
345 120030 140
346 146910 140
347 168190 140
348 158110 140
349 163710 140
350 180510 140
351 140190 140
352 255550 298760
353 292510 140
354 207390 298760
355 264510 298760
356 252190 298760
357 251070 298760
358 228670 298760
359 265630 298760
360 235390 298760
361 171550 298760
362 210750 298760
363 115550 140
364 209630 140
365 216350 140
366 246590 298760
367 202910 298760
368 207390 140
369 221950 140
370 236510 140
371 249950 140
372 187230 298760
373 211870 298760
374 125630 140
375 279070 298760
376 205150 298760
377 183870 298760
378 277950 140
379 270110 140
380 254430 140
381 307070 298760
382 301470 140
383 312670 140
384 320510 140
385 122270 140
386 318270 140
387 321630 140
388 317150 140
389 299230 140
390 262270 298760
391 258910 298760
392 261150 298760
393 238750 298760
394 240990 298760
395 257790 298760
396 131230 140
397 220830 298760
398 212990 298760
399 210750 140
400 211870 140
401 244350 298760
402 204030 298760
403 206270 140
404 220830 140
405 234270 140
406 247710 140
407 126750 140
408 188350 298760
409 206270 298760
410 276830 298760
411 226430 298760
412 201790 298760
413 284670 140
414 271230 140
415 257790 140
416 311550 298760
417 324990 140
418 127870 140
419 311550 140
420 296990 140
421 298110 140
422 327230 140
423 326110 140
424 319390 140
425 268990 298760
426 224190 298760
427 266750 298760
428 219710 298760
429 128990 140
430 275710 298760
431 292510 298760
432 290270 298760
433 419070 140
434 394430 140
435 405630 140
436 400030 298760
437 373150 140
438 384350 140
439 330590 140
440 406750 140
441 400030 140
442 391070 140
443 318270 298760
444 403390 140
445 378750 140
446 338430 140
447 232030 298760
448 340670 140
449 236510 298760
450 363070 140
451 372030 140
452 375390 140
453 369790 140
454 233150 298760
455 364190 140
456 593660 125580
457 355230 140
458 593660 108780
459 401150 140
460 593660 117740
461 393310 140
462 407870 140
463 209630 298760
464 215230 298760
465 208510 298760
466 245470 298760
467 237630 298760
468 190590 298760
469 273470 298760
470 176030 298760
471 254430 298760
472 180510 298760
473 189470 298760
474 192830 298760
475 199550 298760
476 281310 298760
477 340670 298760
478 347390 298760
479 348510 298760
480 336190 298760
481 283550 298760
482 285790 298760
483 328350 298760
484 335070 298760
485 300350 298760
486 228670 140
487 277950 298760
488 235390 140
489 248830 140
490 243230 140
491 227550 140
492 225310 140
493 225310 298760
494 279070 140
495 268990 140
496 274590 298760
497 251070 140
498 262270 140
499 272350 140
500 293630 140
501 313790 140
502 300350 140
503 337310 140
504 229790 298760
505 302590 298760
506 328350 140
507 322750 140
508 329470 140
509 335070 140
510 344030 140
511 331710 140
512 385470 140
513 304830 140
514 415710 140
515 298110 298760
516 366430 140
517 356350 140
518 380990 140
519 358590 140
520 349630 298760
521 309310 298760
522 319390 298760
523 326110 298760
524 320510 298760
525 363070 298760
526 272350 298760
527 375390 298760
528 367550 298760
529 364190 298760
530 403390 298760
531 304830 298760
532 426910 298760
533 413470 298760
534 422430 298760
535 397790 298760
536 402270 298760
537 294750 298760
538 376510 140
539 354110 140
540 347390 140
541 396670 298760
542 387710 140
543 406750 298760
544 404510 298760
545 410110 298760
546 341790 140
547 387710 298760
548 303710 298760
549 332830 140
550 416830 298760
551 407870 298760
552 423550 298760
553 415710 298760
554 398910 298760
555 351870 140
556 593660 139020
557 349630 140
558 408990 298760
559 243230 298760
560 196190 298760
561 413470 140
562 397790 140
563 396670 140
564 395550 140
565 359710 140
566 339550 140
567 342910 140
568 411230 140
569 404510 140
570 392190 140
571 239870 298760
572 374270 140
573 368670 140
574 346270 140
575 295870 298760
576 350750 140
577 242110 298760
578 388830 140
579 417950 140
580 377630 140
581 295870 140
582 177150 298760
583 365310 140
584 389950 140
585 352990 140
586 593660 131180
587 593660 130060
588 593660 128940
589 593660 124460
590 593660 127820
591 195070 298760
592 223070 298760
593 137950 298760
594 134590 298760
595 179390 298760
596 200670 298760
597 198430 298760
598 193950 298760
599 248830 298760
600 178270 298760
601 181630 298760
602 184990 298760
603 186110 298760
604 286910 298760
605 291390 298760
606 316030 298760
607 280190 298760
608 288030 298760
609 263390 298760
610 216350 298760
611 310430 298760
612 271230 298760
613 307070 140
614 267870 140
615 289150 298760
616 245470 140
617 263390 140
618 246590 140
619 233150 140
620 219710 140
621 217470 298760
622 308190 140
623 280190 140
624 290270 140
625 266750 140
626 274590 140
627 285790 140
628 309310 140
629 283550 140
630 224190 140
631 230910 298760
632 172670 298760
633 296990 298760
634 232030 140
635 205150 140
636 310430 140
637 276830 140
638 265630 140
639 333950 140
640 361950 140
641 323870 140
642 386590 140
643 218590 298760
644 412350 140
645 416830 140
646 402270 140
647 410110 140
648 383230 140
649 323870 298760
650 330590 298760
651 333950 298760
652 329470 298760
653 401150 298760
654 221950 298760
655 384350 298760
656 366430 298760
657 301470 298760
658 322750 298760
659 299230 298760
660 308190 298760
661 393310 298760
662 305950 298760
663 392190 298760
664 383230 298760
665 174910 298760
666 379870 140
667 360830 140
668 345150 140
669 391070 298760
670 394430 298760
671 408990 140
672 414590 140
673 382110 140
674 370910 140
675 395550 298760
676 282430 298760
677 336190 140
678 411230 298760
679 412350 298760
680 440350 298760
681 472830 298760
682 405630 298760
683 348510 140
684 367550 140
685 357470 140
686 398910 140
687 247710 298760
