0 277590 201133
1 296208 159589
2 211660 204400
3 382590 169694
4 243419 168323
5 87892 167316
6 131500 107357
7 264708 119373
8 339466 200115
9 236474 169960
10 190332 84700
11 237193 213266
12 277316 77736
13 203015 207200
14 261663 147000
15 194410 218400
16 159491 143000
17 190380 231700
18 285530 178536
19 269098 131061
20 105049 166376
21 179261 115331
22 189097 208600
23 315406 125903
24 189493 187755
25 188313 223300
26 251636 189000
27 262200 186630
28 278502 147560
29 340312 199211
30 274407 151900
31 266724 226537
32 272602 105350
33 141117 45279
34 181835 99312
35 220447 158900
36 258685 120120
37 267824 163800
38 263125 171226
39 283626 166923
40 245527 159600
41 269657 158900
42 259105 138200
43 230562 209278
44 158523 59371
45 152000 4200
46 335684 121400
47 349398 209125
48 239856 146160
49 188036 142333
50 227185 161600
51 218642 168700
52 219497 178500
53 245134 179836
54 207147 179200
55 170762 80500
56 172187 74900
57 116767 109033
58 178457 34300
59 326754 218066
60 194306 51333
61 292600 129553
62 245779 180815
63 177555 42700
64 177210 81025
65 179122 60900
66 195973 219450
67 185012 60200
68 213645 97440
69 192327 67900
70 161880 9800
71 190152 86520
72 355897 229800
73 192351 91350
74 230128 217000
75 234958 262398
76 216932 189000
77 226670 167600
78 133161 123487
79 244292 189700
80 243428 163613
81 211955 202377
82 201991 191800
83 195272 210000
84 448557 126600
85 194322 200900
86 320938 119140
87 271681 133560
88 273220 213000
89 309890 77658
90 342461 185666
91 174580 150207
92 308044 109300
93 330932 100100
94 260870 126515
95 288446 217466
96 298431 88044
97 298395 100800
98 338702 110870
99 302697 212866
100 344584 47740
101 304950 98000
102 269800 109447
103 286929 240692
104 401066 217175
105 191729 161746
106 349148 98175
107 278227 109000
108 388728 208270
109 338358 141166
110 268356 129920
111 199901 155723
112 282682 126840
113 292135 125533
114 306553 89250
115 251639 163333
116 204600 137953
117 215825 188569
118 111459 158200
119 228016 99533
120 144419 264665
121 307234 174994
122 309609 40000
123 467075 73587
124 330005 122522
125 231005 21000
126 300580 115500
127 311679 158869
128 326186 113909
129 434996 138769
130 233736 27673
131 325090 95200
132 379577 114851
133 327061 163683
134 364736 76066
135 477669 89862
136 374453 121133
137 221075 44644
138 479940 97720
139 418443 76066
140 455683 96600
141 359923 74200
142 471030 253670
143 400009 112525
144 440966 250950
145 450111 138069
146 391597 89622
147 358340 270200
148 460269 258450
149 212603 34695
150 325660 250600
151 437831 205206
152 340381 203622
153 329881 205313
154 256011 245400
155 332120 249900
156 388730 98368
157 392426 119000
158 374539 218200
159 420470 270200
160 454321 241966
161 442591 213800
162 375630 273000
163 426418 203646
164 256044 257880
165 416978 234325
166 455145 235200
167 240872 276500
168 388111 214343
169 387952 100200
170 387481 22050
171 287533 108266
172 395854 30955
173 443869 194605
174 280728 82911
175 349885 37100
176 407309 29323
177 349274 147000
178 318155 79800
179 373494 143137
180 304570 78400
181 281152 54300
182 399380 22200
183 344976 37800
184 364650 146200
185 297842 28525
186 343836 36866
187 292021 45713
188 168289 209160
189 359036 33133
190 372146 35000
191 158317 191910
192 363470 36866
193 407987 51520
194 290858 44333
195 256848 218244
196 309649 266840
197 157868 252466
198 266010 214977
199 282292 256900
200 315974 251235
201 277780 252700
202 158932 275775
203 379778 261422
204 220305 126000
205 309558 263560
206 357200 269577
207 227007 119350
208 167200 253000
209 234811 233561
210 281516 271133
211 275785 253120
212 345895 274400
213 295545 267866
214 275626 268333
215 191330 254333
216 305900 210700
217 301530 210000
218 269483 268333
219 292283 265533
220 214647 217622
221 273283 259000
222 350075 123900
223 313348 210840
224 368220 88200
225 376688 164978
226 382596 78866
227 380570 206733
228 376643 77933
229 351056 67666
230 276355 58100
231 289940 116200
232 331803 74200
233 285570 20066
234 331714 78493
235 340036 28466
236 324583 78866
237 148049 209825
238 255645 259000
239 264860 245700
240 216663 271133
241 183856 271133
242 183540 254200
243 337535 102200
244 311410 103600
245 335476 82600
246 318115 40643
247 343506 85000
248 343963 51800
249 350265 60900
250 393478 258594
251 356440 259700
252 298870 250600
253 369170 270200
254 369676 227266
255 398073 230300
256 265683 28466
257 274550 48300
258 272987 105311
259 306565 186200
260 264290 37800
261 273410 27533
262 213089 63608
263 268723 36866
264 263910 37800
265 243409 231000
266 223598 263114
267 289560 262500
268 298395 215600
269 211216 223533
270 215270 231000
271 262643 277666
272 323760 215600
273 324330 105933
274 383990 59266
275 361190 75133
276 362330 76066
277 340290 212100
278 324045 210700
279 349156 267400
280 342316 269266
281 353716 226333
282 271985 211400
283 273315 181300
284 254410 54600
285 256056 44333
286 255676 40600
287 263264 77560
288 255061 47800
289 272460 208600
290 286615 247100
291 278856 271133
292 280630 228200
293 245547 210400
294 252652 50400
295 253790 58578
296 338770 74200
297 426360 60200
298 196650 287000
299 259730 291200
300 338580 285600
301 251750 15400
302 325090 215600
303 357010 287000
304 361570 47600
305 395960 58800
306 269750 125051
307 254030 9800
308 273790 295400
309 358530 21000
310 356630 4200
311 338770 4200
312 367650 12600
313 319770 4200
314 255930 32200
315 299250 7000
316 341430 7000
317 351690 23800
318 349410 7000
319 246050 289800
320 345230 9800
321 330410 4200
322 315590 7000
323 208810 219800
324 307610 7000
325 237690 205800
326 368030 9800
327 353210 9800
328 335730 9800
329 317110 295400
330 182970 281400
331 353970 12600
332 493050 113400
333 268090 102200
334 386270 4200
335 497990 124600
336 362330 7000
337 492670 133000
338 487350 130200
339 181830 292600
340 238830 295400
341 184490 261800
342 175370 292600
343 191710 275800
344 205770 289800
345 211090 295400
346 219830 295400
347 208050 214200
348 197410 295400
349 202350 292600
350 183350 264600
351 187150 295400
352 283670 292600
353 280250 289800
354 279870 261800
355 292030 295400
356 333830 292600
357 276830 264600
358 179550 289800
359 265810 284200
360 276070 259000
361 299630 4200
362 260110 7000
363 289750 289800
364 262390 4200
365 269990 4200
366 253650 7000
367 247190 7000
368 249090 21000
369 192850 289800
370 293170 4200
371 270750 12600
372 281390 65800
373 266570 7000
374 269990 9800
375 280630 4200
376 279490 7000
377 276450 9800
378 240730 7000
379 279490 63000
380 199310 217000
381 298490 295400
382 246050 9800
383 247570 12600
384 264290 12600
385 238830 4200
386 251750 4200
387 322810 7000
388 347130 12600
389 311030 4200
390 351310 15400
391 221350 214200
392 342190 21000
393 357010 26600
394 334210 7000
395 339910 18200
396 349410 4200
397 334210 295400
398 323570 295400
399 370310 295400
400 360810 292600
401 374490 289800
402 223250 203000
403 345230 295400
404 347890 292600
405 290890 292600
406 284810 287000
407 306850 292600
408 317110 287000
409 381710 295400
410 327370 292600
411 365370 289800
412 361570 295400
413 230470 205800
414 364230 4200
415 371070 7000
416 314070 289800
417 379810 4200
418 373350 4200
419 391210 57400
420 390450 54600
421 376390 12600
422 361570 9800
423 366510 26600
424 282910 295400
425 360050 18200
426 398430 295400
427 420850 292600
428 414770 295400
429 427690 289800
430 391210 289800
431 314070 292600
432 349410 18200
433 309130 295400
434 360430 15400
435 248710 295400
436 257790 140
437 134590 140
438 267870 298760
439 158110 298760
440 160350 298760
441 182750 298760
442 159230 140
443 158110 140
444 271230 298760
445 167070 140
446 177150 140
447 192830 298760
448 260030 298760
449 190590 298760
450 249950 298760
451 171550 140
452 201790 298760
453 251070 298760
454 179390 298760
455 186110 298760
456 253310 298760
457 202910 298760
458 197310 298760
459 153630 140
460 264510 298760
461 257790 298760
462 260030 140
463 283550 140
464 285790 140
465 277950 140
466 284670 140
467 280190 140
468 163710 140
469 161470 140
470 170430 140
471 156990 140
472 140 150220
473 140 151340
474 266750 298760
475 136830 140
476 133470 140
477 183870 140
478 140 154700
479 165950 298760
480 140 155820
481 184990 140
482 198430 140
483 189470 140
484 196190 140
485 174910 298760
486 181630 140
487 273470 298760
488 235390 298760
489 217470 298760
490 275710 298760
491 227550 298760
492 268990 298760
493 245470 298760
494 263390 298760
495 240990 298760
496 167070 298760
497 204030 298760
498 135710 140
499 164830 140
500 165950 140
501 225310 298760
502 174910 140
503 191710 140
504 207390 140
505 220830 298760
506 246590 298760
507 190590 140
508 212990 298760
509 139070 140
510 255550 298760
511 228670 298760
512 162590 298760
513 256670 298760
514 206270 298760
515 187230 298760
516 304830 140
517 265630 140
518 301470 140
519 299230 140
520 150270 140
521 322750 140
522 307070 140
523 314910 140
524 293630 140
525 276830 298760
526 221950 298760
527 348510 298760
528 239870 298760
529 262270 298760
530 238750 298760
531 154750 140
532 233150 298760
533 218590 298760
534 168190 140
535 169310 140
536 237630 298760
537 176030 140
538 186110 140
539 168190 298760
540 230910 298760
541 172670 298760
542 141310 140
543 170430 298760
544 199550 298760
545 272350 298760
546 232030 298760
547 195070 298760
548 261150 298760
549 188350 298760
550 178270 298760
551 313790 140
552 330590 140
553 160350 140
554 296990 140
555 300350 140
556 329470 140
557 303710 140
558 294750 140
559 290270 140
560 283550 298760
561 159230 298760
562 285790 298760
563 216350 298760
564 162590 140
565 282430 298760
566 251070 140
567 274590 298760
568 403390 140
569 392190 140
570 370910 140
571 386590 140
572 346270 140
573 341790 140
574 310430 140
575 358590 140
576 356350 140
577 398910 140
578 347390 298760
579 342910 140
580 337310 140
581 304830 298760
582 163710 298760
583 300350 298760
584 181630 298760
585 294750 298760
586 301470 298760
587 292510 298760
588 291390 298760
589 205150 298760
590 295870 140
591 397790 140
592 328350 140
593 395550 140
594 372030 140
595 384350 140
596 382110 140
597 387710 140
598 173790 298760
599 229790 298760
600 207390 298760
601 265630 298760
602 254430 298760
603 198430 298760
604 270110 298760
605 164830 298760
606 258910 298760
607 189470 298760
608 161470 298760
609 171550 298760
610 215230 298760
611 346270 298760
612 340670 298760
613 344030 298760
614 337310 298760
615 339550 298760
616 319390 298760
617 289150 298760
618 338430 298760
619 332830 298760
620 299230 298760
621 247710 140
622 281310 298760
623 252190 140
624 261150 140
625 254430 140
626 255550 140
627 242110 140
628 242110 298760
629 271230 140
630 266750 140
631 345150 298760
632 262270 140
633 270110 140
634 276830 140
635 292510 140
636 312670 140
637 275710 140
638 355230 140
639 236510 298760
640 291390 140
641 319390 140
642 327230 140
643 317150 140
644 289150 140
645 332830 140
646 320510 140
647 347390 140
648 308190 140
649 345150 140
650 290270 298760
651 365310 140
652 402270 140
653 323870 140
654 333950 140
655 336190 298760
656 317150 298760
657 318270 298760
658 341790 298760
659 329470 298760
660 349630 298760
661 277950 298760
662 331710 298760
663 322750 298760
664 357470 298760
665 400030 298760
666 298110 298760
667 402270 298760
668 389950 298760
669 386590 298760
670 392190 298760
671 376510 298760
672 284670 298760
673 360830 140
674 363070 140
675 309310 298760
676 378750 298760
677 367550 140
678 383230 140
679 379870 140
680 379870 298760
681 314910 298760
682 363070 298760
683 312670 298760
684 328350 298760
685 416830 298760
686 414590 298760
687 408990 298760
688 417950 298760
689 384350 298760
690 321630 298760
691 393310 140
692 324990 140
693 380990 140
694 247710 298760
695 279070 298760
696 361950 140
697 364190 140
698 340670 140
699 373150 140
700 321630 140
701 258910 140
702 302590 140
703 339550 140
704 368670 140
705 352990 140
706 248830 298760
707 348510 140
708 331710 140
709 318270 140
710 211870 298760
711 311550 140
712 243230 298760
713 374270 140
714 357470 140
715 338430 140
716 324990 298760
717 177150 298760
718 400030 140
719 593660 137900
720 268990 140
721 389950 140
722 593660 140140
723 376510 140
724 593660 139020
725 593660 131180
726 183870 298760
727 244350 298760
728 176030 298760
729 169310 298760
730 196190 298760
731 210750 298760
732 214110 298760
733 223070 298760
734 208510 298760
735 219710 298760
736 209630 298760
737 184990 298760
738 191710 298760
739 288030 298760
740 303710 298760
741 286910 298760
742 302590 298760
743 342910 298760
744 305950 298760
745 180510 298760
746 295870 298760
747 280190 298760
748 305950 140
749 263390 140
750 296990 298760
751 264510 140
752 273470 140
753 256670 140
754 249950 140
755 243230 140
756 193950 298760
757 298110 140
758 274590 140
759 286910 140
760 272350 140
761 279070 140
762 288030 140
763 309310 140
764 281310 140
765 245470 140
766 282430 140
767 200670 298760
768 326110 298760
769 246590 140
770 248830 140
771 267870 140
772 244350 140
773 253310 140
774 326110 140
775 349630 140
776 316030 140
777 354110 140
778 224190 298760
779 344030 140
780 359710 140
781 335070 140
782 336190 140
783 351870 140
784 335070 298760
785 323870 298760
786 374270 298760
787 364190 298760
788 382110 298760
789 226430 298760
790 333950 298760
791 327230 298760
792 293630 298760
793 308190 298760
794 310430 298760
795 320510 298760
796 385470 298760
797 330590 298760
798 369790 298760
799 365310 298760
800 234270 298760
801 388830 140
802 385470 140
803 316030 298760
804 375390 140
805 377630 140
806 394430 140
807 391070 140
808 378750 140
809 396670 140
810 369790 140
811 307070 298760
812 401150 140
813 401150 298760
814 423550 298760
815 421310 298760
816 431390 298760
817 394430 298760
818 313790 298760
819 350750 140
820 311550 298760
821 366430 140
822 252190 298760
