0 151683 174066
1 210392 174600
2 129399 118020
3 304332 159320
4 219935 97429
5 42612 96419
6 104215 37022
7 227956 97461
8 277677 193523
9 121916 113503
10 245636 103904
11 110091 41000
12 114268 217494
13 234918 79800
14 212657 57400
15 56917 109139
16 211280 104739
17 165442 57400
18 192173 73850
19 125549 162000
20 240931 131337
21 286092 144744
22 155186 74415
23 124251 200884
24 50650 39534
25 207590 181241
26 115746 148507
27 120428 125066
28 204470 118852
29 134380 125926
30 70680 50066
31 98135 12600
32 149276 194911
33 290253 125580
34 287137 213780
35 212166 85400
36 124787 58644
37 197248 89600
38 207507 90066
39 140184 45370
40 195989 26042
41 193369 53480
42 141645 24360
43 149902 135696
44 266138 125236
45 135850 32686
46 86226 200364
47 290462 95900
48 152451 19250
49 142120 4200
50 276840 96600
51 269190 223631
52 168866 17553
53 141069 223752
54 192030 41327
55 228430 51947
56 220277 59541
57 190346 62011
58 183718 56000
59 136003 143933
60 129055 87967
61 150774 239120
62 250270 221400
63 135842 133000
64 140835 230410
65 201168 157670
66 155491 116433
67 200450 189000
68 177604 131666
69 279177 225400
70 132737 92856
71 321109 129780
72 126439 144529
73 316096 237720
74 185860 89084
75 172432 255769
76 144400 135240
77 174515 178500
78 237038 166400
79 117215 82384
80 152397 4200
81 165343 11092
82 205458 120155
83 54781 147162
84 182627 185203
85 220442 157929
86 325225 144448
87 311947 143661
88 374880 115995
89 308010 151289
90 310352 176589
91 312504 36066
92 259654 159880
93 369455 147000
94 387721 128623
95 257972 168280
96 377913 157473
97 311508 48476
98 296052 226509
99 317756 82880
100 274849 225151
101 387248 170325
102 346626 264001
103 292229 40254
104 279438 239909
105 281782 88400
106 262485 264600
107 301433 237807
108 315666 106120
109 362585 257444
110 302893 95955
111 373614 223748
112 88540 250600
113 235738 159869
114 244348 149481
115 382061 213643
116 195934 234434
117 170864 177000
118 147915 175700
119 256396 146017
120 380279 73580
121 211816 239984
122 68458 186546
123 273245 179212
124 225055 235200
125 164365 279300
126 128459 216758
127 127270 205153
128 124792 276224
129 121355 211400
130 216761 273291
131 168511 129640
132 140139 283411
133 194576 134115
134 139027 232846
135 151145 276266
136 39963 162866
137 245138 157640
138 92720 147700
139 62147 161169
140 214244 149520
141 306375 228200
142 292885 229600
143 250728 218050
144 287529 186631
145 239286 110040
146 194275 161000
147 106305 201600
148 54804 199722
149 104538 214760
150 113145 201600
151 120161 230400
152 100320 222200
153 378824 71906
154 295146 156520
155 335350 153300
156 261392 254100
157 243862 277535
158 286805 248500
159 244606 233240
160 270091 256760
161 229203 84466
162 238982 112840
163 176998 149400
164 234324 100600
165 250010 58692
166 112220 194345
167 51827 244304
168 152114 210840
169 195035 210700
170 62408 250498
171 276602 215880
172 282783 193666
173 328586 208040
174 267976 229880
175 253650 235200
176 160246 167720
177 122930 152600
178 233944 92200
179 116090 186900
180 114665 184800
181 205587 183217
182 279460 217215
183 112812 158200
184 106250 163210
185 282815 277200
186 318630 156800
187 426170 109200
188 319453 163100
189 256717 246600
190 119296 128450
191 8170 138600
192 12350 175000
193 324330 298200
194 428830 149800
195 246810 306600
196 312550 217000
197 268850 15400
198 435670 88200
199 431110 130200
200 428450 102200
201 293170 15400
202 279110 4200
203 7410 197400
204 435670 96600
205 423890 96600
206 424270 138600
207 202730 82600
208 430730 138600
209 429210 144200
210 435670 93800
211 276450 7000
212 273790 12600
213 431110 110600
214 108110 306600
215 279870 303800
216 424650 116200
217 428070 135800
218 433770 121800
219 429590 119000
220 434910 135800
221 433390 133000
222 426930 113400
223 117230 306600
224 123690 306600
225 101650 306600
226 5890 214200
227 10070 203000
228 5890 200200
229 14630 205800
230 12350 208600
231 10450 177800
232 106970 303800
233 93670 306600
234 8930 211400
235 5890 194600
236 12350 194600
237 197410 306600
238 182210 303800
239 168530 306600
240 155610 301000
241 152190 306600
242 10450 186200
243 174990 306600
244 158650 306600
245 10450 144200
246 426930 127400
247 7030 141400
248 435670 155400
249 435670 144200
250 435670 102200
251 434910 113400
252 435670 124600
253 5890 183400
254 435670 152600
255 220210 4200
256 5890 152600
257 227430 4200
258 237310 7000
259 246430 4200
260 435670 65800
261 427310 63000
262 215650 82600
263 209570 77000
264 8170 205800
265 23370 172200
266 206910 4200
267 432250 116200
268 254790 4200
269 252890 9800
270 213750 4200
271 223630 303800
272 316730 298200
273 30590 172200
274 236930 306600
275 10830 180600
276 238830 301000
277 263910 303800
278 256690 298200
279 243770 298200
280 282910 306600
281 246430 301000
282 252890 301000
283 273410 306600
284 284430 301000
285 301150 303800
286 153710 303800
287 277970 301000
288 266950 306600
289 18810 217000
290 255550 303800
291 12350 183400
292 10830 189000
293 229330 306600
294 259730 306600
295 260110 301000
296 17290 177800
297 294310 306600
298 304570 298200
299 250230 298200
300 424650 130200
301 427310 121800
302 430730 105000
303 435670 107800
304 323570 4200
305 283290 298200
306 317110 306600
307 12350 214200
308 246430 303800
309 433770 147000
310 323950 306600
311 341430 306600
312 433390 177800
313 333070 306600
314 253270 306600
315 235410 303800
316 288230 303800
317 302290 306600
318 10450 191800
319 140 136780
320 85310 140
321 140 140140
322 189470 140
323 153630 140
324 202910 140
325 111070 140
326 124510 140
327 150270 140
328 135710 140
329 115550 140
330 145790 140
331 156990 140
332 214110 140
333 209630 140
334 205150 140
335 120030 140
336 144670 140
337 126750 140
338 128990 140
339 171550 140
340 155870 140
341 164830 140
342 86430 140
343 190590 140
344 193950 140
345 180510 140
346 182750 140
347 163710 140
348 184990 140
349 183870 140
350 168190 140
351 121150 140
352 141310 140
353 99870 140
354 105470 140
355 90910 140
356 97630 140
357 140 163660
358 92030 140
359 93150 140
360 149150 140
361 98750 140
362 88670 140
363 102110 140
364 173790 140
365 170430 140
366 162590 140
367 167070 140
368 123390 140
369 161470 140
370 140 145740
371 152510 140
372 154750 140
373 140190 140
374 116670 140
375 140 161420
376 109950 140
377 112190 140
378 178270 140
379 158110 140
380 177150 140
381 89790 140
382 87550 140
383 122270 140
384 140 147980
385 125630 140
386 133470 140
387 151390 140
388 201790 140
389 199550 140
390 196190 140
391 131230 140
392 106590 140
393 140 168140
394 132350 140
395 137950 140
396 186110 140
397 159230 140
398 172670 140
399 140 160300
400 140 159180
401 140 141260
402 140 150220
403 94270 140
404 140 139020
405 140 173740
406 181630 140
407 140 165900
408 139070 140
409 108830 140
410 140 156940
411 103230 140
412 107710 140
413 179390 140
414 100990 140
415 160350 140
416 188350 140
417 104350 140
418 118910 140
419 142430 140
420 127870 140
421 134590 140
422 146910 140
423 176030 140
424 195070 140
425 95390 140
426 192830 140
427 136830 140
428 140 170380
429 130110 140
430 143550 140
431 187230 140
432 165950 140
433 174910 140
434 140 137900
435 140 151340
436 96510 140
437 140 171500
438 191710 140
439 140 172620
440 140 180460
441 198430 140
442 140 152460
443 148030 140
444 113310 140
445 140 144620
446 114430 140
447 117790 140
448 140 175980
449 140 167020
450 140 179340
451 310430 310150
452 441410 161420
453 301470 310150
454 330590 310150
455 295870 310150
456 318270 310150
457 441410 155820
458 441410 158060
459 441410 146860
460 441410 144620
461 233150 310150
462 441410 149100
463 441410 140140
464 232030 310150
465 140 164780
466 140 149100
467 140 158060
468 227550 310150
469 239870 310150
470 140 155820
471 140 162540
472 140 218540
473 244350 310150
474 441410 91980
475 441410 160300
476 441410 96460
477 441410 134540
478 441410 124460
479 441410 119980
480 441410 95340
481 100990 310150
482 109950 310150
483 98750 310150
484 104350 310150
485 140 216300
486 140 201740
487 140 208460
488 103230 310150
489 140 197260
490 105470 310150
491 115550 310150
492 143550 310150
493 151390 310150
494 140 214060
495 206270 310150
496 210750 310150
497 200670 310150
498 187230 310150
499 179390 310150
500 140 183820
501 173790 310150
502 172670 310150
503 140 217420
504 441410 99820
505 140 154700
506 243230 140
507 441410 139020
508 441410 98700
509 441410 151340
510 441410 135660
511 140 198380
512 206270 140
513 207390 140
514 140 146860
515 197310 140
516 210750 140
517 215230 140
518 217470 140
519 441410 121100
520 212990 140
521 441410 137900
522 140 215180
523 140 169260
524 441410 153580
525 441410 122220
526 441410 94220
527 441410 97580
528 441410 145740
529 140 189420
530 277950 310150
531 140 210700
532 275710 310150
533 211870 310150
534 235390 310150
535 243230 310150
536 234270 310150
537 267870 310150
538 261150 310150
539 240990 310150
540 245470 310150
541 246590 310150
542 276830 310150
543 273470 310150
544 229790 310150
545 263390 310150
546 264510 310150
547 292510 310150
548 272350 310150
549 237630 310150
550 303710 310150
551 299230 310150
552 304830 310150
553 294750 310150
554 298110 310150
555 164830 310150
556 300350 310150
557 308190 310150
558 238750 310150
559 441410 152460
560 441410 156940
561 441410 147980
562 333950 310150
563 313790 310150
564 271230 310150
565 309310 310150
566 140 205100
567 256670 310150
568 328350 310150
569 332830 310150
570 338430 310150
571 331710 310150
572 321630 310150
573 265630 310150
574 335070 310150
575 274590 310150
576 336190 310150
577 140 188300
578 140 174860
579 323870 310150
580 441410 150220
581 252190 310150
582 316030 310150
583 271230 140
584 441410 100940
585 441410 131180
586 441410 107660
587 272350 140
588 266750 140
589 140 193900
590 441410 112140
591 441410 106540
592 441410 127820
593 204030 140
594 441410 133420
595 441410 141260
596 441410 93100
597 279070 140
598 276830 140
599 441410 113260
600 106590 310150
601 283550 310150
602 441410 114380
603 441410 128940
604 441410 125580
605 441410 118860
606 441410 136780
607 441410 115500
608 441410 105420
609 118910 310150
610 114430 310150
611 96510 310150
612 140 199500
613 140 203980
614 140 200620
615 140 207340
616 140 202860
617 140 177100
618 107710 310150
619 94270 310150
620 140 212940
621 140 196140
622 140 190540
623 201790 310150
624 186110 310150
625 174910 310150
626 158110 310150
627 167070 310150
628 140 186060
629 170430 310150
630 162590 310150
631 140 143500
632 441410 130060
633 140 142380
634 441410 159180
635 441410 143500
636 441410 103180
637 441410 104300
638 441410 116620
639 140 195020
640 441410 154700
641 218590 140
642 140 153580
643 220830 140
644 228670 140
645 232030 140
646 441410 111020
647 441410 102060
648 200670 140
649 211870 140
650 140 206220
651 140 178220
652 208510 140
653 441410 117740
654 258910 140
655 254430 140
656 216350 140
657 226430 310150
658 329470 310150
659 140 184940
660 242110 310150
661 140 181580
662 248830 310150
663 266750 310150
664 258910 310150
665 251070 310150
666 284670 310150
667 249950 310150
668 254430 310150
669 268990 310150
670 282430 310150
671 302590 310150
672 156990 310150
673 281310 310150
674 270110 310150
675 140 211820
676 257790 310150
677 140 182700
678 140 187180
679 230910 310150
680 260030 310150
681 289150 310150
682 262270 310150
683 140 192780
684 296990 310150
685 307070 310150
686 253310 310150
687 441410 132300
688 441410 123340
689 441410 109900
690 441410 108780
691 326110 140
692 285790 310150
693 322750 310150
694 140 209580
695 247710 310150
696 441410 126700
697 327230 310150
698 345150 310150
699 441410 142380
700 337310 310150
701 255550 310150
702 236510 310150
703 290270 310150
704 305950 310150
705 140 191660
