0 46236 14565
1 31141 37631
2 33618 28497
3 49483 9650
4 43657 23166
5 20992 18042
6 28477 24757
7 43992 11284
8 61234 12882
9 55870 30069
10 27027 2565
11 37789 13194
12 57732 30160
13 31645 22802
14 27256 25952
15 45531 6786
16 51755 23702
17 44379 18317
18 53494 21766
19 33255 17786
20 43424 11921
21 39655 32500
22 35888 28119
23 50259 24276
24 57357 28669
25 22701 39635
26 50640 27573
27 60910 26779
28 43754 38029
29 61387 27340
30 37939 42543
31 40281 39315
32 44090 38214
33 20698 35302
34 54787 20322
35 42217 20985
36 54427 31086
37 24774 38326
38 46849 25398
39 27904 8370
40 31757 32130
41 12101 11604
42 47918 17040
43 48584 33455
44 56995 31515
45 22438 7528
46 26401 37948
47 46478 23316
48 28764 12555
49 14906 10181
50 55577 16215
51 23707 16941
52 50153 13725
53 29092 13590
54 51438 36064
55 13049 35087
56 47304 18181
57 52835 35165
58 12395 24599
59 31771 17877
60 44978 27581
61 44427 25808
62 53156 7866
63 14331 36851
64 36236 14229
65 42067 35667
66 48987 26742
67 46989 12622
68 54916 25543
69 46324 25429
70 46424 38838
71 52442 19096
72 40831 24870
73 44553 19067
74 43605 2295
75 45477 11256
76 20108 22612
77 53390 16084
78 54433 23525
79 51144 14240
80 60089 7715
81 51256 19584
82 49190 4358
83 55252 17073
84 72102 8612
85 52584 14937
86 31500 32022
87 50620 13870
88 47487 12487
89 62097 8268
90 30624 25965
91 50026 35389
92 58186 14608
93 62400 17769
94 25208 6938
95 65147 13331
96 70513 17919
97 79997 29757
98 61624 17280
99 69775 14252
100 77658 20955
101 67302 14595
102 58729 17700
103 55915 16410
104 73562 18307
105 54546 16312
106 79453 27118
107 53422 33423
108 53113 37215
109 53856 36532
110 71094 30271
111 54409 34384
112 61905 39468
113 70176 37935
114 59351 42052
115 58277 40095
116 50752 38318
117 49840 37846
118 63480 38537
119 68963 39987
120 75495 41202
121 52916 36180
122 28639 16924
123 29428 18564
124 34836 20925
125 28192 22968
126 33878 7538
127 32778 35505
128 32985 36328
129 27504 19155
130 15134 23240
131 31811 17865
132 13244 23062
133 14544 28095
134 31423 22532
135 31685 21046
136 37175 17530
137 37299 7230
138 38423 9855
139 71270 7094
140 69351 4035
141 61109 25202
142 63823 23795
143 58737 23799
144 58218 23625
145 39343 29558
146 38057 27435
147 70090 29774
148 68674 33736
149 40377 18622
150 38506 18804
151 50316 29902
152 50215 24050
153 27904 12858
154 19822 4675
155 79661 24761
156 76113 24435
157 81144 23895
158 73930 39262
159 70901 40817
160 34503 39375
161 47243 37051
162 32302 43767
163 31212 41490
164 29597 25088
165 23335 29195
166 24257 27010
167 42759 42482
168 16213 16470
169 43024 44145
170 31927 7830
171 50989 2700
172 50854 2430
173 49288 2295
174 52393 4725
175 63409 38070
176 61087 38070
177 62626 38205
178 63625 38610
179 64489 38745
180 49801 44280
181 29686 4725
182 51718 4590
183 54445 4860
184 45616 2700
185 48073 3375
186 43294 3780
187 44833 2565
188 47884 4590
189 46372 2565
190 46318 5130
191 45319 3645
192 26149 2295
193 55363 4050
194 60115 8100
195 58684 2295
196 53311 5940
197 49774 2835
198 47830 2430
199 48856 3915
200 55147 3510
201 8977 18090
202 15214 17550
203 28147 2565
204 29038 2835
205 29632 4185
206 30199 4455
207 30469 5670
208 31738 2700
209 30010 5265
210 30793 6075
211 32737 2430
212 29497 6075
213 32089 2565
214 36949 7425
215 32305 3915
216 31360 6345
217 36220 38475
218 39703 39690
219 36895 7425
220 30145 4860
221 32899 5400
222 34114 7965
223 46534 44010
224 41728 44145
225 42187 44280
226 45265 42930
227 42484 42255
228 46210 42660
229 47290 42660
230 46345 42795
231 30604 44415
232 56200 42660
233 58225 44010
234 58549 44415
235 46210 44415
236 54796 44280
237 52150 43200
238 49774 44145
239 56200 44010
240 56200 42390
241 57280 43875
242 28471 44280
243 57037 44145
244 51367 4185
245 49882 3915
246 49990 2565
247 51097 42390
248 54985 43875
249 55957 43875
250 56902 44010
251 51016 44280
252 48424 43200
253 32494 44415
254 48964 44415
255 48586 42660
256 48802 42795
257 50476 42795
258 61843 44280
259 64192 44280
260 66892 44280
261 67432 44145
262 58117 39690
263 56281 38475
264 28795 44010
265 54823 44010
266 57901 44145
267 40675 2565
268 41026 2295
269 29335 3510
270 42808 5940
271 43564 7965
272 43537 4725
273 46858 2430
274 52150 4995
275 30577 8100
276 60304 32400
277 65029 2700
278 59035 2430
279 59008 32535
280 49774 4590
281 55471 4185
282 54202 4995
283 56119 3105
284 62086 2295
285 67162 2565
286 29389 2565
287 67702 2295
288 61330 37530
289 64894 2565
290 55984 27000
291 54931 30645
292 58495 32265
293 46588 44280
294 60115 32265
295 60925 11070
296 53527 44010
297 52058 14906
298 46169 4054
299 48357 2948
300 32327 18059
301 35543 17981
302 41464 43901
303 53790 41009
304 54152 34973
305 53581 39990
306 50024 15028
307 50940 3174
308 57115 11788
309 43116 46672
310 42 26892
311 48204 42
312 48876 42
313 46284 46672
314 46476 46672
315 42060 46672
316 37548 46672
317 37452 46672
318 42156 46672
319 41964 46672
320 42828 46672
321 34956 46672
322 45804 42
323 46092 42
324 44076 42
325 38124 42
326 39948 42
327 43404 42
328 44652 42
329 44748 42
330 44556 42
331 43692 42
332 42 22764
333 41868 42
334 43500 46672
335 43020 42
336 43596 42
337 46284 42
338 44844 42
339 45036 42
340 44364 42
341 25548 42
342 24492 42
343 25836 42
344 26988 42
345 27372 42
346 27084 42
347 34764 46672
348 24012 46672
349 42 27180
350 25740 42
351 24684 46672
352 25932 42
353 31020 42
354 38124 46672
355 29004 42
356 35916 46672
357 24588 46672
358 35724 46672
359 26892 42
360 34860 46672
361 34188 46672
362 34284 46672
363 40140 46672
364 39948 46672
365 37356 46672
366 42924 46672
367 39756 46672
368 42732 46672
369 43692 46672
370 43596 46672
371 20748 46672
372 39852 46672
373 39468 46672
374 38508 46672
375 40620 46672
376 40716 46672
377 41868 46672
378 43884 42
379 47916 42
380 48780 42
381 42444 46672
382 21996 46672
383 40428 46672
384 46380 42
385 48300 42
386 49452 42
387 49068 42
388 49260 42
389 42348 46672
390 42540 46672
391 44652 46672
392 43308 46672
393 22860 46672
394 47148 42
395 45804 46672
396 47148 46672
397 45132 46672
398 44748 46672
399 40044 46672
400 35628 46672
401 43980 46672
402 48396 42
403 48492 42
404 21900 46672
405 46572 46672
406 45420 46672
407 38892 46672
408 39276 46672
409 35532 46672
410 40332 46672
411 41484 46672
412 41772 46672
413 45420 42
414 47340 42
415 22956 46672
416 47244 42
417 42444 42
418 38988 46672
419 46956 42
420 47532 42
421 48972 42
422 49164 42
423 48684 42
424 39180 46672
425 40812 46672
426 27948 42
427 41676 42
428 44268 46672
429 46860 42
430 45708 42
431 47052 42
432 44460 42
433 44172 46672
434 39564 46672
435 37644 46672
436 43884 46672
437 30924 42
438 35340 46672
439 41196 46672
440 44076 46672
441 46668 42
442 49356 42
443 47724 42
444 51852 42
445 52044 42
446 58572 46672
447 58764 46672
448 54732 42
449 50700 42
450 49932 42
451 46572 42
452 50220 42
453 51372 42
454 45516 42
455 46188 42
456 42252 42
457 42540 42
458 44940 42
459 43788 42
460 45228 42
461 42828 42
462 38700 42
463 53484 42
464 54060 42
465 53964 42
466 52908 42
467 52620 42
468 45996 42
469 48108 42
470 53100 42
471 38028 42
472 35916 42
473 35724 42
474 37452 42
475 36300 42
476 36396 46672
477 36684 46672
478 38220 46672
479 34668 46672
480 34572 42
481 34764 42
482 37548 42
483 36300 46672
484 36204 42
485 37644 42
486 35628 42
487 36972 42
488 35820 42
489 38412 42
490 35820 46672
491 37260 42
492 36588 46672
493 39660 46672
494 39084 46672
495 36108 46672
496 43788 46672
497 44460 46672
498 42636 46672
499 44556 46672
500 44364 46672
501 36876 46672
502 58668 46672
503 60108 46672
504 60012 46672
505 53676 46672
506 53388 46672
507 51660 46672
508 54252 46672
509 56076 46672
510 59724 46672
511 60204 46672
512 50796 42
513 57228 46672
514 57516 46672
515 52236 46672
516 52812 46672
517 51276 42
518 52332 42
519 51276 46672
520 52332 46672
521 50700 46672
522 47340 46672
523 46956 46672
524 47628 46672
525 47244 46672
526 48108 46672
527 51564 46672
528 60492 46672
529 61740 46672
530 61836 46672
531 59436 46672
532 56268 46672
533 55020 46672
534 39372 46672
535 53292 42
536 52428 42
537 39084 42
538 39564 42
539 39180 42
540 55980 42
541 55692 42
542 42060 42
543 45324 42
544 50892 42
545 41772 42
546 55500 42
547 59436 42
548 55596 42
549 50316 42
550 50604 42
551 52812 42
552 51084 42
553 52236 42
554 62892 42
555 62796 42
556 50508 42
557 63180 42
558 61068 46672
559 57996 46672
560 55596 46672
561 53004 42
562 57036 46672
563 60780 42
564 63372 42
565 63468 42
566 42924 42
567 40716 42
568 33612 42
569 51468 42
570 50988 42
571 49644 42
572 52716 42
573 63852 46672
574 61452 46672
575 63468 46672
576 64236 46672
577 65292 46672
578 49548 46672
579 30060 42
580 52140 42
581 54924 42
582 45900 42
583 48012 42
584 42348 42
585 45132 42
586 47820 42
587 46764 42
588 46476 42
589 45612 42
590 25644 42
591 58092 42
592 63084 42
593 59628 42
594 53388 42
595 50124 42
596 47628 42
597 48588 42
598 55788 42
599 42 18636
600 42 18156
601 27852 42
602 28812 42
603 30156 42
604 30732 42
605 30828 42
606 31884 42
607 30252 42
608 29676 42
609 33132 42
610 29196 42
611 32556 42
612 37740 42
613 34092 42
614 31788 42
615 38604 46672
616 40524 46672
617 41004 42
618 30636 42
619 36684 42
620 37836 42
621 46860 46672
622 41676 46672
623 42252 46672
624 45516 46672
625 41388 46672
626 46188 46672
627 47436 46672
628 46668 46672
629 36012 46672
630 63084 46672
631 63564 46672
632 63756 46672
633 46764 46672
634 63180 46672
635 53292 46672
636 50412 46672
637 56844 46672
638 58188 46672
639 58284 46672
640 23340 46672
641 57612 46672
642 51948 42
643 51180 42
644 50412 42
645 51468 46672
646 55788 46672
647 59628 46672
648 58476 46672
649 51372 46672
650 48780 46672
651 34572 46672
652 49356 46672
653 48876 46672
654 48972 46672
655 50892 46672
656 62796 46672
657 63948 46672
658 63660 46672
659 60396 46672
660 57900 46672
661 56748 46672
662 23052 46672
663 54924 46672
664 58956 46672
665 40332 42
666 41580 42
667 29580 42
668 42156 42
669 43308 42
670 43500 42
671 47436 42
672 52524 42
673 31212 42
674 60300 46672
675 65292 42
676 58764 42
677 58380 46672
678 49548 42
679 55884 42
680 53196 42
681 57228 42
682 63276 42
683 68940 42
684 29100 42
685 72684 42
686 61644 46672
687 63660 42
688 55884 46672
689 55308 46672
690 58860 46672
691 47052 46672
692 60588 46672
693 64332 42
694 53964 46672
695 42 14700
