0 161690 165666
1 202296 167367
2 161025 66500
3 279817 167222
4 166582 72800
5 33294 105799
6 87260 54600
7 144617 118900
8 249113 214287
9 185202 56000
10 173185 67200
11 179122 70700
12 85120 59553
13 90535 194775
14 231510 115757
15 208936 51100
16 44422 117842
17 106455 74117
18 162877 61600
19 287353 160784
20 174445 68973
21 94837 184000
22 157383 100333
23 169708 53480
24 135614 147784
25 152760 68600
26 247876 204866
27 195700 118125
28 116645 188852
29 47247 36485
30 114905 49905
31 112812 56000
32 102552 52500
33 148504 130200
34 233950 199640
35 156050 90490
36 194641 122200
37 153472 77000
38 164384 85654
39 154565 70933
40 109050 202410
41 77077 42014
42 88540 4200
43 113441 222435
44 186817 81900
45 273828 223906
46 194136 86261
47 88247 77000
48 189857 66500
49 187107 68600
50 203727 68600
51 218167 60900
52 207385 77280
53 209332 60900
54 124592 47600
55 142477 20629
56 173888 49560
57 192934 46200
58 197828 60200
59 203713 80500
60 146903 31926
61 144780 53200
62 132936 54288
63 142927 48300
64 103436 215880
65 202397 34300
66 251479 237300
67 199785 30625
68 114000 4200
69 200560 22633
70 247420 252000
71 201447 16800
72 154545 37409
73 215924 28777
74 143222 274471
75 212087 14000
76 221112 35700
77 202307 35000
78 214272 19600
79 218262 50400
80 212249 53480
81 213702 45500
82 203751 48300
83 196317 50400
84 244815 140933
85 117528 144200
86 111704 159833
87 230868 213533
88 99777 89854
89 260585 128163
90 119903 128000
91 115662 148400
92 110070 136536
93 98129 197944
94 213500 154262
95 208501 215950
96 120930 135652
97 77270 194600
98 208687 232811
99 129200 160300
100 117937 145911
101 120843 99150
102 295112 131288
103 106795 135800
104 266681 230341
105 157676 189700
106 96757 157500
107 97601 219369
108 90782 133560
109 108979 98323
110 101422 127400
111 97280 168777
112 213954 173061
113 139636 67800
114 183145 11092
115 174309 15633
116 112480 128800
117 49127 123836
118 176281 119419
119 179214 178858
120 144584 35593
121 156836 232847
122 328530 168884
123 343358 55318
124 276950 153160
125 342220 107707
126 269207 151400
127 188024 228760
128 235980 182000
129 199880 233000
130 275454 157752
131 239590 199500
132 322886 102760
133 343176 156605
134 298544 33000
135 338276 145320
136 292156 116200
137 321556 138786
138 363337 124880
139 288521 37109
140 181338 228694
141 264842 51290
142 175658 226940
143 308940 104200
144 356756 120866
145 332183 130200
146 355743 124600
147 291025 85400
148 334396 263311
149 347750 172790
150 255990 83131
151 279806 287933
152 322366 270967
153 266564 26980
154 253365 268800
155 274354 84000
156 86992 277738
157 248995 271600
158 272057 100058
159 296058 92120
160 343692 229537
161 281770 284200
162 316773 268476
163 351880 237000
164 288863 278600
165 329690 228400
166 117800 273000
167 285332 246925
168 362045 252000
169 277906 114333
170 160018 200060
171 348796 276230
172 291118 266280
173 256476 261450
174 73973 161311
175 222642 151480
176 239210 262733
177 347308 220398
178 242901 135600
179 248045 247800
180 227796 271013
181 265945 177800
182 232076 162781
183 216220 233100
184 255396 168948
185 212420 185500
186 247605 126227
187 325592 49400
188 263941 267400
189 260044 187320
190 257323 286066
191 232212 274423
192 257707 170600
193 355281 50306
194 255676 287933
195 258756 261100
196 227062 124133
197 255803 281400
198 228135 272600
199 340989 65842
200 253776 285133
201 176379 182525
202 80433 235106
203 130262 190781
204 44032 193900
205 46355 225621
206 164718 141894
207 128326 270200
208 69540 189700
209 186456 197400
210 142025 130200
211 57865 231700
212 123120 277355
213 165476 134604
214 159165 186600
215 35403 209533
216 123785 266000
217 79768 238000
218 119917 272600
219 50160 212100
220 38380 217000
221 228190 182700
222 231800 181300
223 158396 148866
224 146236 153533
225 188089 149644
226 189683 147000
227 293265 161000
228 274075 238700
229 222331 226333
230 223345 220500
231 256977 190246
232 301023 168466
233 306596 163800
234 305076 161000
235 283064 151900
236 271256 119000
237 241749 136309
238 251465 144900
239 222870 141400
240 212135 152600
241 269736 118066
242 260996 114333
243 236807 126411
244 238070 112466
245 259730 122733
246 78660 192500
247 45920 166020
248 101840 179900
249 104880 175000
250 64633 152567
251 89110 236600
252 86450 239400
253 75240 189800
254 336490 154000
255 339530 154700
256 296336 120866
257 308298 110950
258 355110 135800
259 303968 88900
260 156139 285999
261 189430 292600
262 273125 260400
263 211375 266000
264 276703 280466
265 267836 263666
266 235057 253200
267 259730 127400
268 248425 134400
269 199690 85400
270 275436 110600
271 273536 117133
272 235037 50348
273 267583 108733
274 224643 56466
275 93566 184672
276 70453 274337
277 204630 255500
278 223250 179200
279 100003 189933
280 104310 227266
281 112900 235400
282 106083 248733
283 98483 248733
284 247285 268100
285 292283 170333
286 297350 217933
287 359290 174066
288 285950 217000
289 253650 267400
290 224200 265300
291 267203 274866
292 275816 273933
293 273283 278600
294 208240 190400
295 146680 143500
296 208810 99400
297 212990 100333
298 259096 113400
299 219165 110250
300 197844 92200
301 115805 177100
302 73720 165900
303 202730 277666
304 113683 211400
305 10877 138600
306 13090 144052
307 376390 127400
308 138700 173600
309 88540 217000
310 13870 200200
311 188670 88200
312 226100 305200
313 300580 176400
314 288230 214200
315 95000 141400
316 5890 135800
317 5890 194600
318 385890 169400
319 357770 135800
320 215270 301000
321 211850 309400
322 374870 138600
323 385890 65800
324 381330 152600
325 385890 91000
326 381710 99400
327 381710 93800
328 5890 177800
329 385510 85400
330 372970 82600
331 374110 144200
332 385130 133000
333 277210 309400
334 197410 9800
335 385890 113400
336 385890 102200
337 385510 96600
338 385130 107800
339 5890 203000
340 385890 147000
341 377910 133000
342 290510 309400
343 372590 141400
344 371450 133000
345 385890 127400
346 379430 91000
347 349790 141400
348 100890 306600
349 5890 208600
350 98230 309400
351 91770 309400
352 7030 191800
353 25270 194600
354 10830 183400
355 14250 203000
356 6270 149800
357 18050 191800
358 13490 205800
359 35910 197400
360 40090 191800
361 7790 197400
362 5890 200200
363 25650 191800
364 21470 203000
365 26030 197400
366 15770 214200
367 12350 180600
368 8930 219800
369 12730 186200
370 376770 147000
371 379050 141400
372 201210 301000
373 199690 7000
374 206150 7000
375 385890 110600
376 378670 107800
377 212610 7000
378 5890 205800
379 385890 130200
380 232750 4200
381 385510 141400
382 227810 7000
383 223250 15400
384 234270 7000
385 227050 12600
386 225530 18200
387 364990 133000
388 385890 121800
389 7030 225400
390 5890 155400
391 382850 138600
392 382850 116200
393 242250 7000
394 233510 9800
395 222110 4200
396 220210 306600
397 284050 309400
398 202730 306600
399 231230 309400
400 5890 222600
401 276450 306600
402 276070 281400
403 285950 292600
404 293930 306600
405 258590 298200
406 240730 303800
407 234270 303800
408 269610 306600
409 270750 309400
410 297350 309400
411 23750 189000
412 266570 295400
413 263530 309400
414 5890 228200
415 193990 303800
416 224770 309400
417 278350 278600
418 270750 278600
419 269990 273000
420 203490 298200
421 196270 306600
422 5890 172200
423 274170 292600
424 366890 144200
425 238830 309400
426 385890 149800
427 385510 144200
428 300390 4200
429 307230 4200
430 382850 105000
431 266190 298200
432 284430 306600
433 8550 189000
434 233130 298200
435 385890 200200
436 298870 301000
437 304190 309400
438 300770 306600
439 385890 194600
440 228950 301000
441 218310 309400
442 275310 295400
443 233510 306600
444 5890 186200
445 140 135660
446 140 83020
447 115550 140
448 130110 140
449 181630 140
450 218590 140
451 131230 140
452 163710 140
453 189470 140
454 140190 140
455 180510 140
456 183870 140
457 176030 140
458 239870 140
459 233150 140
460 188350 140
461 150270 140
462 168190 140
463 151390 140
464 160350 140
465 205150 140
466 216350 140
467 209630 140
468 108830 140
469 156990 140
470 158110 140
471 140 153580
472 127870 140
473 124510 140
474 132350 140
475 140 160300
476 109950 140
477 113310 140
478 114430 140
479 99870 140
480 140 62860
481 83070 140
482 80830 140
483 140 154700
484 140 125580
485 140 85260
486 121150 140
487 87550 140
488 140 139020
489 92030 140
490 154750 140
491 146910 140
492 148030 140
493 153630 140
494 126750 140
495 128990 140
496 170430 140
497 120030 140
498 117790 140
499 136830 140
500 100990 140
501 165950 140
502 144670 140
503 125630 140
504 172670 140
505 196190 140
506 201790 140
507 140 87500
508 152510 140
509 139070 140
510 215230 140
511 133470 140
512 161470 140
513 182750 140
514 206270 140
515 204030 140
516 169310 140
517 174910 140
518 140 86380
519 140 137900
520 164830 140
521 155870 140
522 198430 140
523 214110 140
524 191710 140
525 140 164780
526 140 171500
527 140 163660
528 140 152460
529 81950 140
530 140 170380
531 140 155820
532 140 146860
533 140 168140
534 145790 140
535 102110 140
536 162590 140
537 143550 140
538 123390 140
539 178270 140
540 96510 140
541 195070 140
542 190590 140
543 159230 140
544 173790 140
545 217470 140
546 137950 140
547 134590 140
548 184990 140
549 212990 140
550 210750 140
551 140 84140
552 179390 140
553 167070 140
554 140 147980
555 142430 140
556 141310 140
557 208510 140
558 197310 140
559 211870 140
560 140 150220
561 140 141260
562 103230 140
563 140 165900
564 140 162540
565 140 177100
566 140 149100
567 140 158060
568 140 169260
569 149150 140
570 111070 140
571 140 156940
572 135710 140
573 122270 140
574 140 175980
575 140 151340
576 140 173740
577 308190 313980
578 391510 168140
579 217470 313980
580 391510 165900
581 391510 163660
582 391510 126700
583 391510 155820
584 391510 140140
585 391510 87500
586 391510 88620
587 307070 313980
588 391510 135660
589 391510 119980
590 219710 313980
591 140 174860
592 223070 313980
593 140 140140
594 140 161420
595 196190 313980
596 140 144620
597 140 143500
598 140 172620
599 226430 313980
600 391510 90860
601 232030 313980
602 391510 122220
603 391510 123340
604 391510 131180
605 391510 91980
606 391510 94220
607 140 227500
608 140 212940
609 86430 313980
610 88670 313980
611 140 182700
612 140 220780
613 140 167020
614 81950 313980
615 140 211820
616 96510 313980
617 83070 313980
618 84190 313980
619 85310 313980
620 140 191660
621 140 196140
622 140 218540
623 140 198380
624 140 209580
625 140 216300
626 140 145740
627 161470 313980
628 140 207340
629 197310 313980
630 171550 140
631 140 142380
632 177150 140
633 186110 140
634 391510 111020
635 193950 140
636 199550 140
637 140 210700
638 391510 134540
639 391510 117740
640 192830 140
641 237630 140
642 227550 140
643 391510 95340
644 391510 96460
645 391510 97580
646 391510 147980
647 391510 118860
648 140 201740
649 207390 313980
650 391510 143500
651 391510 93100
652 391510 121100
653 391510 112140
654 391510 115500
655 212990 313980
656 279070 313980
657 206270 313980
658 285790 313980
659 130110 313980
660 262270 313980
661 265630 313980
662 257790 313980
663 254430 313980
664 247710 313980
665 224190 313980
666 225310 313980
667 246590 313980
668 268990 313980
669 234270 313980
670 227550 313980
671 298110 313980
672 253310 313980
673 300350 313980
674 256670 313980
675 230910 313980
676 270110 313980
677 258910 313980
678 264510 313980
679 276830 313980
680 240990 313980
681 140 208460
682 273470 313980
683 391510 158060
684 228670 313980
685 391510 161420
686 391510 159180
687 391510 154700
688 391510 160300
689 391510 162540
690 248830 313980
691 283550 313980
692 229790 313980
693 255550 313980
694 293630 313980
695 286910 313980
696 292510 313980
697 289150 313980
698 291390 313980
699 238750 313980
700 284670 313980
701 301470 313980
702 272350 313980
703 140 180460
704 140 226380
705 391510 164780
706 391510 136780
707 218590 313980
708 215230 313980
709 391510 137900
710 391510 109900
711 391510 153580
712 391510 124460
713 391510 100940
714 391510 99820
715 140 178220
716 391510 113260
717 391510 107660
718 391510 146860
719 391510 130060
720 280190 313980
721 200670 140
722 391510 114380
723 391510 102060
724 391510 98700
725 391510 103180
726 140 199500
727 391510 151340
728 391510 108780
729 294750 313980
730 391510 142380
731 391510 132300
732 391510 127820
733 391510 89740
734 391510 141260
735 104350 313980
736 140 205100
737 93150 313980
738 87550 313980
739 140 189420
740 140 223020
741 140 183820
742 140 203980
743 140 136780
744 140 195020
745 140 206220
746 140 202860
747 140 193900
748 140 197260
749 140 224140
750 140 190540
751 140 200620
752 140 192780
753 140 214060
754 140 181580
755 140 215180
756 140 186060
757 391510 152460
758 391510 144620
759 200670 313980
760 187230 140
761 207390 140
762 391510 104300
763 391510 106540
764 202910 140
765 140 219660
766 391510 128940
767 238750 140
768 391510 156940
769 232030 140
770 229790 140
771 235390 140
772 230910 140
773 228670 140
774 391510 133420
775 391510 125580
776 140 225260
777 140 159180
778 391510 139020
779 391510 116620
780 236510 140
781 234270 140
782 226430 140
783 221950 313980
784 290270 313980
785 201790 313980
786 245470 313980
787 140 217420
788 281310 313980
789 295870 313980
790 303710 313980
791 296990 313980
792 261150 313980
793 244350 313980
794 237630 313980
795 271230 313980
796 263390 313980
797 299230 313980
798 140 188300
799 242110 313980
800 251070 313980
801 140 221900
802 260030 313980
803 233150 313980
804 282430 313980
805 274590 313980
806 267870 313980
807 243230 313980
808 252190 313980
809 140 179340
810 275710 313980
811 391510 145740
812 249950 313980
813 391510 150220
814 391510 149100
815 308190 140
816 311550 140
817 391510 105420
818 266750 313980
819 288030 313980
820 140 187180
821 236510 313980
822 391510 167020
823 302590 313980
824 305950 313980
825 304830 313980
826 391510 177100
827 235390 313980
828 220830 313980
829 277950 313980
830 239870 313980
831 140 184940
