0 161436 182466
1 191271 186545
2 162426 144783
3 305510 138157
4 224390 126583
5 38193 146683
6 73710 86284
7 181671 83844
8 287035 204200
9 154582 123836
10 222822 121275
11 98978 238411
12 230325 128466
13 207260 88846
14 93645 119121
15 54349 158558
16 106242 94120
17 166107 81200
18 294622 129870
19 184168 76784
20 89571 220600
21 137376 164379
22 192052 73640
23 126373 131775
24 294516 231000
25 120019 210744
26 59494 58047
27 171036 92400
28 201827 169050
29 190893 149100
30 121802 210093
31 127054 138833
32 132468 122360
33 209635 141110
34 185867 104300
35 192367 130630
36 159125 116200
37 88079 60464
38 105165 23800
39 263330 132860
40 288621 237825
41 153934 99145
42 170477 100100
43 342052 236950
44 187588 105000
45 215736 104236
46 193372 84000
47 268236 217127
48 227646 139468
49 150568 30875
50 133997 60200
51 238890 228454
52 153591 60550
53 162888 105772
54 126008 73640
55 261891 115616
56 141253 74375
57 166677 70700
58 127264 247450
59 287446 98875
60 283088 254887
61 192422 68250
62 120840 4200
63 289813 105000
64 279177 267800
65 195864 57213
66 133988 234546
67 167139 299271
68 209997 72100
69 210981 70000
70 164200 44173
71 203310 60494
72 153935 80850
73 175676 111222
74 143782 86800
75 295173 157500
76 110647 169400
77 241136 177800
78 83455 106639
79 269690 152305
80 136123 179200
81 105466 165869
82 119154 239580
83 224356 179200
84 230988 154806
85 82830 232400
86 207500 207715
87 242759 242327
88 103090 173673
89 128607 219635
90 104373 116078
91 316468 139825
92 68630 179000
93 266279 257517
94 125210 206966
95 132271 264600
96 60154 180040
97 99443 122446
98 90402 165480
99 51468 178733
100 53917 166911
101 91675 187880
102 178444 175763
103 134958 138384
104 177000 67433
105 155784 94266
106 180563 137043
107 169724 253947
108 332579 57582
109 272482 149552
110 379374 154219
111 344331 96358
112 189288 240800
113 278688 44373
114 299535 168700
115 198471 250764
116 280006 163434
117 334590 111037
118 353210 172200
119 320752 130875
120 323152 112000
121 389576 143723
122 260348 49064
123 304392 157826
124 392350 130200
125 351244 294324
126 288838 92400
127 303547 242709
128 357610 106083
129 262187 101948
130 332721 296125
131 290130 290500
132 244610 41144
133 280326 271880
134 281496 216508
135 281200 260400
136 271947 116760
137 297654 110600
138 181724 315933
139 318123 309400
140 346750 283033
141 330841 211718
142 308116 308466
143 325755 221000
144 202236 305480
145 305694 278133
146 256713 229950
147 230919 167957
148 331590 197383
149 243347 240329
150 257735 208600
151 236835 195300
152 367068 226275
153 227715 193200
154 68317 197894
155 314070 67666
156 267298 231000
157 240958 144331
158 251994 150400
159 250098 246050
160 336557 225000
161 337746 62854
162 77072 206788
163 253270 292600
164 248710 292600
165 250311 203400
166 255531 243880
167 106054 278854
168 118740 229600
169 135774 208488
170 56667 249200
171 71256 270954
172 165434 156882
173 82878 213640
174 232430 290223
175 140695 147840
176 83163 279979
177 204693 288244
178 166204 153275
179 186327 206152
180 165870 275800
181 200526 280280
182 102505 279066
183 211153 291355
184 51553 241266
185 263834 162120
186 268755 168000
187 146870 163800
188 326705 148400
189 301245 221200
190 265358 198450
191 366180 246659
192 315590 160066
193 208036 245200
194 321052 190400
195 268850 130200
196 260965 148400
197 241395 179200
198 277970 128333
199 93100 213500
200 50440 214069
201 97185 206500
202 114285 200900
203 131036 269266
204 110037 252600
205 375883 124600
206 315780 156100
207 354920 140000
208 386016 119933
209 247254 298352
210 284050 281400
211 262580 265300
212 283796 258066
213 289332 271600
214 212990 116200
215 223915 131600
216 214795 97300
217 219576 77933
218 225987 70674
219 85310 201400
220 156866 308500
221 183122 241080
222 195890 191800
223 286482 176680
224 276576 174066
225 282482 196700
226 286425 277200
227 266475 273700
228 289750 304733
229 279363 304733
230 238260 186200
231 123690 169400
232 197631 126933
233 213315 163000
234 208538 109400
235 66690 196700
236 73530 186900
237 206783 307533
238 117230 232866
239 128399 238000
240 10592 177100
241 13986 182777
242 256120 74200
243 133950 180600
244 423890 124600
245 260110 336000
246 283290 336000
247 89238 177348
248 5890 194600
249 5890 166600
250 427310 166600
251 427690 130200
252 238070 345800
253 428070 163800
254 425790 107800
255 252510 4200
256 433390 138600
257 420470 96600
258 433010 119000
259 262390 4200
260 9690 205800
261 433390 88200
262 245670 4200
263 432630 147000
264 165870 4200
265 425790 149800
266 194370 7000
267 420090 135800
268 245670 12600
269 228950 12600
270 225910 18200
271 127110 348600
272 425790 169400
273 426550 116200
274 433390 161000
275 433390 144200
276 409070 113400
277 433390 133000
278 402990 127400
279 433390 124600
280 154470 348600
281 6650 242200
282 148010 348600
283 12350 225400
284 5890 214200
285 10830 217000
286 6650 208600
287 10450 231000
288 9310 200200
289 12350 228200
290 110770 348600
291 5890 239400
292 20330 245000
293 12350 219800
294 22230 247800
295 139650 348600
296 19570 242200
297 5890 228200
298 48830 242200
299 15010 191800
300 187530 348600
301 16910 231000
302 430350 175000
303 5890 169400
304 423890 175000
305 216030 12600
306 429590 135800
307 206530 4200
308 428070 121800
309 426930 127400
310 6650 236600
311 425030 144200
312 222490 12600
313 433390 155400
314 433390 107800
315 433390 116200
316 237310 4200
317 409830 110600
318 231990 9800
319 220210 4200
320 212990 4200
321 28690 247800
322 228190 345800
323 425410 158200
324 198930 4200
325 226670 4200
326 235410 12600
327 227810 7000
328 245670 348600
329 287090 340200
330 226290 343000
331 247190 343000
332 5890 225400
333 238830 340200
334 274550 343000
335 262010 345800
336 269990 345800
337 281770 345800
338 265050 348600
339 269230 337400
340 287470 348600
341 279110 348600
342 303050 348600
343 33250 245000
344 281010 323400
345 287470 343000
346 6650 211400
347 255550 345800
348 257830 343000
349 290510 306600
350 287470 323400
351 296590 348600
352 293930 323400
353 293550 309400
354 11210 222600
355 433390 172200
356 426170 147000
357 271510 348600
358 426930 141400
359 432250 149800
360 317870 4200
361 311410 7000
362 308370 4200
363 293930 343000
364 303810 337400
365 5890 219800
366 272650 340200
367 426930 180600
368 312550 348600
369 325470 348600
370 331930 348600
371 319010 348600
372 418190 177800
373 248710 345800
374 288230 345800
375 231990 348600
376 6270 203000
377 140 195020
378 140 121100
379 116670 140
380 127870 140
381 168190 140
382 118910 140
383 123390 140
384 131230 140
385 117790 140
386 135710 140
387 126750 140
388 120030 140
389 204030 140
390 225310 140
391 211870 140
392 171550 140
393 153630 140
394 206270 140
395 172670 140
396 159230 140
397 208510 140
398 132350 140
399 134590 140
400 108830 140
401 140 156940
402 140 167020
403 140 178220
404 140 174860
405 140 186060
406 140 160300
407 140 199500
408 140 169260
409 121150 140
410 122270 140
411 136830 140
412 94270 140
413 140 153580
414 140 154700
415 205150 140
416 140 163660
417 140 123340
418 142430 140
419 140 172620
420 140 197260
421 140 171500
422 144670 140
423 148030 140
424 146910 140
425 143550 140
426 137950 140
427 139070 140
428 193950 140
429 140 192780
430 125630 140
431 164830 140
432 140 159180
433 179390 140
434 182750 140
435 151390 140
436 124510 140
437 173790 140
438 189470 140
439 140 125580
440 158110 140
441 156990 140
442 191710 140
443 165950 140
444 176030 140
445 181630 140
446 210750 140
447 207390 140
448 187230 140
449 133470 140
450 140 124460
451 140 168140
452 174910 140
453 160350 140
454 224190 140
455 140190 140
456 141310 140
457 140 193900
458 140 173740
459 140 188300
460 140 184940
461 104350 140
462 140 189420
463 140 258860
464 140 257740
465 140 256620
466 140 175980
467 140 165900
468 140 180460
469 184990 140
470 155870 140
471 188350 140
472 145790 140
473 167070 140
474 190590 140
475 154750 140
476 152510 140
477 195070 140
478 161470 140
479 180510 140
480 183870 140
481 199550 140
482 200670 140
483 140 122220
484 130110 140
485 162590 140
486 140 183820
487 177150 140
488 163710 140
489 216350 140
490 149150 140
491 150270 140
492 140 190540
493 140 164780
494 111070 140
495 140 179340
496 140 155820
497 140 161420
498 140 209580
499 140 203980
500 140 181580
501 170430 140
502 140 162540
503 178270 140
504 186110 140
505 128990 140
506 140 187180
507 140 255500
508 140 207340
509 438870 162540
510 438870 156940
511 438870 181580
512 438870 144620
513 438870 160300
514 438870 100940
515 438870 142380
516 438870 137900
517 438870 102060
518 438870 103180
519 254430 351870
520 438870 127820
521 438870 119980
522 438870 161420
523 140 212940
524 438870 172620
525 140 200620
526 245470 351870
527 214110 140
528 140 215180
529 244350 351870
530 140 254380
531 438870 167020
532 438870 104300
533 438870 173740
534 438870 135660
535 438870 130060
536 438870 131180
537 438870 121100
538 438870 107660
539 140 252140
540 140 227500
541 140 237580
542 159230 351870
543 140 206220
544 140 223020
545 140 201740
546 135710 351870
547 140 233100
548 140 243180
549 132350 351870
550 145790 351870
551 164830 351870
552 140 211820
553 140 253260
554 220830 351870
555 140 245420
556 140 235340
557 140 238700
558 140 182700
559 198430 351870
560 200670 351870
561 229790 351870
562 192830 140
563 140 177100
564 198430 140
565 202910 140
566 196190 140
567 212990 140
568 218590 140
569 140 234220
570 221950 140
571 215230 140
572 223070 140
573 237630 140
574 438870 108780
575 226430 140
576 229790 140
577 438870 106540
578 438870 147980
579 438870 124460
580 140 202860
581 243230 351870
582 438870 140140
583 236510 140
584 438870 125580
585 244350 140
586 438870 105420
587 233150 351870
588 309310 351870
589 140 196140
590 283550 351870
591 140 230860
592 239870 351870
593 256670 351870
594 255550 351870
595 247710 351870
596 271230 351870
597 248830 351870
598 253310 351870
599 267870 351870
600 270110 351870
601 264510 351870
602 190590 351870
603 295870 351870
604 285790 351870
605 288030 351870
606 292510 351870
607 260030 351870
608 298110 351870
609 289150 351870
610 299230 351870
611 301470 351870
612 277950 351870
613 140 231980
614 300350 351870
615 438870 152460
616 257790 351870
617 438870 155820
618 438870 153580
619 438870 159180
620 438870 169260
621 438870 154700
622 249950 351870
623 307070 351870
624 227550 351870
625 280190 351870
626 318270 351870
627 319390 351870
628 320510 351870
629 321630 351870
630 313790 351870
631 438870 179340
632 311550 351870
633 438870 175980
634 310430 351870
635 140 214060
636 140 158060
637 438870 168140
638 438870 133420
639 240990 351870
640 438870 165900
641 438870 109900
642 255550 140
643 438870 139020
644 438870 111020
645 438870 117740
646 263390 140
647 140 208460
648 438870 116620
649 234270 140
650 438870 146860
651 169310 140
652 438870 149100
653 197310 140
654 438870 136780
655 248830 140
656 232030 140
657 228670 140
658 130110 351870
659 438870 170380
660 438870 115500
661 438870 164780
662 438870 141260
663 438870 112140
664 438870 132300
665 438870 126700
666 438870 122220
667 156990 351870
668 140 242060
669 143550 351870
670 140 224140
671 140 218540
672 140 219660
673 140 210700
674 140 236460
675 140 198380
676 140 228620
677 114430 351870
678 140 239820
679 140 247660
680 140 220780
681 140 248780
682 219710 351870
683 140 244300
684 140 225260
685 140 240940
686 140 191660
687 191710 351870
688 140 229740
689 438870 177100
690 140 170380
691 438870 174860
692 219710 140
693 438870 134540
694 209630 140
695 438870 123340
696 438870 128940
697 140 249900
698 438870 145740
699 227550 140
700 438870 158060
701 438870 114380
702 438870 118860
703 240990 140
704 438870 113260
705 235390 140
706 220830 140
707 217470 140
708 140 251020
709 232030 351870
710 438870 163660
711 201790 140
712 233150 140
713 238750 140
714 230910 140
715 246590 351870
716 312670 351870
717 228670 351870
718 252190 351870
719 140 226380
720 265630 351870
721 323870 351870
722 263390 351870
723 332830 351870
724 284670 351870
725 266750 351870
726 262270 351870
727 290270 351870
728 279070 351870
729 305950 351870
730 140 246540
731 268990 351870
732 286910 351870
733 140 205100
734 258910 351870
735 261150 351870
736 293630 351870
737 294750 351870
738 304830 351870
739 302590 351870
740 303710 351870
741 140 221900
742 438870 171500
743 438870 150220
744 273470 351870
745 438870 143500
746 438870 151340
747 322750 140
748 319390 140
749 311550 140
750 296990 351870
751 308190 351870
752 140 217420
753 274590 351870
754 438870 180460
755 329470 351870
756 330590 351870
757 336190 351870
758 322750 351870
759 438870 178220
760 251070 351870
761 291390 351870
762 235390 351870
763 140 216300
