0 23728 15517
1 14232 29868
2 21823 20049
3 10800 29649
4 40511 22132
5 26703 15705
6 21722 38077
7 7309 19597
8 8166 29221
9 9167 30561
10 35648 17566
11 36953 14888
12 35717 36783
13 24219 2565
14 37655 18665
15 33588 17614
16 34301 34989
17 18780 39162
18 21959 12555
19 14650 27828
20 18354 12057
21 35115 36787
22 25126 38979
23 31732 13827
24 34998 38340
25 22894 38565
26 29973 15197
27 25881 25303
28 42864 29835
29 38506 31597
30 8164 28957
31 36576 29824
32 44143 31705
33 27700 46395
34 42066 27739
35 51174 41638
36 23453 45531
37 28719 39045
38 31920 48105
39 16831 37530
40 38355 44270
41 22613 39748
42 13888 41006
43 39663 40365
44 31573 47300
45 11745 39522
46 10483 27301
47 17159 37623
48 15877 27957
49 3267 26595
50 24687 26655
51 29997 13444
52 30661 29379
53 36904 41566
54 44001 31655
55 24984 35201
56 27111 27923
57 33534 22744
58 40139 21187
59 22345 25734
60 39348 24705
61 22989 25905
62 35492 46143
63 27632 28967
64 21832 11812
65 9476 18563
66 31006 18037
67 39697 16230
68 16474 15660
69 35046 41287
70 8291 38215
71 20851 24214
72 47823 18855
73 46270 19683
74 36591 43300
75 34325 47730
76 16580 44453
77 40759 16299
78 14386 21150
79 25884 28614
80 27461 14673
81 32609 42139
82 21978 14850
83 30217 42684
84 25802 17800
85 12595 19575
86 32255 19941
87 30481 31080
88 33335 18431
89 39301 12622
90 38775 36092
91 27754 25013
92 29525 38148
93 40411 30722
94 24351 22072
95 33373 29045
96 26595 2835
97 10082 17492
98 45932 21043
99 49611 26365
100 48008 42637
101 46775 23988
102 51322 10765
103 32082 36517
104 47380 22989
105 42325 3206
106 51212 12318
107 45888 29215
108 28377 28785
109 42661 27127
110 47287 14445
111 41592 27725
112 54575 11637
113 44535 26421
114 32136 29775
115 48014 25076
116 36397 40236
117 47277 11238
118 50847 8302
119 39909 18097
120 42922 16161
121 55716 22515
122 19249 21375
123 41064 15174
124 56337 18840
125 43249 18433
126 21718 17199
127 46626 18105
128 43635 18927
129 43959 17010
130 53604 16650
131 15399 18922
132 55326 31395
133 50841 16672
134 44192 20298
135 59749 19166
136 41966 21938
137 55009 17755
138 60291 19762
139 59094 26604
140 60588 17685
141 34792 44595
142 53671 51778
143 35321 43723
144 35937 45904
145 43321 56666
146 56118 37932
147 33534 42409
148 44059 53928
149 50605 47346
150 28532 45967
151 33777 45281
152 43065 49888
153 53904 37875
154 40249 54636
155 36899 48654
156 32217 53491
157 46140 52569
158 35726 50863
159 56887 50650
160 37568 45803
161 43299 55858
162 17512 36297
163 10912 47049
164 21714 10327
165 29974 24806
166 18126 52830
167 17253 39733
168 11225 47673
169 18289 34951
170 17802 45075
171 17771 41242
172 13509 51557
173 24347 38893
174 11201 43335
175 20301 36970
176 24097 10170
177 20560 40176
178 29932 55496
179 23598 43155
180 13122 50845
181 27308 11397
182 22295 54708
183 10314 45045
184 15030 45900
185 9018 47052
186 32050 21465
187 32728 23537
188 47191 18787
189 35433 18360
190 28953 22124
191 29358 23040
192 35858 22127
193 32742 22455
194 39855 7546
195 37146 14587
196 39577 20655
197 39110 9226
198 43050 7553
199 39433 34179
200 41419 34597
201 35322 46575
202 43179 32991
203 36735 32014
204 39900 29565
205 37280 32670
206 24786 45462
207 20741 31590
208 21447 46526
209 23460 40446
210 27650 47559
211 28517 44704
212 26305 45063
213 19974 36615
214 28863 42930
215 28957 43267
216 55283 36257
217 46202 31840
218 46221 30658
219 53672 39888
220 28774 7730
221 27017 7439
222 57936 24319
223 24954 7448
224 34597 21672
225 29332 9855
226 39404 56410
227 45183 43070
228 36986 49140
229 46579 38655
230 41052 40125
231 46409 40982
232 18603 35707
233 18373 22486
234 20108 28113
235 36483 18765
236 21070 20580
237 20852 33648
238 22946 24396
239 24102 22629
240 58186 27717
241 40274 26963
242 59850 24075
243 56416 23422
244 59838 30611
245 55954 48319
246 43890 40919
247 39643 23239
248 52926 48327
249 52596 48675
250 50368 47925
251 51327 48937
252 23446 54717
253 30789 49275
254 20708 54843
255 16956 52893
256 22779 51840
257 21915 48555
258 20923 35325
259 28089 33294
260 23914 35870
261 30969 33522
262 30240 29187
263 15796 30858
264 3199 29025
265 2848 30915
266 3172 34155
267 63706 34425
268 39109 58860
269 40513 53730
270 63328 32670
271 64786 33615
272 63301 31725
273 64084 33345
274 64138 34020
275 62383 34155
276 55525 31995
277 9328 35505
278 56038 30240
279 56848 30105
280 34519 3240
281 36112 2295
282 33466 4050
283 35545 3375
284 37111 2565
285 35410 2565
286 36058 3105
287 38542 8775
288 23881 7560
289 64300 23895
290 64057 25515
291 46102 8910
292 45751 2430
293 44563 7830
294 40405 8505
295 64165 22005
296 64057 25650
297 10759 17820
298 22153 3105
299 23746 7155
300 2686 27810
301 2551 32805
302 2983 29295
303 19048 58995
304 3307 28215
305 17050 57510
306 2848 30105
307 12460 31185
308 2794 31725
309 9382 36045
310 3577 34155
311 29524 58995
312 17347 58995
313 30091 50085
314 27445 58995
315 31630 50625
316 17617 58320
317 2956 35775
318 32062 50760
319 33520 56565
320 32764 56700
321 23665 58320
322 35032 57105
323 30631 56160
324 34789 58050
325 33520 57915
326 32548 58995
327 18184 58590
328 43618 53865
329 43402 54135
330 40135 53460
331 41431 53325
332 41701 54135
333 38812 57240
334 38704 58725
335 38272 57645
336 37165 58995
337 32602 57915
338 17185 58185
339 34330 58185
340 3199 32265
341 36058 57510
342 34816 58725
343 35842 58725
344 37300 56295
345 37597 56565
346 35896 57780
347 33115 58455
348 32035 56025
349 18913 58590
350 34060 56430
351 35032 56430
352 33979 56835
353 33817 57240
354 57739 26325
355 59359 25245
356 64894 31455
357 64354 31995
358 62410 33885
359 64246 32535
360 8896 35910
361 62572 33615
362 56632 32265
363 30604 2295
364 30739 2430
365 2767 17550
366 32629 2970
367 34600 3645
368 65029 26595
369 34600 4725
370 38164 2565
371 2875 33345
372 37759 9180
373 40945 7830
374 36679 8505
375 42106 7695
376 38434 2295
377 37408 2430
378 39109 7560
379 39703 7965
380 40027 8775
381 41134 7965
382 24313 7425
383 46939 2430
384 64570 23355
385 64327 23220
386 64840 23625
387 63409 22815
388 63733 22680
389 62572 32535
390 65137 29835
391 65056 30645
392 64489 31860
393 38297 20254
394 41886 27690
395 31064 57375
396 37158 57675
397 34944 56295
398 35984 28310
399 48309 25905
400 42 31020
401 42 34188
402 36492 61265
403 36300 61265
404 34956 61265
405 34860 61265
406 30636 42
407 42 28908
408 42 30156
409 31788 42
410 34284 61265
411 67632 28044
412 42 29964
413 31596 42
414 67632 30348
415 31692 42
416 30252 42
417 29772 42
418 32748 42
419 35148 42
420 34092 42
421 34284 42
422 34668 42
423 42 25452
424 30444 42
425 30156 42
426 28908 42
427 30060 42
428 29868 42
429 30732 42
430 29964 42
431 29676 42
432 42 24972
433 23628 42
434 23532 42
435 42 28332
436 42 29196
437 24300 42
438 42 29580
439 42 29388
440 42 33996
441 42 29004
442 42 28428
443 42 26508
444 42 30252
445 42 34092
446 42 33804
447 42 33900
448 42 34956
449 42 35148
450 42 35244
451 42 30636
452 42 34764
453 42 34668
454 42 32748
455 42 32556
456 42 31980
457 33420 61265
458 42 33708
459 32268 61265
460 42 33324
461 42 32460
462 42 31404
463 29196 42
464 29100 42
465 42 32172
466 32268 42
467 30828 42
468 32460 42
469 31308 42
470 67632 29580
471 32364 42
472 31884 42
473 42 32844
474 29484 42
475 32844 42
476 33420 42
477 33612 42
478 33900 42
479 33804 42
480 30924 42
481 31020 42
482 42 31692
483 42 34476
484 42 33228
485 30348 61265
486 31692 61265
487 31404 61265
488 42 34572
489 42 31596
490 42 33036
491 42 31308
492 36684 61265
493 37548 61265
494 37068 61265
495 42 33516
496 33516 61265
497 33996 61265
498 28716 42
499 28812 42
500 42 30060
501 31116 42
502 32556 42
503 35436 42
504 33132 42
505 67632 28716
506 42 29484
507 32172 42
508 31980 42
509 28428 42
510 32652 42
511 35724 42
512 34860 42
513 35628 42
514 35052 42
515 29292 42
516 42 31212
517 42 26892
518 27756 42
519 42 33612
520 30348 42
521 31404 42
522 32076 42
523 30540 42
524 42 32364
525 42 30828
526 42 30540
527 36396 61265
528 42 25644
529 42 30444
530 42 32268
531 42 32076
532 35052 61265
533 67632 33324
534 38508 61265
535 67632 32172
536 67632 33420
537 67632 32076
538 67632 33228
539 67632 31212
540 67632 32844
541 67632 31692
542 33708 42
543 37164 61265
544 67632 30156
545 34476 42
546 33996 42
547 33036 42
548 33516 42
549 34188 42
550 33324 42
551 67632 29772
552 36108 42
553 42 29772
554 39948 42
555 43692 42
556 42636 42
557 67632 27564
558 67632 28140
559 67632 28620
560 67632 29292
561 67632 28236
562 26412 42
563 42 30732
564 42 31884
565 42 30924
566 42 32652
567 21804 61265
568 19692 61265
569 28620 61265
570 19212 61265
571 23436 61265
572 23532 61265
573 29388 61265
574 42 36108
575 36972 61265
576 37260 61265
577 32844 61265
578 29772 61265
579 28716 61265
580 32556 61265
581 28524 61265
582 28908 61265
583 31500 61265
584 30060 61265
585 30444 61265
586 30252 61265
587 31596 61265
588 30636 61265
589 31308 61265
590 31116 61265
591 31020 61265
592 30156 61265
593 41580 61265
594 41484 61265
595 40524 61265
596 37452 61265
597 38604 61265
598 38124 61265
599 36876 61265
600 36780 61265
601 38412 61265
602 39852 61265
603 31884 61265
604 41388 61265
605 42348 61265
606 38988 61265
607 37356 61265
608 34380 61265
609 36012 61265
610 32460 61265
611 33228 61265
612 31788 61265
613 30924 61265
614 30828 61265
615 32076 61265
616 33036 61265
617 35916 61265
618 34572 61265
619 67632 34476
620 67632 33708
621 67632 34860
622 67632 33804
623 41292 61265
624 40044 61265
625 32748 61265
626 38796 61265
627 67632 28428
628 27084 42
629 28620 42
630 26988 42
631 40140 42
632 39276 42
633 67632 28908
634 35340 42
635 35820 42
636 42 29868
637 34764 42
638 36204 42
639 34572 42
640 36876 42
641 36780 42
642 36492 42
643 36300 42
644 37452 42
645 67632 24012
646 67632 24204
647 35532 42
648 67632 24972
649 67632 24876
650 67632 27756
651 67632 26700
652 67632 27468
653 67632 28524
654 67632 31308
655 67632 29868
656 67632 28332
657 36108 61265
658 42 29100
659 42 34380
660 67632 34668
661 39180 61265
662 40908 61265
663 67632 33036
664 67632 33996
665 67632 32268
666 67632 34956
667 67632 34572
668 67632 34380
669 67632 32652
670 42 35724
671 67632 31404
672 67632 30636
673 34380 42
674 36684 42
675 33228 42
676 36012 42
677 36972 42
678 35916 42
679 36588 42
680 37164 42
681 24780 42
682 67632 26316
683 67632 25740
684 46380 42
685 46092 42
686 44748 42
687 40236 42
688 67632 26604
689 67632 27084
690 42 19116
691 21420 42
692 24204 42
693 42 28236
694 42 32940
695 42 29292
696 19404 61265
697 42 28524
698 17580 61265
699 42 30348
700 42 31500
701 42 31788
702 42 35916
703 42 33132
704 39948 61265
705 29292 61265
706 30540 61265
707 31212 61265
708 32940 61265
709 18060 61265
710 42 35340
711 33900 61265
712 33708 61265
713 33324 61265
714 18252 61265
715 35436 61265
716 30732 61265
717 35340 61265
718 33612 61265
719 33132 61265
720 18156 61265
721 44076 61265
722 43788 61265
723 40620 61265
724 42540 61265
725 42156 61265
726 38892 61265
727 39564 61265
728 38700 61265
729 37740 61265
730 32172 61265
731 17964 61265
732 34668 61265
733 42 31116
734 36588 61265
735 35244 61265
736 36204 61265
737 37836 61265
738 37932 61265
739 38028 61265
740 32652 61265
741 32364 61265
742 18348 61265
743 33804 61265
744 35148 61265
745 34188 61265
746 34092 61265
747 67632 26412
748 67632 25644
749 67632 31500
750 67632 31980
751 67632 33900
752 67632 32556
753 42 35820
754 67632 33516
755 67632 31884
756 31212 42
757 31500 42
758 42 17772
759 32940 42
760 34956 42
761 67632 26988
762 35244 42
763 37356 42
764 42 33420
765 37068 42
766 40812 42
767 36396 42
768 42060 42
769 38316 42
770 37260 42
771 37932 42
772 39084 42
773 40044 42
774 41388 42
775 24684 42
776 47148 42
777 67632 24492
778 67632 25164
779 67632 24780
780 67632 26508
781 67632 27180
782 67632 32748
783 67632 30444
784 67632 30732
785 67632 32940
786 42 29676
