0 45520 12768
1 39970 39116
2 42475 36602
3 49415 8590
4 67503 15426
5 27239 6653
6 32694 29360
7 48855 12078
8 57943 9006
9 57043 30717
10 34587 2565
11 42316 10681
12 34671 24589
13 32526 23166
14 48831 8925
15 54204 29642
16 39086 17010
17 47626 18555
18 66752 7026
19 54266 30470
20 39061 19575
21 48529 17435
22 40554 29738
23 58118 25358
24 54230 35335
25 23283 43489
26 59479 22920
27 60766 27070
28 40348 38745
29 47259 41650
30 60747 27289
31 43092 38610
32 49502 40207
33 37675 36720
34 49456 22425
35 56308 38610
36 47911 21283
37 50064 26667
38 25981 43056
39 36112 42255
40 35203 29962
41 18334 14212
42 50847 19617
43 54673 37652
44 57065 26187
45 29187 16987
46 56301 21449
47 47142 34065
48 48199 13315
49 36668 15966
50 20262 12865
51 57030 12033
52 33243 10147
53 29811 6718
54 50658 13857
55 55523 34077
56 30417 33843
57 46702 22005
58 56455 20603
59 57392 35766
60 47254 32793
61 34417 11320
62 48206 27810
63 46331 28002
64 32869 35386
65 44041 8588
66 38148 5295
67 45731 39190
68 52453 30299
69 50842 7249
70 58437 30675
71 49950 30940
72 49062 44156
73 54883 11115
74 44962 28590
75 47629 14501
76 43605 47925
77 49281 11259
78 66864 17321
79 29355 3982
80 57879 20578
81 48785 23304
82 55733 22845
83 68067 8152
84 67586 19198
85 23589 38124
86 52740 16647
87 54688 15795
88 51037 15402
89 25878 36885
90 53075 38868
91 66711 13527
92 58502 11151
93 72159 25206
94 60293 17883
95 29836 14298
96 61942 13340
97 75816 28716
98 60064 10395
99 75708 13215
100 71568 21225
101 77142 15165
102 58920 17772
103 57053 14278
104 78106 7334
105 75090 26328
106 56629 38998
107 54896 38475
108 57355 40602
109 73546 34358
110 58550 37416
111 66017 42754
112 72128 41136
113 63453 44043
114 64263 43412
115 52400 40801
116 67662 42625
117 34079 22864
118 34607 23922
119 44406 21433
120 32283 25828
121 31653 43785
122 21815 24727
123 33264 21435
124 31117 25866
125 24374 22370
126 37886 19386
127 22646 23391
128 22188 26265
129 36209 24435
130 37622 21689
131 36087 39885
132 43654 20217
133 40339 7708
134 37763 7224
135 42968 8543
136 64700 4268
137 62765 29418
138 64388 27898
139 65869 27149
140 60183 27452
141 60844 27472
142 39240 23380
143 42695 31866
144 44947 29225
145 72856 33847
146 71579 37368
147 46846 20225
148 54316 31773
149 53845 27642
150 33278 17955
151 75176 24207
152 76086 22995
153 77709 42753
154 77504 44632
155 36583 43663
156 34008 43775
157 34950 40365
158 27562 30766
159 19562 33912
160 44092 45878
161 28633 22680
162 45049 47790
163 33250 47925
164 54715 5265
165 53932 47655
166 51394 47520
167 54985 45900
168 62491 42120
169 64462 41985
170 63166 41580
171 63112 41850
172 62410 41850
173 53770 47385
174 35275 9855
175 54013 4320
176 55795 5400
177 51178 2565
178 50908 2430
179 47614 4185
180 51340 2700
181 49963 4455
182 48532 4320
183 49531 4050
184 50260 3375
185 33466 10665
186 59683 3780
187 63652 2835
188 60574 4050
189 57172 4590
190 59764 4860
191 52042 3780
192 52366 3915
193 56686 4995
194 23260 18225
195 20992 19305
196 22018 18225
197 33412 2430
198 35869 2565
199 34114 2835
200 35221 28080
201 35977 2700
202 31657 47655
203 35329 4185
204 41026 7965
205 33601 2565
206 37354 7965
207 36976 7830
208 36274 7965
209 35626 2430
210 37462 36720
211 42079 11205
212 42511 8100
213 34411 2835
214 41782 9855
215 40729 12690
216 48721 47520
217 45751 45900
218 45400 47925
219 48451 46710
220 47560 46170
221 49126 43065
222 48370 47790
223 48910 45225
224 39784 43065
225 60520 45225
226 61141 47385
227 60682 46170
228 48424 47520
229 58576 47520
230 55525 46170
231 54121 46440
232 57631 46305
233 58279 46170
234 59116 45765
235 28552 47655
236 57739 46305
237 54013 43470
238 50557 46035
239 53068 47790
240 54040 44685
241 56281 46035
242 58927 45630
243 56848 46170
244 54148 46170
245 51556 44550
246 39514 47790
247 52771 47115
248 50368 47520
249 51718 46440
250 52798 45360
251 64624 42390
252 65002 41985
253 65893 42525
254 61654 47655
255 59332 44415
256 58414 44955
257 38677 47925
258 57523 44550
259 60952 44820
260 43834 8100
261 44293 8910
262 34816 8640
263 45319 8775
264 46318 4590
265 47290 2700
266 48235 4050
267 55552 3375
268 31738 47520
269 61006 3510
270 62788 4455
271 60007 5400
272 60034 4590
273 56173 3510
274 57793 4185
275 55768 2430
276 58306 4455
277 62329 3780
278 65596 36045
279 32926 12420
280 83740 16875
281 63679 41445
282 84874 20520
283 56983 36180
284 56578 4050
285 59602 4995
286 49558 47655
287 62869 2565
288 61384 4185
289 60277 43875
290 55697 14462
291 48996 3000
292 53635 4907
293 41101 17676
294 44594 47341
295 55756 47419
296 55387 46052
297 54801 46773
298 52973 20916
299 52908 2774
300 57962 3226
301 45804 50259
302 22476 50259
303 51372 50259
304 51564 50259
305 50412 50259
306 48300 50259
307 44844 50259
308 41292 50259
309 41100 50259
310 44940 50259
311 45324 50259
312 45900 50259
313 39468 50259
314 47052 42
315 49260 42
316 48492 42
317 41484 42
318 41196 50259
319 49068 42
320 48300 42
321 47340 42
322 47916 42
323 48876 42
324 42 26316
325 50028 42
326 47628 42
327 50892 42
328 47532 42
329 49644 42
330 48204 42
331 50604 42
332 48972 42
333 33996 42
334 32844 42
335 32556 42
336 33228 42
337 33324 42
338 35052 42
339 38028 50259
340 32076 50259
341 42 28524
342 32940 42
343 35436 42
344 33516 42
345 35820 42
346 40236 42
347 34380 50259
348 37644 50259
349 32940 50259
350 36684 50259
351 34284 50259
352 39564 50259
353 38988 50259
354 39084 50259
355 43692 50259
356 42636 50259
357 41388 50259
358 46668 50259
359 45132 50259
360 46476 50259
361 46188 50259
362 45420 50259
363 26220 50259
364 44556 50259
365 44748 50259
366 42060 50259
367 45036 50259
368 44652 50259
369 45228 50259
370 46284 42
371 50796 42
372 52908 42
373 47244 42
374 26988 50259
375 41484 50259
376 51852 42
377 49452 42
378 52620 42
379 52044 42
380 52428 42
381 48108 42
382 47532 50259
383 51756 50259
384 46380 50259
385 27852 50259
386 50124 50259
387 48684 50259
388 50028 50259
389 49740 50259
390 48204 50259
391 43884 50259
392 40140 50259
393 47916 50259
394 51180 50259
395 51276 50259
396 27564 50259
397 49548 50259
398 48396 50259
399 43404 50259
400 43596 50259
401 39852 50259
402 43788 50259
403 44076 42
404 45612 42
405 46572 42
406 51276 42
407 27948 50259
408 51852 50259
409 45324 42
410 39948 50259
411 51084 42
412 50220 42
413 52332 42
414 52716 42
415 52236 42
416 41100 42
417 46764 50259
418 35916 50259
419 43020 50259
420 48108 50259
421 49932 50259
422 48780 50259
423 50988 42
424 50508 42
425 47724 50259
426 43212 50259
427 41676 50259
428 47148 50259
429 38700 50259
430 39660 50259
431 43980 50259
432 48012 50259
433 50412 42
434 53676 42
435 50124 42
436 54636 42
437 54732 42
438 61260 50259
439 60972 50259
440 60684 42
441 57420 42
442 54060 42
443 49356 42
444 51372 42
445 51468 42
446 49164 42
447 48780 42
448 46380 42
449 47436 42
450 47820 42
451 46668 42
452 46764 42
453 48396 42
454 45996 42
455 58092 42
456 57996 42
457 57900 42
458 57228 42
459 57804 42
460 49548 42
461 49836 42
462 55884 42
463 45900 42
464 39372 42
465 40908 42
466 39756 42
467 39468 42
468 40044 50259
469 41004 50259
470 42348 50259
471 39756 50259
472 39564 42
473 39660 42
474 42060 42
475 41388 42
476 41004 42
477 41292 42
478 42636 42
479 41868 42
480 42156 42
481 42828 42
482 41964 50259
483 42444 42
484 42156 50259
485 43500 50259
486 42828 50259
487 42252 50259
488 46572 50259
489 45708 50259
490 46284 50259
491 46092 50259
492 45612 50259
493 42540 50259
494 59532 50259
495 60300 50259
496 60492 50259
497 50316 50259
498 56172 50259
499 55116 50259
500 52908 50259
501 57036 50259
502 59436 50259
503 60396 50259
504 53388 50259
505 58860 50259
506 59916 50259
507 54828 50259
508 54924 50259
509 54348 50259
510 53964 50259
511 53868 50259
512 54060 50259
513 53100 50259
514 49260 50259
515 49164 50259
516 51660 50259
517 49836 50259
518 49644 50259
519 51084 50259
520 62508 50259
521 62796 50259
522 62604 50259
523 61164 50259
524 58668 50259
525 56940 50259
526 44076 50259
527 55980 50259
528 56748 42
529 44556 42
530 44844 42
531 44748 42
532 58380 42
533 58188 42
534 45516 42
535 46476 42
536 52524 42
537 45228 42
538 53292 42
539 60588 42
540 55020 42
541 52812 42
542 53484 42
543 54924 42
544 53964 42
545 56460 42
546 64620 42
547 64716 42
548 53772 42
549 65004 42
550 61932 42
551 59628 42
552 57132 42
553 54540 42
554 58284 42
555 65388 42
556 64332 42
557 65676 42
558 47148 42
559 44460 42
560 35724 50259
561 55308 42
562 54156 50259
563 51948 50259
564 55500 50259
565 62892 50259
566 64908 50259
567 63564 50259
568 63276 50259
569 62700 50259
570 54252 50259
571 35244 42
572 54252 42
573 56076 42
574 51180 42
575 50700 42
576 48012 42
577 51660 42
578 49932 42
579 48684 42
580 49740 42
581 50316 42
582 31692 42
583 61260 42
584 67308 42
585 61068 42
586 57612 42
587 60108 42
588 51948 42
589 52140 42
590 57036 42
591 42 19596
592 42 19500
593 42 18348
594 33708 42
595 36300 42
596 35148 42
597 36396 50259
598 36492 42
599 32268 50259
600 35532 42
601 41580 42
602 33804 42
603 37740 42
604 39084 42
605 40716 42
606 37548 42
607 39372 50259
608 44364 42
609 45708 42
610 35340 42
611 42732 42
612 43596 42
613 48972 50259
614 45516 50259
615 45996 50259
616 48876 50259
617 47820 50259
618 49452 50259
619 48492 50259
620 49356 50259
621 40236 50259
622 62316 50259
623 62220 50259
624 61740 50259
625 49068 50259
626 62412 50259
627 56844 50259
628 54636 50259
629 58284 50259
630 59052 50259
631 59148 50259
632 28044 50259
633 58188 50259
634 54732 50259
635 50508 50259
636 53484 50259
637 54444 50259
638 56748 50259
639 59244 50259
640 57228 50259
641 54540 50259
642 52140 50259
643 40716 50259
644 52812 50259
645 50892 50259
646 52044 50259
647 53004 50259
648 65004 50259
649 65484 50259
650 66156 50259
651 62124 50259
652 59820 50259
653 58956 50259
654 39276 50259
655 58092 50259
656 61644 50259
657 44172 42
658 44940 42
659 33132 42
660 45132 42
661 45804 42
662 47724 42
663 48588 42
664 55980 42
665 33996 50259
666 61836 42
667 67020 42
668 60204 42
669 60396 42
670 56556 42
671 58572 42
672 55596 42
673 58764 42
674 65292 42
675 65964 50259
676 33420 42
677 96560 26988
678 64236 50259
679 96560 25548
680 57612 50259
681 56844 42
682 60012 42
683 50220 50259
684 67884 42
685 68076 42
686 60780 50259
687 42 17580
