0 304063 161000
1 335345 163521
2 324393 93877
3 257545 65100
4 429558 132533
5 277820 58800
6 77571 145981
7 142634 51305
8 196175 138600
9 351010 219063
10 201210 104377
11 235885 58100
12 233557 67900
13 340950 165163
14 140966 110600
15 215412 242375
16 341110 146705
17 430763 222537
18 280598 34766
19 92099 150360
20 174948 85475
21 226875 89600
22 401748 123853
23 230318 49560
24 196487 231600
25 285007 175969
26 259008 50680
27 345025 250600
28 352463 140700
29 368635 212625
30 279347 86100
31 288105 218312
32 324344 101338
33 86014 65378
34 214731 57400
35 223772 77700
36 325530 166854
37 253697 74200
38 274574 163921
39 284012 143640
40 309320 110923
41 244102 72800
42 283497 195618
43 256215 181066
44 290082 204925
45 103779 75693
46 138035 39200
47 403500 200025
48 377466 234173
49 235673 169184
50 192867 131472
51 223962 216300
52 225564 192563
53 213702 179900
54 223535 171920
55 217217 88900
56 219877 29400
57 364805 237650
58 221967 35700
59 166175 39214
60 225387 39900
61 221666 41066
62 272576 212046
63 263117 181082
64 239704 179480
65 208715 83300
66 204962 79100
67 200260 223720
68 224817 14700
69 221350 9800
70 147060 9800
71 233842 21700
72 418336 236169
73 254532 26000
74 242617 223160
75 189876 40782
76 212182 14000
77 224878 12800
78 247047 16800
79 263237 21215
80 236122 34300
81 242498 46200
82 243342 44800
83 509827 93071
84 247361 48160
85 370072 148400
86 288578 152833
87 361486 263375
88 156128 122280
89 249968 108675
90 358910 104066
91 364784 227266
92 266123 129360
93 314782 255033
94 329870 111141
95 359093 242200
96 244764 119658
97 306839 254333
98 376177 68929
99 437522 219940
100 286815 119155
101 356772 119000
102 167447 141100
103 462333 170333
104 310270 143266
105 440475 226223
106 334732 281400
107 301308 250833
108 296089 176781
109 180843 134400
110 287448 161933
111 332452 276500
112 351595 281866
113 386812 155600
114 262653 149153
115 219117 77466
116 247649 40366
117 318385 155000
118 101555 145000
119 243944 127604
120 173161 199766
121 181625 50056
122 334201 203440
123 508970 113252
124 503578 38554
125 349986 148306
126 584548 153508
127 348432 175400
128 311790 28466
129 328003 144573
130 379810 139300
131 350456 197680
132 371108 134792
133 369550 123200
134 587434 164892
135 430757 140933
136 505856 88760
137 364895 209066
138 421736 144200
139 574864 168840
140 328291 42390
141 344850 189311
142 327433 54133
143 553964 163240
144 499383 151666
145 549796 147000
146 503183 147933
147 506686 294332
148 438773 138133
149 480201 274750
150 522406 108952
151 506640 276898
152 303435 47013
153 356155 286300
154 426140 105870
155 505137 214441
156 360810 294000
157 434679 86000
158 452998 86520
159 463663 287933
160 487656 284846
161 511805 228200
162 458596 290733
163 495262 214000
164 211343 274400
165 482315 311500
166 191187 301000
167 417066 234623
168 414715 123800
169 513601 279066
170 460522 277480
171 409473 42350
172 122058 205305
173 409196 52266
174 510982 200668
175 373920 47133
176 421427 37716
177 392377 176200
178 352091 98777
179 348270 93100
180 411481 160131
181 334685 98700
182 346545 74200
183 474693 44907
184 407645 18666
185 353590 56466
186 430069 39200
187 407667 165800
188 500143 23644
189 359796 61133
190 343022 88611
191 357770 52733
192 427798 40200
193 480893 37846
194 107099 199881
195 349790 49000
196 413022 71400
197 187048 217202
198 237088 269500
199 281885 216513
200 329776 284200
201 261108 280030
202 250958 163800
203 381102 276920
204 301435 261800
205 400271 277757
206 231439 150080
207 246415 272872
208 382702 283577
209 241793 148701
210 240399 230729
211 324583 281400
212 374838 291666
213 229995 263666
214 394711 290200
215 246015 218435
216 307135 275100
217 315653 280466
218 262504 171640
219 344909 135625
220 343140 133000
221 341335 224000
222 254030 180600
223 403322 137900
224 257692 173911
225 341810 259933
226 372305 252000
227 348745 277200
228 420194 185077
229 485830 159133
230 482536 150733
231 458976 269266
232 366256 92866
233 330859 97618
234 324045 93100
235 322050 170100
236 372336 49933
237 440702 109435
238 364483 58333
239 363694 93545
240 371323 41533
241 351310 49000
242 220305 240100
243 101826 221991
244 274106 224000
245 270750 235200
246 287280 278600
247 227683 280466
248 234602 273700
249 206937 270600
250 492036 145133
251 380475 105700
252 360145 164500
253 390703 68600
254 457886 161400
255 486083 156333
256 462080 66500
257 477723 92680
258 415783 289800
259 418194 276729
260 376390 277200
261 342232 249044
262 331930 282800
263 452390 294466
264 373096 274866
265 443270 250250
266 265303 59266
267 311323 98127
268 300580 98000
269 308412 148866
270 294310 182700
271 323696 28466
272 345863 30333
273 301789 77381
274 334716 12600
275 272776 16333
276 292346 245000
277 162995 280083
278 281212 240706
279 300675 232400
280 227556 286066
281 240476 226333
282 171094 286538
283 232370 242200
284 253523 288866
285 363660 234500
286 366130 124600
287 463916 219800
288 449350 216066
289 442890 223533
290 371165 251300
291 345420 269500
292 384370 291666
293 407423 291666
294 369550 269266
295 310840 207900
296 291935 124600
297 269230 84466
298 261250 78866
299 275816 75133
300 276108 88760
301 270315 82200
302 296685 235200
303 316825 276500
304 318503 285133
305 290763 268333
306 310147 238800
307 314782 284200
308 321850 283757
309 232560 308000
310 535040 159600
311 285190 312200
312 331550 295400
313 266570 75600
314 347130 291200
315 378670 117600
316 473290 137200
317 365750 305200
318 331930 309400
319 461510 214200
320 298263 137335
321 314450 298200
322 294690 317800
323 444030 317800
324 449730 228200
325 414010 225400
326 415530 309400
327 366890 21000
328 349410 37800
329 345230 9800
330 564490 93800
331 414770 4200
332 393870 12600
333 265430 309400
334 402230 9800
335 374870 15400
336 356250 4200
337 336870 12600
338 356630 7000
339 367650 15400
340 250230 186200
341 392350 15400
342 376770 7000
343 255930 197400
344 174610 317800
345 388930 4200
346 545870 155400
347 364230 9800
348 528390 147000
349 472910 4200
350 439090 312200
351 448590 4200
352 425030 74200
353 181070 317800
354 251370 317800
355 198930 317800
356 192090 312200
357 190190 317800
358 228190 312200
359 225530 315000
360 219830 312200
361 240730 309400
362 224770 317800
363 211470 309400
364 212990 317800
365 206530 317800
366 303430 315000
367 309890 309400
368 324330 317800
369 336110 317800
370 300770 309400
371 288230 317800
372 255170 315000
373 308750 317800
374 296970 315000
375 320530 9800
376 281010 4200
377 319390 312200
378 289750 4200
379 292030 7000
380 274550 4200
381 260490 9800
382 265430 4200
383 244910 315000
384 306090 4200
385 283290 9800
386 312550 315000
387 299630 4200
388 299630 7000
389 327750 4200
390 338770 9800
391 312550 4200
392 215650 7000
393 238830 4200
394 238830 317800
395 296970 306600
396 264290 12600
397 235790 7000
398 340290 18200
399 337630 4200
400 243390 7000
401 349790 4200
402 359290 12600
403 342950 7000
404 370310 7000
405 258970 312200
406 358910 40600
407 361950 35000
408 365750 4200
409 353590 18200
410 387410 317800
411 353210 309400
412 349030 317800
413 409070 309400
414 373730 312200
415 414010 317800
416 268850 317800
417 397670 317800
418 355490 317800
419 315210 317800
420 342190 315000
421 323190 309400
422 404130 312200
423 434530 317800
424 344470 312200
425 383610 306600
426 375250 315000
427 258210 317800
428 390830 312200
429 386650 9800
430 356250 312200
431 408310 4200
432 410210 68600
433 401850 4200
434 443270 68600
435 395390 4200
436 379810 303800
437 374490 292600
438 330030 312200
439 364230 298200
440 445550 312200
441 454290 309400
442 462270 312200
443 478610 317800
444 454670 295400
445 351690 23800
446 376770 317800
447 379050 4200
448 413250 71400
449 275310 317800
450 289150 323530
451 127870 140
452 240990 323530
453 208510 323530
454 219710 323530
455 209630 323530
456 136830 140
457 140190 140
458 235390 323530
459 156990 140
460 158110 140
461 192830 140
462 265630 323530
463 183870 140
464 246590 140
465 140 164780
466 235390 140
467 272350 140
468 262270 140
469 234270 140
470 268990 140
471 230910 140
472 239870 140
473 139070 140
474 283550 323530
475 284670 140
476 322750 140
477 321630 140
478 309310 140
479 322750 323530
480 323870 323530
481 309310 323530
482 159230 140
483 145790 140
484 152510 140
485 141310 140
486 114430 140
487 115550 140
488 272350 323530
489 125630 140
490 126750 140
491 198430 140
492 140 163660
493 214110 323530
494 140 170380
495 174910 140
496 182750 140
497 171550 140
498 173790 140
499 206270 140
500 172670 140
501 264510 323530
502 237630 323530
503 216350 323530
504 274590 140
505 253310 140
506 261150 323530
507 242110 140
508 245470 323530
509 225310 323530
510 224190 323530
511 214110 140
512 128990 140
513 149150 140
514 148030 140
515 253310 323530
516 163710 140
517 176030 140
518 202910 140
519 177150 140
520 254430 140
521 200670 140
522 228670 140
523 133470 140
524 275710 323530
525 257790 140
526 229790 140
527 277950 140
528 247710 140
529 251070 140
530 311550 323530
531 324990 140
532 327230 140
533 330590 140
534 137950 140
535 326110 140
536 328350 140
537 329470 323530
538 326110 323530
539 273470 140
540 248830 140
541 268990 323530
542 244350 140
543 247710 323530
544 228670 323530
545 140 162540
546 211870 323530
547 210750 323530
548 150270 140
549 151390 140
550 249950 323530
551 165950 140
552 168190 140
553 201790 140
554 178270 140
555 255550 140
556 132350 140
557 140 161420
558 227550 140
559 284670 323530
560 256670 140
561 232030 140
562 282430 140
563 249950 140
564 252190 140
565 319390 323530
566 357470 140
567 143550 140
568 329470 140
569 338430 140
570 355230 140
571 331710 140
572 331710 323530
573 320510 323530
574 280190 140
575 219710 140
576 271230 140
577 233150 140
578 146910 140
579 301470 323530
580 282430 323530
581 294750 323530
582 443710 323530
583 440350 323530
584 441470 323530
585 436990 323530
586 384350 140
587 643190 152460
588 363070 323530
589 643190 150220
590 424670 140
591 423550 323530
592 333950 323530
593 643190 160300
594 407870 140
595 341790 140
596 234270 323530
597 346270 323530
598 236510 323530
599 386590 140
600 386590 323530
601 252190 323530
602 340670 323530
603 230910 323530
604 382110 140
605 643190 146860
606 378750 140
607 643190 140140
608 643190 145740
609 431390 323530
610 416830 140
611 643190 139020
612 239870 323530
613 246590 323530
614 244350 323530
615 251070 323530
616 270110 323530
617 220830 323530
618 286910 323530
619 217470 323530
620 285790 323530
621 226430 323530
622 221950 323530
623 238750 323530
624 229790 323530
625 303710 323530
626 385470 323530
627 379870 323530
628 384350 323530
629 375390 323530
630 321630 323530
631 312670 323530
632 361950 323530
633 368670 323530
634 305950 323530
635 265630 140
636 288030 140
637 275710 140
638 281310 140
639 279070 140
640 264510 140
641 270110 140
642 263390 323530
643 289150 140
644 285790 140
645 295870 323530
646 286910 140
647 290270 140
648 305950 140
649 320510 140
650 332830 140
651 319390 140
652 361950 140
653 260030 323530
654 314910 323530
655 352990 140
656 374270 140
657 344030 140
658 363070 140
659 373150 140
660 345150 140
661 376510 140
662 333950 140
663 375390 140
664 327230 323530
665 349630 140
666 354110 140
667 351870 140
668 340670 140
669 364190 323530
670 344030 323530
671 339550 323530
672 365310 323530
673 359710 323530
674 350750 323530
675 317150 323530
676 410110 323530
677 403390 323530
678 396670 323530
679 442590 323530
680 330590 323530
681 463870 323530
682 449310 323530
683 434750 323530
684 432510 323530
685 424670 323530
686 302590 323530
687 378750 323530
688 380990 140
689 352990 323530
690 643190 135660
691 387710 140
692 643190 159180
693 435870 323530
694 643190 151340
695 351870 323530
696 404510 323530
697 335070 323530
698 369790 323530
699 453790 323530
700 454910 323530
701 456030 323530
702 445950 323530
703 422430 323530
704 372030 323530
705 451550 323530
706 366430 140
707 452670 323530
708 277950 323530
709 298110 323530
710 444830 323530
711 421310 323530
712 416830 323530
713 415710 323530
714 369790 140
715 348510 140
716 347390 140
717 643190 142380
718 419070 140
719 402270 140
720 266750 323530
721 411230 140
722 377630 140
723 358590 140
724 339550 140
725 359710 140
726 370910 140
727 254430 323530
728 406750 140
729 379870 140
730 258910 323530
731 160350 323530
732 400030 140
733 643190 154700
734 367550 140
735 643190 132300
736 476190 140
737 438110 323530
738 450430 140
739 428030 140
740 168190 323530
741 255550 323530
742 159230 323530
743 150270 323530
744 192830 323530
745 233150 323530
746 232030 323530
747 223070 323530
748 242110 323530
749 227550 323530
750 215230 323530
751 212990 323530
752 218590 323530
753 307070 323530
754 313790 323530
755 328350 323530
756 341790 323530
757 304830 323530
758 296990 323530
759 257790 323530
760 316030 323530
761 300350 323530
762 323870 140
763 283550 140
764 310430 323530
765 293630 140
766 294750 140
767 276830 140
768 263390 140
769 266750 140
770 248830 323530
771 301470 140
772 295870 140
773 308190 323530
774 299230 140
775 302590 140
776 318270 140
777 337310 140
778 308190 140
779 218590 140
780 243230 140
781 243230 323530
782 299230 323530
783 267870 140
784 238750 140
785 342910 140
786 335070 140
787 245470 140
788 350750 140
789 360830 140
790 346270 140
791 372030 140
792 262270 323530
793 364190 140
794 365310 140
795 368670 140
796 356350 140
797 391070 323530
798 356350 323530
799 349630 323530
800 413470 323530
801 370910 323530
802 414590 323530
803 271230 323530
804 408990 323530
805 338430 323530
806 318270 323530
807 345150 323530
808 324990 323530
809 407870 323530
810 439230 323530
811 347390 323530
812 429150 323530
813 420190 323530
814 256670 323530
815 397790 323530
816 389950 140
817 366430 323530
818 403390 140
819 414590 140
820 397790 140
821 429150 140
822 398910 140
823 405630 323530
824 411230 323530
825 332830 323530
826 367550 323530
827 448190 323530
828 447070 323530
829 462750 323530
830 542270 323530
831 433630 323530
832 336190 140
833 382110 323530
834 383230 140
835 415710 140
836 276830 323530
