0 13545 15567
1 11680 27303
2 17947 30424
3 14313 28197
4 16092 19853
5 16150 13365
6 28550 35429
7 6637 18408
8 11421 25523
9 9693 26531
10 34263 16811
11 27426 9893
12 27610 34587
13 20277 2295
14 27796 13567
15 30453 35315
16 27990 29378
17 5931 25686
18 28569 31869
19 38406 21241
20 29080 31779
21 25745 37226
22 31860 13980
23 23233 27508
24 31341 34582
25 37811 23418
26 24805 21979
27 34121 24648
28 27484 21000
29 23937 41420
30 36923 23277
31 12839 42401
32 14709 30645
33 20260 40675
34 12490 34593
35 13410 37679
36 25027 23104
37 16970 20952
38 15314 28560
39 6389 27393
40 8724 36575
41 9246 27839
42 4225 23355
43 6345 23655
44 5948 10495
45 22416 12128
46 29771 38448
47 35616 22970
48 40478 26238
49 21045 19272
50 42328 23532
51 26773 16479
52 15790 19550
53 21728 25548
54 8272 10774
55 26166 16586
56 10715 11441
57 9538 17821
58 36467 27751
59 22716 13308
60 27041 38425
61 10012 36823
62 37014 17588
63 29681 40348
64 26968 37740
65 19103 39439
66 12786 17800
67 18121 28136
68 20505 19590
69 21210 30213
70 10824 21165
71 6494 25893
72 16803 20007
73 30787 9495
74 32172 30750
75 15485 26182
76 33405 23661
77 15010 20300
78 15233 18506
79 2889 20385
80 20039 18776
81 42291 15453
82 6844 22038
83 42078 15583
84 44812 21054
85 41546 19801
86 47075 10689
87 24198 28721
88 39575 6638
89 19264 28161
90 39931 13880
91 37299 23181
92 49570 11860
93 23754 27675
94 43012 19717
95 42518 9382
96 28468 13663
97 31557 10517
98 29404 9551
99 25347 7468
100 21878 17310
101 30954 8701
102 23690 6697
103 35669 13789
104 17355 15525
105 23500 13716
106 28962 6705
107 17014 17887
108 47952 24315
109 21664 6939
110 30511 13789
111 29193 15535
112 26531 5578
113 49960 18020
114 28096 38388
115 29898 40905
116 31481 42408
117 30791 40130
118 49386 31202
119 39617 45925
120 28774 28600
121 32953 42655
122 37713 46248
123 37495 42717
124 27933 43630
125 28756 39190
126 41822 45024
127 27459 29295
128 30495 29303
129 23118 36510
130 19330 44763
131 19923 35740
132 11252 8403
133 35020 20407
134 12870 41895
135 26333 33815
136 17883 44174
137 24636 40725
138 25931 45938
139 26017 34136
140 22552 43138
141 20722 37423
142 16794 44887
143 23289 33373
144 22810 38377
145 24752 47547
146 11913 10428
147 16389 41265
148 35450 17664
149 32769 15030
150 32346 15975
151 31543 16103
152 30189 6173
153 37052 6280
154 35934 8401
155 38494 29777
156 41593 29101
157 34789 27270
158 35478 27713
159 37471 37321
160 26087 28809
161 39669 37469
162 37069 40216
163 37671 41107
164 49302 29638
165 47225 31981
166 48228 30375
167 23996 12933
168 14864 6819
169 14523 8666
170 47683 38835
171 48909 34155
172 49345 37845
173 44790 35235
174 46841 34965
175 21984 24907
176 49786 20192
177 34520 24248
178 49153 15255
179 46872 21195
180 29325 26394
181 26867 28125
182 8188 45418
183 24702 42141
184 8684 43711
185 9450 43335
186 6880 42598
187 22188 34780
188 19650 30554
189 21589 28576
190 20520 18649
191 4328 23724
192 3118 24705
193 2794 24570
194 2470 33210
195 54229 26190
196 54229 25110
197 53959 26730
198 54310 25920
199 53041 24975
200 52906 25380
201 54445 26730
202 54364 27000
203 54499 27675
204 51205 24975
205 7951 30375
206 53446 24705
207 53635 24435
208 49315 19710
209 36760 6750
210 54121 15660
211 34411 6885
212 33601 2430
213 32818 2430
214 34087 2295
215 36004 6615
216 6763 20655
217 54445 17550
218 54499 20250
219 53554 13770
220 54094 11070
221 40810 6480
222 33736 6345
223 34978 6615
224 49855 22140
225 2767 21465
226 3361 22815
227 5602 22275
228 2605 22950
229 27958 46575
230 26797 45495
231 30523 2835
232 24448 2295
233 20722 43200
234 26554 47925
235 10921 24435
236 24340 45630
237 25636 49140
238 30199 48195
239 54445 32265
240 31522 49140
241 30064 48600
242 20317 49140
243 22261 49140
244 19399 43605
245 24880 44685
246 24664 47655
247 23611 47250
248 22801 47250
249 3145 40635
250 24880 49275
251 20803 49275
252 25042 47925
253 23314 46305
254 21505 49005
255 3658 33615
256 38515 45630
257 37138 45765
258 32872 48870
259 25825 49005
260 36625 45495
261 29632 49275
262 33142 49275
263 33520 48600
264 35140 46170
265 36166 45900
266 3577 39555
267 31819 49005
268 35788 49275
269 33304 47250
270 31900 48330
271 31711 2430
272 31414 49275
273 29092 45630
274 30091 49140
275 26041 47115
276 27013 47115
277 22396 48465
278 25771 45360
279 26608 47115
280 24826 45630
281 25987 48465
282 29848 2565
283 30280 3645
284 54013 24840
285 30874 2295
286 54283 24030
287 28336 2835
288 2740 33345
289 29524 2295
290 28120 2295
291 20155 6885
292 21289 6480
293 19156 2430
294 21181 7965
295 21937 8100
296 6682 22005
297 7627 19575
298 24556 7695
299 7222 27810
300 26230 2430
301 31954 3645
302 32332 3645
303 32305 3105
304 32224 2970
305 29335 3105
306 28984 2970
307 27148 2430
308 26203 2295
309 29929 2835
310 2551 23355
311 31603 2565
312 54472 16200
313 53905 18360
314 31225 3240
315 29524 3915
316 28444 2430
317 54067 25650
318 53662 24975
319 52987 25515
320 53392 26055
321 39593 24286
322 36076 12389
323 34761 13870
324 28018 46830
325 24466 48636
326 31864 48151
327 30540 43613
328 26417 37734
329 26950 32467
330 29343 14540
331 42 25548
332 42 30732
333 42 27084
334 42 26124
335 42 28140
336 42 26508
337 42 25260
338 42 26316
339 42 26988
340 42 25932
341 42 26412
342 42 25644
343 42 28044
344 42 24588
345 42 24492
346 42 19980
347 22092 42
348 21996 42
349 24300 42
350 24108 42
351 24204 42
352 24396 42
353 24780 42
354 42 24300
355 22188 42
356 42 21612
357 21036 42
358 42 19308
359 42 19212
360 42 19884
361 42 19404
362 42 21804
363 42 21516
364 42 21132
365 42 22284
366 42 22956
367 42 22764
368 20940 42
369 42 19020
370 42 16812
371 42 30540
372 42 22092
373 42 22860
374 42 22380
375 42 24108
376 42 27852
377 42 30444
378 42 30636
379 42 31212
380 42 30828
381 42 30924
382 42 29580
383 42 30156
384 42 30060
385 20940 51601
386 42 29484
387 42 29868
388 42 29388
389 42 28812
390 42 29100
391 42 28428
392 42 27948
393 42 29676
394 42 25068
395 42 25740
396 42 28332
397 42 24396
398 42 26028
399 42 24972
400 42 23148
401 42 23916
402 42 20364
403 23340 42
404 42 31116
405 42 19788
406 24684 42
407 42 21228
408 42 22668
409 42 23532
410 42 20076
411 22476 42
412 42 22476
413 42 21324
414 42 30252
415 42 29004
416 21996 51601
417 21036 51601
418 21132 51601
419 42 29196
420 42 27756
421 42 28716
422 42 29292
423 42 28620
424 22668 51601
425 42 26220
426 42 28524
427 42 28236
428 42 26604
429 42 24204
430 42 23340
431 42 27564
432 42 23436
433 42 24012
434 42 23628
435 42 20268
436 42 23244
437 42 26892
438 42 21900
439 23724 42
440 42 18636
441 24876 42
442 25068 42
443 26028 42
444 25356 42
445 25548 42
446 42 18732
447 42 23724
448 42 24684
449 42 20460
450 20844 51601
451 42 20844
452 42 20748
453 42 21420
454 42 22188
455 42 27180
456 42 27372
457 42 27468
458 42 27276
459 42 25164
460 42 28908
461 42 26700
462 42 25836
463 30156 42
464 31596 42
465 56895 25068
466 56895 25644
467 56895 25356
468 56895 26028
469 56895 26124
470 56895 25452
471 56895 25836
472 31404 42
473 26124 51601
474 32172 42
475 31500 42
476 25932 42
477 32268 42
478 25644 42
479 25452 42
480 31116 42
481 26220 42
482 29196 42
483 30252 42
484 26700 42
485 35628 42
486 32940 42
487 34092 42
488 35532 42
489 34764 42
490 32844 42
491 30636 42
492 56895 22764
493 26316 42
494 42 25356
495 42 25452
496 24300 51601
497 30732 42
498 34764 51601
499 36300 51601
500 36396 51601
501 24396 51601
502 25836 51601
503 26220 51601
504 23628 51601
505 24780 51601
506 31308 51601
507 31212 51601
508 31116 51601
509 29772 51601
510 22284 51601
511 30924 51601
512 21228 51601
513 23244 51601
514 24972 51601
515 20364 51601
516 20268 51601
517 20172 51601
518 22476 51601
519 26604 51601
520 22860 51601
521 27372 51601
522 22764 51601
523 27180 51601
524 35724 51601
525 36492 51601
526 36588 51601
527 26316 51601
528 32652 51601
529 28236 51601
530 31020 51601
531 31980 51601
532 32940 51601
533 34476 51601
534 24684 51601
535 56895 27276
536 56895 27084
537 32556 51601
538 31500 51601
539 30252 51601
540 30348 51601
541 25548 51601
542 26700 51601
543 23820 51601
544 24012 51601
545 23532 51601
546 26988 51601
547 24588 51601
548 24204 51601
549 25260 51601
550 27276 51601
551 28428 51601
552 28524 51601
553 29100 42
554 28332 51601
555 26412 51601
556 24108 51601
557 28140 51601
558 26124 42
559 23436 42
560 23532 42
561 23628 42
562 25164 42
563 25740 42
564 42 20940
565 25836 42
566 24972 42
567 42 21708
568 28236 42
569 26988 42
570 29292 42
571 30348 42
572 30444 42
573 28812 42
574 27180 42
575 26892 42
576 56895 16140
577 56895 18348
578 24588 42
579 56895 14316
580 31308 42
581 33708 42
582 29868 42
583 28620 42
584 27372 42
585 56895 24876
586 56895 25260
587 56895 22860
588 56895 25932
589 42 26796
590 42 29964
591 56895 26892
592 56895 26796
593 56895 27468
594 56895 26508
595 56895 26412
596 56895 26604
597 56895 26988
598 56895 27564
599 56895 28524
600 56895 26316
601 42 30348
602 56895 25164
603 56895 24300
604 56895 21228
605 36204 42
606 56895 19788
607 32364 42
608 33324 42
609 32652 42
610 27084 42
611 35724 42
612 42 20652
613 56895 19596
614 56895 20844
615 56895 13452
616 56895 10764
617 41196 42
618 32556 42
619 33228 42
620 56895 22380
621 42 20556
622 42 22572
623 42 21996
624 42 23052
625 27948 51601
626 26508 51601
627 30828 42
628 24492 42
629 21804 51601
630 27084 51601
631 42 24876
632 24876 51601
633 26028 51601
634 30828 51601
635 56895 28236
636 32076 51601
637 31884 51601
638 22380 51601
639 22572 51601
640 20460 51601
641 25452 51601
642 25356 51601
643 23436 51601
644 21516 51601
645 42 40620
646 24492 51601
647 22092 51601
648 25164 51601
649 23148 51601
650 21900 51601
651 42 33132
652 38412 51601
653 37548 51601
654 33132 51601
655 25932 51601
656 37068 51601
657 30060 51601
658 33612 51601
659 34380 51601
660 36684 51601
661 36876 51601
662 42 39660
663 32172 51601
664 37260 51601
665 34284 51601
666 32364 51601
667 31692 42
668 32460 51601
669 28044 51601
670 29964 51601
671 22956 51601
672 22188 51601
673 23052 51601
674 25068 51601
675 26796 51601
676 23340 51601
677 23724 51601
678 29676 42
679 30540 42
680 56895 27660
681 31212 42
682 56895 27372
683 28716 42
684 42 29772
685 29964 42
686 28044 42
687 22572 42
688 22380 42
689 17676 42
690 21612 42
691 22284 42
692 42 21036
693 42 20172
694 25260 42
695 42 27660
696 26604 42
697 31884 42
698 32748 42
699 32460 42
700 32076 42
701 29484 42
702 28908 42
703 27276 42
704 26796 42
705 29388 42
706 42 23820
707 31980 42
708 56895 17676
709 56895 20172
710 31788 42
711 29580 42
712 29004 42
713 56895 26220
714 56895 25548
715 56895 25740
716 56895 26700
717 42 24780
