0 247316 148866
1 279544 116125
2 203965 139300
3 343256 119933
4 213322 133700
5 51423 151401
6 58967 114400
7 166725 145600
8 307920 144936
9 168606 149800
10 207968 137200
11 195177 151900
12 215980 171600
13 87054 113654
14 169181 177600
15 223012 18900
16 230248 34066
17 69267 145710
18 145561 66360
19 176652 135100
20 234448 117517
21 176462 147700
22 154850 188000
23 221223 146066
24 225188 32200
25 230074 144550
26 94273 102626
27 243998 90440
28 298666 149200
29 238900 84810
30 225601 166600
31 56094 91047
32 124678 111066
33 175797 128100
34 197362 66500
35 236512 123480
36 281647 147823
37 228803 130963
38 196175 140700
39 325800 166452
40 199262 151200
41 236312 112000
42 188860 80563
43 231062 171376
44 78761 94676
45 91105 39200
46 177032 70000
47 302729 158200
48 169142 72955
49 125885 82911
50 188337 142100
51 325336 122045
52 177684 149545
53 199983 136563
54 161262 151900
55 92482 115500
56 151667 116900
57 78065 33367
58 101602 65100
59 283786 166707
60 148390 104533
61 189556 152366
62 214244 140280
63 215168 147000
64 93649 35492
65 161595 77700
66 154315 86800
67 159552 123200
68 161398 166600
69 190427 54600
70 331893 172822
71 184654 43960
72 90440 4200
73 184537 44100
74 336666 180400
75 189362 38400
76 107531 34479
77 220210 38150
78 191377 19600
79 201067 36400
80 196185 43088
81 197077 25900
82 209997 33950
83 215982 15400
84 210282 30800
85 406407 77908
86 208639 28000
87 306992 68950
88 233341 66422
89 254536 42311
90 254600 131600
91 125989 90714
92 265287 53200
93 218810 68600
94 248306 177630
95 253447 87206
96 266000 65100
97 222612 63164
98 239579 185577
99 266209 28280
100 261535 14700
101 214747 48475
102 215986 187923
103 266712 16100
104 145489 99100
105 360092 57866
106 236495 53000
107 260727 46900
108 242012 28000
109 249327 25200
110 233953 39044
111 145835 101992
112 231673 47444
113 242271 25044
114 247587 33472
115 224010 152600
116 212854 125400
117 172973 109738
118 211382 70323
119 73500 138102
120 125774 151647
121 203877 98301
122 102525 45104
123 281333 201666
124 451119 48250
125 393604 87080
126 382180 35592
127 307406 84917
128 441981 32042
129 296481 183000
130 325220 80062
131 179342 16290
132 294270 193062
133 326186 82061
134 400995 88500
135 308465 73500
136 437506 63933
137 399760 66920
138 313943 185266
139 342190 42466
140 392185 54786
141 444441 62533
142 223756 49000
143 362346 82843
144 298788 189800
145 185714 35311
146 450072 57960
147 389436 23800
148 414390 54600
149 164089 20412
150 351183 31266
151 418589 205748
152 314694 111800
153 316394 165941
154 394131 186900
155 414476 95304
156 318060 218866
157 406218 206964
158 150199 31444
159 305520 203000
160 409746 159229
161 296750 144642
162 297673 122640
163 178980 192600
164 289655 74200
165 290831 117923
166 307382 102760
167 169588 225800
168 350423 173133
169 397226 194600
170 412951 165800
171 342696 174066
172 361434 171000
173 403156 161350
174 182526 206733
175 369018 174720
176 420660 184100
177 167797 224600
178 295558 115000
179 410178 205800
180 393893 157150
181 358245 184100
182 291270 59400
183 248976 136080
184 297607 46200
185 415714 149663
186 230931 73266
187 271826 57400
188 299863 37445
189 324954 106600
190 257190 67836
191 252035 36400
192 329270 114200
193 83643 185722
194 384701 36275
195 263625 69300
196 371178 28600
197 288610 49000
198 271510 23800
199 307952 45388
200 342190 105763
201 373479 30632
202 217260 70515
203 265810 19133
204 244990 40600
205 90883 189233
206 283907 32900
207 265936 18200
208 225157 42646
209 336381 85800
210 276196 15400
211 306147 57960
212 361608 32760
213 195835 226600
214 210583 120400
215 196352 179310
216 241986 165511
217 262136 218866
218 218124 214419
219 150575 162400
220 322430 200760
221 239685 161000
222 243390 203700
223 187950 110375
224 334387 212248
225 125419 175000
226 324604 222288
227 154204 176680
228 201237 113400
229 259856 217933
230 203196 215875
231 223906 194854
232 314988 229600
233 187625 211866
234 327125 227800
235 146034 159880
236 168762 165977
237 258906 219800
238 159898 154600
239 203897 217400
240 296807 76200
241 279395 72100
242 293835 75600
243 338263 57400
244 346623 74200
245 233568 112107
246 328573 65240
247 344216 60200
248 322525 98000
249 318440 131600
250 286364 157181
251 283670 111300
252 329175 100100
253 353912 122968
254 364990 163800
255 357896 160066
256 353843 162866
257 261630 79800
258 251093 77509
259 252795 44800
260 244518 131075
261 248140 144200
262 270116 72333
263 256436 16333
264 251676 94661
265 246430 15400
266 245670 22866
267 170620 204400
268 79774 206125
269 212800 203700
270 230026 214200
271 169670 209300
272 190443 220733
273 182463 226333
274 173497 215400
275 329840 44100
276 333545 55300
277 336363 28466
278 342203 41800
279 354983 30333
280 346845 37800
281 350142 52000
282 385206 61040
283 347137 212775
284 315913 152600
285 319675 142800
286 269705 151900
287 366003 222600
288 350676 177800
289 359986 182000
290 226290 24733
291 237025 43400
292 237975 154000
293 209190 20066
294 235663 32200
295 175853 52945
296 218690 15400
297 194243 14466
298 140283 212388
299 228103 174745
300 260775 203000
301 266570 84000
302 184110 169400
303 254118 164360
304 176890 188066
305 187815 185000
306 156288 213466
307 180310 195533
308 218563 221666
309 165110 224000
310 308370 74200
311 331043 38733
312 364027 74386
313 368283 87266
314 354223 35933
315 374996 69533
316 289275 199500
317 282815 195300
318 311410 212333
319 313056 220733
320 290256 215133
321 240920 168000
322 243200 118300
323 180436 66733
324 133869 165893
325 195256 59266
326 185630 20066
327 196612 116760
328 170050 127800
329 247000 156800
330 256215 197400
331 270496 217000
332 268976 165666
333 248723 182600
334 235172 5600
335 235770 13042
336 177935 205800
337 331550 16800
338 185630 165200
339 318820 64400
340 406790 7000
341 246430 238000
342 253650 231000
343 167390 121800
344 293930 236600
345 320720 243600
346 361950 86800
347 368980 84000
348 213180 161000
349 217966 49993
350 236930 4200
351 222110 245000
352 356250 12600
353 377530 4200
354 347890 9800
355 346370 7000
356 301910 71400
357 311410 7000
358 316730 12600
359 352830 7000
360 354350 4200
361 338770 29400
362 203870 245000
363 333830 32200
364 325090 7000
365 317870 7000
366 302290 9800
367 324710 4200
368 383990 4200
369 359290 7000
370 342950 26600
371 360810 4200
372 305330 4200
373 160550 242200
374 323950 9800
375 401090 4200
376 317110 9800
377 386270 7000
378 426170 65800
379 371070 4200
380 461510 74200
381 455050 74200
382 167010 242200
383 189810 245000
384 173850 214200
385 182210 239400
386 176510 222600
387 178410 245000
388 174990 239400
389 144210 245000
390 165870 239400
391 175370 233800
392 173470 242200
393 131670 245000
394 151810 242200
395 251370 239400
396 284430 245000
397 269990 245000
398 268470 242200
399 228570 245000
400 257070 245000
401 160170 245000
402 263530 245000
403 259350 242200
404 239210 7000
405 205390 7000
406 235410 245000
407 198930 7000
408 209190 4200
409 175370 4200
410 187150 7000
411 187150 65800
412 199310 242200
413 251370 4200
414 226290 7000
415 238830 138600
416 183350 9800
417 196270 4200
418 202730 4200
419 228570 4200
420 211850 7000
421 180310 7000
422 189810 4200
423 152570 245000
424 248710 242200
425 215650 4200
426 182590 4200
427 222110 4200
428 209190 9800
429 200070 9800
430 260110 4200
431 288610 4200
432 266570 4200
433 281770 7000
434 197030 245000
435 288230 7000
436 294690 9800
437 311790 4200
438 274930 7000
439 307230 242200
440 276450 245000
441 282150 4200
442 290890 245000
443 313310 239400
444 325850 245000
445 167390 245000
446 300010 245000
447 300770 242200
448 266190 144200
449 271890 147000
450 275690 4200
451 326990 242200
452 332310 245000
453 353970 245000
454 340670 242200
455 347890 4200
456 330410 9800
457 323950 12600
458 298870 4200
459 337630 4200
460 331550 7000
461 356630 9800
462 372210 7000
463 339530 7000
464 316730 245000
465 379810 7000
466 250610 245000
467 301150 7000
468 339910 245000
469 356250 242200
470 362710 242200
471 363850 245000
472 347510 245000
473 318250 4200
474 340290 9800
475 331170 4200
476 345990 12600
477 214510 245000
478 237630 140
479 140 103180
480 229790 249030
481 174910 140
482 226430 249030
483 139070 249030
484 140 115500
485 104350 140
486 211870 249030
487 158110 249030
488 172670 140
489 180510 140
490 212990 249030
491 161470 140
492 196190 140
493 164830 249030
494 187230 249030
495 221950 140
496 199550 249030
497 171550 249030
498 220830 140
499 204030 140
500 193950 140
501 92030 140
502 240990 140
503 248830 140
504 242110 140
505 271230 140
506 276830 140
507 262270 140
508 258910 140
509 279070 140
510 95390 140
511 93150 140
512 96510 140
513 89790 140
514 140 135660
515 140 134540
516 228670 249030
517 140 137900
518 140 108780
519 140 125580
520 140 140140
521 140 139020
522 140 141260
523 123390 140
524 133470 140
525 121150 140
526 124510 140
527 142430 140
528 102110 140
529 216350 249030
530 198430 140
531 159230 140
532 229790 140
533 197310 140
534 210750 249030
535 225310 249030
536 208510 140
537 170430 140
538 177150 249030
539 153630 249030
540 140 100940
541 148030 249030
542 144670 249030
543 204030 249030
544 142430 249030
545 164830 140
546 177150 140
547 169310 140
548 189470 140
549 149150 249030
550 193950 249030
551 140 106540
552 221950 249030
553 214110 249030
554 174910 249030
555 223070 140
556 217470 140
557 209630 140
558 251070 140
559 239870 140
560 257790 140
561 272350 140
562 90910 140
563 280190 140
564 298110 140
565 238750 140
566 285790 140
567 233150 140
568 197310 249030
569 215230 249030
570 196190 249030
571 206270 249030
572 176030 140
573 140 123340
574 180510 249030
575 160350 249030
576 146910 249030
577 145790 249030
578 223070 249030
579 150270 249030
580 165950 140
581 178270 140
582 167070 140
583 190590 140
584 140 124460
585 156990 249030
586 192830 249030
587 232030 249030
588 198430 249030
589 163710 249030
590 226430 140
591 212990 140
592 210750 140
593 249950 249030
594 292510 140
595 87550 140
596 263390 140
597 260030 140
598 288030 140
599 295870 140
600 289150 140
601 236510 140
602 244350 140
603 178270 249030
604 219710 249030
605 188350 249030
606 140 114380
607 237630 249030
608 264510 140
609 254430 249030
610 385470 140
611 370910 140
612 379870 140
613 355230 140
614 333950 140
615 324990 140
616 347390 140
617 354110 140
618 361950 140
619 340670 140
620 311550 140
621 357470 140
622 331710 140
623 281310 140
624 184990 249030
625 300350 140
626 172670 249030
627 350750 140
628 329470 140
629 346270 140
630 373150 140
631 183870 249030
632 318270 140
633 377630 140
634 304830 140
635 374270 140
636 352990 140
637 368670 140
638 337310 140
639 378750 140
640 190590 249030
641 191710 249030
642 195070 249030
643 217470 249030
644 209630 249030
645 167070 249030
646 227550 249030
647 173790 249030
648 243230 249030
649 182750 249030
650 143550 249030
651 189470 249030
652 201790 249030
653 242110 249030
654 302590 249030
655 303710 249030
656 299230 249030
657 293630 249030
658 277950 249030
659 257790 249030
660 282430 249030
661 292510 249030
662 239870 249030
663 173790 140
664 245470 140
665 171550 140
666 200670 140
667 183870 140
668 192830 140
669 179390 140
670 247710 249030
671 235390 140
672 228670 140
673 230910 249030
674 184990 140
675 191710 140
676 201790 140
677 216350 140
678 234270 140
679 253310 140
680 249950 140
681 208510 249030
682 238750 249030
683 255550 140
684 247710 140
685 243230 140
686 254430 140
687 270110 140
688 252190 140
689 293630 140
690 261150 140
691 296990 140
692 256670 249030
693 283550 140
694 282430 140
695 273470 140
696 275710 140
697 285790 249030
698 236510 249030
699 274590 249030
700 235390 249030
701 262270 249030
702 270110 249030
703 266750 249030
704 268990 249030
705 291390 249030
706 322750 140
707 369790 249030
708 267870 140
709 368670 249030
710 372030 249030
711 370910 249030
712 365310 249030
713 361950 249030
714 264510 249030
715 317150 140
716 308190 140
717 291390 140
718 366430 140
719 327230 140
720 359710 249030
721 352990 249030
722 356350 249030
723 304830 249030
724 321630 249030
725 265630 249030
726 286910 140
727 341790 249030
728 347390 249030
729 348510 249030
730 345150 249030
731 344030 249030
732 310430 140
733 369790 140
734 328350 140
735 365310 140
736 218590 249030
737 224190 249030
738 358590 140
739 380990 140
740 351870 140
741 349630 140
742 305950 140
743 313790 140
744 319390 140
745 356350 140
746 359710 140
747 341790 140
748 207390 249030
749 336190 140
750 323870 140
751 321630 140
752 307070 140
753 330590 140
754 384350 140
755 363070 140
756 342910 140
757 372030 140
758 309310 140
759 159230 249030
760 326110 140
761 382110 140
762 320510 140
763 386590 140
764 494210 81900
765 375390 140
766 494210 85260
767 494210 91980
768 151390 249030
769 205150 249030
770 152510 249030
771 186110 249030
772 169310 249030
773 179390 249030
774 162590 249030
775 141310 249030
776 168190 249030
777 176030 249030
778 165950 249030
779 140190 249030
780 154750 249030
781 255550 249030
782 288030 249030
783 281310 249030
784 275710 249030
785 233150 249030
786 263390 249030
787 161470 249030
788 280190 249030
789 273470 249030
790 246590 140
791 207390 140
792 234270 249030
793 202910 140
794 214110 140
795 168190 140
796 188350 140
797 186110 140
798 202910 249030
799 256670 140
800 230910 140
801 240990 249030
802 187230 140
803 199550 140
804 206270 140
805 232030 140
806 215230 140
807 182750 140
808 195070 140
809 155870 249030
810 252190 249030
811 218590 140
812 181630 140
813 227550 140
814 211870 140
815 205150 140
816 266750 140
817 299230 140
818 265630 140
819 290270 140
820 200670 249030
821 294750 140
822 303710 140
823 316030 140
824 312670 140
825 309310 249030
826 261150 249030
827 284670 140
828 267870 249030
829 279070 249030
830 328350 249030
831 170430 249030
832 251070 249030
833 289150 249030
834 268990 140
835 274590 140
836 277950 140
837 329470 249030
838 336190 249030
839 357470 249030
840 349630 249030
841 364190 140
842 181630 249030
843 339550 140
844 367550 140
845 301470 140
846 338430 140
847 335070 140
848 360830 140
849 376510 140
850 345150 140
851 322750 249030
852 383230 140
853 253310 249030
854 302590 140
855 342910 249030
856 358590 249030
857 360830 249030
858 366430 249030
859 351870 249030
860 314910 140
861 344030 140
862 332830 140
863 348510 140
864 220830 249030
