0 26721 18217
1 13645 30948
2 23618 21516
3 18682 26055
4 35285 24120
5 26632 16200
6 24233 38295
7 9156 21063
8 13806 29445
9 40399 20591
10 37589 15679
11 35289 39069
12 24435 2295
13 41072 21450
14 26530 14820
15 21638 37247
16 16136 28032
17 18989 13872
18 34920 42561
19 26440 38140
20 37244 19401
21 36761 41921
22 40724 20417
23 21141 42053
24 45981 31804
25 46305 31030
26 8183 29273
27 39210 30060
28 46843 28875
29 26942 46716
30 43549 29037
31 27354 43612
32 27585 37365
33 30516 49335
34 16878 36652
35 34580 32566
36 44250 31479
37 37230 39123
38 33241 28568
39 26723 34425
40 11261 28090
41 12057 37668
42 25798 9045
43 26301 25335
44 21738 27000
45 34790 18405
46 36534 42795
47 42895 31815
48 24038 35625
49 43681 30066
50 43989 23436
51 25705 34535
52 39620 26556
53 23770 27189
54 46771 22941
55 22507 13736
56 10866 20345
57 32290 21588
58 34150 17542
59 33842 41869
60 9520 37357
61 27007 23993
62 37009 44640
63 33775 45401
64 12284 46262
65 17854 23162
66 26880 27641
67 30733 20289
68 28597 18175
69 35013 50631
70 26419 20944
71 17718 23535
72 26075 29011
73 34094 22153
74 40986 13476
75 37467 40800
76 29712 27945
77 40249 29076
78 23731 23100
79 33488 20871
80 28593 2295
81 49883 12351
82 11427 19440
83 44915 23881
84 48076 28274
85 43190 27686
86 32130 34222
87 46589 26525
88 40883 7719
89 28071 29295
90 42614 24263
91 42579 31455
92 40269 29779
93 47962 15896
94 52316 12516
95 31506 29295
96 45009 28669
97 37768 38835
98 47007 12386
99 46999 19662
100 43498 18979
101 60624 18585
102 23488 22325
103 43266 16834
104 57644 19273
105 52728 21670
106 23727 17955
107 48357 20439
108 56152 17492
109 19260 18180
110 56364 32205
111 54048 16455
112 45369 21532
113 59732 21868
114 58903 26524
115 60186 18109
116 33661 45267
117 54284 49299
118 32944 46267
119 35880 46312
120 34358 49635
121 50065 38722
122 32348 44307
123 43820 54810
124 51755 44492
125 31760 48293
126 43638 56009
127 48882 38805
128 39693 55793
129 33603 51936
130 37774 49517
131 46223 53833
132 50495 47979
133 44582 51165
134 19350 36295
135 12092 44678
136 20334 35217
137 21910 11947
138 20250 49410
139 18638 38663
140 21018 52096
141 18060 42315
142 19257 38597
143 14354 42574
144 25857 36847
145 14906 46533
146 12236 49464
147 22729 35685
148 26851 40271
149 26305 15293
150 17334 51795
151 35858 21755
152 40108 17077
153 34844 24411
154 32778 18675
155 33618 18855
156 38868 8804
157 43627 21915
158 39075 11994
159 37114 38678
160 40463 37719
161 35555 35759
162 35444 36888
163 24983 44955
164 22854 41535
165 27262 46845
166 29356 44460
167 26102 44482
168 49572 37037
169 46218 39217
170 28013 9909
171 26640 10236
172 45198 46333
173 44686 44295
174 47416 42615
175 47390 46272
176 41394 41715
177 44472 43875
178 20480 22822
179 58135 28344
180 56119 25920
181 59070 31245
182 56851 45385
183 57253 47219
184 52818 46642
185 22275 54774
186 29998 50157
187 21677 53903
188 20468 51533
189 22183 35415
190 27707 31624
191 31034 32116
192 31968 31995
193 15790 28911
194 2902 29700
195 3010 29160
196 2551 35235
197 63058 34155
198 53905 32535
199 38839 53460
200 36409 56430
201 62383 33075
202 65164 30105
203 64732 32805
204 64948 34560
205 62923 34020
206 53419 31995
207 2605 31320
208 53068 31320
209 55012 30105
210 59224 24975
211 40513 8370
212 41890 8775
213 36868 4050
214 41674 8370
215 39757 8775
216 38326 8100
217 39109 9045
218 24556 4185
219 64975 26055
220 65002 27945
221 45265 4590
222 45535 5265
223 45427 4050
224 65056 21465
225 64894 25245
226 64651 25515
227 23233 4320
228 23908 3240
229 23908 5265
230 2848 28350
231 2794 32805
232 2551 27405
233 20614 53865
234 26932 3645
235 19453 52920
236 2551 31995
237 28282 4050
238 2659 32805
239 3307 37125
240 3010 35640
241 28984 57510
242 23989 54540
243 29281 58725
244 30037 58050
245 32035 56430
246 19939 53325
247 3982 36180
248 29011 57645
249 31927 56565
250 31711 55350
251 28066 58320
252 33844 58725
253 31063 56025
254 34546 58995
255 34249 57510
256 31630 56970
257 21073 54540
258 41863 54540
259 41053 54405
260 38515 57105
261 33007 56565
262 40054 54135
263 39433 54135
264 39757 58725
265 37462 57375
266 36247 58725
267 32359 58725
268 19561 52785
269 33898 58185
270 33196 58455
271 37651 56970
272 34924 57645
273 35977 56700
274 37273 56835
275 34114 57645
276 36004 57105
277 32764 57645
278 33169 57915
279 20641 54135
280 34654 56970
281 37111 56700
282 34303 57240
283 33223 56970
284 58279 27135
285 57766 27000
286 64273 32535
287 62869 32805
288 64165 33480
289 64570 30915
290 3901 33210
291 64867 31185
292 59305 31050
293 33250 3375
294 30307 3780
295 22720 3510
296 32710 4320
297 36166 3915
298 64840 26595
299 34735 3645
300 64435 23490
301 3010 34020
302 38704 8505
303 44266 8235
304 45049 8235
305 44833 3915
306 40648 8370
307 43348 8100
308 44482 7965
309 47452 4590
310 65191 20655
311 51529 4050
312 24880 3375
313 52609 4185
314 65029 21600
315 65029 24705
316 64381 24300
317 64651 25920
318 64840 24705
319 65029 33885
320 64597 31455
321 64381 30645
322 64867 32940
323 41619 31846
324 39645 18992
325 40419 24367
326 42357 23677
327 28965 52785
328 30368 57402
329 37229 57888
330 34437 56686
331 41518 45355
332 39312 18662
333 48696 24478
334 42 28908
335 42 34380
336 36108 61265
337 35916 61265
338 33996 61265
339 34188 61265
340 33036 42
341 42 28716
342 42 29964
343 32844 42
344 67632 30252
345 67632 29964
346 42 30924
347 67632 29676
348 67632 29868
349 34956 42
350 31308 42
351 26028 42
352 33516 42
353 36876 42
354 35724 42
355 36204 42
356 37068 42
357 42 25260
358 31212 42
359 30828 42
360 30252 42
361 30444 42
362 32652 42
363 30924 42
364 32268 42
365 30540 42
366 42 25356
367 23916 42
368 23724 42
369 42 28524
370 42 27468
371 24588 42
372 42 30252
373 42 29772
374 42 34092
375 42 29388
376 42 29292
377 42 26124
378 42 29676
379 42 31212
380 42 31116
381 42 34188
382 42 32460
383 42 34476
384 42 34668
385 42 31692
386 42 33228
387 42 33804
388 42 33708
389 42 33324
390 42 33612
391 32556 61265
392 42 33036
393 42 32268
394 42 33132
395 42 32076
396 42 31980
397 30156 42
398 29676 42
399 42 31884
400 42 30444
401 32076 42
402 32460 42
403 32748 42
404 67632 28524
405 34764 42
406 33132 42
407 42 29196
408 26124 42
409 34380 42
410 67632 29004
411 32364 42
412 34572 42
413 67632 29196
414 31692 42
415 31500 42
416 42 30636
417 42 32556
418 42 32364
419 32172 61265
420 31020 61265
421 42 32844
422 42 33420
423 32268 61265
424 42 34284
425 42 32172
426 35532 61265
427 36396 61265
428 36300 61265
429 42 29004
430 34380 61265
431 42 31500
432 29868 42
433 28716 42
434 42 30732
435 31116 42
436 33804 42
437 34860 42
438 33612 42
439 67632 28236
440 42 30060
441 32556 42
442 33420 42
443 25452 42
444 34668 42
445 36780 42
446 35148 42
447 35436 42
448 36108 42
449 29772 42
450 30732 42
451 25836 42
452 29196 42
453 42 31308
454 31596 42
455 31020 42
456 32172 42
457 31404 42
458 32652 61265
459 42 30540
460 42 30828
461 34956 61265
462 42 25548
463 42 31020
464 42 30156
465 42 33996
466 37164 61265
467 67632 31884
468 39180 61265
469 36972 61265
470 40812 61265
471 67632 31212
472 67632 33612
473 67632 32748
474 67632 33324
475 38316 61265
476 36972 42
477 37068 61265
478 67632 30540
479 38124 42
480 38988 42
481 33708 42
482 33996 42
483 39180 42
484 37932 42
485 67632 27852
486 36012 42
487 42 29868
488 41772 42
489 42924 42
490 43020 42
491 67632 25836
492 67632 27276
493 67632 27372
494 67632 25932
495 67632 27468
496 27660 42
497 42 29484
498 42 29100
499 42 29580
500 42 32940
501 23532 61265
502 21708 61265
503 28908 61265
504 21612 61265
505 27180 61265
506 27468 61265
507 42 36300
508 28812 61265
509 30636 61265
510 30444 61265
511 30732 61265
512 29580 61265
513 29484 61265
514 30540 61265
515 28716 61265
516 29676 61265
517 31308 61265
518 29388 61265
519 29772 61265
520 29100 61265
521 30828 61265
522 31500 61265
523 31404 61265
524 31692 61265
525 30252 61265
526 29868 61265
527 40620 61265
528 39660 61265
529 38892 61265
530 37260 61265
531 38604 61265
532 38124 61265
533 38028 61265
534 36588 61265
535 39276 61265
536 39564 61265
537 31980 61265
538 37932 61265
539 39756 61265
540 37644 61265
541 36780 61265
542 34764 61265
543 36012 61265
544 32940 61265
545 33324 61265
546 32076 61265
547 31884 61265
548 31116 61265
549 33132 61265
550 35052 61265
551 33612 61265
552 32748 61265
553 67632 33708
554 67632 32172
555 67632 34572
556 67632 31980
557 67632 33516
558 67632 32268
559 42 33516
560 67632 32844
561 67632 31020
562 27948 42
563 28428 42
564 27852 42
565 43788 42
566 67632 24684
567 67632 27180
568 36396 42
569 37356 42
570 35436 61265
571 35820 42
572 41100 42
573 35532 42
574 40620 42
575 67632 26700
576 41004 42
577 67632 25452
578 67632 24780
579 67632 23436
580 67632 24396
581 37164 42
582 50412 42
583 47724 42
584 67632 28044
585 67632 26604
586 67632 28140
587 67632 27660
588 67632 30156
589 67632 29100
590 67632 28620
591 35340 61265
592 42 27372
593 42 35340
594 67632 34476
595 67632 32556
596 38988 61265
597 36684 61265
598 67632 33132
599 67632 30348
600 67632 33036
601 67632 34860
602 67632 34284
603 67632 32364
604 42 31596
605 67632 31596
606 67632 30444
607 67632 25164
608 40716 42
609 41964 42
610 36492 42
611 41868 42
612 40044 42
613 38412 42
614 38892 42
615 24972 42
616 67632 26124
617 67632 28812
618 45612 42
619 45996 42
620 45708 42
621 67632 24300
622 67632 25644
623 67632 26796
624 21708 42
625 24108 42
626 24396 42
627 42 28620
628 42 32652
629 42 27852
630 21996 61265
631 27756 42
632 19884 61265
633 42 31788
634 28620 42
635 42 32748
636 42 36684
637 42 35532
638 41100 61265
639 29964 61265
640 30348 61265
641 31212 61265
642 32844 61265
643 20556 61265
644 42 34764
645 34092 61265
646 32460 61265
647 31788 61265
648 20076 61265
649 34572 61265
650 31596 61265
651 34860 61265
652 34668 61265
653 32364 61265
654 21420 61265
655 44172 61265
656 41484 61265
657 39084 61265
658 33516 61265
659 40716 61265
660 39852 61265
661 40140 61265
662 37740 61265
663 37356 61265
664 33036 61265
665 19020 61265
666 35244 61265
667 33900 61265
668 38220 61265
669 35148 61265
670 36492 61265
671 37836 61265
672 33804 61265
673 37452 61265
674 33228 61265
675 33708 61265
676 20844 61265
677 34284 61265
678 37548 61265
679 34476 61265
680 33420 61265
681 67632 27948
682 67632 27564
683 67632 32652
684 67632 32940
685 67632 33420
686 67632 31116
687 42 31404
688 67632 31308
689 67632 31404
690 33900 42
691 30636 42
692 22956 42
693 32940 42
694 35916 42
695 67632 26508
696 35052 42
697 67632 24204
698 42 33900
699 39084 42
700 45900 42
701 46572 42
702 45804 42
703 40812 42
704 43500 42
705 44844 42
706 47916 42
707 67632 21804
708 51948 42
709 25548 42
710 52908 42
711 67632 22092
712 67632 26028
713 67632 25356
714 67632 26220
715 67632 26892
716 67632 34380
717 67632 31692
718 67632 30924
719 67632 34188
720 42 30348
