0 179423 234733
1 228323 193182
2 173318 183400
3 311267 122220
4 183872 123900
5 247360 133884
6 46959 168526
7 81520 134031
8 216452 164733
9 288360 185500
10 213488 193550
11 152570 198800
12 196160 195353
13 157747 226100
14 105580 139300
15 160217 287175
16 212370 90410
17 202960 103200
18 69242 164446
19 130505 58212
20 164142 122054
21 307736 107566
22 173166 97720
23 138401 279200
24 180866 221827
25 180500 209160
26 112491 189988
27 311423 208117
28 48453 99888
29 129580 100333
30 273053 236250
31 190245 155400
32 158341 213033
33 123044 199080
34 278594 215000
35 138027 119700
36 107492 78400
37 127264 87850
38 173871 270680
39 99465 42000
40 210497 266576
41 284888 74858
42 308880 214900
43 180361 77509
44 134034 131133
45 160882 67900
46 149783 69844
47 150812 62300
48 186912 114100
49 184272 116200
50 132772 80920
51 183830 250929
52 120477 132175
53 162687 60200
54 156868 94500
55 171589 209082
56 120992 192920
57 159799 95133
58 152522 75600
59 163387 278600
60 234124 131352
61 173710 76440
62 157320 71400
63 269863 76688
64 299317 267800
65 196446 76000
66 204668 275986
67 211912 317126
68 205532 95200
69 218379 146490
70 193087 93800
71 141526 139712
72 201695 85711
73 198122 82600
74 176206 85960
75 175959 90160
76 151002 82600
77 364980 83060
78 159099 86927
79 258037 90674
80 214644 197851
81 100019 49883
82 239951 68066
83 149163 93400
84 282793 153461
85 152199 180600
86 153430 265688
87 222741 222700
88 264480 208894
89 162940 113989
90 147730 277568
91 269380 267105
92 199975 115500
93 161795 97377
94 323022 163305
95 107797 63522
96 252974 71555
97 131113 189000
98 182742 200760
99 253396 197400
100 166578 296927
101 134976 189840
102 105413 84753
103 134254 173320
104 187292 214900
105 185706 206360
106 130530 147400
107 236636 110090
108 120346 145880
109 159526 71400
110 176560 112093
111 195555 160121
112 111857 227807
113 246702 251747
114 298675 167418
115 308586 38641
116 244656 132575
117 258608 202333
118 236948 42600
119 224770 116200
120 359057 96509
121 223758 44438
122 247285 81900
123 272401 88586
124 350436 73640
125 262362 233400
126 281896 32200
127 320676 52388
128 263821 54413
129 266822 251892
130 275816 32200
131 283416 46200
132 270496 34066
133 311752 98840
134 383506 95115
135 248900 144694
136 404829 197543
137 209564 45104
138 286235 198800
139 288594 111699
140 381698 156470
141 277307 207666
142 277495 198800
143 301317 107305
144 311334 120120
145 302433 235313
146 403227 208226
147 387980 172200
148 325976 194600
149 342325 193000
150 366904 157338
151 227012 314440
152 344647 187693
153 389988 221000
154 227477 325500
155 286275 126200
156 396540 194600
157 257806 309400
158 97280 262577
159 222295 213430
160 229010 208320
161 383876 145854
162 260585 312900
163 275964 311733
164 338319 228952
165 247380 311500
166 357306 235462
167 237310 287700
168 73501 253437
169 280425 163800
170 240350 311080
171 254030 336466
172 268807 318425
173 327085 220800
174 300324 166169
175 232845 145600
176 259223 331800
177 262770 336466
178 285506 298200
179 249422 303100
180 245522 314066
181 129979 231574
182 180590 264000
183 128015 317012
184 177132 255733
185 147582 317800
186 112779 308503
187 203403 196381
188 196422 293720
189 120722 246288
190 339415 294227
191 172843 189000
192 323126 300066
193 203180 182973
194 177797 283658
195 180056 332733
196 325881 302400
197 148421 311733
198 316757 301400
199 183666 330866
200 236360 185500
201 207290 221900
202 165490 231000
203 238830 225400
204 167126 201133
205 145983 241266
206 301150 133700
207 266570 135100
208 350822 240561
209 332563 84466
210 323190 76066
211 330790 79800
212 222680 105000
213 244435 224000
214 257956 49000
215 252256 54600
216 245543 49000
217 244403 58333
218 139840 312900
219 57590 269208
220 166535 312200
221 174166 325266
222 187910 333666
223 182716 337400
224 137342 311000
225 267836 179666
226 245575 93800
227 258020 199500
228 276956 72333
229 292191 175767
230 261376 191800
231 260537 179900
232 300437 317100
233 353372 284511
234 298585 309400
235 264385 282800
236 320783 339266
237 303430 285133
238 308180 270200
239 207670 106866
240 216562 229880
241 199500 226100
242 220336 95666
243 219396 72632
244 235410 85400
245 145567 260600
246 198076 324370
247 240730 275800
248 217360 269500
249 192850 288866
250 187403 293533
251 173976 337400
252 261155 143500
253 262896 143266
254 329016 139533
255 326610 72333
256 309130 284900
257 280155 293300
258 319643 305666
259 304443 315000
260 308876 313133
261 220780 282100
262 193800 228900
263 215270 109666
264 207796 121800
265 197132 173447
266 217676 113400
267 223212 151480
268 210601 126600
269 188575 245700
270 166060 300300
271 229583 331800
272 211343 287000
273 95142 201600
274 101890 194157
275 153520 246400
276 177650 359800
277 159030 351400
278 294880 67200
279 334590 145600
280 326420 134400
281 121932 171937
282 76950 203000
283 187530 365400
284 293930 4200
285 298490 7000
286 288230 12600
287 287470 4200
288 240350 7000
289 247570 9800
290 259730 368200
291 264670 9800
292 274550 4200
293 303050 4200
294 159410 368200
295 271130 9800
296 254030 9800
297 252130 4200
298 206530 368200
299 249090 12600
300 210330 7000
301 266950 4200
302 227810 12600
303 205390 4200
304 212230 15400
305 149150 368200
306 258590 4200
307 262010 18200
308 257830 7000
309 255170 15400
310 286710 9800
311 263910 15400
312 293170 9800
313 275690 7000
314 168530 368200
315 186010 371000
316 179550 371000
317 155230 371000
318 121030 371000
319 127490 371000
320 131290 362600
321 133950 371000
322 172330 371000
323 129010 351400
324 114570 371000
325 134330 337400
326 135850 359800
327 201970 371000
328 142310 371000
329 203110 359800
330 197410 362600
331 231230 362600
332 176890 351400
333 165110 371000
334 196650 359800
335 165490 348600
336 215270 371000
337 224390 359800
338 222110 371000
339 223250 7000
340 209570 9800
341 234270 4200
342 214510 4200
343 218690 12600
344 144970 362600
345 218690 362600
346 216030 9800
347 214510 365400
348 236170 15400
349 227430 4200
350 233130 7000
351 242630 12600
352 237690 18200
353 208430 371000
354 229330 371000
355 148770 371000
356 203870 362600
357 212990 368200
358 224390 9800
359 245670 4200
360 234650 9800
361 220970 4200
362 250230 371000
363 273410 362600
364 245670 365400
365 278350 368200
366 179550 368200
367 301910 9800
368 335350 368200
369 256310 362600
370 316350 368200
371 311790 7000
372 287850 362600
373 285570 359800
374 303050 371000
375 317870 365400
376 331170 7000
377 192470 371000
378 323950 4200
379 336490 371000
380 210330 362600
381 300390 368200
382 266570 365400
383 293170 371000
384 312550 371000
385 271130 368200
386 319770 371000
387 306850 368200
388 129770 365400
389 309510 4200
390 304190 12600
391 280250 9800
392 317490 4200
393 339530 4200
394 333070 4200
395 334970 9800
396 310650 12600
397 318250 9800
398 342950 7000
399 220970 368200
400 282910 371000
401 342190 9800
402 362330 175000
403 345610 359800
404 360430 180600
405 348270 371000
406 263150 12600
407 264670 7000
408 263150 371000
409 281010 4200
410 157890 365400
411 140 211820
412 140 174860
413 105470 140
414 181630 140
415 163710 140
416 176030 140
417 132350 140
418 162590 140
419 112190 376890
420 133470 140
421 174910 140
422 200670 140
423 165950 376890
424 197310 140
425 201790 140
426 243230 376890
427 115550 376890
428 167070 376890
429 171550 376890
430 158110 140
431 177150 140
432 167070 140
433 146910 140
434 144670 140
435 178270 376890
436 179390 140
437 117790 376890
438 137950 140
439 135710 140
440 123390 376890
441 142430 376890
442 140190 376890
443 159230 140
444 156990 140
445 139070 140
446 141310 140
447 140 178220
448 140 177100
449 163710 376890
450 140 179340
451 140 171500
452 125630 140
453 140 180460
454 127870 376890
455 140 182700
456 136830 140
457 127870 140
458 131230 140
459 134590 140
460 118910 140
461 126750 140
462 125630 376890
463 128990 376890
464 130110 140
465 140 202860
466 104350 140
467 124510 376890
468 120030 140
469 111070 140
470 168190 140
471 149150 140
472 165950 140
473 140 173740
474 122270 140
475 143550 140
476 152510 376890
477 145790 140
478 160350 140
479 191710 140
480 186110 140
481 196190 140
482 183870 376890
483 159230 376890
484 95390 140
485 192830 376890
486 178270 140
487 171550 140
488 193950 140
489 169310 140
490 150270 140
491 201790 376890
492 183870 140
493 188350 376890
494 190590 140
495 99870 140
496 192830 140
497 120030 376890
498 179390 376890
499 182750 376890
500 140 200620
501 107710 140
502 122270 376890
503 113310 140
504 112190 140
505 170430 140
506 128990 140
507 148030 140
508 164830 140
509 140190 140
510 152510 140
511 155870 140
512 153630 140
513 161470 140
514 188350 140
515 184990 140
516 189470 140
517 140 150220
518 182750 140
519 156990 376890
520 193950 376890
521 180510 140
522 172670 140
523 187230 140
524 173790 140
525 151390 140
526 199550 376890
527 195070 140
528 142430 140
529 198430 376890
530 198430 140
531 199550 140
532 153630 376890
533 180510 376890
534 181630 376890
535 140 190540
536 108830 140
537 140 199500
538 117790 140
539 154750 140
540 131230 376890
541 140 219660
542 184990 376890
543 301470 140
544 316030 140
545 307070 140
546 341790 140
547 280190 140
548 273470 376890
549 258910 376890
550 352990 376890
551 292510 376890
552 309310 140
553 257790 376890
554 350750 376890
555 292510 140
556 239870 376890
557 134590 376890
558 202910 376890
559 145790 376890
560 235390 376890
561 217470 140
562 144670 376890
563 133470 376890
564 116670 376890
565 221950 140
566 260030 140
567 245470 140
568 244350 140
569 270110 140
570 252190 140
571 285790 140
572 273470 140
573 143550 376890
574 172670 376890
575 151390 376890
576 121150 376890
577 160350 376890
578 141310 376890
579 169310 376890
580 161470 376890
581 173790 376890
582 154750 376890
583 164830 376890
584 186110 376890
585 189470 376890
586 236510 376890
587 232030 376890
588 242110 376890
589 240990 376890
590 215230 376890
591 238750 376890
592 204030 376890
593 228670 376890
594 237630 376890
595 224190 376890
596 205150 140
597 191710 376890
598 209630 140
599 210750 140
600 216350 140
601 204030 140
602 207390 140
603 200670 376890
604 230910 376890
605 206270 140
606 197310 376890
607 232030 140
608 234270 140
609 218590 140
610 251070 140
611 235390 140
612 233150 140
613 284670 140
614 196190 376890
615 253310 376890
616 274590 140
617 242110 140
618 248830 140
619 256670 140
620 265630 140
621 251070 376890
622 285790 376890
623 247710 376890
624 284670 376890
625 227550 376890
626 267870 376890
627 288030 376890
628 276830 376890
629 266750 376890
630 303710 376890
631 291390 376890
632 282430 376890
633 296990 376890
634 304830 376890
635 308190 376890
636 211870 376890
637 301470 376890
638 312670 376890
639 300350 376890
640 302590 376890
641 261150 376890
642 313790 376890
643 316030 376890
644 298110 376890
645 321630 376890
646 299230 376890
647 208510 376890
648 300350 140
649 295870 140
650 266750 140
651 304830 140
652 323870 140
653 328350 140
654 330590 140
655 320510 140
656 290270 140
657 333950 140
658 262270 376890
659 281310 140
660 347390 140
661 336190 140
662 335070 140
663 470140 153580
664 324990 140
665 275710 140
666 327230 140
667 264510 140
668 318270 140
669 118910 376890
670 190590 376890
671 298110 140
672 302590 140
673 291390 140
674 294750 140
675 243230 140
676 249950 140
677 271230 376890
678 271230 140
679 303710 140
680 311550 140
681 162590 376890
682 277950 140
683 257790 140
684 255550 140
685 209630 376890
686 253310 140
687 212990 140
688 272350 140
689 229790 140
690 208510 140
691 215230 140
692 146910 376890
693 262270 140
694 263390 140
695 258910 140
696 254430 140
697 293630 140
698 268990 140
699 296990 140
700 289150 140
701 170430 376890
702 187230 376890
703 174910 376890
704 155870 376890
705 126750 376890
706 130110 376890
707 135710 376890
708 136830 376890
709 176030 376890
710 132350 376890
711 114430 376890
712 137950 376890
713 139070 376890
714 210750 376890
715 223070 376890
716 219710 376890
717 221950 376890
718 234270 376890
719 205150 376890
720 168190 376890
721 207390 376890
722 214110 376890
723 217470 376890
724 229790 376890
725 225310 376890
726 226430 140
727 211870 140
728 238750 140
729 214110 140
730 220830 140
731 148030 376890
732 220830 376890
733 219710 140
734 218590 376890
735 239870 140
736 230910 140
737 236510 140
738 247710 140
739 240990 140
740 212990 376890
741 233150 376890
742 149150 376890
743 206270 376890
744 216350 376890
745 228670 140
746 246590 140
747 237630 140
748 227550 140
749 254430 376890
750 283550 376890
751 255550 376890
752 281310 376890
753 177150 376890
754 314910 140
755 348510 376890
756 270110 376890
757 332830 376890
758 317150 140
759 290270 376890
760 289150 376890
761 305950 376890
762 320510 376890
763 332830 140
764 195070 376890
765 326110 140
766 340670 376890
767 150270 376890
768 307070 376890
769 268990 376890
770 295870 376890
771 317150 376890
772 274590 376890
773 322750 376890
774 309310 376890
775 113310 376890
776 313790 140
777 310430 140
778 283550 140
779 321630 140
780 344030 140
781 337310 140
782 342910 140
783 312670 140
784 322750 140
785 346270 140
786 226430 376890
787 286910 376890
788 345150 140
789 470140 173740
790 349630 376890
791 470140 152460
792 351870 376890
793 276830 140
794 267870 140
795 265630 376890
796 299230 140
797 158110 376890
