0 45900 13308
1 40233 41175
2 38540 31235
3 46986 8865
4 39676 15120
5 40257 22855
6 29019 6712
7 33920 42441
8 47989 12573
9 58534 18051
10 57461 36549
11 56245 27947
12 34641 2295
13 47022 12079
14 47746 19758
15 56722 33819
16 37645 21685
17 25906 22734
18 32983 27684
19 43639 10549
20 54347 30105
21 38993 16173
22 42590 16527
23 53514 31296
24 39219 17448
25 41202 20512
26 63724 13970
27 52572 34472
28 35901 27743
29 55659 24641
30 56930 36823
31 26413 44223
32 58851 19660
33 59436 33231
34 48364 41187
35 33333 39262
36 60585 26572
37 70231 40560
38 43151 43804
39 45597 41805
40 46634 40056
41 36676 38677
42 53954 23387
43 36446 36112
44 53656 41813
45 47569 42670
46 32696 35496
47 28206 42161
48 37410 37742
49 31568 40629
50 42795 47925
51 44565 36525
52 19293 32055
53 50663 22175
54 54959 36733
55 54541 29553
56 58857 34085
57 44709 36948
58 28319 15895
59 47629 30583
60 52145 39123
61 35084 18590
62 48779 17660
63 33635 16672
64 20648 29737
65 54741 19989
66 53719 38895
67 44226 22250
68 26085 26595
69 30736 5666
70 49168 7587
71 61434 26850
72 53209 11565
73 37678 8370
74 54292 34196
75 29178 35194
76 46506 24140
77 56736 13059
78 59646 14786
79 56557 39720
80 19197 20693
81 58757 38021
82 25760 25360
83 56563 18236
84 33205 10710
85 48114 27017
86 47105 11995
87 42768 8460
88 47637 36613
89 44046 7007
90 62946 44566
91 38496 4635
92 45887 44486
93 49891 13311
94 61747 8647
95 57033 30465
96 48827 43652
97 48418 44055
98 53667 21600
99 44358 26842
100 49099 31165
101 45711 47925
102 31111 8196
103 37839 23175
104 58545 12975
105 58646 16205
106 53234 13220
107 54960 14889
108 61084 6978
109 30942 23895
110 58375 13545
111 71007 11646
112 59849 10522
113 55939 19476
114 35583 28539
115 54734 12753
116 52494 16897
117 55690 6399
118 49946 17355
119 63143 8298
120 34566 24495
121 55505 14190
122 49479 26088
123 57260 4623
124 61197 3690
125 58669 18725
126 71403 24897
127 70681 17795
128 57664 21747
129 67287 17286
130 74103 29410
131 34117 14121
132 60256 14224
133 60060 20556
134 67291 21387
135 29632 19305
136 71070 22605
137 59365 21665
138 62303 19616
139 65436 22395
140 56878 23555
141 68667 15173
142 67655 19386
143 38951 16454
144 68131 16605
145 69984 18832
146 45484 30341
147 74515 46206
148 56917 39272
149 57518 38499
150 63942 46305
151 72295 34802
152 60036 36507
153 64864 42755
154 70300 41059
155 57340 38531
156 41013 31758
157 59569 37679
158 62053 45200
159 64279 40172
160 51692 39015
161 47790 43233
162 67395 41110
163 68250 42741
164 77812 44500
165 35716 19432
166 18724 19953
167 34713 20655
168 41789 20621
169 38341 7340
170 34875 40815
171 35385 23581
172 33291 40500
173 26592 15795
174 36229 21846
175 22640 19329
176 22595 21532
177 37773 17539
178 18100 21249
179 38914 24721
180 45535 23220
181 39645 17640
182 23116 19182
183 38093 45798
184 45151 16412
185 36171 46170
186 18978 17788
187 41267 7648
188 41668 6472
189 47781 8010
190 41652 10530
191 43709 6036
192 71107 7470
193 54508 16560
194 73045 7960
195 70450 5141
196 69306 3988
197 65421 28569
198 54668 45724
199 59674 27699
200 61986 25425
201 59739 27019
202 40311 29370
203 40553 22719
204 39725 18954
205 42620 31173
206 45164 29440
207 42006 32656
208 43868 29733
209 71708 34267
210 54016 15533
211 69489 37719
212 72866 34965
213 51840 4337
214 46975 20815
215 44609 21112
216 44161 18681
217 51594 30455
218 53077 29845
219 52808 39825
220 55771 32670
221 52180 27459
222 56283 30915
223 52860 34125
224 54192 26016
225 34094 18495
226 30294 13865
227 73700 25135
228 51635 17145
229 73412 27167
230 75132 24045
231 75916 42856
232 72918 43725
233 71185 44178
234 38585 42589
235 47714 41265
236 36793 42372
237 37080 37980
238 34591 25305
239 28761 26397
240 30909 30537
241 54585 45515
242 51802 44186
243 29299 24110
244 33840 24045
245 44686 45864
246 39393 14985
247 34600 2430
248 45859 47655
249 34519 47520
250 52798 45900
251 51502 47655
252 51691 47250
253 53122 45630
254 59413 45090
255 62410 41715
256 58495 41175
257 59251 45360
258 58630 45630
259 52447 47520
260 35545 2700
261 53230 3645
262 54364 2970
263 51853 3510
264 50179 2565
265 48046 2835
266 49315 4050
267 50935 3375
268 49288 2700
269 50881 4185
270 52987 3375
271 24313 39285
272 58441 2430
273 63868 7155
274 62140 2430
275 57469 2835
276 52825 4320
277 48991 3645
278 50368 3510
279 55471 2565
280 36868 8100
281 34762 7560
282 34168 2700
283 37759 7560
284 35734 2295
285 36814 3105
286 35950 2565
287 38488 35640
288 36166 47790
289 36382 2835
290 37543 2430
291 36328 3780
292 38299 7695
293 41728 8235
294 38731 7560
295 37111 2295
296 40432 42390
297 41701 9855
298 41215 9045
299 36787 47655
300 44779 8775
301 42025 8100
302 48937 45900
303 46480 46035
304 45670 47790
305 50206 47520
306 47128 43740
307 49909 45630
308 49450 44820
309 48802 45765
310 39649 47385
311 61357 47790
312 62059 47655
313 60547 45495
314 48532 46170
315 60493 46575
316 53581 44010
317 56524 45765
318 57010 45225
319 57982 43605
320 58657 43605
321 32035 47925
322 58900 47520
323 52879 45900
324 53392 45360
325 53068 47385
326 52744 44955
327 56443 47655
328 59278 46170
329 59683 46170
330 54715 47520
331 51961 46440
332 39919 47925
333 51502 46845
334 51205 45360
335 52258 44820
336 53986 45495
337 62788 41850
338 63166 42525
339 62248 47790
340 59575 45495
341 57793 45900
342 55849 46440
343 34978 47790
344 56551 45900
345 57928 46305
346 46588 8640
347 43942 8775
348 36031 7425
349 44887 8640
350 45481 8910
351 46453 4995
352 50206 2835
353 54175 2565
354 35761 47655
355 58063 9720
356 62599 7290
357 56821 10935
358 57766 2565
359 54391 5130
360 55714 5670
361 55309 4860
362 56902 2700
363 61060 7965
364 62896 35235
365 35140 8100
366 67189 25920
367 58549 37260
368 80608 23760
369 56443 36585
370 57739 37125
371 57307 36855
372 58279 44415
373 63490 7695
374 64300 7425
375 56767 45630
376 48712 3584
377 51518 4132
378 41687 20402
379 45293 47450
380 55516 47506
381 57753 45975
382 52476 5451
383 56700 21990
384 47244 50259
385 29868 50259
386 50796 50259
387 50124 50259
388 50316 50259
389 48300 50259
390 44940 50259
391 41964 50259
392 41868 50259
393 44844 50259
394 45804 50259
395 45900 50259
396 40044 50259
397 48204 42
398 50316 42
399 49836 42
400 42252 42
401 42636 50259
402 47148 42
403 49452 42
404 47916 42
405 49068 42
406 50220 42
407 21900 50259
408 45900 42
409 47436 42
410 47532 42
411 47628 42
412 50124 42
413 47820 42
414 48108 42
415 48780 42
416 33612 50259
417 42 26028
418 42 25260
419 37164 42
420 35340 50259
421 34668 42
422 37452 50259
423 33804 42
424 21612 50259
425 36204 50259
426 34956 42
427 34860 42
428 37068 42
429 42156 42
430 35148 50259
431 38028 50259
432 36588 50259
433 38604 50259
434 38412 50259
435 40236 50259
436 39564 50259
437 39660 50259
438 44748 50259
439 43308 50259
440 41676 50259
441 45996 50259
442 45132 50259
443 46572 50259
444 46668 50259
445 46284 50259
446 30156 50259
447 45516 50259
448 45228 50259
449 42540 50259
450 45324 50259
451 45036 50259
452 45420 50259
453 47148 50259
454 52044 42
455 50892 50259
456 46092 42
457 29964 50259
458 42924 50259
459 48876 42
460 51276 42
461 49548 42
462 50988 42
463 51372 42
464 46380 42
465 47340 50259
466 49068 50259
467 46380 50259
468 30060 50259
469 49452 50259
470 48204 50259
471 48780 50259
472 48684 50259
473 48012 50259
474 44652 50259
475 41004 50259
476 46476 50259
477 50604 50259
478 50412 50259
479 30252 50259
480 50508 50259
481 47628 50259
482 44556 50259
483 43884 50259
484 40620 50259
485 43980 50259
486 44268 50259
487 44844 42
488 48396 42
489 51852 42
490 39948 50259
491 49548 50259
492 44364 42
493 41772 50259
494 48300 42
495 51948 42
496 50028 42
497 50700 42
498 51180 42
499 42828 42
500 45708 50259
501 42828 50259
502 45612 50259
503 47724 50259
504 48972 50259
505 48108 50259
506 48876 50259
507 48492 50259
508 47532 50259
509 43500 50259
510 42252 50259
511 46188 50259
512 36108 50259
513 40332 50259
514 44460 50259
515 47340 42
516 50412 42
517 50604 42
518 49164 42
519 53004 42
520 53388 42
521 60108 50259
522 60396 50259
523 56556 42
524 54348 42
525 52620 50259
526 48972 42
527 51468 42
528 51660 42
529 47724 42
530 47244 42
531 45420 42
532 45708 42
533 49260 42
534 46476 42
535 46764 42
536 48492 42
537 45516 42
538 55884 42
539 55980 42
540 56076 42
541 54924 42
542 54732 42
543 46668 42
544 46860 42
545 54252 42
546 45804 42
547 41772 42
548 41868 42
549 42348 42
550 41964 42
551 42060 50259
552 41292 50259
553 43212 50259
554 40908 50259
555 40620 42
556 40716 42
557 42540 42
558 41292 42
559 41196 42
560 42732 42
561 41388 42
562 41484 50259
563 42060 42
564 43788 42
565 41388 50259
566 43404 42
567 42444 50259
568 44364 50259
569 43788 50259
570 42156 50259
571 47052 50259
572 46956 50259
573 47916 50259
574 47820 50259
575 46860 50259
576 42348 50259
577 57708 50259
578 60204 50259
579 60492 50259
580 49836 50259
581 54060 50259
582 52140 50259
583 55596 50259
584 56268 50259
585 59628 50259
586 60300 50259
587 50988 50259
588 57900 50259
589 59532 50259
590 53676 50259
591 53004 50259
592 53292 50259
593 54924 50259
594 53772 50259
595 54636 50259
596 53868 50259
597 50028 50259
598 49644 50259
599 51756 50259
600 49932 50259
601 51084 50259
602 54732 50259
603 59340 50259
604 60588 50259
605 60684 50259
606 59724 50259
607 56364 50259
608 54348 50259
609 44076 50259
610 54156 50259
611 55212 42
612 44076 42
613 43980 42
614 43884 42
615 55692 42
616 52716 42
617 44748 42
618 53484 42
619 51756 42
620 44268 42
621 49740 42
622 55788 42
623 52908 42
624 50892 42
625 52812 42
626 53292 42
627 54156 42
628 55116 42
629 60204 42
630 60588 42
631 51564 42
632 60780 50259
633 58572 50259
634 58188 50259
635 55116 50259
636 55596 42
637 56652 50259
638 59820 42
639 62124 42
640 62028 42
641 46188 42
642 44652 42
643 41196 50259
644 53100 50259
645 51948 50259
646 52044 50259
647 53388 50259
648 59820 50259
649 62508 50259
650 59148 50259
651 60012 50259
652 58668 50259
653 52524 50259
654 36204 42
655 53676 42
656 53964 42
657 52140 42
658 49932 42
659 48012 42
660 49644 42
661 51084 42
662 49356 42
663 50796 42
664 52236 42
665 23916 50259
666 59148 42
667 64908 42
668 64044 42
669 59628 42
670 53100 42
671 48684 42
672 48588 42
673 56172 42
674 36972 42
675 34476 42
676 32556 42
677 38220 42
678 36876 42
679 37260 42
680 36492 42
681 38508 50259
682 38988 50259
683 36780 42
684 38028 42
685 36108 42
686 38796 42
687 43212 42
688 39660 42
689 37548 42
690 41580 50259
691 42444 42
692 42924 42
693 37356 50259
694 45324 42
695 43500 42
696 49356 50259
697 46764 50259
698 46092 50259
699 50700 50259
700 47436 50259
701 50220 50259
702 49740 50259
703 49164 50259
704 40428 50259
705 62124 50259
706 62700 50259
707 63852 50259
708 49260 50259
709 63660 50259
710 53964 50259
711 57132 50259
712 57996 50259
713 58860 50259
714 58956 50259
715 31212 50259
716 59244 50259
717 53196 50259
718 53580 50259
719 53484 50259
720 52908 50259
721 57036 50259
722 59436 50259
723 60876 50259
724 54828 50259
725 52332 50259
726 40716 50259
727 51564 50259
728 51180 50259
729 52236 50259
730 54252 50259
731 61548 50259
732 62220 50259
733 62604 50259
734 59916 50259
735 58284 50259
736 56844 50259
737 40812 50259
738 56940 50259
739 58380 50259
740 46572 42
741 44172 42
742 35244 42
743 45132 42
744 45612 42
745 46284 42
746 50508 42
747 54540 42
748 40524 50259
749 58476 42
750 62892 42
751 56652 42
752 58572 42
753 54444 42
754 56268 42
755 55308 42
756 57420 42
757 61356 42
758 62412 50259
759 35340 42
760 96560 28908
761 59052 50259
762 96560 28620
763 57228 50259
764 58092 50259
765 57804 50259
766 58764 50259
767 65100 42
768 65292 42
769 57420 50259
770 35148 42
