0 167136 117133
1 203242 177336
2 147060 80500
3 268441 182700
4 138937 84000
5 71189 101877
6 106710 45168
7 203585 37800
8 172885 50292
9 115907 219352
10 115235 87500
11 176019 114916
12 99049 45500
13 104476 230125
14 266010 117288
15 217916 45600
16 86461 109948
17 160047 67787
18 146790 95900
19 273002 172800
20 132658 74200
21 105612 225600
22 146775 90300
23 114380 94360
24 127923 99960
25 166174 78680
26 183136 130550
27 45078 39111
28 199642 124600
29 234061 93240
30 171836 96040
31 160673 91973
32 191808 112728
33 145302 69300
34 117869 200836
35 186437 28000
36 171760 59200
37 114411 214977
38 62252 53542
39 105640 4200
40 137403 214035
41 272907 119000
42 242161 251533
43 153725 41533
44 127827 43088
45 190522 35000
46 166792 46600
47 184822 20300
48 179431 20650
49 139650 83800
50 160208 38920
51 161927 28000
52 127502 213173
53 116512 32110
54 156987 16100
55 163376 15400
56 100776 76440
57 150817 95148
58 234693 93163
59 236613 266311
60 136356 64306
61 106500 230835
62 107587 75600
63 143047 94623
64 117657 70000
65 119320 4200
66 113853 67523
67 118417 64400
68 134184 241870
69 141215 288540
70 214548 33693
71 203822 28000
72 123546 46600
73 204962 21000
74 198975 293740
75 206793 26815
76 216895 30644
77 225862 21000
78 233747 37800
79 337389 172609
80 231211 29960
81 199405 129033
82 216980 192500
83 249861 233975
84 209437 65857
85 211976 121933
86 112580 248129
87 280962 182000
88 209957 107240
89 86678 228573
90 194341 161933
91 187076 105622
92 114179 237688
93 226539 228725
94 218858 225711
95 240276 143111
96 99472 234230
97 214370 64260
98 305393 133466
99 222591 150173
100 275979 262640
101 259896 181300
102 276687 174300
103 209646 121800
104 212646 72369
105 214434 125440
106 269546 137355
107 165695 62066
108 156019 7430
109 186886 57184
110 64558 158090
111 140989 137007
112 162684 196504
113 272808 155400
114 275058 164841
115 347001 126657
116 195292 189400
117 346987 144200
118 303153 26472
119 291745 171500
120 180536 188573
121 275630 156625
122 323640 178280
123 324615 151200
124 330904 119055
125 190340 199150
126 358656 134866
127 326522 153892
128 314314 113800
129 293390 39494
130 270611 42890
131 319884 113960
132 357390 124600
133 356883 147000
134 355236 147933
135 250866 270830
136 251332 98840
137 255316 249009
138 340497 190473
139 232150 118944
140 279173 308466
141 294393 303240
142 275564 29169
143 253365 294700
144 317078 251626
145 237424 254440
146 244625 300300
147 247980 118675
148 263986 120680
149 139948 305400
150 271256 315933
151 303035 286784
152 326094 268200
153 285190 311266
154 306845 297609
155 305520 253830
156 141803 288866
157 254338 291550
158 308180 273700
159 141550 301350
160 247732 140600
161 301500 315430
162 280250 299880
163 256143 198450
164 84212 210311
165 213139 179289
166 192090 148866
167 210148 183400
168 244150 211866
169 327797 242973
170 207995 149100
171 266855 212800
172 255465 211656
173 204657 234600
174 209665 207200
175 171224 235581
176 163115 172200
177 229731 156893
178 300273 78938
179 269002 189000
180 219956 281400
181 266981 208192
182 187843 232820
183 311025 68053
184 225403 288866
185 233510 282333
186 63727 199942
187 215650 287933
188 259787 197960
189 144948 148244
190 89167 277760
191 115082 213226
192 59242 272019
193 77174 181363
194 81662 219240
195 125036 152794
196 56297 168280
197 71198 282121
198 184426 289488
199 65185 174745
200 140002 167400
201 48703 245000
202 85551 250854
203 176541 294933
204 82428 278133
205 168068 289800
206 48513 253400
207 159663 269266
208 253840 162400
209 253555 154700
210 248900 165200
211 128503 166600
212 295196 169400
213 175296 158977
214 173596 155400
215 255075 278600
216 262200 284900
217 230153 245373
218 229976 276920
219 183769 250882
220 290130 313133
221 285063 308466
222 295956 188066
223 259350 147000
224 221125 157436
225 234555 161000
226 191710 77000
227 271890 105000
228 258463 94733
229 215460 151282
230 238956 168466
231 234523 159133
232 55670 224000
233 52976 217112
234 63365 212800
235 50033 208600
236 107350 254333
237 45156 248733
238 93642 232600
239 284810 145133
240 312324 76315
241 288382 168280
242 293360 161700
243 287850 118066
244 297146 116600
245 284936 130200
246 296590 125300
247 234222 290500
248 210041 304069
249 261155 268800
250 221445 261800
251 237909 280107
252 255296 279533
253 252763 300066
254 77456 164733
255 189905 147000
256 183223 151044
257 165775 109200
258 218183 181533
259 271510 119000
260 252344 52165
261 225023 34066
262 211216 31266
263 103797 200760
264 130041 297210
265 146490 227500
266 173755 203000
267 121663 259933
268 123310 252466
269 52123 256200
270 250325 250600
271 348776 181533
272 380823 190866
273 300390 162866
274 292790 215133
275 243770 288400
276 228950 297500
277 263530 274866
278 263403 274866
279 240603 308466
280 158555 197400
281 90440 170100
282 42750 189933
283 49590 182466
284 50096 177800
285 121247 169800
286 102952 141400
287 119890 200200
288 62320 201600
289 133823 245933
290 128503 232866
291 296067 106400
292 291410 110894
293 107350 183400
294 18240 243600
295 146110 259000
296 104500 135800
297 217550 336000
298 379620 197400
299 181568 122412
300 377530 99400
301 18430 219800
302 381330 135800
303 383990 141400
304 247950 340200
305 382090 177800
306 371070 93800
307 377530 105000
308 363470 155400
309 252130 4200
310 383990 110600
311 381330 107800
312 9690 211400
313 240350 7000
314 231230 4200
315 383990 158200
316 144970 4200
317 376770 161000
318 369170 158200
319 370690 149800
320 383990 105000
321 237690 21000
322 237690 4200
323 5890 242200
324 376770 169400
325 383990 116200
326 379050 138600
327 370690 155400
328 381710 113400
329 383990 127400
330 383990 99400
331 382850 119000
332 17670 250600
333 18810 247800
334 129390 345800
335 109250 345800
336 19190 222600
337 11590 222600
338 5890 208600
339 18430 233800
340 11970 214200
341 5890 236600
342 12350 242200
343 5890 239400
344 12730 259000
345 7030 231000
346 146110 334600
347 154470 345800
348 5890 233800
349 12350 239400
350 133950 334600
351 5890 217000
352 12350 253400
353 141550 345800
354 214130 345800
355 12350 175000
356 12350 183400
357 18430 186200
358 9310 194600
359 5890 186200
360 11970 189000
361 12350 191800
362 6270 228200
363 359670 158200
364 176510 7000
365 185250 7000
366 376390 88200
367 380950 93800
368 373350 82600
369 370690 79800
370 201590 4200
371 192850 4200
372 195130 7000
373 18050 228200
374 7790 177800
375 5890 183400
376 383230 161000
377 223250 4200
378 232370 12600
379 228950 15400
380 220970 340200
381 285950 345800
382 199310 345800
383 260110 345800
384 6650 225400
385 270370 334600
386 273030 345800
387 296210 334600
388 376770 186200
389 266570 331800
390 220970 345800
391 236170 340200
392 233890 345800
393 245670 345800
394 266190 343000
395 12350 245000
396 243770 320600
397 252510 320600
398 5890 203000
399 5890 247800
400 227430 345800
401 5890 253400
402 253650 345800
403 5890 245000
404 248330 326200
405 247950 312200
406 8550 256200
407 266570 345800
408 248710 331800
409 243770 343000
410 383990 147000
411 380570 166600
412 246050 9800
413 245670 4200
414 236170 9800
415 279490 345800
416 383990 219800
417 7030 219800
418 236930 343000
419 294310 337400
420 293930 340200
421 292410 345800
422 376390 233800
423 378290 228200
424 379430 172200
425 378290 175000
426 377530 180600
427 374110 166600
428 10070 205800
429 389740 93100
430 79710 140
431 182750 140
432 161470 140
433 188350 140
434 177150 140
435 87550 140
436 121150 140
437 98750 140
438 100990 140
439 99870 140
440 81950 140
441 149150 140
442 200670 140
443 201790 140
444 199550 140
445 84190 140
446 86430 140
447 142430 140
448 104350 140
449 244350 140
450 205150 140
451 230910 140
452 113310 140
453 389740 190540
454 389740 103180
455 389740 136780
456 389740 97580
457 389740 114380
458 389740 130060
459 389740 96460
460 389740 126700
461 105470 140
462 117790 140
463 80830 140
464 102110 140
465 88670 140
466 90910 140
467 126750 140
468 89790 140
469 94270 140
470 136830 140
471 97630 140
472 111070 140
473 93150 140
474 128990 140
475 141310 140
476 127870 140
477 130110 140
478 174910 140
479 140190 140
480 158110 140
481 186110 140
482 187230 140
483 172670 140
484 155870 140
485 154750 140
486 139070 140
487 173790 140
488 156990 140
489 170430 140
490 160350 140
491 96510 140
492 109950 140
493 125630 140
494 145790 140
495 108830 140
496 106590 140
497 112190 140
498 192830 140
499 193950 140
500 176030 140
501 120030 140
502 95390 140
503 131230 140
504 134590 140
505 118910 140
506 206270 140
507 236510 140
508 227550 140
509 389740 189420
510 273470 351160
511 191710 140
512 256670 351160
513 103230 140
514 277950 351160
515 389740 180460
516 389740 181580
517 389740 137900
518 171550 140
519 153630 140
520 163710 140
521 152510 140
522 180510 140
523 159230 140
524 114430 140
525 181630 140
526 168190 140
527 123390 140
528 124510 140
529 146910 140
530 107710 140
531 85310 140
532 115550 140
533 190590 140
534 197310 140
535 92030 140
536 183870 140
537 122270 140
538 132350 140
539 133470 140
540 143550 140
541 209630 140
542 229790 140
543 228670 140
544 223070 351160
545 389740 188300
546 83070 140
547 389740 94220
548 261150 351160
549 280190 351160
550 389740 168140
551 389740 183820
552 389740 134540
553 165950 140
554 148030 140
555 169310 140
556 151390 140
557 116670 140
558 150270 140
559 389740 108780
560 140 202860
561 389740 155820
562 389740 151340
563 267870 351160
564 389740 152460
565 389740 158060
566 389740 133420
567 389740 173740
568 389740 146860
569 389740 127820
570 389740 111020
571 227550 351160
572 389740 132300
573 389740 117740
574 389740 153580
575 140 187180
576 389740 172620
577 140 178220
578 389740 179340
579 389740 143500
580 140 180460
581 140 181580
582 140 196140
583 389740 171500
584 389740 121100
585 389740 147980
586 389740 128940
587 389740 135660
588 389740 123340
589 389740 131180
590 389740 124460
591 140 259980
592 140 255500
593 140 251020
594 140 254380
595 140 209580
596 140 227500
597 140 207340
598 98750 351160
599 140 244300
600 111070 351160
601 99870 351160
602 140 253260
603 104350 351160
604 140 212940
605 200670 351160
606 140 208460
607 204030 351160
608 140 233100
609 140 252140
610 140 205100
611 140 242060
612 140 237580
613 205150 351160
614 137950 140
615 140 182700
616 135710 140
617 140 197260
618 140 183820
619 140 195020
620 140 193900
621 140 199500
622 167070 140
623 140 175980
624 162590 140
625 195070 140
626 189470 140
627 140 184940
628 207390 140
629 389740 115500
630 389740 187180
631 389740 122220
632 140 203980
633 178270 140
634 389740 149100
635 389740 170380
636 389740 159180
637 389740 99820
638 389740 104300
639 215230 351160
640 290270 351160
641 140 210700
642 276830 351160
643 140 240940
644 210750 351160
645 233150 351160
646 226430 351160
647 216350 351160
648 238750 351160
649 218590 351160
650 229790 351160
651 224190 351160
652 234270 351160
653 237630 351160
654 140 245420
655 263390 351160
656 264510 351160
657 271230 351160
658 266750 351160
659 217470 351160
660 265630 351160
661 260030 351160
662 274590 351160
663 262270 351160
664 252190 351160
665 140 234220
666 257790 351160
667 258910 351160
668 228670 351160
669 389740 164780
670 389740 167020
671 288030 351160
672 389740 186060
673 286910 351160
674 254430 351160
675 293630 351160
676 140 214060
677 242110 351160
678 295870 351160
679 281310 351160
680 285790 351160
681 294750 351160
682 289150 351160
683 246590 351160
684 389740 182700
685 389740 191660
686 389740 163660
687 140 200620
688 140 219660
689 389740 139020
690 389740 144620
691 251070 351160
692 389740 177100
693 389740 95340
694 389740 118860
695 389740 154700
696 239870 140
697 389740 112140
698 389740 107660
699 140 215180
700 243230 140
701 233150 140
702 389740 150220
703 144670 140
704 389740 162540
705 389740 156940
706 389740 142380
707 389740 100940
708 237630 140
709 235390 140
710 140 243180
711 389740 178220
712 389740 116620
713 389740 140140
714 389740 141260
715 389740 113260
716 389740 125580
717 389740 98700
718 389740 119980
719 140 248780
720 140 247660
721 115550 351160
722 108830 351160
723 140 224140
724 140 223020
725 140 211820
726 140 229740
727 140 216300
728 140 236460
729 140 239820
730 140 238700
731 140 258860
732 140 226380
733 199550 351160
734 198430 351160
735 140 230860
736 140 235340
737 190590 351160
738 140 221900
739 140 249900
740 186110 351160
741 219710 351160
742 140 177100
743 140 186060
744 140 188300
745 140 198380
746 140 189420
747 140 192780
748 140 191660
749 140 225260
750 389740 160300
751 164830 140
752 184990 140
753 389740 109900
754 389740 106540
755 389740 105420
756 389740 102060
757 204030 140
758 196190 140
759 198430 140
760 140 228620
761 140 179340
762 140 190540
763 389740 161420
764 226430 140
765 234270 140
766 232030 140
767 225310 351160
768 291390 351160
769 202910 351160
770 279070 351160
771 140 220780
772 284670 351160
773 283550 351160
774 300350 351160
775 389740 193900
776 275710 351160
777 220830 351160
778 239870 351160
779 235390 351160
780 245470 351160
781 270110 351160
782 140 256620
783 236510 351160
784 255550 351160
785 140 201740
786 140 246540
787 230910 351160
788 140 231980
789 272350 351160
790 140 217420
791 247710 351160
792 249950 351160
793 140 257740
794 268990 351160
795 253310 351160
796 244350 351160
797 389740 145740
798 389740 165900
799 240990 140
800 242110 140
801 238750 140
802 282430 351160
803 389740 192780
804 140 218540
805 240990 351160
806 298110 351160
807 296990 351160
808 292510 351160
809 389740 227500
810 389740 226380
811 389740 175980
812 389740 174860
813 389740 184940
814 389740 169260
815 140 206220
