0 26565 10750
1 21097 36922
2 24397 29614
3 33351 23786
4 34879 19999
5 28605 12972
6 27207 23544
7 10175 19624
8 17628 27810
9 36947 8425
10 48127 10722
11 38500 27549
12 3321 20385
13 37450 11404
14 27583 20727
15 20205 30645
16 36643 29977
17 37056 29025
18 22415 25796
19 30045 12582
20 25185 28576
21 40666 22211
22 46798 27829
23 8808 29009
24 37936 24543
25 51388 20989
26 30487 36369
27 47157 25875
28 25479 33915
29 30411 37022
30 19990 34897
31 35164 24810
32 46425 30399
33 36479 26613
34 12489 29191
35 23625 33075
36 28761 32445
37 29473 19809
38 10769 24421
39 32683 15719
40 35421 35402
41 43540 20507
42 34236 17208
43 41418 20284
44 37361 16233
45 24626 16212
46 12329 23265
47 48613 15017
48 22574 16402
49 13131 18918
50 33419 9950
51 40584 29121
52 10604 34409
53 19276 15828
54 43076 12215
55 45324 31960
56 44713 31415
57 22634 16033
58 21056 16605
59 33165 19138
60 32924 9506
61 30139 23967
62 12371 34871
63 28244 10935
64 21360 15165
65 29215 32805
66 41146 39643
67 34977 20230
68 50787 11812
69 40998 24420
70 32142 18340
71 35380 32625
72 41236 22016
73 26906 23609
74 34459 16233
75 29565 2295
76 43874 10875
77 42403 12335
78 47473 5456
79 36675 20925
80 44100 18125
81 63213 11534
82 31350 26257
83 40852 9882
84 40578 13843
85 38431 15599
86 51474 5708
87 37116 26265
88 41601 4509
89 48602 13968
90 68394 25283
91 50869 13905
92 37263 16069
93 53912 12993
94 59381 17439
95 63135 26415
96 53076 14067
97 60696 14869
98 57040 27756
99 59994 14823
100 48615 16690
101 46777 16811
102 60220 19182
103 64432 26095
104 28647 30132
105 42895 34690
106 39417 33315
107 35316 33923
108 50444 30508
109 42986 34453
110 58153 39302
111 53853 33422
112 56064 38362
113 52314 38359
114 33197 36002
115 58109 40773
116 49199 33885
117 59322 35160
118 23518 17616
119 12467 15055
120 14287 10050
121 19215 37665
122 23720 20670
123 12696 14104
124 25658 17860
125 23838 13365
126 16609 16425
127 20810 19752
128 5400 14073
129 24261 21195
130 22248 22888
131 19389 39521
132 29920 5357
133 26839 5242
134 36718 7672
135 36632 10395
136 24332 5417
137 33027 6448
138 61506 10695
139 56769 25059
140 58395 9165
141 49003 23448
142 48872 21561
143 51609 25022
144 49808 23996
145 28490 22089
146 29913 28335
147 49004 29547
148 40349 27752
149 40838 23854
150 43162 30699
151 14554 8928
152 41047 38228
153 44289 39984
154 28831 15132
155 62276 26095
156 59878 33973
157 21347 39853
158 29695 35325
159 19890 39358
160 16832 38592
161 25527 21816
162 32286 23550
163 34736 24017
164 37109 23883
165 27929 37323
166 2956 17010
167 27175 42120
168 2524 20790
169 43240 33885
170 41134 29430
171 39892 36315
172 41890 36990
173 49450 42525
174 45130 38475
175 45778 39690
176 43753 37665
177 43078 35910
178 40837 36855
179 2848 16200
180 41134 30375
181 43348 5535
182 38623 3240
183 45778 5265
184 40621 3105
185 39487 4590
186 37462 3375
187 38353 3105
188 38299 3240
189 35086 2295
190 2767 20520
191 42916 5400
192 48775 5400
193 43834 5130
194 43051 4860
195 41917 2295
196 37327 2700
197 37354 3105
198 39136 5940
199 3820 14715
200 23422 2430
201 2875 18900
202 2956 18090
203 23287 39285
204 3793 16335
205 21127 39150
206 29038 5400
207 21829 39690
208 24232 38880
209 22342 38880
210 2470 19980
211 24664 37800
212 29497 5400
213 3442 16605
214 3361 14850
215 31846 2430
216 24826 39690
217 22774 39015
218 2848 21465
219 2470 18630
220 2686 19170
221 31819 42390
222 32953 42390
223 32602 41445
224 31684 41985
225 28282 41850
226 31333 41175
227 31009 40635
228 28714 41580
229 22234 39285
230 38488 39690
231 34681 42120
232 39676 42795
233 31279 42525
234 38677 42660
235 43159 38880
236 39433 39690
237 36328 42390
238 38164 37530
239 65947 29565
240 19858 39285
241 36760 42795
242 69997 27540
243 39055 36585
244 41971 36450
245 39109 36990
246 37570 42525
247 34222 41985
248 43942 42795
249 31954 42795
250 33169 40905
251 21802 39420
252 31360 41445
253 32224 40905
254 33844 41445
255 34843 41850
256 69997 25920
257 69430 23625
258 69160 29025
259 48289 42390
260 49666 42120
261 48073 10260
262 3334 22005
263 49072 42795
264 47830 42795
265 29146 5940
266 26581 5265
267 23503 6345
268 27202 5670
269 35923 2430
270 37759 35235
271 36706 4590
272 46534 5130
273 2740 19710
274 52285 2565
275 53554 2295
276 54067 2430
277 48964 2565
278 48667 5805
279 48208 6750
280 49477 2430
281 48316 5535
282 53392 2970
283 53176 2700
284 22882 2295
285 54364 2835
286 50530 2295
287 69241 21330
288 46588 30780
289 50503 2430
290 51232 2565
291 44374 34290
292 46264 42795
293 43456 26865
294 43834 33075
295 36682 7128
296 37377 8444
297 26664 17528
298 28437 37220
299 36374 38109
300 35717 33109
301 38659 36480
302 38063 18939
303 44955 9262
304 46994 14331
305 25836 45030
306 42 18636
307 40620 45030
308 40524 45030
309 35820 45030
310 40908 45030
311 29100 42
312 23724 45030
313 21804 45030
314 28716 42
315 35628 42
316 37068 45030
317 20076 45030
318 34668 42
319 35148 42
320 35244 42
321 32460 42
322 42 20268
323 37644 42
324 37068 42
325 37356 45030
326 36780 42
327 35052 42
328 17868 45030
329 32940 42
330 31980 42
331 32364 42
332 31884 42
333 33132 42
334 32652 42
335 33324 42
336 33612 42
337 21228 45030
338 22092 45030
339 20556 45030
340 21516 45030
341 18828 45030
342 42 20652
343 42 21132
344 42 19596
345 42 18348
346 19692 45030
347 21420 45030
348 20652 45030
349 21996 45030
350 30156 42
351 42 23628
352 21708 45030
353 18444 45030
354 21036 45030
355 19500 45030
356 19980 45030
357 20844 45030
358 21612 45030
359 30348 45030
360 24972 45030
361 23820 45030
362 27948 45030
363 26028 45030
364 30540 42
365 29196 45030
366 26412 45030
367 42 18540
368 27756 45030
369 26124 45030
370 22188 45030
371 26316 45030
372 33420 45030
373 33132 45030
374 33900 42
375 35916 45030
376 34284 42
377 34188 42
378 42 22476
379 21900 45030
380 38124 42
381 38220 45030
382 38028 45030
383 37644 45030
384 36012 45030
385 32268 42
386 32172 42
387 30252 42
388 30444 42
389 20460 45030
390 30924 45030
391 29964 42
392 32076 42
393 33516 42
394 33324 45030
395 25068 45030
396 22380 45030
397 28236 45030
398 41676 45030
399 41772 45030
400 42 22380
401 34764 45030
402 41868 45030
403 26988 45030
404 25548 45030
405 20748 45030
406 25932 45030
407 34092 42
408 35820 42
409 34764 42
410 36108 42
411 20364 45030
412 33804 42
413 34572 42
414 42 21036
415 38316 42
416 38604 42
417 39564 45030
418 38796 45030
419 37164 42
420 30636 42
421 30060 42
422 23532 45030
423 29484 42
424 30924 42
425 33708 42
426 33036 42
427 33420 42
428 33228 42
429 32172 45030
430 25356 45030
431 23436 45030
432 29484 45030
433 20940 45030
434 21324 45030
435 24876 45030
436 32748 42
437 39372 42
438 41196 45030
439 39372 45030
440 40716 45030
441 42636 45030
442 43500 45030
443 43116 45030
444 42828 45030
445 41484 42
446 40812 45030
447 36876 42
448 38892 42
449 38796 42
450 37932 42
451 37836 42
452 38412 42
453 38028 42
454 36012 42
455 34956 42
456 34476 42
457 34380 42
458 33996 42
459 41196 42
460 41292 42
461 41388 42
462 38508 42
463 41100 42
464 35724 42
465 35340 42
466 39852 42
467 29388 42
468 23916 42
469 24012 42
470 28812 42
471 31116 42
472 36108 45030
473 36204 45030
474 35244 45030
475 24300 45030
476 25740 45030
477 26220 45030
478 26316 42
479 25260 45030
480 30732 42
481 29292 42
482 26028 42
483 30348 42
484 25836 42
485 30828 42
486 25452 45030
487 27852 42
488 27660 42
489 28716 45030
490 29772 45030
491 27564 45030
492 30060 45030
493 29004 45030
494 27660 45030
495 29388 45030
496 27468 45030
497 28044 45030
498 35532 45030
499 34380 45030
500 35628 45030
501 34188 45030
502 34092 45030
503 39660 45030
504 38892 45030
505 37548 45030
506 37452 45030
507 39468 45030
508 29196 42
509 39180 45030
510 39852 45030
511 40044 45030
512 38604 45030
513 37932 45030
514 37164 45030
515 30828 45030
516 31596 45030
517 29100 45030
518 28908 45030
519 29004 42
520 30156 45030
521 28812 45030
522 31692 45030
523 32076 45030
524 48300 45030
525 48396 42
526 48492 45030
527 45612 45030
528 47244 45030
529 45516 45030
530 26892 45030
531 47724 42
532 45132 42
533 27468 42
534 42 13356
535 42 13164
536 45036 42
537 44076 45030
538 35532 42
539 44556 42
540 43308 42
541 27372 42
542 49548 42
543 50508 42
544 50700 42
545 47148 42
546 44748 42
547 46092 42
548 45708 42
549 44652 42
550 50220 42
551 50124 42
552 42444 45030
553 50028 42
554 48204 42
555 43884 45030
556 44652 45030
557 43596 45030
558 49740 42
559 42732 45030
560 48780 42
561 48684 42
562 42540 45030
563 22284 45030
564 42 18732
565 43212 45030
566 42156 45030
567 41100 45030
568 43020 45030
569 49260 45030
570 45036 45030
571 45420 45030
572 44268 45030
573 44556 45030
574 42924 45030
575 42 14028
576 41580 45030
577 43980 42
578 38988 42
579 46188 42
580 41004 42
581 41580 42
582 37452 42
583 38700 42
584 38220 42
585 35436 42
586 42 18828
587 43212 42
588 49068 42
589 44268 42
590 44940 42
591 42828 42
592 37548 42
593 36972 42
594 39084 42
595 42 13452
596 23820 42
597 42 19308
598 42 18444
599 23148 45030
600 42 16236
601 21132 45030
602 31020 42
603 22476 45030
604 24684 45030
605 23244 45030
606 42 19692
607 25164 45030
608 32556 42
609 42 16332
610 42 13932
611 32844 42
612 25644 45030
613 23340 45030
614 42 17484
615 42 19116
616 42 19404
617 32556 45030
618 33612 45030
619 33516 45030
620 32652 45030
621 28140 45030
622 31884 45030
623 31308 45030
624 28524 45030
625 22668 45030
626 38988 45030
627 34668 45030
628 39756 45030
629 31788 45030
630 39276 45030
631 43404 45030
632 39948 45030
633 36972 45030
634 38124 45030
635 72411 28716
636 18924 45030
637 36876 45030
638 72411 27084
639 41292 45030
640 44364 45030
641 40236 45030
642 37740 45030
643 34476 45030
644 34572 45030
645 31980 45030
646 33996 45030
647 23628 45030
648 32364 45030
649 32460 45030
650 34284 45030
651 34956 45030
652 72411 25836
653 72411 23532
654 72411 27372
655 48396 45030
656 48972 45030
657 48492 42
658 42 19788
659 49356 45030
660 48204 45030
661 28908 42
662 26892 42
663 22668 42
664 27564 42
665 35916 42
666 38316 45030
667 37260 42
668 45996 42
669 42 18060
670 52716 42
671 53772 42
672 54156 42
673 48876 42
674 47820 42
675 48588 42
676 51564 42
677 47340 42
678 53868 42
679 53100 42
680 23148 42
681 54540 42
682 50796 42
683 72411 22860
684 46572 45030
685 50988 42
686 52044 42
687 44460 45030
688 46380 45030
689 44748 45030
690 43788 45030
691 42 14508
