0 180056 155400
1 263312 211087
2 189430 71400
3 310970 167926
4 201732 64400
5 245585 117133
6 44887 120654
7 115221 57000
8 225838 122150
9 263866 204972
10 113145 68425
11 178362 59500
12 156845 69300
13 213568 97490
14 172472 66500
15 115698 70175
16 112765 215775
17 207147 78400
18 289576 223731
19 218500 88200
20 62875 123618
21 179787 70000
22 203191 75400
23 113321 193400
24 173508 84280
25 139846 137100
26 141007 87000
27 271252 214000
28 120317 121800
29 129040 194372
30 96927 27457
31 181900 84547
32 118227 60200
33 203881 91658
34 119700 93240
35 234068 173075
36 133509 87309
37 193830 111720
38 142167 67200
39 158235 101945
40 141961 82600
41 142168 194280
42 127308 34735
43 118180 4200
44 291970 146125
45 282446 203000
46 213974 67072
47 131374 70466
48 230508 89600
49 225292 71400
50 247855 89600
51 223614 76533
52 142072 9800
53 143307 4200
54 194898 29172
55 204991 32480
56 174610 17577
57 265810 121450
58 186879 80876
59 162640 59500
60 149351 57050
61 151857 56700
62 104511 190482
63 148342 43400
64 184794 54600
65 134520 9800
66 245252 11480
67 264494 243923
68 238386 9177
69 156655 194600
70 70928 227168
71 249327 16100
72 241727 83533
73 249422 18900
74 194711 45859
75 233842 56000
76 202358 268067
77 235176 55892
78 195937 81200
79 180215 78960
80 157937 72800
81 159758 80266
82 104468 125300
83 131304 198476
84 64505 160300
85 219440 210560
86 62240 75054
87 266218 122360
88 104076 112753
89 211844 206200
90 71582 151200
91 117743 110600
92 152786 224077
93 198568 146450
94 232788 201880
95 121937 109511
96 129168 229600
97 189374 203164
98 269619 199640
99 98020 131673
100 147440 240907
101 78681 84749
102 330705 139688
103 102384 144760
104 264401 224905
105 140647 126000
106 161603 249327
107 179658 131400
108 91587 83608
109 122892 123760
110 83768 145444
111 129932 108200
112 160692 169166
113 132006 76138
114 186620 10000
115 176114 9566
116 63396 129162
117 189706 110437
118 132516 161588
119 216050 186314
120 89144 84107
121 313968 148083
122 374058 116029
123 278458 143160
124 229547 169400
125 287383 26981
126 261250 146440
127 240254 181228
128 282524 147933
129 373148 166512
130 311040 43582
131 341525 144200
132 383525 128924
133 392907 158018
134 389348 149800
135 386143 135800
136 341131 132000
137 406600 135800
138 369208 138600
139 393236 125533
140 338643 119933
141 389056 136733
142 276016 230573
143 306596 107800
144 398682 173566
145 282658 94258
146 290700 275800
147 285696 41602
148 263720 252000
149 366012 225311
150 236025 209048
151 264005 239400
152 286520 107635
153 296210 117320
154 45338 249900
155 312803 273933
156 365668 238600
157 294943 276733
158 319548 268386
159 348092 223533
160 98990 234733
161 283860 282100
162 59042 240450
163 281498 113400
164 294690 260680
165 229211 234150
166 238313 141156
167 221994 134400
168 372466 220379
169 262833 214200
170 202295 234615
171 283600 171945
172 218360 156146
173 205960 163100
174 313738 160760
175 194655 156800
176 63270 171509
177 344090 74630
178 246651 236600
179 247696 276733
180 217945 239842
181 295534 166133
182 358046 64527
183 248655 135866
184 241743 272066
185 69148 180105
186 230723 273000
187 235916 273000
188 234477 232018
189 146775 267120
190 161370 211842
191 143117 270200
192 111733 265379
193 129668 213826
194 116850 205800
195 137946 175751
196 154793 121240
197 123867 272683
198 180626 257755
199 179782 123389
200 131588 186200
201 143704 220864
202 156116 285133
203 175401 262733
204 142025 262266
205 174962 263400
206 153393 274866
207 246905 154000
208 228665 151900
209 84170 147933
210 232750 152600
211 167166 148482
212 254321 147373
213 75683 148866
214 286140 227266
215 271510 223300
216 253175 228900
217 299820 217000
218 315974 175204
219 325850 229133
220 319770 231000
221 317236 236600
222 276450 129266
223 253650 136500
224 189050 154700
225 291776 130200
226 304246 100672
227 256436 117133
228 277970 122733
229 274676 121800
230 99275 197400
231 50001 185666
232 112575 190400
233 122740 189000
234 138130 231933
235 131670 231000
236 100537 210200
237 365691 69965
238 287755 172200
239 333640 149100
240 348270 141400
241 341638 66866
242 324995 132400
243 345483 142333
244 332088 126000
245 335088 110250
246 214059 277638
247 252557 275100
248 282245 253400
249 234935 254800
250 277336 280466
251 264796 250600
252 259249 244505
253 214890 88200
254 226575 109200
255 179645 142100
256 242503 69533
257 276450 126466
258 256431 64232
259 252003 69533
260 238450 73266
261 105311 209618
262 51321 229276
263 144894 214760
264 199880 208600
265 114696 225400
266 116343 234733
267 108996 231933
268 261155 224700
269 278350 184333
270 322303 209533
271 307483 212333
272 305076 214200
273 259160 254100
274 263910 269266
275 268850 268333
276 271383 277666
277 184205 157500
278 197030 87500
279 225403 97533
280 261250 133000
281 260490 118066
282 234612 132440
283 231392 87400
284 98610 203000
285 130245 187600
286 250990 274866
287 140030 199266
288 168163 211400
289 48307 144900
290 56530 147589
291 301530 151200
292 29830 161000
293 426170 127400
294 104310 194600
295 174610 303800
296 232560 81200
297 270560 292600
298 320150 201600
299 314450 208600
300 107575 122587
301 5890 138600
302 5890 177800
303 227430 306600
304 322810 222600
305 228950 303800
306 310270 303800
307 262770 7000
308 422750 96600
309 434530 147000
310 301150 12600
311 306470 4200
312 300010 4200
313 15390 208600
314 266570 4200
315 258590 4200
316 431110 113400
317 418570 141400
318 435670 152600
319 435670 149800
320 422370 138600
321 263150 9800
322 264290 12600
323 251750 71400
324 142310 295400
325 434530 144200
326 435670 121800
327 430350 141400
328 429590 135800
329 423890 133000
330 421610 147000
331 423510 124600
332 430350 133000
333 116850 306600
334 29070 208600
335 141550 306600
336 12350 200200
337 9690 194600
338 12730 205800
339 12350 211400
340 5890 203000
341 5890 211400
342 5890 197400
343 102790 301000
344 97850 306600
345 10450 191800
346 12350 197400
347 178030 306600
348 195510 306600
349 165490 306600
350 144590 298200
351 130150 306600
352 9690 189000
353 164350 303800
354 155610 303800
355 24510 144200
356 215650 65800
357 37050 147000
358 429970 124600
359 424270 119000
360 252130 4200
361 422370 105000
362 430730 119000
363 7030 214200
364 214510 4200
365 220970 4200
366 18050 144200
367 422750 102200
368 241490 7000
369 245670 4200
370 260110 15400
371 248710 7000
372 209190 65800
373 214510 71400
374 5890 186200
375 9690 144200
376 206910 68600
377 423890 116200
378 255170 7000
379 237310 4200
380 237310 77000
381 220970 303800
382 307230 306600
383 6270 172200
384 218690 306600
385 5890 180600
386 234650 306600
387 263150 292600
388 254790 303800
389 268470 303800
390 271510 306600
391 258590 306600
392 252130 306600
393 261250 303800
394 275690 303800
395 297350 306600
396 154850 306600
397 269990 301000
398 262770 275800
399 8930 208600
400 241870 303800
401 21850 208600
402 7410 217000
403 219070 301000
404 323190 303800
405 259350 256200
406 253270 247800
407 6650 183400
408 299250 301000
409 419330 144200
410 248330 303800
411 434910 130200
412 429970 138600
413 334210 7000
414 430350 116200
415 276830 4200
416 277970 306600
417 292790 303800
418 12350 203000
419 260870 295400
420 428450 217000
421 341430 306600
422 328510 306600
423 434150 228200
424 313690 306600
425 265050 306600
426 245670 306600
427 282150 303800
428 305710 301000
429 5890 200200
430 140 140140
431 86430 140
432 107710 140
433 116670 140
434 191710 140
435 225310 140
436 125630 140
437 126750 140
438 190590 140
439 161470 140
440 121150 140
441 205150 140
442 177150 140
443 216350 140
444 223070 140
445 120030 140
446 150270 140
447 171550 140
448 187230 140
449 173790 140
450 127870 140
451 189470 140
452 152510 140
453 134590 140
454 151390 140
455 153630 140
456 144670 140
457 140190 140
458 145790 140
459 136830 140
460 163710 140
461 154750 140
462 133470 140
463 131230 140
464 167070 140
465 155870 140
466 97630 140
467 98750 140
468 140 142380
469 140 132300
470 87550 140
471 106590 140
472 96510 140
473 102110 140
474 100990 140
475 105470 140
476 130110 140
477 117790 140
478 123390 140
479 142430 140
480 132350 140
481 124510 140
482 156990 140
483 143550 140
484 140 152460
485 113310 140
486 111070 140
487 139070 140
488 112190 140
489 192830 140
490 206270 140
491 207390 140
492 90910 140
493 135710 140
494 148030 140
495 196190 140
496 146910 140
497 183870 140
498 200670 140
499 210750 140
500 214110 140
501 174910 140
502 169310 140
503 93150 140
504 140 156940
505 197310 140
506 176030 140
507 188350 140
508 118910 140
509 170430 140
510 140 168140
511 140 162540
512 140 174860
513 140 143500
514 103230 140
515 140 173740
516 140 170380
517 140 154700
518 140 160300
519 162590 140
520 114430 140
521 115550 140
522 137950 140
523 122270 140
524 195070 140
525 104350 140
526 202910 140
527 201790 140
528 159230 140
529 160350 140
530 193950 140
531 165950 140
532 186110 140
533 199550 140
534 224190 140
535 209630 140
536 99870 140
537 178270 140
538 168190 140
539 140 163660
540 198430 140
541 181630 140
542 180510 140
543 179390 140
544 128990 140
545 140 169260
546 140 159180
547 158110 140
548 140 141260
549 149150 140
550 140 155820
551 140 164780
552 184990 140
553 140 151340
554 172670 140
555 108830 140
556 109950 140
557 141310 140
558 164830 140
559 140 171500
560 140 153580
561 140 217420
562 303710 310150
563 311550 310150
564 291390 310150
565 308190 310150
566 294750 310150
567 301470 310150
568 441410 160300
569 441410 153580
570 441410 158060
571 441410 150220
572 223070 310150
573 441410 151340
574 441410 147980
575 243230 310150
576 140 165900
577 225310 310150
578 140 161420
579 235390 310150
580 237630 310150
581 140 149100
582 140 158060
583 140 181580
584 252190 310150
585 441410 104300
586 441410 143500
587 441410 131180
588 441410 136780
589 441410 142380
590 441410 127820
591 441410 107660
592 105470 310150
593 140 211820
594 104350 310150
595 106590 310150
596 140 186060
597 140 190540
598 140 182700
599 103230 310150
600 140 193900
601 124510 310150
602 112190 310150
603 133470 310150
604 149150 310150
605 140 206220
606 188350 310150
607 209630 310150
608 204030 310150
609 179390 310150
610 182750 310150
611 140 175980
612 180510 310150
613 178270 310150
614 140 172620
615 234270 140
616 204030 140
617 226430 140
618 441410 108780
619 441410 111020
620 441410 134540
621 221950 140
622 198430 310150
623 220830 140
624 215230 140
625 140 147980
626 182750 140
627 235390 140
628 239870 140
629 249950 140
630 441410 118860
631 441410 135660
632 441410 154700
633 140 214060
634 140 167020
635 441410 125580
636 441410 112140
637 441410 106540
638 441410 113260
639 441410 140140
640 140 195020
641 289150 310150
642 140 210700
643 272350 310150
644 206270 310150
645 234270 310150
646 227550 310150
647 240990 310150
648 244350 310150
649 271230 310150
650 239870 310150
651 248830 310150
652 249950 310150
653 270110 310150
654 267870 310150
655 226430 310150
656 264510 310150
657 262270 310150
658 290270 310150
659 255550 310150
660 233150 310150
661 293630 310150
662 310430 310150
663 314910 310150
664 279070 310150
665 280190 310150
666 140 198380
667 284670 310150
668 285790 310150
669 229790 310150
670 322750 310150
671 304830 310150
672 323870 310150
673 321630 310150
674 318270 310150
675 265630 310150
676 307070 310150
677 140 201740
678 253310 310150
679 441410 162540
680 327230 310150
681 332830 310150
682 336190 310150
683 316030 310150
684 254430 310150
685 333950 310150
686 276830 310150
687 335070 310150
688 140 207340
689 140 177100
690 230910 310150
691 326110 310150
692 232030 310150
693 312670 310150
694 262270 140
695 441410 117740
696 441410 155820
697 268990 140
698 264510 140
699 267870 140
700 140 208460
701 266750 140
702 261150 140
703 441410 115500
704 441410 141260
705 441410 152460
706 441410 149100
707 441410 119980
708 260030 140
709 265630 140
710 254430 140
711 145790 310150
712 441410 156940
713 441410 123340
714 441410 137900
715 441410 133420
716 441410 124460
717 441410 159180
718 441410 130060
719 441410 132300
720 117790 310150
721 140 199500
722 144670 310150
723 140 191660
724 140 189420
725 140 209580
726 140 212940
727 140 203980
728 140 215180
729 140 196140
730 98750 310150
731 99870 310150
732 140 192780
733 140 197260
734 181630 310150
735 205150 310150
736 169310 310150
737 146910 310150
738 135710 310150
739 140 188300
740 164830 310150
741 158110 310150
742 140 146860
743 217470 140
744 140 150220
745 441410 126700
746 441410 121100
747 255550 140
748 441410 105420
749 441410 116620
750 140 216300
751 218590 140
752 219710 140
753 140 145740
754 441410 114380
755 245470 140
756 247710 140
757 256670 140
758 252190 140
759 211870 140
760 212990 140
761 140 187180
762 140 144620
763 208510 140
764 441410 109900
765 257790 140
766 240990 140
767 238750 140
768 228670 310150
769 313790 310150
770 140 179340
771 236510 310150
772 140 178220
773 238750 310150
774 268990 310150
775 257790 310150
776 275710 310150
777 274590 310150
778 258910 310150
779 247710 310150
780 261150 310150
781 277950 310150
782 299230 310150
783 156990 310150
784 273470 310150
785 260030 310150
786 140 180460
787 242110 310150
788 140 205100
789 140 184940
790 224190 310150
791 330590 310150
792 263390 310150
793 256670 310150
794 140 183820
795 302590 310150
796 441410 144620
797 251070 310150
798 441410 128940
799 441410 139020
800 345150 140
801 441410 122220
802 279070 140
803 281310 310150
804 305950 310150
805 140 202860
806 245470 310150
807 441410 145740
808 346270 310150
809 347390 310150
810 441410 146860
811 328350 310150
812 266750 310150
813 246590 310150
814 283550 310150
815 309310 310150
816 140 200620
