0 136356 187133
1 152549 271881
2 152433 156632
3 318410 168957
4 197980 139236
5 40416 184434
6 74050 94684
7 221645 168233
8 102267 93800
9 118810 258115
10 163856 136220
11 208991 137017
12 87578 127575
13 93815 275470
14 234446 153179
15 191634 85960
16 56765 187758
17 91090 120103
18 153800 87610
19 87128 269400
20 119582 169786
21 216811 140622
22 269605 166600
23 201257 177626
24 134030 236515
25 56378 62588
26 202378 172340
27 124070 142072
28 130948 134120
29 261843 258885
30 217229 156840
31 194896 147861
32 196664 133215
33 157098 110133
34 136643 270694
35 81762 64426
36 41895 96600
37 266730 147589
38 282796 257506
39 133775 110366
40 83828 146720
41 133902 105280
42 212121 136600
43 263287 214727
44 165062 108500
45 178175 108080
46 201100 121369
47 140797 250716
48 134462 33281
49 151762 71400
50 189276 246830
51 149886 70000
52 117275 145551
53 104424 75320
54 267049 103295
55 127512 77988
56 123737 68600
57 151419 274711
58 261752 111094
59 297409 268882
60 169195 64575
61 130720 4200
62 285633 119311
63 298449 269800
64 184135 43773
65 172072 272835
66 189987 337129
67 189610 57547
68 145889 47259
69 196840 54169
70 187007 45500
71 165244 90670
72 153102 96600
73 369916 143380
74 175004 93584
75 90082 206294
76 121921 248661
77 85690 221666
78 55713 125271
79 226744 160634
80 194603 241553
81 90431 182254
82 149536 285374
83 246837 258200
84 95781 185111
85 174918 255150
86 179120 267105
87 278639 251573
88 92292 215040
89 74130 137626
90 286456 150888
91 69580 225000
92 274581 242666
93 87054 239145
94 131963 304054
95 154363 191275
96 44574 224000
97 29386 228200
98 83617 169145
99 217866 196466
100 140016 117000
101 157399 10033
102 144619 100907
103 177461 147827
104 135727 208104
105 206048 238968
106 361701 116628
107 359605 165642
108 315573 45048
109 350597 100303
110 253720 166305
111 260645 61981
112 241262 161000
113 277041 169909
114 346180 189000
115 267640 178627
116 218125 213788
117 292455 168333
118 246959 54977
119 212912 223633
120 284927 115278
121 275124 272756
122 376732 161976
123 306406 255266
124 369910 284727
125 234921 48575
126 265050 275400
127 263462 113102
128 257545 275100
129 270880 132300
130 298718 131880
131 312198 262433
132 260537 255360
133 360019 295294
134 356659 233228
135 233472 362600
136 210422 365960
137 326720 272066
138 221012 304761
139 201453 185325
140 360017 218849
141 212135 278600
142 210591 308979
143 220644 241400
144 272920 197145
145 187245 203000
146 67078 255142
147 298042 61400
148 241365 182861
149 305475 42014
150 201404 156227
151 232784 278854
152 135860 270469
153 98984 327831
154 146794 274400
155 133665 317333
156 109820 247800
157 145407 159040
158 259413 330244
159 171705 163922
160 148451 283211
161 134963 342066
162 94398 313600
163 251698 325436
164 138101 227160
165 107033 281400
166 124703 236600
167 231078 170520
168 220020 163800
169 295497 263620
170 373445 157500
171 279870 273700
172 243048 271320
173 278244 214538
174 391716 156333
175 217658 123000
176 224200 194600
177 216942 92960
178 55365 274833
179 54055 287000
180 67165 253400
181 74195 242200
182 127897 290200
183 298870 177100
184 247285 160300
185 308623 158200
186 257782 288400
187 293888 321683
188 268375 284200
189 251902 278600
190 278400 321945
191 191963 91933
192 208145 109200
193 115140 177800
194 194720 73123
195 204228 72333
196 132533 252381
197 184327 362611
198 153254 251720
199 190000 265300
200 291194 181720
201 298996 184333
202 321670 188066
203 264860 318500
204 257830 312200
205 107255 191800
206 128535 176400
207 180120 124250
208 203055 106200
209 101175 244300
210 123025 240100
211 163463 279533
212 175627 273000
213 10117 219800
214 14430 226578
215 219735 331800
216 58805 240800
217 258020 179200
218 417430 141400
219 15010 242200
220 196080 98000
221 325090 184800
222 61263 226712
223 5890 217000
224 16150 245000
225 437950 155400
226 431490 144200
227 415910 163800
228 434910 163800
229 423130 133000
230 427690 127400
231 425790 161000
232 428070 113400
233 425030 119000
234 231610 4200
235 9310 233800
236 427310 82600
237 227430 12600
238 418570 169400
239 195890 12600
240 425030 158200
241 187910 7000
242 189430 12600
243 419330 135800
244 196270 4200
245 189810 4200
246 5890 284200
247 425790 166600
248 437950 141400
249 437950 189000
250 437950 152600
251 434150 127400
252 426550 147000
253 436430 138600
254 436810 130200
255 151810 396200
256 16530 284200
257 7790 292600
258 145730 368200
259 9690 256200
260 18810 264600
261 13870 295400
262 18810 267400
263 21090 247800
264 22230 273000
265 5890 287000
266 12350 278600
267 22990 259000
268 18810 253400
269 431490 250600
270 160550 396200
271 5890 267400
272 17670 270200
273 12350 281400
274 8550 250600
275 18810 278600
276 12350 264600
277 217170 4200
278 195890 21000
279 5890 205800
280 200070 9800
281 193610 9800
282 193230 40600
283 181450 7000
284 82270 4200
285 18810 256200
286 204250 7000
287 200450 18200
288 5890 194600
289 203110 4200
290 208810 9800
291 210330 4200
292 215270 9800
293 201210 15400
294 95190 4200
295 82650 99400
296 18810 261800
297 13490 211400
298 228570 385000
299 218310 15400
300 217930 7000
301 223630 9800
302 224390 4200
303 230090 396200
304 217170 396200
305 5890 189000
306 230470 393400
307 15770 273000
308 12350 253400
309 241870 387800
310 223630 396200
311 275310 396200
312 258970 396200
313 263150 385000
314 274170 393400
315 300390 396200
316 328890 396200
317 297350 390600
318 293930 396200
319 12350 247800
320 9310 236600
321 241490 393400
322 310650 396200
323 312170 387800
324 325470 303800
325 320530 393400
326 295070 382200
327 11970 239400
328 283290 396200
329 437950 147000
330 249850 396200
331 421230 127400
332 425790 135800
333 412870 135800
334 432250 135800
335 429590 130200
336 286330 393400
337 289750 390600
338 16530 259000
339 265810 396200
340 317110 396200
341 334210 334600
342 431110 242200
343 437570 242200
344 300390 387800
345 427310 186200
346 430350 177800
347 243010 382200
348 425030 175000
349 5890 247800
350 140 186060
351 140 167020
352 78590 140
353 114430 140
354 100990 140
355 98750 140
356 116670 140
357 132350 140
358 88670 140
359 122270 140
360 165950 140
361 97630 140
362 96510 140
363 188350 140
364 191710 140
365 189470 140
366 167070 140
367 168190 140
368 170430 140
369 136830 140
370 171550 140
371 139070 140
372 140190 140
373 104350 140
374 140 207340
375 140 196140
376 140 203980
377 140 215180
378 140 219660
379 140 211820
380 140 192780
381 140 225260
382 124510 140
383 131230 140
384 125630 140
385 140 123340
386 140 170380
387 140 172620
388 140 202860
389 140 189420
390 140 171500
391 127870 140
392 140 188300
393 140 240940
394 140 198380
395 137950 140
396 133470 140
397 130110 140
398 134590 140
399 126750 140
400 128990 140
401 169310 140
402 140 239820
403 140 197260
404 141310 140
405 135710 140
406 107710 140
407 153630 140
408 144670 140
409 113310 140
410 102110 140
411 163710 140
412 140 169260
413 111070 140
414 143550 140
415 99870 140
416 118910 140
417 159230 140
418 176030 140
419 89790 140
420 184990 140
421 92030 140
422 90910 140
423 140 161420
424 140 205100
425 95390 140
426 117790 140
427 161470 140
428 148030 140
429 156990 140
430 140 220780
431 140 214060
432 140 212940
433 140 226380
434 140 128940
435 140 223020
436 140 238700
437 140 227500
438 140 228620
439 120030 140
440 142430 140
441 160350 140
442 158110 140
443 146910 140
444 155870 140
445 109950 140
446 164830 140
447 103230 140
448 152510 140
449 121150 140
450 179390 140
451 149150 140
452 105470 140
453 174910 140
454 93150 140
455 183870 140
456 140 168140
457 180510 140
458 178270 140
459 140 201740
460 94270 140
461 151390 140
462 162590 140
463 150270 140
464 112190 140
465 140 218540
466 140 208460
467 108830 140
468 140 191660
469 140 224140
470 140 200620
471 140 236460
472 140 229740
473 140 221900
474 115550 140
475 145790 140
476 154750 140
477 106590 140
478 123390 140
479 140 216300
480 140 193900
481 140 243180
482 443470 168140
483 443470 161420
484 443470 164780
485 443470 158060
486 443470 189420
487 256670 399510
488 238750 399510
489 290270 399510
490 277950 399510
491 443470 155820
492 234270 399510
493 443470 152460
494 443470 160300
495 218590 140
496 140 298060
497 216350 140
498 140 237580
499 225310 140
500 80830 140
501 140 295820
502 140 244300
503 140 294700
504 224190 140
505 443470 141260
506 443470 198380
507 443470 119980
508 443470 123340
509 223070 140
510 443470 133420
511 443470 128940
512 140 293580
513 140 290220
514 140 274540
515 137950 399510
516 140 249900
517 140 292460
518 140 235340
519 146910 399510
520 140 271180
521 140 286860
522 140 289100
523 151390 399510
524 140 284620
525 140 242060
526 324990 399510
527 316030 399510
528 322750 399510
529 321630 399510
530 140 275660
531 140 206220
532 326110 399510
533 327230 399510
534 140 210700
535 187230 140
536 140 199500
537 173790 140
538 182750 140
539 87550 140
540 177150 140
541 172670 140
542 140 270060
543 197310 140
544 186110 140
545 140 190540
546 86430 140
547 85310 140
548 201790 140
549 210750 140
550 79710 140
551 208510 140
552 248830 399510
553 140 291340
554 223070 399510
555 443470 122220
556 212990 140
557 219710 140
558 443470 113260
559 207390 140
560 226430 399510
561 224190 399510
562 140 234220
563 225310 399510
564 140 277900
565 230910 399510
566 229790 399510
567 235390 399510
568 243230 399510
569 267870 399510
570 247710 399510
571 261150 399510
572 265630 399510
573 283550 399510
574 282430 399510
575 140 282380
576 295870 399510
577 305950 399510
578 276830 399510
579 308190 399510
580 251070 399510
581 318270 399510
582 307070 399510
583 310430 399510
584 319390 399510
585 304830 399510
586 140 256620
587 279070 399510
588 443470 143500
589 240990 399510
590 443470 145740
591 443470 140140
592 443470 153580
593 443470 150220
594 443470 124460
595 237630 399510
596 443470 227500
597 140 233100
598 257790 399510
599 443470 149100
600 337310 399510
601 443470 234220
602 443470 154700
603 443470 226380
604 443470 187180
605 443470 188300
606 443470 197260
607 443470 191660
608 140 252140
609 140 245420
610 443470 156940
611 443470 144620
612 443470 162540
613 443470 165900
614 443470 127820
615 443470 139020
616 443470 163660
617 443470 116620
618 443470 118860
619 235390 140
620 140 230860
621 443470 121100
622 229790 140
623 443470 169260
624 199550 140
625 443470 159180
626 190590 140
627 192830 140
628 443470 134540
629 200670 140
630 193950 140
631 140 281260
632 443470 167020
633 443470 142380
634 443470 196140
635 443470 151340
636 443470 126700
637 443470 146860
638 443470 137900
639 443470 130060
640 144670 399510
641 140 283500
642 140 287980
643 145790 399510
644 140 254380
645 140 263340
646 140 296940
647 140 266700
648 140 247660
649 140 273420
650 140 285740
651 140 279020
652 140 261100
653 140 255500
654 443470 242060
655 220830 399510
656 140 267820
657 140 268940
658 140 280140
659 140 251020
660 140 276780
661 140 265580
662 215230 140
663 198430 140
664 140 209580
665 202910 140
666 195070 140
667 196190 140
668 181630 140
669 83070 140
670 140 257740
671 209630 140
672 204030 140
673 140 195020
674 205150 140
675 211870 140
676 214110 140
677 217470 140
678 206270 140
679 81950 140
680 84190 140
681 140 262220
682 140 217420
683 232030 399510
684 221950 140
685 220830 140
686 226430 140
687 228670 140
688 233150 399510
689 221950 399510
690 140 187180
691 236510 399510
692 140 272300
693 140 253260
694 228670 399510
695 245470 399510
696 227550 399510
697 280190 399510
698 262270 399510
699 266750 399510
700 270110 399510
701 302590 399510
702 336190 399510
703 140 264460
704 301470 399510
705 299230 399510
706 140 246540
707 140 231980
708 244350 399510
709 313790 399510
710 317150 399510
711 329470 399510
712 323870 399510
713 311550 399510
714 140 258860
715 286910 399510
716 443470 147980
717 253310 399510
718 443470 125580
719 443470 136780
720 443470 132300
721 443470 135660
722 443470 131180
723 294750 399510
724 293630 399510
725 140 259980
726 268990 399510
727 320510 399510
728 338430 399510
729 443470 240940
730 443470 239820
731 303710 399510
732 443470 190540
733 443470 179340
734 246590 399510
735 443470 173740
736 140 248780
