0 23140 16327
1 14603 28923
2 30390 29634
3 14982 21114
4 31474 17511
5 22905 15735
6 20018 34880
7 7255 19050
8 9486 26202
9 12291 29378
10 32631 19254
11 38550 14175
12 32715 33120
13 2241 21465
14 31722 17356
15 29979 16003
16 31088 33038
17 18633 34437
18 11889 24291
19 29106 11799
20 33757 30694
21 23760 37247
22 8227 17712
23 31810 13612
24 34795 35584
25 23505 36956
26 27663 15852
27 41660 12514
28 28480 28386
29 17270 37761
30 17973 26034
31 39711 27489
32 38270 35302
33 6966 28808
34 35236 27617
35 39672 29391
36 24846 40467
37 10080 33050
38 35354 26595
39 43068 33750
40 23239 41616
41 26709 37635
42 29393 43346
43 9501 27114
44 37020 36141
45 21123 34887
46 16696 37698
47 40899 36612
48 30908 44145
49 26239 40021
50 23898 34849
51 10417 26197
52 17047 34263
53 12188 27912
54 3375 26325
55 29124 26746
56 20485 25939
57 14411 13058
58 30381 16706
59 31372 37188
60 34744 27027
61 42155 28903
62 14589 29205
63 24457 16636
64 27318 37665
65 17726 21974
66 23339 26517
67 38006 19586
68 23486 29693
69 31311 26919
70 34979 41391
71 22855 22815
72 14395 24570
73 34114 18157
74 21964 24705
75 16515 12863
76 25512 23207
77 40381 21596
78 33422 40195
79 21160 32070
80 25429 24772
81 19551 12593
82 32402 25083
83 26716 13635
84 32731 14730
85 14566 14895
86 30672 38835
87 11482 32638
88 23968 23007
89 31869 16659
90 43112 19135
91 33601 40979
92 18966 42819
93 31122 42352
94 15004 44427
95 33633 13536
96 22923 17901
97 27018 14548
98 26975 29405
99 9386 35757
100 24869 16132
101 31735 37354
102 24398 15500
103 28852 33210
104 12214 36673
105 30679 18189
106 30582 18621
107 27220 31567
108 27220 26436
109 30241 15090
110 38556 11547
111 32533 31693
112 28725 22607
113 29511 33602
114 39855 26595
115 21624 22383
116 25731 2295
117 11751 20047
118 11286 19890
119 11454 18015
120 10020 19767
121 16809 13056
122 15837 15949
123 9828 36769
124 14271 35697
125 40073 17877
126 39166 24300
127 37270 20952
128 34675 8775
129 38244 12030
130 44559 41202
131 34824 9534
132 36354 22749
133 32114 11610
134 37072 18990
135 45068 41828
136 46486 12677
137 37212 10665
138 38587 25852
139 44337 40442
140 37159 19251
141 35090 24520
142 34241 14013
143 28718 34482
144 36276 25856
145 37225 11385
146 36584 23485
147 35818 11103
148 30348 28832
149 38403 22797
150 30714 35040
151 35100 29338
152 31961 10800
153 40552 17667
154 39141 15324
155 52450 16389
156 23257 20331
157 42161 14998
158 49819 17377
159 41662 17784
160 23446 20601
161 41802 16965
162 43647 19748
163 37787 31014
164 47286 14805
165 49126 28721
166 42613 15745
167 45886 14411
168 40486 18337
169 38210 19909
170 52123 19636
171 40139 21710
172 41895 23595
173 49432 15881
174 49518 24759
175 42558 19680
176 52464 17260
177 51351 17983
178 48120 17775
179 24180 42679
180 30326 40533
181 28493 40700
182 32508 41284
183 38778 53055
184 50286 34842
185 30193 40075
186 38691 49562
187 18042 42356
188 30906 41538
189 37385 45421
190 48084 35745
191 54200 42042
192 36207 49815
193 33077 42304
194 31962 45735
195 41935 48603
196 33713 44669
197 46607 41175
198 33717 47277
199 52450 42693
200 29571 43605
201 33345 41232
202 39435 47775
203 37870 47862
204 35532 52605
205 19251 35447
206 15143 51834
207 19190 9045
208 17400 36693
209 29190 25845
210 21285 47160
211 17502 34385
212 13946 49657
213 20529 45315
214 20323 33495
215 20556 44715
216 24226 52187
217 16770 35163
218 18963 50183
219 23974 36837
220 22141 34482
221 22123 12231
222 20673 38082
223 26325 53308
224 24684 37170
225 24759 39645
226 19078 49842
227 25067 46960
228 22866 46575
229 15777 49704
230 24181 12177
231 26390 48503
232 12806 49939
233 14481 47205
234 11542 48870
235 15975 47790
236 15085 51827
237 29512 22738
238 35649 18517
239 28089 22011
240 33134 6075
241 34688 19102
242 28356 25740
243 25266 22857
244 26127 23265
245 32396 23355
246 30479 23123
247 45894 9451
248 37848 6015
249 39244 19170
250 43611 7785
251 48637 8251
252 42555 7365
253 48449 10819
254 43156 6075
255 45839 10831
256 37444 34295
257 38314 35162
258 34398 42293
259 32518 50692
260 38993 36288
261 40154 33318
262 37651 30780
263 41496 32865
264 38016 34897
265 18636 41874
266 19397 31339
267 26133 38691
268 25526 36777
269 20263 43679
270 22817 41777
271 21018 32595
272 22302 41445
273 23307 41208
274 48827 32287
275 40558 28980
276 36393 28305
277 51463 33201
278 39412 28639
279 47602 34552
280 47173 32788
281 44685 35010
282 48009 35295
283 50095 35308
284 45651 34101
285 43668 34866
286 24138 21816
287 24395 8771
288 31437 6322
289 22323 8626
290 24573 9872
291 20661 10023
292 28064 9247
293 27267 6435
294 42184 42167
295 42337 40758
296 36200 48060
297 40099 36855
298 42251 36623
299 38355 38475
300 43454 37086
301 18756 31205
302 20712 25746
303 18895 19924
304 21175 30659
305 17569 21797
306 14240 20809
307 21911 20198
308 20860 17644
309 14887 22572
310 41013 24867
311 49016 25325
312 35421 26820
313 49627 24586
314 37000 28809
315 54796 26100
316 52335 23310
317 46521 23085
318 45522 23625
319 52077 26919
320 48447 22275
321 52589 38735
322 39506 37624
323 54005 40755
324 39066 33178
325 49797 38880
326 50852 40773
327 55611 41837
328 51634 42471
329 50213 40196
330 56471 40119
331 49356 40905
332 25985 49229
333 28887 43948
334 23296 48879
335 24835 50492
336 21424 47034
337 27630 46710
338 24444 45810
339 21506 31700
340 18544 31332
341 26920 32250
342 22253 36045
343 27626 31555
344 29991 34641
345 30769 30145
346 28107 30956
347 30101 31995
348 26097 29912
349 18118 28243
350 10300 26865
351 3496 27945
352 4414 33480
353 57631 30240
354 59710 31185
355 56821 29835
356 58441 29025
357 56038 31185
358 59089 27540
359 55552 30375
360 59764 30645
361 60628 29025
362 56497 28485
363 19939 54135
364 59980 27675
365 49423 26595
366 34033 2565
367 35545 3780
368 32467 3780
369 33196 2835
370 35950 4995
371 35140 4725
372 33682 3915
373 34708 3510
374 3631 26055
375 38542 2700
376 60520 24435
377 39919 4185
378 40405 3375
379 39784 4050
380 35950 3510
381 36868 3510
382 35275 4050
383 21586 2970
384 22234 3645
385 3550 25650
386 24880 2700
387 3577 29295
388 9544 26865
389 21856 54135
390 9652 25785
391 20911 53595
392 8545 31455
393 12001 29835
394 4765 31185
395 4441 33480
396 28039 47115
397 38326 53865
398 18481 54405
399 24016 54945
400 29281 53325
401 29740 53190
402 20128 53055
403 22153 53325
404 32548 53055
405 30604 54675
406 27580 53460
407 21127 54405
408 32737 54945
409 30523 53190
410 33034 54405
411 31360 54135
412 30523 52515
413 19912 53595
414 40108 53865
415 38137 50220
416 37651 54945
417 31900 52785
418 38299 49815
419 34465 54270
420 38137 54540
421 36544 53325
422 33088 54675
423 31090 53055
424 23584 54675
425 32818 52245
426 32170 3375
427 33817 53055
428 34033 53730
429 33601 55080
430 35626 53325
431 33682 53865
432 31387 54135
433 32548 54000
434 31657 55080
435 18670 54270
436 32278 53325
437 35653 53595
438 32899 53865
439 34384 53325
440 59710 23355
441 57901 30915
442 59710 29835
443 59899 31725
444 60412 29835
445 60304 30915
446 5062 32130
447 60790 29295
448 59467 28485
449 28714 3375
450 27688 3375
451 20641 3780
452 29875 4320
453 32197 2430
454 34303 3105
455 31306 3915
456 35788 4050
457 4657 32805
458 41620 3240
459 42538 4455
460 41026 3105
461 40972 4455
462 37921 4455
463 40000 2970
464 60142 22815
465 40783 4185
466 44077 8640
467 45589 7830
468 22936 2565
469 46993 7965
470 60061 21735
471 58036 21735
472 59197 21600
473 60142 22680
474 60169 22950
475 58900 30645
476 60358 27135
477 59602 28215
478 56497 29565
479 34941 24087
480 33459 6675
481 22357 35723
482 27463 54675
483 29484 54357
484 35691 54540
485 32305 51862
486 33498 17757
487 41193 19815
488 42 28140
489 42 34284
490 35052 57422
491 34284 57422
492 31404 57422
493 33228 57422
494 26316 42
495 42 27852
496 42 28044
497 26700 42
498 31500 42
499 34476 57422
500 42 28620
501 29772 42
502 33708 42
503 30348 42
504 26796 42
505 24876 42
506 30444 42
507 32940 42
508 33420 42
509 31788 42
510 31980 42
511 42 25932
512 26988 42
513 27372 42
514 27180 42
515 27756 42
516 27852 42
517 28044 42
518 27660 42
519 27468 42
520 42 25164
521 42 24300
522 42 25644
523 42 25452
524 42 24876
525 42 21324
526 42 25356
527 42 25260
528 42 34380
529 42 27084
530 42 26028
531 42 24972
532 42 26508
533 42 27660
534 42 26988
535 42 28236
536 42 28428
537 42 31500
538 42 31116
539 42 29868
540 42 30060
541 42 30156
542 27372 57422
543 42 31692
544 42 35244
545 30732 57422
546 42 30252
547 30348 57422
548 26892 42
549 27276 42
550 42 32652
551 42 27372
552 42 27948
553 42 35148
554 29004 42
555 30540 42
556 30732 42
557 26508 42
558 31308 42
559 26412 42
560 29484 42
561 42 27756
562 25164 42
563 30636 42
564 31212 42
565 31020 42
566 31116 42
567 30924 42
568 28524 42
569 28716 42
570 26604 42
571 42 29484
572 42 30444
573 29868 57422
574 28716 57422
575 28908 42
576 29100 42
577 29772 57422
578 42 31212
579 42 30732
580 34860 57422
581 33036 57422
582 32652 57422
583 42 29676
584 30636 57422
585 32268 57422
586 42 26700
587 42 27276
588 42 27468
589 28332 42
590 31404 42
591 32364 42
592 29676 42
593 33132 42
594 42 27564
595 30156 42
596 30060 42
597 24108 42
598 30828 42
599 33036 42
600 32844 42
601 32268 42
602 32076 42
603 27084 42
604 27564 42
605 42 26604
606 26028 42
607 28812 42
608 29292 42
609 28620 42
610 28236 42
611 29196 42
612 29676 57422
613 42 28524
614 42 28716
615 31884 57422
616 42 27180
617 42 29580
618 42 29004
619 42 30348
620 32556 57422
621 63362 29196
622 63362 29772
623 34188 57422
624 63362 30444
625 63362 27660
626 63362 30732
627 63362 29868
628 63362 30348
629 63362 28908
630 33804 42
631 33516 57422
632 33900 57422
633 33612 42
634 33996 42
635 29580 42
636 29868 42
637 34476 42
638 32748 42
639 33324 42
640 33228 42
641 42 26316
642 37548 42
643 38604 42
644 38508 42
645 36204 42
646 35532 42
647 35916 42
648 34860 42
649 35148 42
650 42 25740
651 42 24108
652 42 29772
653 42 30636
654 42 30540
655 22860 57422
656 21132 57422
657 26988 57422
658 21036 57422
659 26604 57422
660 25548 57422
661 28332 57422
662 27468 57422
663 30252 57422
664 30540 57422
665 29292 57422
666 28236 57422
667 27852 57422
668 30444 57422
669 27564 57422
670 27756 57422
671 29100 57422
672 28140 57422
673 27948 57422
674 27660 57422
675 29196 57422
676 29580 57422
677 28908 57422
678 29484 57422
679 28812 57422
680 29388 57422
681 38604 57422
682 37644 57422
683 35724 57422
684 35820 57422
685 37164 57422
686 36684 57422
687 36972 57422
688 36300 57422
689 36876 57422
690 37740 57422
691 31308 57422
692 33708 57422
693 63362 32172
694 35916 57422
695 35628 57422
696 34668 57422
697 34572 57422
698 31500 57422
699 31596 57422
700 30828 57422
701 31212 57422
702 30924 57422
703 32172 57422
704 33996 57422
705 31980 57422
706 33804 57422
707 63362 32076
708 63362 31404
709 63362 31980
710 63362 30060
711 63362 30636
712 63362 31212
713 28524 57422
714 63362 30924
715 63362 28332
716 42 28332
717 22668 42
718 22476 42
719 39372 42
720 39276 42
721 32172 42
722 27948 42
723 34380 42
724 28428 42
725 31884 42
726 36588 42
727 29964 42
728 36396 42
729 34092 42
730 35820 42
731 63362 23532
732 63362 23052
733 45900 42
734 63362 22668
735 31692 42
736 43500 42
737 42732 42
738 63362 25356
739 63362 24300
740 63362 25740
741 63362 25644
742 63362 27180
743 63362 27756
744 63362 26220
745 33612 57422
746 42 26220
747 42 34476
748 63362 30828
749 63362 31308
750 63362 30540
751 63362 29580
752 63362 31788
753 63362 27852
754 63362 31692
755 63362 31884
756 63362 29292
757 63362 28620
758 20748 57422
759 63362 28140
760 63362 26892
761 34284 42
762 35724 42
763 32556 42
764 33516 42
765 36492 42
766 35628 42
767 33900 42
768 35052 42
769 42 26412
770 39180 42
771 63362 24972
772 41484 42
773 40908 42
774 40716 42
775 36300 42
776 36972 42
777 34956 42
778 20556 42
779 22188 42
780 42 26124
781 25836 42
782 42 29196
783 42 26892
784 22668 57422
785 42 25548
786 21324 57422
787 42 31404
788 42 29964
789 42 31308
790 42 33324
791 28620 57422
792 38700 57422
793 28428 57422
794 29004 57422
795 29964 57422
796 32748 57422
797 20556 57422
798 30156 57422
799 32940 57422
800 31020 57422
801 28044 57422
802 20172 57422
803 33132 57422
804 30060 57422
805 33420 57422
806 31692 57422
807 31116 57422
808 19404 57422
809 40716 57422
810 40524 57422
811 38028 57422
812 32364 57422
813 38892 57422
814 34764 57422
815 38508 57422
816 36780 57422
817 35244 57422
818 31788 57422
819 20076 57422
820 35148 57422
821 32652 42
822 34092 57422
823 34380 57422
824 35340 57422
825 36108 57422
826 35532 57422
827 36012 57422
828 32844 57422
829 32076 57422
830 18156 57422
831 32460 57422
832 36204 57422
833 33324 57422
834 34956 57422
835 63362 23244
836 63362 31116
837 63362 30252
838 63362 31596
839 63362 29964
840 63362 31020
841 42 31788
842 63362 29388
843 63362 28524
844 29388 42
845 28140 42
846 20652 42
847 30252 42
848 32460 42
849 34188 42
850 31596 42
851 36012 42
852 42 33036
853 41964 42
854 42924 42
855 41388 42
856 41292 42
857 36108 42
858 42060 42
859 63362 23148
860 41004 42
861 47628 42
862 49356 42
863 24012 42
864 50124 42
865 63362 22092
866 63362 22476
867 63362 23820
868 63362 24396
869 63362 24780
870 63362 31500
871 63362 29100
872 63362 28236
873 63362 32364
874 42 26796
