0 29388 9805
1 26652 42828
2 29182 35753
3 17833 15606
4 40218 8850
5 26476 11711
6 25218 21905
7 7916 8625
8 5917 22618
9 13009 28305
10 42111 8538
11 47599 11262
12 40338 28372
13 2295 12285
14 34378 10028
15 38719 27490
16 19806 21027
17 30955 12375
18 40320 24950
19 22439 21627
20 10520 21546
21 10521 7883
22 42628 11115
23 38683 28278
24 20848 20766
25 42522 10167
26 48583 9053
27 35401 22397
28 21355 23885
29 25523 17253
30 46573 29126
31 48937 29589
32 8749 39419
33 43518 29940
34 50834 31252
35 32527 39580
36 45776 28202
37 53474 33630
38 30733 42353
39 21615 33255
40 35013 43227
41 45212 33687
42 40144 35938
43 19529 32791
44 20374 26122
45 47331 33426
46 31853 38542
47 21766 30375
48 34388 32117
49 11137 36513
50 10746 39566
51 18664 28407
52 31725 2295
53 30142 40230
54 8738 16405
55 41661 19761
56 39184 32471
57 36489 35723
58 44363 38711
59 37614 19813
60 35604 43292
61 31889 25314
62 44791 30088
63 46485 22635
64 29359 32136
65 41195 40074
66 27624 20806
67 17725 40140
68 38922 27975
69 27317 18765
70 36594 30843
71 27262 39574
72 15967 14276
73 27660 11994
74 42112 12396
75 19489 6525
76 12011 20641
77 32422 29227
78 29983 14175
79 46120 14081
80 52821 18516
81 30195 29871
82 21060 16335
83 27381 28672
84 17871 15283
85 47432 12960
86 15439 11430
87 27900 7920
88 33322 20948
89 9019 23989
90 33536 9437
91 31753 29577
92 29972 9675
93 32320 30045
94 12609 24064
95 30365 9290
96 35930 13385
97 36096 33195
98 34696 38559
99 40743 24462
100 36547 6480
101 45604 8163
102 39534 27119
103 34180 15633
104 38024 32112
105 51519 26267
106 34041 19305
107 38296 25695
108 38567 23391
109 31239 12825
110 36523 15543
111 12710 10158
112 11268 9855
113 12780 15570
114 11409 14097
115 10704 13414
116 12628 27250
117 6932 25177
118 12588 26628
119 49142 14373
120 50132 23262
121 48463 30318
122 45590 18364
123 59173 12748
124 39882 12362
125 49036 14723
126 48452 44971
127 55557 9165
128 58434 13972
129 45757 42293
130 19587 30405
131 45514 15147
132 44894 24097
133 52169 11205
134 39904 24513
135 59753 15028
136 44457 22020
137 60531 13770
138 19116 33383
139 47514 18009
140 34518 29934
141 59433 9888
142 65558 11529
143 52172 21105
144 52559 17969
145 65178 20587
146 36337 23670
147 62257 20163
148 53923 22346
149 39690 22869
150 52518 16545
151 50162 11907
152 52605 19022
153 56385 18630
154 32661 22477
155 59062 32771
156 52365 16189
157 57824 18126
158 61195 16638
159 48654 20250
160 46416 21758
161 62174 22757
162 48473 20967
163 62697 18815
164 51027 22391
165 68346 28125
166 59438 22043
167 63507 20790
168 64560 18417
169 35275 33345
170 51564 37557
171 34675 34227
172 38739 35356
173 20776 38340
174 63454 43098
175 34449 32057
176 22238 36054
177 48754 35003
178 35478 37840
179 38784 36480
180 20148 30071
181 31442 32792
182 28936 35014
183 53870 38648
184 24396 38745
185 32520 37215
186 31134 38355
187 25494 37325
188 22357 38127
189 39613 37508
190 37997 37179
191 46942 36477
192 52402 38695
193 26985 37545
194 25392 35484
195 19413 37428
196 20071 18153
197 21624 10940
198 34114 18933
199 30243 5839
200 21231 43020
201 22431 22362
202 20287 11400
203 18840 18954
204 22272 16155
205 24085 17001
206 21567 19163
207 26179 12744
208 24967 18482
209 20104 14107
210 18360 11860
211 25486 20483
212 34759 19845
213 28454 18461
214 26712 14940
215 26082 11818
216 27137 15120
217 30054 17029
218 25605 43290
219 29895 33718
220 19305 11378
221 17695 14343
222 22281 10332
223 44453 14097
224 35983 5436
225 41824 12682
226 42369 11947
227 37008 6660
228 42101 5670
229 38785 4995
230 53701 6452
231 47109 15471
232 49879 5229
233 57657 6228
234 55508 3611
235 52592 7897
236 49647 4104
237 46853 28700
238 34686 35532
239 47451 25788
240 48259 30753
241 45499 27702
242 53087 27567
243 47274 25335
244 52050 27585
245 47439 29025
246 21275 28075
247 18463 23670
248 24957 20192
249 23222 19548
250 22960 30448
251 23250 18379
252 26433 28890
253 20928 18866
254 22487 27696
255 25272 28215
256 25096 28485
257 24574 30291
258 26041 29700
259 49312 19170
260 59657 42802
261 46165 35100
262 44321 35203
263 43284 38629
264 59728 41318
265 42743 24975
266 56905 40041
267 61113 39874
268 58833 42795
269 58839 41242
270 53977 41518
271 37585 16722
272 37032 18420
273 30476 16875
274 33949 17388
275 37955 16447
276 34725 14565
277 37360 46767
278 44595 44231
279 31460 40797
280 42165 40155
281 49324 41940
282 46787 41329
283 45960 41006
284 44526 41637
285 21917 21049
286 27128 22376
287 26843 21492
288 36021 25885
289 17736 20441
290 37289 25237
291 38367 26595
292 37646 28265
293 33021 23733
294 60965 29189
295 42745 34245
296 43850 27562
297 61857 29219
298 64822 28093
299 64795 30375
300 67428 27315
301 59751 25312
302 57904 26028
303 62694 31125
304 62154 25650
305 54168 23321
306 54313 35878
307 48217 23985
308 51146 36251
309 40627 13696
310 55434 37637
311 49464 36945
312 57850 37179
313 47314 36963
314 34841 40615
315 25573 44958
316 18230 41661
317 22431 43846
318 21969 41505
319 24708 47295
320 26334 42030
321 25812 44685
322 23662 42147
323 17935 27210
324 8751 31624
325 11128 28833
326 7333 32697
327 11087 34039
328 9183 32265
329 16338 28600
330 35111 45367
331 19480 3645
332 36787 47655
333 2821 24165
334 44644 42660
335 43510 41040
336 43105 42795
337 42862 42930
338 59494 36315
339 68485 31725
340 44968 48735
341 45373 48195
342 44482 48060
343 43294 44685
344 20560 3510
345 42484 44280
346 44023 44415
347 45481 4050
348 46885 2565
349 44185 4320
350 43861 3510
351 44239 5940
352 41620 3105
353 43078 2430
354 42538 2835
355 3091 22815
356 46048 6885
357 48046 7425
358 47074 7290
359 45886 5670
360 44509 3645
361 43375 3105
362 42538 2295
363 44320 5400
364 21397 4185
365 18859 2970
366 2902 19440
367 2929 20115
368 2821 18495
369 19885 4995
370 23989 6885
371 27148 3510
372 18805 45900
373 4279 20655
374 25474 4995
375 24448 4050
376 3847 20385
377 26473 3105
378 27850 2565
379 26689 2295
380 28120 2295
381 29848 2430
382 27094 4725
383 3010 23625
384 27445 2700
385 26527 2430
386 35977 46845
387 33871 47655
388 28822 48600
389 35464 48870
390 32629 47790
391 35302 47790
392 34438 46575
393 33655 46845
394 25717 44955
395 39703 48735
396 43132 48735
397 39919 47250
398 35113 47250
399 42268 48870
400 43213 48195
401 42187 47790
402 39514 48735
403 37624 47385
404 31954 47385
405 18967 44955
406 31279 47925
407 33088 47790
408 40216 49005
409 39352 47925
410 37921 46440
411 38704 47250
412 37921 46305
413 34897 48735
414 32305 48195
415 31981 48735
416 3226 25785
417 35221 48195
418 35167 46710
419 36436 47790
420 36463 48735
421 68917 27405
422 68836 29430
423 68485 32805
424 68026 30375
425 68080 31860
426 68755 29835
427 18616 45225
428 68755 30915
429 68836 28215
430 41647 2430
431 27526 2970
432 26689 3645
433 39244 2565
434 40756 2430
435 38488 45900
436 40864 40635
437 40999 2565
438 4171 27270
439 46318 6345
440 46966 3375
441 44536 5940
442 50584 2835
443 46075 3240
444 47830 3105
445 51826 6615
446 49828 6750
447 52933 8910
448 68917 20385
449 21802 2430
450 68728 23895
451 67567 24435
452 66595 25650
453 48397 6480
454 67513 24030
455 67648 25245
456 45211 41985
457 68674 30645
458 68701 31590
459 44779 42525
460 40836 14055
461 21879 24759
462 31713 43287
463 39950 47766
464 36832 32467
465 46778 32861
466 43335 27652
467 44559 11507
468 49057 17685
469 37260 51109
470 17292 51109
471 40140 51109
472 39468 51109
473 38700 51109
474 39852 51109
475 36972 51109
476 32556 42
477 32652 51109
478 37068 51109
479 39276 51109
480 37356 51109
481 26124 51109
482 38028 51109
483 38892 51109
484 36876 42
485 36396 42
486 35436 42
487 39372 42
488 39276 42
489 38220 42
490 39468 42
491 36780 42
492 42 25932
493 35820 42
494 33612 42
495 34572 42
496 33708 42
497 35532 42
498 34764 42
499 36108 42
500 34956 42
501 42 25164
502 42 22380
503 42 22860
504 42 21996
505 42 21804
506 42 16908
507 42 19884
508 42 19788
509 16524 51109
510 42 21516
511 42 20748
512 42 20940
513 42 20844
514 30156 42
515 28044 42
516 26124 42
517 42 24588
518 42 25356
519 42 25644
520 26220 51109
521 42 24204
522 42 24684
523 33516 51109
524 32076 51109
525 28812 51109
526 34572 51109
527 32268 51109
528 33228 51109
529 33036 51109
530 32268 42
531 42 30732
532 36492 51109
533 34476 51109
534 29868 51109
535 33900 51109
536 36108 51109
537 36396 51109
538 36300 42
539 37068 42
540 34860 42
541 36972 42
542 42 29196
543 33996 42
544 37548 42
545 37356 42
546 37452 42
547 35916 42
548 36204 42
549 35148 42
550 34668 42
551 32748 42
552 32076 42
553 42 28620
554 34284 51109
555 33516 42
556 36012 42
557 35052 42
558 35628 51109
559 31788 51109
560 27756 51109
561 35052 51109
562 41772 51109
563 41580 51109
564 42 29484
565 37644 51109
566 38316 51109
567 35820 51109
568 33228 42
569 27660 51109
570 34284 42
571 38412 51109
572 37164 51109
573 38316 42
574 39084 51109
575 42 27756
576 35628 42
577 37260 42
578 33804 42
579 38796 42
580 39180 42
581 38604 42
582 37644 42
583 37164 42
584 33900 42
585 33420 42
586 31788 42
587 31596 42
588 33132 42
589 33324 42
590 34380 42
591 35244 42
592 35724 42
593 37452 51109
594 33132 51109
595 33804 51109
596 36684 51109
597 42 26412
598 26988 51109
599 34956 51109
600 34188 42
601 39564 51109
602 42444 51109
603 41292 51109
604 40812 51109
605 45612 51109
606 45708 51109
607 44652 51109
608 44556 51109
609 44748 51109
610 43116 51109
611 38412 42
612 39372 51109
613 41676 51109
614 39564 42
615 41100 42
616 41388 42
617 39852 42
618 41292 42
619 38124 42
620 40428 51109
621 40140 42
622 28716 42
623 43116 42
624 44364 42
625 43788 42
626 44172 42
627 44268 42
628 42828 42
629 40716 42
630 42060 51109
631 28620 42
632 24300 42
633 42 22956
634 28524 42
635 42 23532
636 42 22764
637 21228 51109
638 24108 51109
639 20076 51109
640 42 23340
641 42 23436
642 29196 42
643 42 21132
644 29772 42
645 29868 42
646 27564 42
647 27660 42
648 27948 42
649 31116 42
650 29388 51109
651 28428 42
652 30540 42
653 31116 51109
654 29772 51109
655 29964 51109
656 30732 51109
657 31500 51109
658 30540 51109
659 31404 51109
660 31212 51109
661 30444 42
662 38796 51109
663 41388 51109
664 40716 51109
665 37740 51109
666 40524 51109
667 41484 51109
668 40044 51109
669 37548 51109
670 41004 51109
671 41100 51109
672 31980 42
673 40908 42
674 41196 51109
675 38508 51109
676 39180 51109
677 36300 51109
678 37836 51109
679 33996 51109
680 32844 51109
681 31884 51109
682 31980 51109
683 32172 42
684 32940 51109
685 33324 51109
686 37932 51109
687 36588 51109
688 71316 31884
689 71316 29868
690 71316 32652
691 47532 42
692 71316 27948
693 71316 29292
694 31884 42
695 71316 27180
696 47052 42
697 28908 42
698 25740 42
699 25452 42
700 47148 42
701 46764 42
702 35340 42
703 43020 42
704 42156 42
705 29388 42
706 44076 42
707 47436 42
708 42540 42
709 47820 42
710 43500 42
711 42732 42
712 51660 42
713 48876 42
714 51948 42
715 51564 42
716 40428 42
717 71316 24684
718 50988 42
719 71316 25836
720 46572 42
721 48492 42
722 71316 26988
723 71316 29004
724 71316 27564
725 71316 29100
726 39660 51109
727 31692 42
728 42 24012
729 43884 51109
730 43788 51109
731 42732 51109
732 42540 51109
733 71316 32556
734 71316 28332
735 44844 51109
736 45324 51109
737 44460 51109
738 43692 51109
739 20748 42
740 41868 51109
741 43212 51109
742 43404 42
743 47244 42
744 43884 42
745 42348 42
746 43212 42
747 41004 42
748 42060 42
749 42252 42
750 42 23244
751 46092 42
752 46668 42
753 47340 42
754 45900 42
755 43596 42
756 43308 42
757 41580 42
758 43980 42
759 20172 42
760 18540 42
761 42 19980
762 42 20076
763 42 18540
764 19980 42
765 24396 42
766 27756 42
767 18828 51109
768 42 21420
769 26028 42
770 25260 42
771 42 20652
772 26892 42
773 28332 42
774 28236 42
775 31020 42
776 32940 42
777 34092 42
778 42 23628
779 30732 42
780 32460 42
781 36204 51109
782 33612 51109
783 29196 51109
784 35724 51109
785 30060 51109
786 35532 51109
787 34380 51109
788 34188 51109
789 27852 51109
790 41964 51109
791 43500 51109
792 43596 51109
793 34860 51109
794 43308 51109
795 43404 51109
796 42252 51109
797 39948 51109
798 40332 51109
799 32172 51109
800 19308 51109
801 31308 51109
802 33420 51109
803 40620 51109
804 39756 51109
805 38220 51109
806 38988 51109
807 38604 51109
808 40236 51109
809 32556 51109
810 32364 51109
811 42 24108
812 36012 51109
813 35916 51109
814 36780 51109
815 36876 51109
816 71316 27852
817 71316 29196
818 71316 32844
819 71316 30444
820 71316 31308
821 71316 29772
822 18924 51109
823 71316 30540
824 71316 28428
825 29676 42
826 26700 42
827 26796 42
828 36684 42
829 40812 42
830 38124 51109
831 40908 51109
832 41196 42
833 42 27180
834 43692 42
835 46860 42
836 42924 42
837 51084 42
838 46284 42
839 48300 42
840 52332 42
841 50316 42
842 54444 42
843 71316 23148
844 21228 42
845 71316 24108
846 71316 25068
847 71316 26412
848 49164 42
849 71316 24492
850 71316 25548
851 45420 51109
852 71316 30732
853 71316 31980
854 45036 51109
855 20076 42
