0 217423 140466
1 249700 130451
2 131955 79800
3 338128 126175
4 139346 76440
5 67433 86701
6 124640 73500
7 190665 51800
8 305170 162178
9 186912 56700
10 154710 174115
11 143545 111300
12 154232 112700
13 159232 190400
14 225752 133240
15 126295 50600
16 128606 194950
17 209696 59266
18 236377 65290
19 210377 48300
20 91543 91610
21 168236 84636
22 134444 66360
23 148607 67000
24 154337 120120
25 131176 71960
26 171352 165400
27 135724 48809
28 243846 56840
29 313801 167423
30 218025 55160
31 182520 180506
32 140780 17969
33 162167 47387
34 177317 53200
35 193562 49000
36 227322 111817
37 256576 78120
38 178030 60900
39 331380 191505
40 160882 57400
41 292362 52500
42 244473 58240
43 226181 154600
44 164547 26705
45 116660 4200
46 260252 59500
47 323059 187250
48 267947 53200
49 160127 57400
50 174502 26965
51 268517 67200
52 386604 179586
53 261012 63000
54 248105 61981
55 234792 44100
56 149482 39900
57 164017 42000
58 57886 49372
59 165680 35000
60 184252 42700
61 199253 42000
62 141290 180600
63 207165 111565
64 213484 10920
65 137085 40600
66 135068 51488
67 142167 44100
68 114676 173950
69 204012 10500
70 277609 201413
71 201096 32480
72 205342 21700
73 169860 4200
74 208477 14700
75 219341 207000
76 214866 26250
77 65208 60314
78 220162 13300
79 223602 27400
80 72905 206661
81 222822 39200
82 223757 246490
83 222139 39738
84 130102 60200
85 149767 59500
86 131717 53200
87 414480 101312
88 141342 55872
89 294457 69533
90 214985 110366
91 214852 190120
92 217455 200200
93 195086 87424
94 261638 188147
95 234697 191800
96 182219 114866
97 181056 200700
98 235668 142722
99 193610 166600
100 150290 63000
101 175686 106088
102 158597 207200
103 298055 107024
104 230470 195300
105 196354 116822
106 193566 218938
107 201637 204400
108 225431 78950
109 329970 76705
110 190166 116900
111 198882 207900
112 237310 62066
113 247902 62300
114 182400 210700
115 210070 60709
116 211842 82911
117 215156 98560
118 237357 194600
119 234878 120680
120 259008 158200
121 205784 54169
122 215500 15400
123 171418 48626
124 158616 143556
125 65866 122673
126 79496 58831
127 249369 165624
128 344505 79357
129 381646 105466
130 293949 74293
131 391206 37718
132 404826 95200
133 262516 144200
134 295774 45211
135 290985 66500
136 266782 147000
137 321274 84933
138 402087 112875
139 323000 64400
140 359480 50400
141 394668 95480
142 304823 152600
143 319770 48066
144 355996 61600
145 336376 33320
146 314625 42323
147 376960 101111
148 289665 159911
149 301774 33600
150 344964 40600
151 328763 47133
152 241608 158290
153 376010 51800
154 305071 19026
155 299693 137666
156 341556 55533
157 401738 225564
158 296888 139800
159 347106 219100
160 422193 113843
161 294983 178200
162 322240 164733
163 379335 229913
164 274135 23671
165 321480 188236
166 308465 137200
167 312218 118417
168 386170 163112
169 313880 167917
170 301781 157000
171 114617 200200
172 313690 156100
173 337155 116200
174 325850 138600
175 51951 225400
176 327626 194665
177 332310 238466
178 369265 228433
179 390151 171800
180 324710 238466
181 390948 167650
182 87083 208600
183 353568 219488
184 347168 212240
185 434435 219800
186 62082 215250
187 309998 109000
188 414595 231700
189 82840 208105
190 369051 165200
191 338922 229880
192 246810 207400
193 79697 167461
194 256180 148326
195 244593 138366
196 251583 208950
197 393069 154745
198 273613 212970
199 375820 181400
200 253460 186900
201 407930 180200
202 82429 163167
203 225245 198100
204 377258 66200
205 241186 218120
206 250990 246866
207 280992 210305
208 397276 181800
209 279616 92400
210 167580 133800
211 269610 245933
212 249723 249666
213 277146 196466
214 347193 78866
215 94335 151900
216 410062 171748
217 259223 246866
218 304551 215880
219 358340 68040
220 93999 130611
221 170240 233800
222 97066 131250
223 170154 183540
224 134870 232409
225 179645 161000
226 212610 238840
227 190190 192500
228 207005 230300
229 67999 137943
230 142861 165480
231 166450 204768
232 203975 247800
233 154964 163240
234 107865 135000
235 148500 240035
236 188290 254333
237 163270 152897
238 194528 246400
239 140061 229133
240 204711 245000
241 153121 189800
242 170658 158200
243 179692 218400
244 135470 170333
245 187973 247800
246 223376 237066
247 196595 155000
248 140742 223650
249 280313 87577
250 292885 73500
251 286615 72800
252 118116 65800
253 282656 65800
254 150231 103923
255 298325 75693
256 167136 65800
257 356186 111533
258 314640 127400
259 302670 154700
260 330980 99400
261 413523 191711
262 374110 134866
263 341810 231000
264 329143 95666
265 262666 93036
266 272175 79100
267 243485 165900
268 288483 94733
269 315025 128233
270 281643 89133
271 274681 103492
272 300770 94733
273 298490 91000
274 149466 244066
275 67152 173950
276 158650 224000
277 166946 238466
278 164096 250600
279 158903 248733
280 128834 198476
281 125617 220200
282 412927 74448
283 315210 62300
284 301910 63700
285 336363 59266
286 355548 76138
287 342914 90300
288 330790 59266
289 346560 63700
290 354702 89200
291 407850 90300
292 246479 249553
293 288610 230300
294 287892 182777
295 225910 228900
296 238196 259933
297 246810 256200
298 269831 221666
299 253650 91622
300 251940 79800
301 233298 136733
302 224200 161000
303 271130 49933
304 258590 50866
305 248076 47133
306 246507 43296
307 276703 51800
308 268976 46200
309 55731 207552
310 174881 195000
311 199880 211400
312 247000 114800
313 182805 176120
314 130783 197400
315 148593 198800
316 131036 203000
317 122803 249666
318 308804 82600
319 302353 86644
320 315336 92866
321 335476 159133
322 352956 97533
323 330916 153533
324 298775 228900
325 299915 222600
326 317996 246866
327 329016 248733
328 319010 252466
329 239742 125160
330 234555 197400
331 227050 137200
332 254410 116200
333 274930 91000
334 272523 81666
335 260822 98000
336 190760 125160
337 221892 98600
338 194655 197400
339 221635 226800
340 190570 248733
341 219830 220733
342 207337 186200
343 204915 198200
344 206102 215600
345 195030 214200
346 322050 57400
347 134330 120400
348 117230 113400
349 336490 44800
350 145160 268800
351 179170 264600
352 200450 270200
353 235410 116200
354 242820 65800
355 278350 93800
356 285190 233800
357 283290 275800
358 195890 274400
359 377910 130200
360 295070 81200
361 337820 170800
362 140410 205800
363 196466 121706
364 173470 278600
365 203870 278600
366 356250 4200
367 467210 124600
368 328510 281400
369 456950 138600
370 322810 7000
371 299630 4200
372 291270 4200
373 349790 4200
374 346750 9800
375 333070 9800
376 197410 278600
377 334210 12600
378 340290 21000
379 301530 51800
380 163210 54600
381 288990 46200
382 146870 65800
383 326230 12600
384 336490 4200
385 328510 4200
386 304570 46200
387 116090 278600
388 310270 7000
389 329270 7000
390 349410 18200
391 355490 15400
392 345610 15400
393 374870 99400
394 337250 7000
395 354350 12600
396 139270 270200
397 144590 261800
398 124830 281400
399 118370 281400
400 131290 281400
401 129390 275800
402 91770 152600
403 130150 172200
404 171190 281400
405 137750 281400
406 123310 166600
407 128250 169400
408 124070 278600
409 190950 278600
410 230090 281400
411 204250 273000
412 184110 275800
413 204630 281400
414 173470 273000
415 164730 281400
416 178410 259000
417 194750 281400
418 258590 74200
419 225530 4200
420 245670 281400
421 260870 85400
422 282150 49000
423 294690 54600
424 274930 63000
425 268470 74200
426 150670 281400
427 247950 4200
428 232370 4200
429 235410 278600
430 257450 4200
431 283670 43400
432 293550 43400
433 340290 9800
434 265430 4200
435 238830 4200
436 241870 7000
437 165110 270200
438 216410 281400
439 260490 82600
440 288230 57400
441 281390 57400
442 268850 54600
443 276450 54600
444 262390 278600
445 284810 281400
446 236550 281400
447 263530 275800
448 147630 278600
449 272270 281400
450 242250 275800
451 259350 281400
452 249470 278600
453 309130 278600
454 265810 281400
455 291270 281400
456 297730 281400
457 338770 278600
458 322050 281400
459 141550 275800
460 305710 281400
461 301910 278600
462 155610 275800
463 171190 275800
464 212230 278600
465 140030 278600
466 180310 281400
467 215650 275800
468 177270 256200
469 186770 281400
470 144210 281400
471 311030 46200
472 292410 88200
473 308750 4200
474 333070 91000
475 354730 9800
476 342950 60200
477 332690 49000
478 470630 107800
479 315590 281400
480 315210 4200
481 181450 273000
482 297350 49000
483 470630 149800
484 345230 281400
485 366890 281400
486 355110 281400
487 345230 7000
488 258590 71400
489 321670 4200
490 362710 4200
491 337630 281400
492 154850 278600
493 173790 287430
494 108830 140
495 369790 140
496 254430 140
497 263390 140
498 221950 140
499 144670 140
500 148030 140
501 211870 140
502 133470 140
503 184990 140
504 195070 140
505 198430 287430
506 224190 140
507 220830 140
508 182750 140
509 146910 287430
510 132350 140
511 127870 140
512 134590 140
513 180510 140
514 126750 140
515 131230 140
516 161470 140
517 209630 140
518 210750 140
519 201790 140
520 223070 140
521 198430 140
522 190590 140
523 234270 140
524 230910 140
525 160350 140
526 169310 140
527 123390 140
528 112190 140
529 113310 140
530 114430 140
531 155870 287430
532 117790 140
533 116670 140
534 136830 140
535 118910 140
536 124510 140
537 121150 140
538 142430 140
539 174910 140
540 155870 140
541 150270 140
542 193950 140
543 177150 140
544 220830 287430
545 228670 140
546 227550 140
547 236510 140
548 171550 140
549 212990 140
550 154750 140
551 233150 140
552 363070 140
553 257790 140
554 243230 140
555 120030 140
556 153630 140
557 159230 140
558 200670 287430
559 137950 140
560 173790 140
561 216350 140
562 215230 140
563 214110 140
564 181630 140
565 151390 287430
566 130110 140
567 169310 287430
568 139070 140
569 158110 140
570 183870 140
571 151390 140
572 149150 140
573 211870 287430
574 210750 287430
575 202910 287430
576 212990 287430
577 115550 140
578 193950 287430
579 189470 287430
580 238750 140
581 233150 287430
582 282430 140
583 167070 140
584 226430 140
585 164830 140
586 244350 140
587 253310 140
588 122270 140
589 229790 140
590 242110 140
591 162590 140
592 163710 140
593 204030 140
594 145790 140
595 179390 140
596 205150 140
597 199550 140
598 202910 140
599 125630 140
600 178270 140
601 156990 140
602 165950 287430
603 140190 140
604 146910 140
605 188350 140
606 141310 140
607 143550 140
608 217470 287430
609 232030 287430
610 135710 140
611 190590 287430
612 229790 287430
613 180510 287430
614 186110 287430
615 239870 140
616 235390 140
617 252190 140
618 170430 140
619 232030 140
620 172670 140
621 176030 140
622 178270 287430
623 170430 287430
624 195070 287430
625 361950 140
626 342910 140
627 337310 287430
628 476470 142380
629 329470 140
630 333950 140
631 309310 140
632 344030 287430
633 352990 140
634 476470 137900
635 314910 140
636 330590 140
637 351870 140
638 289150 140
639 133470 287430
640 366430 140
641 128990 140
642 266750 140
643 261150 140
644 111070 140
645 168190 140
646 109950 140
647 272350 140
648 337310 140
649 341790 140
650 354110 140
651 345150 140
652 476470 116620
653 332830 140
654 346270 140
655 125630 287430
656 135710 287430
657 128990 287430
658 121150 287430
659 161470 287430
660 156990 287430
661 171550 287430
662 123390 287430
663 131230 287430
664 132350 287430
665 137950 287430
666 162590 287430
667 163710 287430
668 214110 287430
669 247710 287430
670 207390 287430
671 225310 287430
672 199550 287430
673 192830 287430
674 221950 287430
675 196190 287430
676 191710 287430
677 248830 287430
678 305950 140
679 236510 287430
680 319390 140
681 304830 140
682 290270 140
683 275710 140
684 274590 140
685 159230 287430
686 248830 140
687 247710 140
688 226430 287430
689 245470 140
690 270110 140
691 260030 140
692 273470 140
693 256670 140
694 280190 140
695 368670 140
696 145790 287430
697 235390 287430
698 292510 140
699 300350 140
700 302590 140
701 365310 140
702 311550 140
703 251070 287430
704 277950 287430
705 228670 287430
706 311550 287430
707 227550 287430
708 271230 287430
709 264510 287430
710 268990 287430
711 254430 287430
712 291390 287430
713 281310 287430
714 273470 287430
715 290270 287430
716 303710 287430
717 304830 287430
718 187230 287430
719 327230 287430
720 317150 287430
721 280190 287430
722 176030 287430
723 223070 287430
724 224190 287430
725 183870 287430
726 204030 287430
727 237630 287430
728 245470 287430
729 234270 287430
730 307070 140
731 294750 140
732 276830 140
733 476470 128940
734 322750 140
735 476470 121100
736 326110 140
737 346270 287430
738 295870 140
739 321630 140
740 230910 287430
741 281310 140
742 348510 287430
743 351870 287430
744 352990 287430
745 349630 287430
746 323870 287430
747 301470 140
748 357470 287430
749 313790 140
750 345150 287430
751 144670 287430
752 208510 287430
753 359710 140
754 476470 125580
755 331710 287430
756 476470 139020
757 327230 140
758 303710 140
759 310430 140
760 355230 140
761 350750 140
762 335070 140
763 205150 287430
764 328350 140
765 356350 140
766 288030 140
767 165950 140
768 283550 140
769 152510 140
770 323870 140
771 339550 140
772 331710 140
773 308190 140
774 116670 287430
775 316030 140
776 324990 140
777 360830 140
778 357470 140
779 348510 140
780 476470 115500
781 340670 140
782 364190 140
783 142430 287430
784 139070 287430
785 124510 287430
786 122270 287430
787 127870 287430
788 130110 287430
789 140 153580
790 140 163660
791 174910 287430
792 141310 287430
793 140 162540
794 140 167020
795 126750 287430
796 206270 287430
797 239870 287430
798 216350 287430
799 201790 287430
800 209630 287430
801 177150 287430
802 164830 287430
803 181630 287430
804 197310 287430
805 262270 140
806 249950 140
807 249950 287430
808 264510 140
809 285790 140
810 298110 140
811 279070 140
812 271230 140
813 153630 287430
814 251070 140
815 237630 140
816 238750 287430
817 255550 140
818 286910 140
819 296990 140
820 344030 140
821 268990 140
822 240990 140
823 246590 140
824 167070 287430
825 219710 287430
826 265630 140
827 291390 140
828 284670 140
829 267870 140
830 277950 140
831 265630 287430
832 288030 287430
833 240990 287430
834 266750 287430
835 134590 287430
836 286910 287430
837 256670 287430
838 263390 287430
839 253310 287430
840 312670 287430
841 267870 287430
842 270110 287430
843 292510 287430
844 341790 287430
845 320510 287430
846 140190 287430
847 308190 287430
848 296990 287430
849 154750 287430
850 172670 287430
851 215230 287430
852 143550 287430
853 182750 287430
854 218590 287430
855 179390 287430
856 188350 287430
857 136830 287430
858 312670 140
859 293630 140
860 317150 140
861 336190 140
862 358590 140
863 347390 140
864 338430 140
865 476470 106540
866 319390 287430
867 318270 140
868 184990 287430
869 299230 140
870 476470 143500
871 350750 287430
872 370910 287430
873 359710 287430
874 349630 140
875 258910 140
876 320510 140
877 367550 140
878 340670 287430
879 158110 287430
