0 32216 13961
1 23196 35910
2 35923 23648
3 36706 24246
4 30003 21195
5 29868 21757
6 8306 16560
7 17817 27792
8 35832 12094
9 48582 16122
10 44703 31203
11 4347 19845
12 31172 15027
13 25346 21857
14 20092 29046
15 45831 31527
16 20329 30953
17 41997 16599
18 44553 30772
19 28034 22135
20 30268 13464
21 24340 27221
22 35744 26311
23 41626 20607
24 40577 30851
25 12330 33626
26 40468 21217
27 49759 28530
28 27595 34335
29 45069 22750
30 26307 31695
31 31737 35113
32 17708 24873
33 34818 22095
34 46926 24950
35 38767 28917
36 15719 33498
37 25083 42795
38 26532 31833
39 8505 28711
40 40006 19081
41 33567 33237
42 41990 24359
43 45120 22891
44 21968 15350
45 30914 26709
46 39591 24322
47 26055 19800
48 9898 27830
49 41121 16655
50 49357 20080
51 15231 29902
52 11330 15596
53 10990 27119
54 30616 11940
55 33565 29835
56 9379 22140
57 32819 16285
58 39345 13931
59 30843 31158
60 28284 28528
61 19959 16985
62 19899 17222
63 34256 18675
64 32249 22747
65 30777 13561
66 11244 23586
67 20670 14265
68 16791 39344
69 33103 38583
70 38368 26743
71 41447 30035
72 34223 22365
73 36704 30645
74 43563 17569
75 27817 23021
76 37188 23401
77 31779 2295
78 36589 19045
79 45207 11063
80 10401 15288
81 47295 12590
82 43979 13519
83 46238 6551
84 26824 25312
85 58880 10896
86 42887 14647
87 26462 28877
88 40161 17470
89 46953 9531
90 49607 6526
91 29136 25725
92 41566 33320
93 39744 6817
94 45674 17820
95 53235 19283
96 51893 18918
97 26544 14915
98 53490 15280
99 62348 16991
100 49770 15328
101 57301 17492
102 66690 20775
103 61678 14661
104 47216 17033
105 48177 20215
106 63498 18751
107 58557 23358
108 43324 32592
109 38270 33038
110 44537 33603
111 60745 31936
112 32042 32140
113 30283 38424
114 57641 35389
115 31620 37755
116 38274 39670
117 43499 35032
118 35130 38300
119 56025 35775
120 62982 38146
121 22963 22092
122 11380 11023
123 30800 20756
124 24814 8550
125 15264 37665
126 19435 21632
127 12010 10347
128 21676 25421
129 21474 13275
130 14290 12775
131 25634 22457
132 4320 10665
133 27582 20529
134 26126 22172
135 37666 21523
136 13220 9658
137 28795 8139
138 37742 10530
139 37656 13005
140 24317 8694
141 33204 9195
142 60521 11870
143 56774 13219
144 52654 27465
145 52257 25665
146 54249 27770
147 52137 27945
148 38051 28108
149 37241 26604
150 59359 31669
151 43569 29315
152 42377 22882
153 56243 33682
154 38882 20221
155 47688 38175
156 44694 40933
157 50467 38277
158 42846 38175
159 50227 33190
160 23598 18528
161 20628 17341
162 58716 22275
163 50206 21802
164 58914 24225
165 62812 36860
166 57690 36594
167 16466 38100
168 18370 37881
169 15516 37260
170 22300 26595
171 21238 27073
172 24020 25443
173 26306 41658
174 3739 18630
175 27931 42390
176 22450 39420
177 42430 33480
178 43564 33075
179 41917 42390
180 44401 36180
181 46939 36990
182 46534 38340
183 49018 38205
184 48262 36990
185 43564 41445
186 42268 42795
187 3118 19305
188 41863 42390
189 45832 5940
190 43969 6210
191 41485 6615
192 39433 4995
193 42214 6210
194 39757 5670
195 39082 7695
196 41323 6210
197 39973 6885
198 2551 20115
199 41269 6075
200 48127 3375
201 44185 5805
202 43834 3375
203 42997 5805
204 39892 5535
205 38299 5130
206 40054 6345
207 3685 17010
208 26122 6750
209 24124 31995
210 23719 31050
211 22423 31320
212 2551 18630
213 24880 7695
214 31576 3915
215 22882 39555
216 25420 31455
217 25825 30780
218 23287 37125
219 25636 6750
220 28147 3375
221 2767 13770
222 2632 13500
223 31630 3645
224 24502 30780
225 24205 30645
226 4495 19035
227 22207 31050
228 22315 31050
229 34438 41985
230 30226 42525
231 33493 42660
232 38974 42255
233 39676 41715
234 40837 40230
235 39568 40905
236 35491 42660
237 21235 42120
238 46021 42525
239 32899 42525
240 35059 42795
241 34330 42255
242 41620 40905
243 45265 42660
244 45643 39150
245 42133 40770
246 44185 41985
247 34465 37395
248 21154 39150
249 35518 36720
250 40513 42255
251 42862 41580
252 45427 41715
253 44104 41175
254 44806 41850
255 39406 42660
256 34735 42660
257 33466 41985
258 35059 42120
259 25366 42390
260 31684 42525
261 37651 42525
262 38191 42660
263 32440 42795
264 65407 25785
265 68971 24705
266 68134 27405
267 49693 9180
268 68917 26325
269 69889 23625
270 22909 42120
271 69700 24975
272 67918 25515
273 28201 3780
274 2767 15660
275 25285 3375
276 27202 3105
277 40108 37530
278 39379 41445
279 40351 42390
280 46102 2835
281 22909 41580
282 51907 2700
283 54526 3375
284 53959 3105
285 47938 2565
286 49018 2430
287 49720 3105
288 47506 3105
289 48235 2700
290 52042 2835
291 54553 3780
292 24745 6885
293 69889 16875
294 49261 2970
295 68998 22005
296 68890 22545
297 69700 22410
298 52042 3780
299 45400 36450
300 46183 33615
301 49072 36855
302 43240 36990
303 37643 10044
304 37978 9898
305 28389 19331
306 28836 17606
307 32906 36410
308 38379 41175
309 37734 40713
310 41314 36881
311 42197 18869
312 45714 13077
313 49106 10952
314 31692 45030
315 42 18156
316 41292 45030
317 41196 45030
318 38796 45030
319 36204 45030
320 32556 42
321 26220 45030
322 21996 45030
323 32460 42
324 39084 45030
325 38124 45030
326 20556 45030
327 38700 42
328 36492 42
329 36684 42
330 35148 42
331 42 18732
332 39180 45030
333 38508 42
334 37644 42
335 40524 45030
336 38700 45030
337 17580 45030
338 33996 42
339 34668 42
340 35244 42
341 35340 42
342 33804 42
343 35820 42
344 36204 42
345 35052 42
346 18060 45030
347 20748 45030
348 19692 45030
349 21900 45030
350 42 23436
351 42 20364
352 42 19980
353 42 19596
354 42 18252
355 42 23340
356 20268 45030
357 19596 45030
358 21708 45030
359 30732 42
360 42 23148
361 21036 45030
362 42 23916
363 19980 45030
364 19884 45030
365 20652 45030
366 19788 45030
367 21804 45030
368 31500 45030
369 25548 45030
370 24300 45030
371 36684 45030
372 29388 45030
373 36876 45030
374 37068 45030
375 32748 45030
376 42 18348
377 28428 45030
378 28332 45030
379 22860 45030
380 28524 45030
381 37164 45030
382 36108 45030
383 37260 45030
384 36396 45030
385 37356 45030
386 37164 42
387 42 22764
388 42 19308
389 40428 45030
390 39372 45030
391 39852 45030
392 40332 45030
393 40044 45030
394 35724 42
395 35532 42
396 32364 42
397 33612 42
398 19212 45030
399 32268 42
400 35436 45030
401 34764 45030
402 30252 42
403 33516 45030
404 27564 45030
405 22380 45030
406 38892 45030
407 40812 45030
408 40908 45030
409 42 22188
410 39276 45030
411 35244 45030
412 27756 45030
413 27372 45030
414 21228 45030
415 27660 45030
416 38412 45030
417 38028 45030
418 38508 45030
419 37548 42
420 21516 45030
421 35916 45030
422 38028 42
423 42 19212
424 39948 42
425 40044 42
426 40716 45030
427 41484 45030
428 41580 45030
429 31212 42
430 32652 42
431 25068 45030
432 31884 42
433 34956 42
434 33324 42
435 34284 42
436 35724 45030
437 35628 42
438 33708 45030
439 26124 45030
440 23916 45030
441 37644 45030
442 18444 45030
443 22572 45030
444 29004 45030
445 33708 42
446 41100 45030
447 43308 45030
448 42348 45030
449 42156 45030
450 43596 45030
451 43692 45030
452 43980 45030
453 42252 42
454 43500 42
455 43116 45030
456 36300 42
457 40428 42
458 37740 42
459 39372 42
460 37452 42
461 37260 42
462 36876 42
463 37068 42
464 36780 42
465 38988 42
466 36972 42
467 36396 42
468 38412 42
469 38796 42
470 37932 42
471 37836 42
472 39468 42
473 37356 42
474 38892 42
475 38124 42
476 35436 42
477 24876 42
478 24972 42
479 26796 42
480 28332 42
481 33228 45030
482 34956 45030
483 35148 45030
484 26316 45030
485 29100 42
486 29004 42
487 26892 45030
488 27180 45030
489 29772 42
490 28428 42
491 27276 42
492 30828 42
493 30348 42
494 29484 42
495 27468 45030
496 27372 42
497 28812 42
498 31020 45030
499 29868 45030
500 29484 45030
501 32268 45030
502 37740 45030
503 37452 45030
504 37548 45030
505 36012 45030
506 31596 42
507 39948 45030
508 36588 45030
509 37836 45030
510 36780 45030
511 39660 45030
512 46188 45030
513 46860 45030
514 41676 45030
515 46956 45030
516 46476 45030
517 33420 42
518 36492 45030
519 45900 45030
520 42060 45030
521 44652 45030
522 43404 45030
523 43884 45030
524 31116 45030
525 32652 45030
526 30924 45030
527 32940 45030
528 30828 45030
529 38988 45030
530 32556 45030
531 34476 45030
532 31884 45030
533 49356 45030
534 72411 26892
535 72411 27468
536 45804 45030
537 47052 45030
538 48684 42
539 32172 42
540 48876 42
541 46188 42
542 42 16140
543 42 15948
544 42 15660
545 46092 42
546 44844 42
547 36588 42
548 44940 42
549 45900 42
550 33516 42
551 50604 42
552 48204 42
553 51756 42
554 48300 42
555 46956 42
556 47724 42
557 45804 42
558 45996 42
559 51468 42
560 51276 42
561 45708 42
562 51660 42
563 48396 42
564 47052 42
565 48108 42
566 51564 42
567 50988 42
568 46092 45030
569 50316 42
570 50892 42
571 42540 42
572 28908 42
573 22668 45030
574 42636 45030
575 43788 45030
576 42540 45030
577 44172 45030
578 46764 45030
579 46380 45030
580 48012 45030
581 48108 45030
582 44076 45030
583 43020 45030
584 42 18060
585 42252 45030
586 46284 42
587 44556 42
588 42060 42
589 39756 42
590 42444 42
591 40236 42
592 39276 42
593 42348 42
594 40140 42
595 42 20556
596 41676 42
597 48780 42
598 44364 42
599 44268 42
600 43980 42
601 40332 42
602 38604 42
603 40716 42
604 42 14316
605 26028 42
606 20940 45030
607 22476 45030
608 22764 45030
609 42 18540
610 25260 42
611 33228 42
612 23244 45030
613 25452 45030
614 23724 45030
615 23340 45030
616 27756 42
617 30636 42
618 42 16908
619 42 14892
620 32076 42
621 24684 45030
622 23820 45030
623 42 18444
624 24108 45030
625 24012 45030
626 34668 45030
627 32844 45030
628 34284 45030
629 39468 45030
630 32460 45030
631 41388 45030
632 40140 45030
633 35532 45030
634 21420 45030
635 46284 45030
636 33420 45030
637 35340 45030
638 34572 45030
639 41964 45030
640 45516 45030
641 45612 45030
642 42444 45030
643 45036 45030
644 36300 45030
645 21324 45030
646 35820 45030
647 41004 45030
648 42828 45030
649 45996 45030
650 45132 45030
651 45228 45030
652 39564 45030
653 35052 45030
654 33612 45030
655 34860 45030
656 25740 45030
657 31980 45030
658 37932 45030
659 36972 45030
660 32364 45030
661 72411 25644
662 72411 24876
663 72411 27372
664 49932 42
665 72411 26508
666 72411 23436
667 22956 45030
668 72411 25260
669 72411 25548
670 26988 42
671 42 15564
672 25548 42
673 22860 42
674 40236 45030
675 39756 45030
676 40620 45030
677 46668 42
678 21612 45030
679 52812 42
680 55116 42
681 55020 42
682 48012 42
683 49164 42
684 50508 42
685 46572 42
686 48588 42
687 53772 42
688 54924 42
689 25164 42
690 72411 18348
691 49548 42
692 72411 22380
693 72411 23148
694 72411 22956
695 53196 42
696 45708 45030
697 46668 45030
698 49260 45030
699 43500 45030
700 42 16332
