0 246810 148866
1 163307 76296
2 40439 154883
3 182685 153300
4 345870 150242
5 189192 149100
6 243229 101338
7 69970 108389
8 149625 140000
9 283905 150200
10 119225 77140
11 154992 147700
12 167295 163100
13 236451 143567
14 168862 156100
15 207753 170625
16 83289 125618
17 166618 196741
18 230802 115500
19 234606 83461
20 55485 150518
21 163162 158900
22 338828 138600
23 173229 140840
24 141034 201400
25 221008 155400
26 232215 152807
27 232598 123480
28 337765 158800
29 230190 96270
30 213261 166500
31 36211 90374
32 154945 119000
33 165727 123200
34 225321 68600
35 220172 136360
36 257717 143670
37 221523 142130
38 173755 139300
39 286916 117173
40 180357 140700
41 212467 61600
42 193681 58100
43 228000 152133
44 60498 89268
45 85595 35000
46 182988 180600
47 317501 47847
48 322392 181720
49 177006 53092
50 126898 74200
51 156864 75320
52 334175 137360
53 174657 60200
54 146252 128800
55 151889 126233
56 153092 114100
57 307883 164129
58 160787 130900
59 111623 154137
60 171997 22400
61 172812 67092
62 167817 61600
63 184148 165480
64 190076 140840
65 200836 143500
66 154280 93100
67 155740 102725
68 161737 91000
69 158194 179853
70 180120 36680
71 334679 184882
72 177194 23800
73 113240 4200
74 194104 40600
75 333042 186800
76 191306 30450
77 134078 158166
78 180642 14000
79 183757 23200
80 148831 210340
81 202872 30800
82 196215 27800
83 198692 162400
84 243212 140093
85 208382 158200
86 206720 133622
87 441296 116320
88 208572 56700
89 313397 82600
90 238228 97533
91 251770 74200
92 312058 149964
93 228641 55650
94 269752 75600
95 220431 50400
96 253697 172277
97 253858 86574
98 286960 131378
99 215607 59577
100 248530 175155
101 266907 63777
102 263625 49700
103 206988 39447
104 211524 184400
105 340792 156717
106 88546 33086
107 354518 55688
108 235308 40973
109 341810 164294
110 248836 14466
111 247997 18900
112 209932 201981
113 211487 30418
114 99304 46200
115 450678 48349
116 248735 23240
117 254600 96600
118 287596 35466
119 205057 124250
120 175195 71400
121 202759 107153
122 63901 140121
123 113986 91597
124 198673 95354
125 293528 203582
126 422780 115463
127 397061 29659
128 300867 80876
129 459729 61340
130 322491 87658
131 300932 192600
132 159970 14866
133 309385 199623
134 326550 86284
135 424523 106466
136 299725 74900
137 418760 49700
138 350226 56089
139 433428 94360
140 324425 187133
141 345230 37800
142 367161 86000
143 226670 52500
144 347396 69533
145 301656 189466
146 156784 38818
147 436468 55720
148 361190 34066
149 432250 69533
150 154915 21544
151 351816 45266
152 316920 111066
153 440140 131284
154 325406 216066
155 454046 188014
156 142223 32814
157 328415 118300
158 286257 122760
159 389210 101061
160 295285 146618
161 295640 121800
162 299399 144400
163 319238 143080
164 165734 234600
165 352499 196791
166 351183 213266
167 406545 121400
168 335730 214200
169 379009 126000
170 178828 214760
171 362306 186025
172 427500 193900
173 155562 223650
174 299141 123800
175 446215 179666
176 287113 38150
177 88413 193355
178 286963 49933
179 386058 89222
180 232570 79333
181 275373 73266
182 299228 40007
183 336897 131000
184 262770 77700
185 366246 126587
186 394801 30730
187 259540 74200
188 236511 42538
189 364230 25307
190 287622 23240
191 267963 15400
192 307285 44167
193 352463 125800
194 268723 11666
195 275800 22633
196 273536 16333
197 223127 51800
198 68962 194084
199 280250 9800
200 301283 54320
201 188183 183400
202 203752 110600
203 237007 168509
204 265303 214200
205 226468 209058
206 127901 124133
207 366282 227640
208 226822 200200
209 181657 109560
210 381160 220209
211 112803 116200
212 378100 228511
213 192008 137000
214 180799 202160
215 259983 223533
216 218400 221673
217 353431 238000
218 203521 226333
219 374680 229400
220 154153 147000
221 120389 107827
222 272713 223533
223 149340 131880
224 275766 88946
225 282340 81200
226 334970 57400
227 333450 63933
228 232750 116035
229 335920 74000
230 325850 67666
231 329935 133700
232 324520 140700
233 275272 154840
234 370865 149904
235 352323 211400
236 354603 204866
237 351690 214200
238 372867 47578
239 247285 43400
240 245353 158200
241 260236 60200
242 303348 126876
243 246050 50866
244 260743 97533
245 257703 49000
246 250863 63000
247 161500 207900
248 64626 215939
249 192280 175000
250 195415 209300
251 223820 215133
252 179550 228200
253 181956 224466
254 101514 237400
255 326135 42700
256 305805 42000
257 340163 19133
258 352626 39400
259 362203 21933
260 358625 24500
261 360962 45266
262 391332 212436
263 353210 226333
264 311125 209300
265 285274 165044
266 260680 200200
267 355363 231933
268 344343 216066
269 361641 190225
270 300162 176232
271 211723 26600
272 234935 39900
273 238365 119000
274 233795 143500
275 204503 20066
276 251496 16333
277 157066 58333
278 227050 18200
279 202730 23800
280 202825 163100
281 128192 212619
282 198981 178818
283 226670 212100
284 258875 77700
285 166250 211400
286 131185 223078
287 174990 218866
288 187403 231000
289 302100 88900
290 344470 48066
291 353590 110600
292 353336 34066
293 348903 25666
294 314165 197400
295 268755 189700
296 330030 223533
297 337250 223533
298 330536 218866
299 233510 165200
300 244530 141400
301 196270 24733
302 189176 25666
303 181576 20066
304 178600 78120
305 170647 71800
306 237120 163800
307 255170 201600
308 261376 228200
309 260363 208600
310 226337 17500
311 232850 17463
312 360430 16800
313 274740 84000
314 173470 155400
315 171190 211400
316 312550 72800
317 425600 86800
318 255170 239400
319 274550 236600
320 172140 72800
321 251560 140000
322 315020 238000
323 341430 123200
324 349410 18200
325 221858 30935
326 237690 9800
327 160550 236600
328 332690 4200
329 331930 12600
330 339530 4200
331 352070 7000
332 302290 7000
333 302670 4200
334 311410 4200
335 336870 37800
336 350550 29400
337 360050 23800
338 186390 236600
339 358530 7000
340 350550 26600
341 295830 7000
342 292790 77000
343 293930 79800
344 317870 71400
345 346750 15400
346 342190 23800
347 336490 26600
348 288230 68600
349 158270 239400
350 312550 9800
351 472530 91000
352 319390 7000
353 488110 91000
354 488490 85400
355 370310 4200
356 487730 88200
357 488110 96600
358 166630 225400
359 188670 245000
360 173470 231000
361 160170 225400
362 171190 239400
363 167010 236600
364 173850 242200
365 174230 236600
366 151050 245000
367 166250 242200
368 172710 228200
369 158270 245000
370 144590 245000
371 222490 242200
372 272650 245000
373 288230 245000
374 266950 242200
375 262010 222600
376 265810 245000
377 166250 245000
378 267710 231000
379 267710 239400
380 232370 4200
381 205010 7000
382 238830 245000
383 209950 12600
384 204250 4200
385 189810 7000
386 183350 7000
387 174990 4200
388 194370 242200
389 253270 4200
390 218690 9800
391 238830 4200
392 195890 4200
393 208810 18200
394 216410 15400
395 239970 12600
396 222490 12600
397 189430 4200
398 209570 245000
399 153330 242200
400 245670 245000
401 220590 7000
402 211850 4200
403 245670 4200
404 224390 4200
405 212990 7000
406 260870 4200
407 319010 9800
408 258970 7000
409 290890 4200
410 175750 245000
411 289370 7000
412 325470 12600
413 340670 18200
414 329650 15400
415 303810 242200
416 277210 242200
417 281770 245000
418 318630 239400
419 328510 245000
420 342570 245000
421 196270 245000
422 334970 245000
423 314830 245000
424 262010 219800
425 296970 239400
426 269230 233800
427 332310 242200
428 341810 242200
429 361190 242200
430 348270 242200
431 343710 228200
432 159790 242200
433 317870 4200
434 299630 71400
435 287090 74200
436 347130 4200
437 341810 7000
438 354730 242200
439 349030 245000
440 333830 7000
441 321670 245000
442 325090 4200
443 203870 242200
444 286330 77000
445 335350 239400
446 343330 233800
447 378290 245000
448 417810 245000
449 343330 239400
450 305330 68600
451 325850 7000
452 331930 9800
453 347510 9800
454 203110 245000
455 240990 140
456 140 118860
457 209630 249030
458 182750 140
459 130110 249030
460 133470 249030
461 149150 140
462 164830 140
463 187230 249030
464 150270 140
465 163710 140
466 195070 140
467 199550 249030
468 176030 140
469 202910 140
470 139070 249030
471 151390 249030
472 223070 249030
473 179390 249030
474 143550 249030
475 225310 249030
476 198430 249030
477 205150 249030
478 84190 140
479 245470 249030
480 244350 249030
481 245470 140
482 252190 140
483 255550 140
484 275710 140
485 276830 140
486 270110 140
487 146910 140
488 85310 140
489 88670 140
490 78590 140
491 140 126700
492 140 127820
493 220830 249030
494 140 131180
495 140 122220
496 140 123340
497 140 132300
498 140 125580
499 140 136780
500 140 124460
501 134590 140
502 118910 140
503 133470 140
504 141310 140
505 140 115500
506 207390 249030
507 201790 140
508 156990 140
509 217470 249030
510 191710 249030
511 201790 249030
512 181630 249030
513 183870 140
514 180510 140
515 171550 140
516 150270 249030
517 140 121100
518 155870 249030
519 165950 140
520 197310 249030
521 160350 140
522 158110 140
523 186110 140
524 169310 140
525 196190 140
526 145790 249030
527 164830 249030
528 140 111020
529 221950 249030
530 188350 249030
531 154750 249030
532 220830 140
533 204030 249030
534 205150 140
535 253310 249030
536 279070 140
537 253310 140
538 274590 140
539 81950 140
540 268990 140
541 282430 140
542 246590 140
543 254430 140
544 216350 249030
545 186110 249030
546 212990 249030
547 210750 249030
548 184990 249030
549 179390 140
550 83070 140
551 170430 140
552 161470 249030
553 159230 249030
554 162590 140
555 196190 249030
556 161470 140
557 159230 140
558 188350 140
559 172670 140
560 191710 140
561 140 119980
562 153630 249030
563 169310 249030
564 227550 249030
565 189470 249030
566 142430 249030
567 223070 140
568 202910 249030
569 206270 140
570 251070 249030
571 283550 140
572 80830 140
573 249950 140
574 277950 140
575 271230 140
576 284670 140
577 244350 140
578 273470 140
579 224190 249030
580 165950 249030
581 215230 249030
582 173790 249030
583 148030 140
584 232030 249030
585 261150 140
586 255550 249030
587 366430 140
588 358590 140
589 348510 140
590 363070 140
591 319390 140
592 364190 140
593 309310 140
594 376510 140
595 370910 140
596 359710 140
597 312670 140
598 384350 140
599 337310 140
600 285790 140
601 170430 249030
602 291390 140
603 182750 249030
604 333950 140
605 329470 140
606 344030 140
607 326110 140
608 172670 249030
609 310430 140
610 494210 86380
611 298110 140
612 494210 81900
613 349630 140
614 369790 140
615 345150 140
616 368670 140
617 160350 249030
618 176030 249030
619 177150 249030
620 214110 249030
621 192830 249030
622 134590 249030
623 219710 249030
624 137950 249030
625 234270 249030
626 156990 249030
627 163710 249030
628 183870 249030
629 178270 249030
630 238750 249030
631 308190 249030
632 309310 249030
633 302590 249030
634 296990 249030
635 279070 249030
636 252190 249030
637 286910 249030
638 292510 249030
639 236510 249030
640 174910 140
641 240990 249030
642 178270 140
643 199550 140
644 184990 140
645 189470 140
646 197310 140
647 243230 249030
648 233150 140
649 210750 140
650 230910 249030
651 193950 140
652 200670 140
653 204030 140
654 229790 140
655 251070 140
656 242110 140
657 260030 140
658 195070 249030
659 239870 249030
660 265630 140
661 263390 140
662 256670 140
663 248830 140
664 272350 140
665 262270 140
666 313790 140
667 258910 140
668 311550 140
669 248830 249030
670 288030 140
671 286910 140
672 281310 140
673 280190 140
674 285790 249030
675 228670 249030
676 265630 249030
677 229790 249030
678 264510 249030
679 260030 249030
680 258910 249030
681 333950 249030
682 270110 249030
683 300350 249030
684 360830 249030
685 261150 249030
686 377630 249030
687 375390 249030
688 370910 249030
689 365310 249030
690 349630 249030
691 246590 249030
692 308190 140
693 300350 140
694 267870 140
695 340670 140
696 322750 140
697 358590 249030
698 355230 249030
699 357470 249030
700 321630 140
701 324990 249030
702 249950 249030
703 293630 140
704 350750 249030
705 354110 249030
706 363070 249030
707 361950 249030
708 337310 249030
709 299230 140
710 356350 140
711 365310 140
712 355230 140
713 218590 249030
714 162590 249030
715 335070 140
716 331710 140
717 341790 140
718 357470 140
719 303710 140
720 305950 140
721 316030 140
722 339550 140
723 354110 140
724 367550 140
725 190590 249030
726 360830 140
727 361950 140
728 301470 140
729 295870 140
730 294750 140
731 320510 140
732 350750 140
733 347390 140
734 338430 140
735 292510 140
736 131230 249030
737 314910 140
738 494210 87500
739 317150 140
740 494210 89740
741 494210 85260
742 380990 140
743 494210 88620
744 494210 96460
745 146910 249030
746 193950 249030
747 174910 249030
748 144670 249030
749 132350 249030
750 168190 249030
751 140190 249030
752 171550 249030
753 148030 249030
754 141310 249030
755 136830 249030
756 152510 249030
757 149150 249030
758 242110 249030
759 283550 249030
760 291390 249030
761 288030 249030
762 289150 249030
763 273470 249030
764 167070 249030
765 271230 249030
766 280190 249030
767 236510 140
768 209630 140
769 237630 249030
770 211870 140
771 207390 140
772 190590 140
773 187230 140
774 177150 140
775 226430 249030
776 257790 140
777 221950 140
778 243230 140
779 198430 140
780 212990 140
781 219710 140
782 239870 140
783 226430 140
784 192830 140
785 211870 249030
786 158110 249030
787 247710 249030
788 224190 140
789 214110 140
790 247710 140
791 227550 140
792 216350 140
793 266750 140
794 323870 140
795 264510 140
796 296990 140
797 180510 249030
798 307070 140
799 328350 140
800 342910 140
801 332830 140
802 301470 249030
803 276830 249030
804 281310 249030
805 262270 249030
806 274590 249030
807 346270 249030
808 200670 249030
809 336190 249030
810 277950 249030
811 263390 249030
812 294750 249030
813 272350 249030
814 335070 249030
815 345150 249030
816 364190 249030
817 356350 249030
818 351870 249030
819 135710 249030
820 318270 140
821 302590 140
822 290270 140
823 352990 140
824 346270 140
825 359710 249030
826 352990 249030
827 336190 140
828 326110 249030
829 324990 140
830 206270 249030
831 289150 140
832 338430 249030
833 348510 249030
834 383230 249030
835 410110 249030
836 347390 249030
837 304830 140
838 327230 140
839 330590 140
840 351870 140
841 208510 249030
