0 23058 14558
1 12490 28856
2 30193 28000
3 14515 22635
4 37579 19440
5 24729 15660
6 16899 36747
7 6362 16635
8 8442 24414
9 9474 29045
10 37661 19924
11 32544 14059
12 34727 35199
13 25515 2295
14 35813 19562
15 31817 13848
16 33567 35662
17 16587 35427
18 19394 11691
19 11685 25245
20 32958 19935
21 41042 15457
22 33644 33723
23 16898 37271
24 32319 14883
25 32568 35568
26 33356 17272
27 32524 35812
28 12856 38552
29 41222 27976
30 40751 32805
31 6942 25868
32 41116 25920
33 42402 23922
34 23278 40165
35 38522 25695
36 49974 37125
37 21558 44955
38 22599 32475
39 28598 45185
40 16588 35606
41 16007 35775
42 46180 29322
43 38276 26616
44 9366 25322
45 10509 36738
46 16564 32332
47 25123 7830
48 24057 17655
49 14489 11149
50 32362 15903
51 23733 26652
52 34323 39906
53 41112 28719
54 23384 23149
55 44266 18429
56 32715 43692
57 20649 23880
58 27801 25909
59 34634 17010
60 23166 25299
61 16692 11700
62 34520 46695
63 20239 11137
64 8092 15311
65 32893 15900
66 37219 13485
67 12676 12105
68 33570 38520
69 7536 34815
70 25056 20616
71 41474 17105
72 44063 18905
73 36003 40203
74 33551 42015
75 17830 41972
76 15285 17067
77 27258 22252
78 27747 14157
79 20367 12555
80 30906 43656
81 25897 15279
82 17508 16785
83 27834 24548
84 31874 7992
85 36872 11284
86 36961 34933
87 30394 22322
88 30864 34470
89 38433 26427
90 22920 19125
91 32901 26535
92 26379 2295
93 8493 17453
94 42138 20565
95 46568 23520
96 42602 16255
97 43122 23210
98 43668 40045
99 46840 7068
100 31036 29396
101 43743 20838
102 38091 5586
103 47108 7796
104 42563 26439
105 28083 35325
106 39665 25040
107 39721 25191
108 43680 10989
109 49651 8060
110 33258 32355
111 44667 23736
112 36065 34731
113 42525 7020
114 40363 16605
115 39255 15430
116 53826 15555
117 42634 17796
118 21185 20154
119 53859 14591
120 55805 21619
121 24505 21411
122 44928 15015
123 42430 32902
124 52318 13750
125 16128 17572
126 53568 28125
127 41109 13075
128 50738 11880
129 43856 16231
130 56224 16181
131 55245 17227
132 55457 22091
133 56854 17222
134 12688 46108
135 34535 43869
136 52419 46329
137 33490 41811
138 52499 34992
139 41881 50670
140 49672 41830
141 10887 43098
142 32733 42510
143 40968 47262
144 38174 51319
145 33334 46629
146 30346 50277
147 44260 49766
148 47698 44469
149 56547 45135
150 35913 43894
151 19285 33257
152 26275 43001
153 19770 12048
154 20544 32384
155 17046 45945
156 15811 34047
157 23228 42280
158 20959 45379
159 20159 30456
160 21288 37065
161 17664 33102
162 26352 38818
163 23355 36397
164 23535 39339
165 20604 45015
166 17280 37836
167 21379 10980
168 24095 39092
169 21280 39663
170 28158 41813
171 43794 26420
172 23960 12786
173 14718 49485
174 27893 50666
175 30806 22653
176 43150 21060
177 36216 18630
178 30427 25018
179 27225 19710
180 26413 21002
181 35104 6793
182 43216 13801
183 36490 9361
184 33818 9192
185 38690 33393
186 32916 45919
187 36164 31944
188 39631 29632
189 36902 31623
190 10010 43943
191 21933 43588
192 18724 36504
193 13862 43335
194 11634 46116
195 14546 44820
196 52143 33273
197 49719 35760
198 51570 33986
199 24178 6769
200 37713 17631
201 33542 15441
202 22472 7203
203 43199 42149
204 32396 45157
205 45643 37890
206 45908 42783
207 44349 37703
208 40416 38025
209 42737 37935
210 18062 21013
211 19575 26291
212 54702 24200
213 38211 26482
214 52353 19845
215 56274 26835
216 55084 42739
217 42094 35786
218 47974 19755
219 51942 42978
220 51138 43638
221 20046 50749
222 28280 45360
223 19062 48411
224 17994 48047
225 20059 31005
226 26885 31883
227 30157 52937
228 30305 30358
229 29838 31305
230 15446 27063
231 9733 27945
232 8356 27405
233 8734 32130
234 59575 28485
235 60115 27810
236 60520 30105
237 59602 29295
238 60088 31860
239 60763 26865
240 58738 30105
241 60736 30915
242 60736 30645
243 57469 29700
244 8734 29295
245 60817 27675
246 53122 26595
247 37300 11205
248 38137 7425
249 36652 10395
250 32143 2700
251 39136 6885
252 36301 7830
253 36544 7560
254 37570 10260
255 8356 26595
256 42484 7695
257 60871 23220
258 41728 7020
259 41323 2565
260 40189 6615
261 38164 7020
262 38218 8100
263 37543 8640
264 17266 3375
265 23989 7425
266 11920 26730
267 10759 26730
268 7168 29700
269 8383 24435
270 16888 55080
271 25285 7290
272 16969 48465
273 10030 27945
274 7762 29295
275 6466 29565
276 8410 33210
277 28336 54945
278 60547 33885
279 26635 54405
280 27121 55215
281 29497 52650
282 31873 54675
283 16375 50355
284 30010 55215
285 30604 54405
286 31252 52785
287 30145 53190
288 25069 54270
289 32980 53055
290 29983 52650
291 31657 53730
292 32170 53325
293 29686 52650
294 14782 51435
295 41215 50490
296 41026 55215
297 37705 54135
298 30982 53730
299 37597 54945
300 35248 53325
301 35707 52920
302 36490 54405
303 36463 52650
304 28849 53595
305 8545 33885
306 33709 54270
307 28228 2295
308 33844 54540
309 34249 53055
310 34681 53190
311 35815 52650
312 34357 52785
313 34762 55215
314 30577 54000
315 29146 53595
316 8842 32670
317 31306 53190
318 32224 53055
319 33412 52920
320 31873 53055
321 59629 31185
322 55417 26190
323 59629 30375
324 58576 28755
325 59710 30510
326 60142 29565
327 8923 31995
328 58927 30915
329 55147 28350
330 30037 2295
331 30712 3375
332 29524 2430
333 30847 2565
334 34465 2295
335 35680 2430
336 34546 2430
337 36895 9180
338 6898 30105
339 35869 8640
340 41512 6885
341 31846 2565
342 37138 8370
343 36652 6750
344 40324 6750
345 43591 7290
346 39487 8100
347 46723 7695
348 48802 2295
349 23422 7290
350 49234 2430
351 47236 7425
352 60844 19035
353 60196 19845
354 60898 20115
355 59899 19710
356 59791 28890
357 60898 26730
358 60628 27945
359 60790 31455
360 43091 28685
361 38105 20437
362 35332 19409
363 26950 53437
364 27822 50025
365 35571 54485
366 33602 52985
367 37497 21465
368 35277 13050
369 44976 18135
370 42 27372
371 42 31788
372 34860 57422
373 34188 57422
374 33132 57422
375 32556 57422
376 27180 42
377 42 28044
378 42 28620
379 28236 42
380 32076 42
381 34476 57422
382 42 29292
383 33900 57422
384 63362 26796
385 36108 42
386 26412 42
387 28332 42
388 30924 42
389 36012 42
390 34764 42
391 33612 42
392 34860 42
393 42 25932
394 27276 42
395 30252 42
396 28140 42
397 28428 42
398 29676 42
399 31500 42
400 29772 42
401 30060 42
402 42 27180
403 42 24108
404 42 25068
405 42 26412
406 42 27084
407 25548 42
408 42 27276
409 42 26508
410 42 32076
411 42 27564
412 42 26988
413 42 25356
414 42 27756
415 42 29100
416 42 32268
417 42 32844
418 42 33324
419 42 32748
420 42 33420
421 42 30156
422 42 32364
423 42 32172
424 42 30540
425 42 29964
426 42 30636
427 31596 57422
428 42 31212
429 29100 42
430 30444 57422
431 42 29868
432 42 29772
433 27468 42
434 42 27468
435 42 30060
436 28812 42
437 30540 42
438 31308 42
439 31596 42
440 32844 42
441 31788 42
442 31020 42
443 42 31404
444 29580 42
445 32268 42
446 32460 42
447 32364 42
448 33132 42
449 32172 42
450 30636 42
451 30444 42
452 29004 42
453 42 31884
454 42 29676
455 29964 57422
456 31020 57422
457 31692 57422
458 30060 57422
459 31404 57422
460 42 29196
461 42 30252
462 35148 57422
463 35340 57422
464 63362 29868
465 42 31308
466 33612 57422
467 28044 42
468 27660 42
469 27852 42
470 42 28812
471 30348 42
472 31404 42
473 33804 42
474 33036 42
475 34092 42
476 42 27660
477 31884 42
478 31980 42
479 28524 42
480 32556 42
481 34188 42
482 34380 42
483 33516 42
484 35820 42
485 28908 42
486 29964 42
487 25836 42
488 27948 42
489 29292 42
490 29196 42
491 31212 42
492 31692 42
493 27372 42
494 30828 57422
495 42 28524
496 42 28236
497 34092 57422
498 42 26892
499 42 29484
500 42 28428
501 29484 42
502 63362 28812
503 63362 27948
504 63362 29484
505 63362 28716
506 63362 29004
507 63362 28332
508 63362 30732
509 63362 30252
510 63362 30540
511 63362 30444
512 33228 42
513 63362 27372
514 63362 27564
515 34668 42
516 36396 42
517 29868 42
518 30732 42
519 37452 42
520 35532 42
521 34572 42
522 37260 42
523 42 26124
524 38508 42
525 38796 42
526 38700 42
527 37836 42
528 63362 23340
529 63362 24012
530 35244 42
531 35724 42
532 42 25260
533 42 24876
534 42 26028
535 42 28716
536 42 29004
537 20748 57422
538 20652 57422
539 28428 57422
540 22380 57422
541 24204 57422
542 23340 57422
543 27852 57422
544 26604 57422
545 33324 57422
546 33228 57422
547 28716 57422
548 27660 57422
549 27276 57422
550 31212 57422
551 27180 57422
552 29004 57422
553 29772 57422
554 27372 57422
555 27468 57422
556 27564 57422
557 28620 57422
558 29100 57422
559 29196 57422
560 28236 57422
561 27756 57422
562 28044 57422
563 38988 57422
564 38796 57422
565 38508 57422
566 32460 57422
567 36492 57422
568 34572 57422
569 34956 57422
570 35916 57422
571 36684 57422
572 37260 57422
573 32172 57422
574 35820 57422
575 36780 57422
576 36300 57422
577 36012 57422
578 33036 57422
579 34668 57422
580 29676 57422
581 30252 57422
582 29484 57422
583 28908 57422
584 28812 57422
585 29292 57422
586 30540 57422
587 31980 57422
588 33516 57422
589 63362 31884
590 63362 29964
591 63362 32460
592 63362 29580
593 63362 31788
594 63362 30156
595 32652 57422
596 63362 31596
597 63362 27468
598 27756 42
599 28716 42
600 27564 42
601 38604 42
602 41100 42
603 34284 42
604 33996 42
605 35436 42
606 29388 42
607 33420 42
608 36492 42
609 32652 42
610 34956 42
611 35052 42
612 36588 42
613 40908 42
614 39468 42
615 45996 42
616 46092 42
617 33708 42
618 46188 42
619 45036 42
620 63362 24492
621 63362 24396
622 63362 24204
623 63362 25260
624 63362 26700
625 63362 26604
626 63362 25932
627 32844 57422
628 42 26796
629 42 32460
630 63362 32076
631 63362 29772
632 63362 31308
633 63362 29676
634 63362 32268
635 63362 28524
636 63362 31692
637 63362 31116
638 63362 30828
639 63362 30636
640 42 29580
641 63362 28044
642 63362 26892
643 35148 42
644 38124 42
645 33900 42
646 33324 42
647 37548 42
648 36684 42
649 36876 42
650 37740 42
651 42 27948
652 42156 42
653 63362 25164
654 41388 42
655 41004 42
656 40428 42
657 38220 42
658 37164 42
659 37644 42
660 16524 42
661 24588 42
662 42 26604
663 42 26700
664 42 28140
665 42 24204
666 18060 57422
667 26028 42
668 17388 57422
669 42 27852
670 42 29388
671 42 28908
672 42 32556
673 29580 57422
674 63362 33516
675 28140 57422
676 27948 57422
677 28524 57422
678 32940 57422
679 16524 57422
680 30732 57422
681 31116 57422
682 31788 57422
683 30348 57422
684 17484 57422
685 33420 57422
686 30156 57422
687 31884 57422
688 32364 57422
689 29868 57422
690 15564 57422
691 43404 57422
692 41484 57422
693 38316 57422
694 31500 57422
695 38028 57422
696 36204 57422
697 36396 57422
698 36972 57422
699 36876 57422
700 28332 57422
701 42 33612
702 34380 57422
703 28620 42
704 35244 57422
705 34764 57422
706 35052 57422
707 36588 57422
708 34284 57422
709 36108 57422
710 30636 57422
711 29388 57422
712 42 31980
713 31308 57422
714 32748 57422
715 33804 57422
716 32268 57422
717 63362 31212
718 63362 25356
719 63362 31020
720 63362 29196
721 63362 31500
722 63362 30060
723 42 31116
724 63362 30924
725 63362 28908
726 30828 42
727 31116 42
728 30156 42
729 32748 42
730 35628 42
731 35340 42
732 34476 42
733 36780 42
734 42 30348
735 35916 42
736 43020 42
737 32940 42
738 37068 42
739 36972 42
740 39372 42
741 43980 42
742 39660 42
743 47148 42
744 49164 42
745 24492 42
746 49068 42
747 47916 42
748 63362 24108
749 63362 22860
750 63362 23532
751 63362 24300
752 63362 30348
753 63362 27660
754 63362 28428
755 63362 31404
756 42 28332
