0 125210 189000
1 179386 264645
2 148960 88900
3 292019 131444
4 187197 82600
5 41214 176901
6 95190 81709
7 195358 94920
8 273300 224430
9 126434 145600
10 210984 131444
11 115710 241111
12 156085 91000
13 201909 127909
14 93705 122675
15 133354 273560
16 180531 81900
17 57924 181421
18 101555 127487
19 137037 83300
20 262607 113133
21 128022 88760
22 94457 259800
23 185972 75320
24 128637 181272
25 142690 103600
26 262741 227220
27 172240 145526
28 126453 237448
29 65656 63952
30 203985 146086
31 150622 100800
32 200992 137200
33 127072 119560
34 119052 115945
35 198061 132200
36 143687 107800
37 136800 140350
38 142238 121800
39 144308 256296
40 94161 64805
41 55005 123200
42 287479 151000
43 272733 232750
44 167200 109550
45 97512 145444
46 133760 95760
47 238440 210390
48 119367 81200
49 192707 98700
50 178196 101150
51 176462 98000
52 116992 67900
53 273893 234733
54 247310 136242
55 127822 70000
56 149719 29312
57 119842 58100
58 131366 63000
59 110784 215707
60 200716 83160
61 189655 113088
62 132810 78400
63 122851 78811
64 141882 72800
65 138118 275800
66 158317 65800
67 169822 64680
68 127680 4200
69 184148 62440
70 296619 264815
71 187584 53800
72 161576 275613
73 158620 48937
74 199204 60511
75 199737 51100
76 162420 336609
77 194686 72955
78 194132 70000
79 177887 84000
80 162787 104377
81 163447 87500
82 158982 75600
83 368317 112302
84 152323 80920
85 283920 169694
86 136686 247302
87 207262 214866
88 244150 244440
89 63950 123445
90 273319 164066
91 211353 238107
92 271500 177357
93 112765 178054
94 116844 259466
95 168150 190647
96 103697 171111
97 109450 278911
98 173637 285352
99 103645 193200
100 99492 183400
101 282553 258300
102 80270 134514
103 300473 160104
104 99207 207000
105 134399 249072
106 96558 229880
107 95807 224700
108 91618 211960
109 93735 135692
110 78888 205800
111 84106 215755
112 56375 190600
113 110021 208105
114 135163 107153
115 151459 58261
116 179155 51584
117 153468 97618
118 57945 183547
119 159852 146720
120 173821 205715
121 151962 44876
122 205005 264705
123 308924 158502
124 317934 59023
125 272624 162362
126 393787 165415
127 295430 172103
128 228624 224200
129 257933 50781
130 305900 174300
131 346147 109827
132 320720 184800
133 341050 146147
134 244118 227733
135 356376 147000
136 397275 153670
137 344497 167200
138 386612 145320
139 215800 247210
140 258751 59537
141 222625 254360
142 352355 151900
143 350803 147000
144 363216 168466
145 340543 147000
146 376261 273368
147 294951 113750
148 287105 252311
149 356566 110188
150 261133 121655
151 319706 286066
152 363653 276248
153 239481 55974
154 263815 299600
155 336028 226429
156 259920 305900
157 298976 209967
158 293854 121800
159 173985 367400
160 324583 301933
161 374358 259646
162 349220 239800
163 309636 319666
164 325225 258600
165 323176 228200
166 204376 346733
167 316587 254800
168 357675 267400
169 271619 288018
170 273627 125800
171 226788 317450
172 211128 185360
173 217676 315466
174 341476 213744
175 210498 158925
176 163875 296800
177 207115 329332
178 230062 221400
179 220305 264600
180 252153 191537
181 125685 217000
182 205538 140170
183 310971 59984
184 236702 323400
185 230216 298200
186 228176 197400
187 299968 54250
188 238703 293533
189 198217 310800
190 225656 292600
191 211786 348366
192 312731 70424
193 208907 150903
194 73397 232694
195 179296 291666
196 203053 335160
197 117141 312386
198 144992 250270
199 130007 341600
200 86716 307307
201 158412 172550
202 117515 234500
203 164968 222773
204 272318 308401
205 132107 154840
206 96758 316533
207 247337 315622
208 151629 160566
209 168828 245800
210 143062 281176
211 145476 353266
212 135815 308636
213 236835 318733
214 109408 312666
215 253622 319000
216 145825 343000
217 115266 273000
218 262200 164500
219 256025 165200
220 250420 175000
221 222616 213266
222 147123 181533
223 153017 183729
224 225783 217000
225 302955 144900
226 284335 249900
227 255941 263282
228 256956 261800
229 255978 210137
230 313056 105933
231 312170 117133
232 320150 141400
233 254283 159133
234 233605 163800
235 211913 172900
236 216315 201600
237 221603 143266
238 221096 108733
239 227038 151117
240 220336 95666
241 218943 108733
242 61370 266000
243 59377 249531
244 63935 239400
245 58646 228200
246 67576 281400
247 51236 283266
248 124151 285400
249 312993 171266
250 289180 178500
251 306723 147000
252 317367 139800
253 324710 147000
254 315210 160300
255 297730 108173
256 288249 311809
257 286472 310100
258 279490 295400
259 251085 308000
260 313816 284200
261 287723 276733
262 303525 273000
263 200703 54600
264 206625 89600
265 204440 113400
266 209570 93800
267 276196 111533
268 225645 88686
269 206403 99400
270 203743 88200
271 53073 243133
272 147951 253615
273 152855 243600
274 196935 240800
275 153330 296333
276 150290 289800
277 72010 292600
278 291396 185266
279 294563 183400
280 345736 183400
281 311283 169400
282 338643 157266
283 263245 265300
284 252035 268800
285 286583 268333
286 281136 263666
287 269736 271133
288 121030 187600
289 195130 76300
290 190063 70466
291 189683 63933
292 191076 71400
293 200640 165480
294 198170 90200
295 74955 233800
296 121220 210000
297 169543 286066
298 148516 274866
299 158310 282000
300 58092 210000
301 63110 213905
302 299820 193200
303 128250 194600
304 351690 140000
305 35150 287000
306 119890 393400
307 197980 106400
308 252510 285600
309 320720 134400
310 293930 189000
311 341050 179200
312 90024 192937
313 11590 205800
314 5890 245000
315 433390 155400
316 435670 135800
317 433770 149800
318 436050 158200
319 434530 144200
320 425410 96600
321 429210 158200
322 437950 105000
323 423890 121800
324 437950 119000
325 12350 245000
326 417430 99400
327 437950 99400
328 431490 163800
329 214510 21000
330 437950 152600
331 197790 29400
332 431870 141400
333 434910 133000
334 425790 124600
335 205010 15400
336 7410 281400
337 431490 166600
338 436430 130200
339 431490 186200
340 426550 138600
341 431490 107800
342 430730 147000
343 437950 127400
344 431490 116200
345 157510 396200
346 16150 273000
347 10070 289800
348 150290 390600
349 5890 250600
350 18810 253400
351 18810 245000
352 25650 264600
353 12350 242200
354 19570 267400
355 21850 284200
356 24890 275800
357 19190 256200
358 22990 247800
359 330030 382200
360 5890 253400
361 12730 264600
362 5890 270200
363 21850 278600
364 7030 194600
365 15390 284200
366 12350 261800
367 431490 177800
368 206530 29400
369 6650 189000
370 206150 7000
371 208430 4200
372 200830 9800
373 106590 4200
374 209950 23800
375 11590 259000
376 433770 161000
377 214890 4200
378 436810 191800
379 211090 12600
380 208050 9800
381 432250 110600
382 217930 23800
383 217170 7000
384 208430 18200
385 208050 21000
386 5890 261800
387 217930 396200
388 428450 189000
389 430350 99400
390 413250 113400
391 233130 4200
392 425030 116200
393 219830 385000
394 6270 256200
395 12730 217000
396 235790 396200
397 24890 270200
398 12350 247800
399 226290 396200
400 242250 393400
401 217550 387800
402 284050 393400
403 260110 396200
404 249850 385000
405 271510 393400
406 296210 393400
407 308750 396200
408 16150 250600
409 294690 390600
410 288230 390600
411 14250 228200
412 34770 214200
413 249850 396200
414 305710 385000
415 306850 348600
416 304190 393400
417 282910 396200
418 289750 396200
419 22990 259000
420 437950 186200
421 437950 138600
422 263150 390600
423 428450 133000
424 429970 130200
425 410210 121800
426 431490 119000
427 412870 124600
428 287090 385000
429 297350 387800
430 12350 253400
431 268470 396200
432 321290 396200
433 335730 396200
434 331930 387800
435 435670 239400
436 305710 382200
437 437950 183400
438 434150 169400
439 267330 387800
440 425410 183400
441 23750 250600
442 140 187180
443 140 167020
444 92030 140
445 107710 140
446 104350 140
447 184990 140
448 117790 140
449 118910 140
450 202910 140
451 130110 140
452 112190 140
453 100990 140
454 187230 140
455 200670 140
456 189470 140
457 192830 140
458 111070 140
459 186110 140
460 95390 140
461 122270 140
462 160350 140
463 143550 140
464 145790 140
465 123390 140
466 140 191660
467 150270 140
468 140 196140
469 140 198380
470 140 212940
471 140 228620
472 140 231980
473 140 224140
474 133470 140
475 127870 140
476 137950 140
477 105470 140
478 140 172620
479 140 169260
480 190590 140
481 140 171500
482 140 170380
483 135710 140
484 140 217420
485 140 240940
486 140 192780
487 125630 140
488 134590 140
489 124510 140
490 131230 140
491 140 205100
492 140190 140
493 97630 140
494 140 242060
495 140 200620
496 116670 140
497 149150 140
498 106590 140
499 99870 140
500 154750 140
501 153630 140
502 109950 140
503 98750 140
504 140 168140
505 126750 140
506 128990 140
507 96510 140
508 139070 140
509 163710 140
510 170430 140
511 196190 140
512 93150 140
513 183870 140
514 159230 140
515 140 159180
516 140 201740
517 182750 140
518 121150 140
519 164830 140
520 156990 140
521 144670 140
522 140 216300
523 140 189420
524 140 206220
525 140 210700
526 140 145740
527 140 220780
528 140 233100
529 140 244300
530 140 218540
531 158110 140
532 151390 140
533 173790 140
534 174910 140
535 114430 140
536 155870 140
537 108830 140
538 168190 140
539 177150 140
540 132350 140
541 141310 140
542 188350 140
543 146910 140
544 167070 140
545 103230 140
546 191710 140
547 181630 140
548 140 162540
549 179390 140
550 161470 140
551 140 209580
552 180510 140
553 120030 140
554 162590 140
555 113310 140
556 152510 140
557 140 207340
558 140 202860
559 115550 140
560 140 197260
561 140 188300
562 140 219660
563 140 225260
564 140 235340
565 140 208460
566 142430 140
567 148030 140
568 165950 140
569 169310 140
570 136830 140
571 140 193900
572 140 229740
573 140 236460
574 443470 156940
575 443470 146860
576 443470 152460
577 443470 168140
578 443470 181580
579 443470 193900
580 443470 198380
581 291390 399510
582 443470 192780
583 443470 147980
584 244350 399510
585 443470 158060
586 443470 150220
587 443470 163660
588 140 199500
589 443470 191660
590 140 234220
591 140 239820
592 443470 165900
593 240990 399510
594 236510 399510
595 140 296940
596 443470 171500
597 443470 99820
598 443470 187180
599 443470 109900
600 443470 128940
601 443470 144620
602 443470 114380
603 443470 106540
604 140 295820
605 140 282380
606 140 274540
607 140 290220
608 140 238700
609 140 294700
610 140 226380
611 156990 399510
612 140 291340
613 140 283500
614 145790 399510
615 140 286860
616 140 284620
617 140 237580
618 319390 399510
619 317150 399510
620 314910 399510
621 316030 399510
622 140 271180
623 140 211820
624 318270 399510
625 313790 399510
626 140 203980
627 102110 140
628 195070 140
629 171550 140
630 193950 140
631 176030 140
632 178270 140
633 172670 140
634 140 268940
635 198430 140
636 197310 140
637 206270 140
638 201790 140
639 205150 140
640 225310 140
641 207390 140
642 443470 111020
643 443470 167020
644 443470 196140
645 140 263340
646 237630 399510
647 443470 105420
648 223070 140
649 215230 140
650 443470 107660
651 443470 143500
652 234270 399510
653 140 292460
654 140 223020
655 223070 399510
656 140 276780
657 140 227500
658 232030 399510
659 242110 399510
660 233150 399510
661 265630 399510
662 249950 399510
663 251070 399510
664 263390 399510
665 276830 399510
666 275710 399510
667 140 289100
668 282430 399510
669 292510 399510
670 277950 399510
671 296990 399510
672 253310 399510
673 305950 399510
674 303710 399510
675 302590 399510
676 304830 399510
677 295870 399510
678 140 275660
679 273470 399510
680 443470 145740
681 248830 399510
682 443470 139020
683 443470 102060
684 443470 103180
685 443470 137900
686 443470 104300
687 239870 399510
688 331710 399510
689 140 230860
690 255550 399510
691 443470 149100
692 330590 399510
693 333950 399510
694 332830 399510
695 311550 399510
696 443470 177100
697 443470 180460
698 443470 188300
699 443470 182700
700 140 293580
701 140 247660
702 443470 154700
703 443470 135660
704 443470 151340
705 443470 160300
706 443470 142380
707 443470 155820
708 443470 159180
709 443470 126700
710 443470 123340
711 443470 118860
712 140 245420
713 443470 131180
714 443470 116620
715 443470 164780
716 217470 140
717 443470 153580
718 199550 140
719 443470 141260
720 443470 134540
721 443470 127820
722 208510 140
723 140 281260
724 443470 161420
725 443470 122220
726 443470 190540
727 443470 130060
728 443470 108780
729 443470 140140
730 443470 124460
731 443470 113260
732 160350 399510
733 140 273420
734 140 287980
735 153630 399510
736 140 252140
737 140 253260
738 140 246540
739 140 265580
740 140 243180
741 140 267820
742 140 285740
743 140 277900
744 140 259980
745 140 249900
746 337310 399510
747 140 254380
748 140 266700
749 140 270060
750 140 279020
751 140 195020
752 140 280140
753 140 262220
754 443470 179340
755 209630 140
756 140 190540
757 210750 140
758 224190 140
759 204030 140
760 94270 140
761 216350 140
762 140 258860
763 443470 162540
764 218590 140
765 443470 195020
766 214110 140
767 219710 140
768 443470 117740
769 221950 140
770 220830 140
771 212990 140
772 211870 140
773 140 264460
774 221950 399510
775 443470 189420
776 443470 100940
777 443470 112140
778 237630 140
779 443470 115500
780 224190 399510
781 140 257740
782 140 221900
783 238750 399510
784 140 272300
785 140 248780
786 229790 399510
787 245470 399510
788 220830 399510
789 286910 399510
790 262270 399510
791 247710 399510
792 274590 399510
793 299230 399510
794 312670 399510
795 140 256620
796 298110 399510
797 294750 399510
798 140 215180
799 140 214060
800 252190 399510
801 309310 399510
802 310430 399510
803 307070 399510
804 300350 399510
805 293630 399510
806 140 261100
807 443470 186060
808 443470 136780
809 266750 399510
810 443470 133420
811 443470 132300
812 443470 121100
813 443470 119980
814 443470 125580
815 290270 399510
816 301470 399510
817 140 255500
818 272350 399510
819 336190 399510
820 339550 399510
821 335070 399510
822 443470 237580
823 308190 399510
824 443470 183820
825 443470 169260
826 271230 399510
827 443470 184940
828 140 251020
