0 144716 127400
1 237348 121694
2 109304 64200
3 314839 120960
4 226039 85176
5 46339 72909
6 115480 43989
7 248980 67568
8 265845 168147
9 137880 165421
10 104225 81355
11 185281 78283
12 120447 46573
13 122160 167042
14 255690 62557
15 207873 58400
16 68299 78244
17 156858 65400
18 98847 58100
19 283005 92866
20 150757 66230
21 118044 166000
22 110540 113496
23 116736 59640
24 229259 66837
25 166389 164129
26 160151 16654
27 248492 112800
28 213581 94422
29 203034 61208
30 268386 77700
31 295364 168521
32 241400 101966
33 196349 91000
34 275072 56000
35 247035 60900
36 180338 27237
37 120840 7000
38 298509 77000
39 297884 178325
40 231071 59733
41 155002 55720
42 260252 60200
43 241245 65000
44 288005 71145
45 235687 50723
46 119130 35486
47 52990 31654
48 120916 41160
49 171402 183960
50 149838 38850
51 177854 61859
52 181097 50200
53 277377 105336
54 124470 46642
55 99079 155400
56 283812 61950
57 285124 187114
58 199072 40950
59 153900 4200
60 304280 70073
61 207955 214400
62 216369 37800
63 180120 176866
64 75673 181783
65 267844 35000
66 225387 22400
67 60235 42957
68 216714 34440
69 229282 41475
70 127727 55300
71 160823 64400
72 149552 170072
73 132831 50555
74 392368 103233
75 152522 49000
76 214409 97917
77 153790 89680
78 289786 62200
79 230385 136111
80 191203 71166
81 157465 179200
82 150186 111618
83 230387 127773
84 201231 76533
85 145740 192111
86 263049 179611
87 276934 171780
88 200671 80266
89 271632 193776
90 180200 89550
91 309130 63000
92 225570 76200
93 307274 183894
94 221760 70073
95 187720 198333
96 210596 70280
97 138758 217427
98 227577 59266
99 203632 11900
100 188786 114333
101 197144 37520
102 185074 9369
103 172213 42753
104 168036 127366
105 49444 110539
106 228123 161363
107 368245 111205
108 395064 80769
109 278855 75084
110 395205 45367
111 296448 78220
112 254518 154200
113 297229 18454
114 272878 71960
115 295250 71105
116 292220 58800
117 368045 42364
118 253464 154498
119 315463 55533
120 317105 29855
121 372210 59266
122 328890 63000
123 295166 125663
124 290931 185937
125 402317 115851
126 300438 116037
127 297160 243133
128 343883 224011
129 289896 28791
130 282758 218120
131 271035 216300
132 313322 108733
133 304190 130200
134 299427 191978
135 309953 240800
136 355553 222600
137 368790 221403
138 78812 192920
139 51570 200936
140 247870 201378
141 254405 116900
142 241086 99468
143 377067 152036
144 242535 215600
145 239419 206109
146 334780 168200
147 237006 155400
148 379170 179480
149 226575 161700
150 253361 124891
151 359962 75492
152 222965 202066
153 238945 208312
154 398026 76204
155 168820 129211
156 81881 143959
157 261100 126200
158 228133 205240
159 158593 216440
160 149371 168466
161 169812 230300
162 124878 212161
163 194424 203800
164 148295 146160
165 174335 234422
166 152090 183000
167 174694 243444
168 173610 136311
169 138285 206818
170 63792 122031
171 151145 215600
172 165933 232866
173 147485 172536
174 138573 236600
175 176089 240748
176 271320 74900
177 262485 73500
178 109503 65800
179 267472 69300
180 121251 91933
181 290700 191100
182 287850 206500
183 289963 184100
184 373030 188022
185 315083 229133
186 313072 226800
187 251243 105933
188 251142 79800
189 182514 130760
190 264923 87266
191 283796 51074
192 119415 162400
193 63557 155233
194 129960 167300
195 134900 161000
196 108191 176200
197 303658 114520
198 280630 65800
199 305076 61133
200 173470 247800
201 196154 241479
202 259065 218400
203 227864 165000
204 231103 250600
205 257070 232866
206 255170 65800
207 244150 73500
208 169746 112280
209 258780 67900
210 279521 50166
211 219992 81400
212 127559 157945
213 49674 190428
214 184004 193355
215 229995 158200
216 292942 153160
217 288483 68600
218 317490 153533
219 370804 160008
220 310143 157266
221 281352 211960
222 275500 210700
223 238038 241733
224 216790 146300
225 206720 87500
226 230976 100333
227 249976 77933
228 229167 94200
229 148010 168000
230 153805 158900
231 201305 194800
232 230802 10500
233 232021 15088
234 310460 92400
235 114570 166600
236 262010 249200
237 312930 149800
238 224045 90212
239 227810 7000
240 17670 155400
241 324330 264600
242 347130 99400
243 309130 267400
244 363090 135800
245 297350 7000
246 291650 4200
247 279490 9800
248 319010 7000
249 343710 18200
250 330790 7000
251 16910 166600
252 314070 4200
253 305330 7000
254 286330 9800
255 164350 63000
256 271510 7000
257 150670 68600
258 296590 60200
259 307610 4200
260 298870 4200
261 284430 4200
262 115330 261800
263 292790 9800
264 307610 49000
265 285570 7000
266 349410 105000
267 342190 4200
268 314070 49000
269 338770 7000
270 345230 7000
271 129770 259000
272 159790 267400
273 99750 267400
274 113050 267400
275 12350 158200
276 12730 163800
277 5890 169400
278 12350 161000
279 12350 147000
280 5890 152600
281 128630 267400
282 121790 267400
283 7030 138600
284 205010 267400
285 231990 267400
286 211470 267400
287 166250 267400
288 192090 267400
289 164730 264600
290 14630 144200
291 185630 267400
292 189430 264600
293 238070 4200
294 236930 7000
295 236930 264600
296 265050 4200
297 266190 9800
298 271510 4200
299 273030 9800
300 246050 9800
301 17670 141400
302 277970 4200
303 237310 23800
304 5890 124600
305 245670 4200
306 278350 7000
307 258970 9800
308 252510 9800
309 258210 7000
310 227050 4200
311 224010 264600
312 8930 149800
313 14250 138600
314 238830 9800
315 258590 4200
316 264670 7000
317 243390 7000
318 252130 4200
319 238830 267400
320 252890 261800
321 225150 267400
322 282150 264600
323 36290 135800
324 266190 267400
325 273790 261800
326 240730 259000
327 247190 267400
328 292030 267400
329 257070 267400
330 253650 264600
331 301530 264600
332 326990 267400
333 303810 261800
334 12350 127400
335 320910 261800
336 277590 267400
337 10450 166600
338 124070 261800
339 12350 152600
340 5890 158200
341 179170 267400
342 198550 267400
343 172710 267400
344 182970 264600
345 146870 267400
346 288230 57400
347 275310 264600
348 271130 259000
349 320910 60200
350 317490 91000
351 322810 93800
352 311790 57400
353 301150 51800
354 288610 264600
355 296590 261800
356 11210 155400
357 264290 261800
358 321670 4200
359 340670 267400
360 347130 267400
361 334210 267400
362 317110 264600
363 251750 7000
364 299630 267400
365 296970 63000
366 320530 267400
367 5890 163800
368 172670 140
369 93150 140
370 289150 140
371 207390 140
372 236510 140
373 214110 140
374 116670 140
375 115550 140
376 178270 140
377 104350 140
378 151390 140
379 170430 140
380 177150 140
381 176030 140
382 205150 140
383 211870 140
384 98750 140
385 123390 140
386 99870 140
387 102110 140
388 168190 140
389 124510 140
390 122270 140
391 95390 140
392 193950 140
393 190590 140
394 189470 140
395 198430 140
396 187230 140
397 171550 140
398 210750 140
399 208510 140
400 143550 140
401 153630 140
402 117790 140
403 113310 140
404 106590 140
405 108830 140
406 131230 140
407 111070 140
408 107710 140
409 128990 140
410 114430 140
411 103230 140
412 105470 140
413 169310 140
414 160350 140
415 96510 140
416 144670 140
417 179390 140
418 158110 140
419 195070 140
420 215230 140
421 212990 140
422 219710 140
423 164830 140
424 197310 140
425 159230 140
426 232030 140
427 235390 140
428 234270 140
429 233150 140
430 112190 140
431 97630 140
432 132350 140
433 188350 140
434 130110 140
435 146910 140
436 181630 140
437 204030 140
438 191710 140
439 202910 140
440 145790 140
441 125630 140
442 140 123340
443 135710 140
444 136830 140
445 184990 140
446 149150 140
447 148030 140
448 140 139020
449 196190 140
450 140 134540
451 192830 140
452 118910 140
453 140 125580
454 180510 140
455 217470 140
456 216350 140
457 227550 140
458 163710 140
459 209630 140
460 156990 140
461 226430 140
462 220830 140
463 120030 140
464 225310 140
465 223070 140
466 133470 140
467 137950 140
468 183870 140
469 134590 140
470 150270 140
471 182750 140
472 199550 140
473 200670 140
474 109950 140
475 201790 140
476 94270 140
477 140 133420
478 142430 140
479 140190 140
480 186110 140
481 139070 140
482 141310 140
483 140 131180
484 140 136780
485 127870 140
486 140 130060
487 206270 140
488 140 126700
489 173790 140
490 224190 140
491 221950 140
492 230910 140
493 162590 140
494 218590 140
495 161470 140
496 126750 140
497 140 132300
498 167070 140
499 140 171500
500 323870 272430
501 330590 140
502 309310 272430
503 336190 140
504 305950 272430
505 312670 272430
506 282430 140
507 333950 272430
508 317150 272430
509 451480 121100
510 284670 272430
511 332830 140
512 307070 140
513 271230 140
514 152510 140
515 260030 140
516 121150 140
517 246590 140
518 280190 140
519 100990 140
520 155870 140
521 140 137900
522 253310 140
523 327230 140
524 299230 140
525 329470 140
526 328350 140
527 303710 140
528 313790 140
529 321630 140
530 133470 272430
531 134590 272430
532 128990 272430
533 120030 272430
534 140 167020
535 140 163660
536 140 169260
537 118910 272430
538 140 162540
539 136830 272430
540 143550 272430
541 158110 272430
542 163710 272430
543 212990 272430
544 230910 272430
545 219710 272430
546 221950 272430
547 195070 272430
548 193950 272430
549 140 145740
550 192830 272430
551 189470 272430
552 236510 272430
553 279070 140
554 174910 140
555 290270 140
556 276830 140
557 265630 140
558 251070 140
559 242110 140
560 140 140140
561 243230 140
562 261150 140
563 140 124460
564 237630 140
565 285790 140
566 252190 140
567 254430 140
568 244350 140
569 248830 140
570 255550 140
571 140 143500
572 140 135660
573 273470 140
574 284670 140
575 275710 140
576 296990 140
577 292510 140
578 228670 272430
579 257790 272430
580 223070 272430
581 288030 272430
582 208510 272430
583 258910 272430
584 249950 272430
585 244350 272430
586 239870 272430
587 277950 272430
588 261150 272430
589 262270 272430
590 275710 272430
591 291390 272430
592 292510 272430
593 180510 272430
594 281310 272430
595 252190 272430
596 260030 272430
597 174910 272430
598 140 154700
599 204030 272430
600 176030 272430
601 183870 272430
602 229790 272430
603 256670 272430
604 218590 272430
605 289150 272430
606 279070 272430
607 254430 272430
608 451480 131180
609 318270 140
610 313790 272430
611 320510 272430
612 336190 272430
613 283550 272430
614 304830 272430
615 211870 272430
616 266750 272430
617 327230 272430
618 332830 272430
619 337310 272430
620 330590 272430
621 310430 272430
622 293630 272430
623 329470 272430
624 291390 140
625 319390 272430
626 140 151340
627 140 156940
628 326110 272430
629 451480 109900
630 311550 272430
631 451480 133420
632 300350 140
633 294750 140
634 281310 140
635 323870 140
636 337310 140
637 333950 140
638 140 168140
639 316030 140
640 308190 140
641 293630 140
642 165950 140
643 262270 140
644 154750 140
645 305950 140
646 311550 140
647 301470 140
648 286910 140
649 117790 272430
650 295870 140
651 310430 140
652 288030 140
653 451480 106540
654 345150 140
655 314910 140
656 344030 140
657 346270 140
658 130110 272430
659 164830 272430
660 102110 272430
661 115550 272430
662 140 158060
663 140 164780
664 140 170380
665 140 161420
666 140 149100
667 140 152460
668 132350 272430
669 125630 272430
670 140 141260
671 206270 272430
672 237630 272430
673 215230 272430
674 196190 272430
675 201790 272430
676 178270 272430
677 140 144620
678 184990 272430
679 190590 272430
680 240990 140
681 258910 140
682 240990 272430
683 268990 140
684 270110 140
685 272350 140
686 274590 140
687 249950 140
688 140 142380
689 283550 140
690 228670 140
691 140 147980
692 247710 140
693 277950 140
694 263390 140
695 256670 140
696 266750 140
697 229790 140
698 226430 272430
699 140 146860
700 140 150220
701 239870 140
702 264510 140
703 267870 140
704 245470 140
705 257790 140
706 242110 272430
707 276830 272430
708 227550 272430
709 286910 272430
710 140 128940
711 272350 272430
712 282430 272430
713 247710 272430
714 251070 272430
715 294750 272430
716 253310 272430
717 255550 272430
718 296990 272430
719 331710 272430
720 308190 272430
721 140 127820
722 324990 272430
723 280190 272430
724 140 160300
725 124510 272430
726 140 153580
727 140 159180
728 181630 272430
729 202910 272430
730 177150 272430
731 182750 272430
732 116670 272430
733 298110 140
734 274590 272430
735 263390 272430
736 322750 140
737 320510 140
738 326110 140
739 317150 140
740 304830 140
741 301470 272430
742 300350 272430
743 140 155820
744 264510 272430
745 324990 140
746 345150 272430
747 350750 272430
748 338430 272430
749 322750 272430
750 238750 140
751 302590 272430
752 302590 140
753 328350 272430
754 140 165900
