0 175623 234733
1 217678 194445
2 173375 205800
3 311676 118440
4 187682 122920
5 56808 167504
6 79299 160236
7 194370 208600
8 283786 190555
9 187007 231000
10 148703 252700
11 148485 208600
12 160597 234500
13 238044 168000
14 116375 138600
15 161808 282625
16 178552 68600
17 191723 85600
18 79384 163728
19 130992 68600
20 143877 61600
21 223883 91373
22 161452 81200
23 143395 278400
24 146015 220500
25 149492 213080
26 149692 235000
27 143290 224810
28 85209 126233
29 103550 142800
30 292040 207320
31 105877 184100
32 169202 245861
33 211700 217736
34 50442 108291
35 132192 104400
36 118607 98700
37 109772 100100
38 115216 192920
39 278435 216517
40 129415 199945
41 101270 85400
42 100557 106400
43 109392 85400
44 170077 121600
45 101317 93100
46 177194 265608
47 72564 99824
48 106780 4200
49 137797 75250
50 297955 213850
51 129912 75600
52 119974 130822
53 132002 69300
54 125632 84466
55 125542 79100
56 184727 98700
57 338168 225603
58 183745 107100
59 145967 72800
60 138462 87500
61 146550 129851
62 160407 75600
63 268674 230569
64 170556 95200
65 159307 242200
66 166592 211400
67 170437 218866
68 148580 74900
69 146210 86058
70 151002 77700
71 179443 261800
72 156813 90066
73 169784 79240
74 297448 222238
75 169594 75320
76 171000 79800
77 202872 79800
78 290238 258000
79 193772 78600
80 151589 133572
81 178684 83222
82 341514 286480
83 177317 79800
84 203157 88200
85 210951 110345
86 194797 86800
87 157272 58800
88 197900 80966
89 165157 65100
90 146917 58800
91 150005 65240
92 216566 123776
93 164835 221977
94 186722 207900
95 194560 218400
96 87674 55613
97 218780 91000
98 237901 242096
99 197742 96600
100 139070 168663
101 237114 218925
102 194465 214900
103 140885 99866
104 153720 283266
105 269800 267894
106 203015 106400
107 169176 141960
108 201922 211400
109 100628 67950
110 248752 85866
111 148214 191800
112 179882 217700
113 171522 229600
114 180072 210700
115 131944 188377
116 95886 88200
117 127426 181222
118 142795 211088
119 230448 131755
120 111733 145400
121 159156 99773
122 168322 116200
123 151857 154000
124 192010 175383
125 97801 222216
126 165513 133291
127 243848 254126
128 290924 51893
129 326483 82133
130 279165 174059
131 225805 148896
132 279658 38026
133 340778 81800
134 254464 234600
135 229011 79167
136 213845 114100
137 273296 244300
138 230327 142566
139 348772 91658
140 234745 251300
141 283353 67666
142 255950 78300
143 330980 67480
144 269356 187133
145 268596 76066
146 241363 74433
147 297084 65240
148 217815 41713
149 262795 93345
150 260278 252311
151 201716 59577
152 258842 251160
153 296324 61320
154 271763 70466
155 263276 60200
156 249533 191800
157 262896 71400
158 387908 202678
159 298213 105509
160 351381 205450
161 362247 85579
162 325026 172200
163 382425 190132
164 200068 44002
165 281295 204400
166 280854 118282
167 369048 151344
168 238205 301800
169 272555 206500
170 290486 124250
171 304342 102200
172 223711 330200
173 322016 200270
174 332816 167533
175 363185 195533
176 370988 160600
177 319896 166600
178 329432 181600
179 302456 119061
180 365631 156450
181 229266 307533
182 331436 171920
183 390205 214600
184 230327 321650
185 286492 133000
186 330703 182127
187 396260 187366
188 217654 311572
189 347866 155400
190 258803 307650
191 230420 226726
192 239716 222366
193 257386 304733
194 373836 141869
195 279998 313569
196 318928 220200
197 237120 312900
198 318693 232866
199 88951 258143
200 283580 184505
201 250705 280000
202 226693 145460
203 265267 177800
204 250325 309400
205 262263 334600
206 326976 217600
207 247190 155400
208 127933 258066
209 265936 337400
210 108110 268100
211 290177 293300
212 267330 328066
213 287691 321300
214 224034 178703
215 332842 213640
216 286710 336466
217 255949 315840
218 261820 175000
219 123078 234043
220 158650 321300
221 113028 227577
222 173163 253184
223 172203 334600
224 122487 313940
225 193325 211400
226 283746 288120
227 197505 304500
228 167425 283062
229 108752 240196
230 177631 197120
231 150638 308000
232 330135 296022
233 189436 193795
234 134938 323990
235 176510 330866
236 169877 308890
237 311315 301000
238 155325 323400
239 307365 291400
240 186326 223533
241 158966 299133
242 176795 315700
243 195700 327133
244 311980 280466
245 207724 206200
246 124703 292600
247 202793 142644
248 208430 189000
249 205010 226100
250 170936 231933
251 200830 229133
252 163999 207307
253 223262 85586
254 148136 235666
255 299060 55533
256 295484 225909
257 291935 109200
258 263720 129640
259 320055 55300
260 349992 237618
261 348955 74268
262 321670 45266
263 316730 35933
264 321416 40600
265 281643 97533
266 220830 210093
267 240286 263666
268 247823 94733
269 233003 94733
270 247935 140969
271 228316 99400
272 226670 108733
273 139555 317100
274 80041 272582
275 154185 306600
276 148675 306600
277 184110 333666
278 179170 335533
279 141034 312600
280 257165 96600
281 242535 179900
282 260236 86333
283 255232 173628
284 289834 80733
285 295196 155400
286 293170 207200
287 250691 158600
288 350259 279269
289 288610 310800
290 270623 219800
291 267235 292600
292 320783 342066
293 305836 281400
294 307348 267575
295 205136 101266
296 212781 198520
297 204820 218400
298 210836 220733
299 195415 226100
300 218816 99400
301 229963 69533
302 213071 77400
303 228823 79800
304 221350 91000
305 204479 318093
306 184256 263738
307 227430 270900
308 212040 266000
309 180183 287000
310 206082 280000
311 178790 292600
312 172456 335533
313 215272 326200
314 241281 134400
315 251750 147700
316 245670 139533
317 305505 77430
318 320403 147933
319 319770 91000
320 298743 77000
321 300580 285600
322 278445 290500
323 317363 312200
324 316223 315000
325 303430 310333
326 372235 231810
327 210900 291900
328 204060 226100
329 203110 110600
330 203490 133000
331 205770 122733
332 208667 119000
333 201400 152600
334 203544 135000
335 185725 245000
336 182495 296100
337 223250 333666
338 207163 283266
339 197177 263355
340 217319 289800
341 97992 197400
342 104320 192266
343 258970 208600
344 142310 243600
345 142500 252000
346 242630 68600
347 186200 355600
348 174610 359800
349 199120 134400
350 221350 287000
351 271510 345800
352 291080 352800
353 301910 357000
354 311030 11200
355 326230 142800
356 129010 261800
357 119171 172025
358 105450 371000
359 191330 368200
360 290510 4200
361 296970 4200
362 261630 4200
363 281770 9800
364 238070 18200
365 242250 12600
366 239970 7000
367 255170 4200
368 292410 12600
369 295070 7000
370 168530 368200
371 268090 4200
372 259730 7000
373 237690 9800
374 197790 368200
375 225910 4200
376 203110 4200
377 268850 9800
378 235410 15400
379 196650 4200
380 211850 9800
381 149530 371000
382 248710 12600
383 253270 15400
384 251750 7000
385 246810 9800
386 288230 9800
387 275310 9800
388 272270 7000
389 278730 7000
390 172330 365400
391 170050 371000
392 178030 371000
393 184490 371000
394 130150 362600
395 121790 368200
396 125590 371000
397 123690 362600
398 176890 368200
399 112670 371000
400 115330 368200
401 132430 345800
402 126730 365400
403 210330 371000
404 218310 368200
405 181830 348600
406 217170 359800
407 206150 359800
408 194750 365400
409 184870 368200
410 195510 359800
411 169290 334600
412 202350 371000
413 210330 4200
414 226670 368200
415 214890 12600
416 220210 7000
417 218310 9800
418 208810 93800
419 206910 7000
420 125210 351400
421 211850 368200
422 217550 371000
423 216410 357000
424 228570 7000
425 224770 9800
426 221350 12600
427 228950 15400
428 229330 12600
429 200830 362600
430 233130 368200
431 132050 371000
432 205770 365400
433 217930 365400
434 213370 15400
435 213370 7000
436 235790 12600
437 216790 4200
438 247950 371000
439 268470 371000
440 260870 371000
441 276450 365400
442 134330 365400
443 316350 4200
444 278730 368200
445 259350 357000
446 258970 362600
447 309890 7000
448 278730 371000
449 285190 368200
450 310270 365400
451 297350 368200
452 336870 368200
453 226290 371000
454 320150 371000
455 327370 371000
456 119130 371000
457 296590 371000
458 256690 365400
459 303810 368200
460 303050 371000
461 287090 371000
462 315590 368200
463 309890 371000
464 159410 365400
465 303430 4200
466 301530 7000
467 277590 4200
468 319770 9800
469 328510 9800
470 325090 7000
471 322810 4200
472 305330 12600
473 309890 4200
474 334970 163800
475 161690 371000
476 284050 4200
477 330790 4200
478 337250 4200
479 343330 368200
480 352830 166600
481 323570 15400
482 246050 4200
483 231230 9800
484 254410 371000
485 286330 7000
486 157130 368200
487 109950 376890
488 140 175980
489 95390 140
490 109950 140
491 128990 140
492 176030 140
493 132350 140
494 155870 140
495 163710 376890
496 135710 140
497 167070 140
498 188350 140
499 143550 376890
500 177150 140
501 190590 140
502 243230 376890
503 117790 376890
504 124510 376890
505 162590 376890
506 140190 140
507 169310 140
508 142430 140
509 141310 140
510 148030 140
511 148030 376890
512 182750 140
513 142430 376890
514 164830 140
515 159230 140
516 145790 376890
517 146910 376890
518 136830 376890
519 152510 140
520 170430 140
521 139070 140
522 144670 140
523 140 177100
524 140 178220
525 118910 376890
526 140 180460
527 140 173740
528 125630 140
529 140 186060
530 140 216300
531 140 190540
532 136830 140
533 127870 140
534 133470 140
535 137950 140
536 121150 140
537 130110 140
538 140 211820
539 114430 376890
540 118910 140
541 140 193900
542 107710 140
543 140 206220
544 97630 140
545 98750 140
546 111070 140
547 123390 140
548 165950 140
549 140 174860
550 134590 140
551 150270 140
552 155870 376890
553 146910 140
554 163710 140
555 178270 140
556 172670 140
557 187230 140
558 183870 376890
559 156990 376890
560 140 147980
561 152510 376890
562 173790 140
563 156990 140
564 184990 140
565 162590 140
566 151390 140
567 191710 376890
568 189470 140
569 179390 376890
570 186110 140
571 105470 140
572 196190 376890
573 182750 376890
574 168190 376890
575 125630 376890
576 140 191660
577 114430 140
578 140 199500
579 103230 140
580 100990 140
581 117790 140
582 120030 140
583 126750 140
584 168190 140
585 131230 140
586 154750 140
587 169310 376890
588 145790 140
589 161470 140
590 174910 140
591 171550 140
592 183870 140
593 140 170380
594 180510 140
595 167070 376890
596 140190 376890
597 179390 140
598 158110 140
599 181630 140
600 160350 140
601 153630 140
602 190590 376890
603 193950 140
604 143550 140
605 193950 376890
606 195070 140
607 240990 376890
608 178270 376890
609 176030 376890
610 141310 376890
611 106590 140
612 115550 140
613 140 200620
614 99870 140
615 149150 140
616 135710 376890
617 140 205100
618 187230 376890
619 293630 140
620 310430 140
621 305950 140
622 338430 140
623 277950 140
624 266750 376890
625 255550 376890
626 352990 376890
627 295870 376890
628 300350 140
629 248830 376890
630 354110 376890
631 267870 140
632 239870 376890
633 123390 376890
634 202910 376890
635 158110 376890
636 201790 376890
637 209630 140
638 150270 376890
639 144670 376890
640 134590 376890
641 212990 140
642 243230 140
643 230910 376890
644 233150 140
645 262270 140
646 253310 140
647 266750 140
648 268990 140
649 137950 376890
650 139070 376890
651 149150 376890
652 160350 376890
653 154750 376890
654 131230 376890
655 127870 376890
656 165950 376890
657 174910 376890
658 153630 376890
659 181630 376890
660 189470 376890
661 186110 376890
662 233150 376890
663 237630 376890
664 247710 376890
665 232030 376890
666 228670 376890
667 206270 376890
668 234270 376890
669 217470 376890
670 212990 376890
671 207390 376890
672 197310 140
673 198430 376890
674 204030 140
675 207390 140
676 206270 140
677 200670 140
678 198430 140
679 197310 376890
680 238750 376890
681 201790 140
682 192830 376890
683 226430 140
684 218590 140
685 225310 140
686 234270 140
687 229790 140
688 224190 376890
689 288030 140
690 184990 376890
691 242110 376890
692 280190 140
693 228670 140
694 230910 140
695 245470 140
696 251070 140
697 246590 376890
698 301470 376890
699 253310 376890
700 299230 376890
701 227550 376890
702 286910 376890
703 274590 376890
704 276830 376890
705 275710 376890
706 296990 376890
707 290270 376890
708 279070 376890
709 298110 376890
710 300350 376890
711 291390 376890
712 219710 376890
713 314910 376890
714 317150 376890
715 284670 376890
716 308190 376890
717 271230 376890
718 316030 376890
719 323870 376890
720 304830 376890
721 321630 376890
722 309310 376890
723 210750 376890
724 285790 140
725 303710 140
726 260030 140
727 307070 140
728 313790 140
729 324990 140
730 328350 140
731 319390 140
732 292510 140
733 335070 140
734 265630 376890
735 271230 140
736 339550 140
737 327230 140
738 342910 140
739 341790 140
740 317150 140
741 265630 140
742 331710 140
743 252190 140
744 321630 140
745 122270 376890
746 195070 376890
747 294750 140
748 302590 140
749 264510 140
750 296990 140
751 240990 140
752 248830 140
753 244350 140
754 257790 140
755 295870 140
756 301470 140
757 171550 376890
758 279070 140
759 263390 140
760 242110 140
761 199550 376890
762 239870 140
763 205150 140
764 284670 140
765 238750 140
766 202910 140
767 215230 140
768 151390 376890
769 261150 140
770 256670 140
771 258910 140
772 249950 140
773 291390 140
774 282430 140
775 274590 140
776 283550 140
777 173790 376890
778 170430 376890
779 172670 376890
780 177150 376890
781 132350 376890
782 113310 376890
783 130110 376890
784 116670 376890
785 180510 376890
786 115550 376890
787 111070 376890
788 133470 376890
789 128990 376890
790 214110 376890
791 226430 376890
792 229790 376890
793 221950 376890
794 209630 376890
795 200670 376890
796 188350 376890
797 211870 376890
798 216350 376890
799 205150 376890
800 214110 140
801 225310 376890
802 219710 140
803 224190 140
804 223070 140
805 210750 140
806 208510 140
807 112190 376890
808 215230 376890
809 223070 376890
810 218590 376890
811 232030 140
812 227550 140
813 221950 140
814 247710 140
815 236510 140
816 204030 376890
817 236510 376890
818 121150 376890
819 208510 376890
820 220830 376890
821 217470 140
822 216350 140
823 237630 140
824 220830 140
825 252190 376890
826 272350 376890
827 264510 376890
828 277950 376890
829 126750 376890
830 320510 140
831 341790 376890
832 285790 376890
833 312670 376890
834 314910 140
835 283550 376890
836 289150 376890
837 313790 376890
838 293630 376890
839 349630 376890
840 235390 376890
841 322750 376890
842 330590 376890
843 120030 376890
844 303710 376890
845 261150 376890
846 307070 376890
847 305950 376890
848 288030 376890
849 318270 376890
850 324990 376890
851 161470 376890
852 309310 140
853 304830 140
854 281310 140
855 322750 140
856 332830 140
857 330590 140
858 323870 140
859 308190 140
860 316030 140
861 470140 159180
862 164830 376890
863 286910 140
864 337310 140
865 340670 140
866 348510 376890
867 470140 153580
868 326110 140
869 270110 140
870 235390 140
871 263390 376890
872 290270 140
873 159230 376890
