0 1415106 1073729
1 1114110 2173416
2 1052814 490232
3 838258 721753
4 1492671 727735
5 923267 635864
6 1136818 2178292
7 1215430 2203342
8 1150310 2161526
9 1170419 2149466
10 1258390 1581134
11 1526422 303014
12 1203860 579866
13 1386293 515086
14 1032758 388600
15 1081079 506500
16 1155477 1919615
17 1364900 956303
18 1422884 973043
19 1620322 1086692
20 1296936 787898
21 1535486 799580
22 1245389 897966
23 1527839 849949
24 1032553 605916
25 1223834 430109
26 1259386 806106
27 1134746 791382
28 1109108 450384
29 1163317 854923
30 1302154 419225
31 1204864 962624
32 1273606 1041289
33 1080617 2169776
34 1258441 1707160
35 1128833 2205430
36 1286778 1627904
37 1222087 2206848
38 1160909 2205200
39 1156020 2202863
40 1066169 2083553
41 963585 2085634
42 930755 2022828
43 955370 2059126
44 1064598 1876484
45 1125858 2192542
46 1183080 1318575
47 1080815 702521
48 926394 801666
49 939616 795355
50 951342 791316
51 971337 794686
52 971145 807348
53 903719 790051
54 1992746 990132
55 1982600 1104965
56 1712546 1034049
57 1821383 1146392
58 1184351 2207800
59 1184175 2209200
60 779721 628559
61 808831 578985
62 2264325 987000
63 2237725 978600
64 2241145 998200
65 2227085 1373400
66 2170085 863800
67 2227085 1449000
68 2171605 1365000
69 2245325 984200
70 841094 666747
71 1164434 539787
72 1097731 1213401
73 1273524 1425701
74 1505525 1398911
75 1368365 1401019
76 1214121 1495738
77 1578092 1371415
78 1480896 1413792
79 1554871 1384936
80 1553305 1483339
81 1394825 1382896
82 1747763 1385492
83 1418210 1400866
84 1335133 1374762
85 1731921 1509356
86 1677698 1564450
87 1806647 1347863
88 1819140 1444782
89 1425564 1442975
90 1619035 1279582
91 2017768 1677485
92 1568404 1355989
93 1426948 1601996
94 1317811 1418718
95 1807607 1654448
96 1766764 1497440
97 1730021 1576298
98 1689633 1550716
99 1687898 1520866
100 1700713 1485100
101 1803070 1751680
102 1855721 1852982
103 1856744 1843351
104 1839820 1917392
105 2121396 1777455
106 2014889 1850643
107 1982075 1884059
108 2073395 1738916
109 1918205 1771152
110 2041260 1644542
111 1976123 1764511
112 1913923 1672038
113 1868811 1680545
114 1962100 1669656
115 1882161 1599502
116 2018827 1488443
117 1979083 1573683
118 1923037 1501121
119 2029070 1515294
120 2143377 1420742
121 1610025 1224278
122 1770365 1673666
123 1764069 1711446
124 1777317 1763695
125 1777493 1799592
126 1812796 1900750
127 1836493 1923722
128 1895703 1946353
129 1982627 1910479
130 2003833 1861550
131 1904162 1804686
132 1875260 1742631
133 1936903 1442466
134 1772807 1654046
135 1761650 1688723
136 1772848 1731434
137 1771850 1840560
138 1861549 1914080
139 1859423 1912707
140 1963420 1855073
141 1887460 1908977
142 2064516 1851064
143 1945932 1884000
144 2109225 1814631
145 1927718 1828577
146 1990243 1807038
147 1959432 1814120
148 2069580 1778789
149 1952811 1791618
150 1874255 1778323
151 2111756 1745703
152 1920539 1774230
153 2042821 1728876
154 1977371 1724341
155 1879235 1720782
156 2008472 1680410
157 1873094 1695950
158 1845586 1665503
159 2013316 1628284
160 1954569 1614493
161 1866727 1629209
162 2033472 1562331
163 1910169 1571326
164 1885094 1595101
165 1888098 1549566
166 1905332 1519827
167 2146350 1470280
168 1902790 1487794
169 2024917 1473310
170 2120350 1452683
171 2147296 1411258
172 2127412 1386636
173 2079012 1403903
174 2032445 1435244
175 1789254 1878754
176 1816925 1641548
177 1935146 1428518
178 1663812 1380176
179 1936629 1916303
180 1828929 1755830
181 1816055 1689191
182 1827539 1595668
183 1856382 1520656
184 1893829 1466449
185 1908848 1437800
186 1945399 1408304
187 1944393 1421254
188 1713178 1543334
189 1760658 1584192
190 1794521 1583400
191 1805313 1610423
192 1807000 1592376
193 1775107 1617482
194 1749408 1603861
195 1681819 1497580
196 1612457 1461230
197 1460228 1357286
198 1468312 1548240
199 1017795 1605654
200 1057754 1542329
201 1490203 1494012
202 1371407 1479903
203 1520028 1571755
204 1571573 1573802
205 1594812 1551780
206 1556132 1528158
207 1097947 1707309
208 1411558 1692828
209 1125987 2080059
210 1179008 1693602
211 1137202 1522545
212 1141002 1477669
213 1564486 1704465
214 1655572 1701307
215 1670533 1664936
216 1641237 1618953
217 1549306 1628451
218 1537460 1342505
219 1320659 1637394
220 1016966 1676350
221 1729086 1309442
222 1776762 1302685
223 1720669 1368266
224 1692431 1385778
225 1678993 1425611
226 1859783 1810581
227 1854959 1777608
228 1735769 1722400
229 1837393 1819676
230 1801428 1803351
231 1733963 1691917
232 1734465 1675706
233 1743238 1662139
234 1577217 1229743
235 1557491 1265739
236 1561462 1282015
237 1568065 1307075
238 1638991 1263937
239 1646686 1280465
240 1624875 1290243
241 1597710 1330169
242 1603994 1017658
243 1041354 1553184
244 1389057 1691314
245 1404561 1616907
246 1165520 1077977
247 1068076 1073405
248 1070654 989547
249 982840 927422
250 969800 850391
251 840614 805017
252 846279 891302
253 845689 966008
254 891841 1025229
255 870907 871460
256 1539958 1131284
257 1435679 1270056
258 1377807 1127619
259 1520164 987945
260 1252931 1346312
261 1269491 1305485
262 1025543 1282641
263 1113528 1340907
264 1238551 1200187
265 886601 1261844
266 1044059 1401814
267 871152 1216057
268 965987 1205472
269 951786 1337103
270 837165 1241257
271 841871 1130004
272 970756 1156529
273 827376 1166283
274 1213161 1197941
275 1111918 1187936
276 943230 1106156
277 910492 1151918
278 923741 1581626
279 1118261 1527487
280 1014321 1573864
281 995070 1510977
282 1026503 1586694
283 838145 1726493
284 862655 1500226
285 1030777 1464114
286 1138935 1627556
287 1181115 1605607
288 1132089 2144084
289 1336313 1561584
290 1342104 1473478
291 1126038 1594345
292 948054 1512090
293 1433130 1484074
294 1437595 1514757
295 1399608 1535747
296 1309840 1425126
297 1394282 1431414
298 1511078 353430
299 1455295 303994
300 1398253 444339
301 1528074 291451
302 1931263 832572
303 1909107 909441
304 2008812 919713
305 2056226 855868
306 2047192 910245
307 2051170 788697
308 2015233 782769
309 2012121 833470
310 1987280 918809
311 1895929 900214
312 1429201 544819
313 1362080 630243
314 1285075 622636
315 1173881 476173
316 1358938 387565
317 1780696 744184
318 1639218 721496
319 1666874 528199
320 1640551 560499
321 1747104 558765
322 1944761 651893
323 1823063 725189
324 1599220 354540
325 1575428 651409
326 1696322 362600
327 1874730 492019
328 1933596 593720
329 1497689 464406
330 1482760 459128
331 1486576 501717
332 1476164 487738
333 1390500 469175
334 1469325 536101
335 1691330 770938
336 1476324 563463
337 1337556 584930
338 1446679 583485
339 1131208 423156
340 1432358 564906
341 1758216 573963
342 1286919 570402
343 1396179 567280
344 1274757 531026
345 1372068 525193
346 1359566 525240
347 1275773 499638
348 1364692 489738
349 1370331 463607
350 1296433 484424
351 1346196 465775
352 1389094 403282
353 1134725 377720
354 1397630 524270
355 1404023 541100
356 503352 684250
357 499706 604552
358 702376 674672
359 702324 612297
360 457268 610882
361 632612 607336
362 624514 612385
363 416402 586494
364 472712 602451
365 575521 592327
366 523954 581546
367 553872 573923
368 706678 571316
369 606954 603245
370 1446643 887952
371 1783306 922982
372 1867666 1105167
373 1714788 1136288
374 1779706 1251622
375 1979576 1234885
376 1444363 1146326
377 1428153 748440
378 1333115 722485
379 1241649 747588
380 1664997 899072
381 1596496 897932
382 1287070 2218410
383 1178430 2218410
384 1191870 2218410
385 1214270 2218410
386 1204190 2218410
387 1197470 2218410
388 1199710 2218410
389 1196350 2218410
390 1195230 2218410
391 1203070 2218410
392 1198590 2218410
393 1268030 2218410
394 1257950 2218410
395 1223230 2218410
396 1240030 2218410
397 1237790 2218410
398 1236670 2218410
399 1238910 2218410
400 1224350 2218410
401 1229950 2218410
402 1225470 2218410
403 1233310 2218410
404 1282590 2218410
405 1251230 2218410
406 1250110 2218410
407 1269150 2218410
408 1253470 2218410
409 1264670 2218410
410 1284830 2218410
411 1266910 2218410
412 1289310 2218410
413 1279230 2218410
414 1288190 2218410
415 1260190 2218410
416 1278110 2218410
417 1272510 2218410
418 1274750 2218410
419 1265790 2218410
420 1273630 2218410
421 1270270 2218410
422 1261310 2218410
423 1275870 2218410
424 1248990 2218410
425 1276990 2218410
426 1283710 2218410
427 1226590 2218410
428 1231070 2218410
429 1208670 2218410
430 1189630 2218410
431 1170590 2218410
432 1206430 2218410
433 1207550 2218410
434 1190750 2218410
435 1187390 2218410
436 1205310 2218410
437 1128030 2218410
438 1172830 2218410
439 1168350 2218410
440 1271390 2218410
441 1263550 2218410
442 1152670 2218410
443 1140350 2218410
444 1161630 2218410
445 1157150 2218410
446 1136990 2218410
447 1160510 2218410
448 1135870 2218410
449 1159390 2218410
450 1158270 2218410
451 1182910 2218410
452 1252350 2218410
453 1242270 2218410
454 1255710 2218410
455 1184030 2218410
456 1256830 2218410
457 1218750 2218410
458 1246750 2218410
459 1133630 2218410
460 1192990 2218410
461 1243390 2218410
462 1164990 2218410
463 1247870 2218410
464 1219870 2218410
465 1201950 2218410
466 1241150 2218410
467 1217630 2218410
468 1244510 2218410
469 1245630 2218410
470 1130270 2218410
471 1213150 2218410
472 1212030 2218410
473 1200830 2218410
474 1215390 2218410
475 1216510 2218410
476 1210910 2218410
477 1209790 2218410
478 1234430 2218410
479 1220990 2218410
480 1222110 2218410
481 1147070 2218410
482 1232190 2218410
483 1228830 2218410
484 1227710 2218410
485 1235550 2218410
486 1163870 2218410
487 1162750 2218410
488 1153790 2218410
489 1151550 2218410
490 1173950 2218410
491 1148190 2218410
492 1285950 2218410
493 1142590 2218410
494 1149310 2218410
495 1156030 2218410
496 1166110 2218410
497 1176190 2218410
498 1145950 2218410
499 1141470 2218410
500 1150430 2218410
501 1262430 2218410
502 1138110 2218410
503 1194110 2218410
504 1143710 2218410
505 1280350 2218410
506 1125790 2218410
507 1119070 2218410
508 1122430 2218410
509 1092190 2218410
510 1087710 2218410
511 1084350 2218410
512 1080990 2218410
513 1048510 2218410
514 1068670 2218410
515 1144830 2218410
516 1058590 2218410
517 1067550 2218410
518 988030 2218410
519 989150 2218410
520 965630 2218410
521 963390 2218410
522 962270 2218410
523 955550 2218410
524 952190 2218410
525 964510 2218410
526 1126910 2218410
527 947710 2218410
528 946590 2218410
529 935390 2218410
530 933150 2218410
531 927550 2218410
532 908510 2218410
533 905150 2218410
534 904030 2218410
535 902910 2218410
536 901790 2218410
537 1139230 2218410
538 906270 2218410
539 909630 2218410
540 910750 2218410
541 915230 2218410
542 923070 2218410
543 920830 2218410
544 924190 2218410
545 919710 2218410
546 928670 2218410
547 936510 2218410
548 1134750 2218410
549 961150 2218410
550 943230 2218410
551 951070 2218410
552 957790 2218410
553 973470 2218410
554 971230 2218410
555 972350 2218410
556 975710 2218410
557 979070 2218410
558 984670 2218410
559 1132510 2218410
560 986910 2218410
561 990270 2218410
562 994750 2218410
563 996990 2218410
564 1005950 2218410
565 1009310 2218410
566 1027230 2218410
567 1017150 2218410
568 1016030 2218410
569 1028350 2218410
570 1124670 2218410
571 1045150 2218410
572 1041790 2218410
573 1042910 2218410
574 1044030 2218410
575 1103390 2218410
576 1104510 2218410
577 1107870 2218410
578 1105630 2218410
579 1123550 2218410
580 1114590 2218410
581 1116830 2218410
582 1121310 2218410
583 1115710 2218410
584 1129150 2218410
585 1281470 2218410
586 1120190 2218410
587 1117950 2218410
588 1096670 2218410
589 1094430 2218410
590 1085470 2218410
591 1083230 2218410
592 1051870 2218410
593 1012670 2218410
594 1072030 2218410
595 1063070 2218410
596 1070910 2218410
597 992510 2218410
598 982430 2218410
599 968990 2218410
600 958910 2218410
601 956670 2218410
602 953310 2218410
603 949950 2218410
604 948830 2218410
605 945470 2218410
606 938750 2218410
607 937630 2218410
608 932030 2218410
609 930910 2218410
610 926430 2218410
611 918590 2218410
612 897310 2218410
613 898430 2218410
614 899550 2218410
615 939870 2218410
616 900670 2218410
617 907390 2218410
618 911870 2218410
619 912990 2218410
620 916350 2218410
621 917470 2218410
622 914110 2218410
623 921950 2218410
624 925310 2218410
625 929790 2218410
626 940990 2218410
627 934270 2218410
628 944350 2218410
629 942110 2218410
630 960030 2218410
631 954430 2218410
632 970110 2218410
633 966750 2218410
634 967870 2218410
635 974590 2218410
636 977950 2218410
637 980190 2218410
638 983550 2218410
639 985790 2218410
640 991390 2218410
641 993630 2218410
642 995870 2218410
643 1002590 2218410
644 1004830 2218410
645 1022750 2218410
646 1018270 2218410
647 1014910 2218410
648 1024990 2218410
649 1023870 2218410
650 1054110 2218410
651 1049630 2218410
652 1050750 2218410
653 1052990 2218410
654 1091070 2218410
655 1093310 2218410
656 1098910 2218410
657 1097790 2218410
658 1180670 2218410
659 1131390 2218410
660 1171710 2218410
661 1180670 140
662 1130270 140
663 1212030 140
664 968990 140
665 966750 140
666 967870 140
667 970110 140
668 964510 140
669 965630 140
670 1005950 140
671 971230 140
672 979070 140
673 988030 140
674 1198590 140
675 995870 140
676 1008190 140
677 1206430 140
678 1001470 140
679 1179550 140
680 1162750 140
681 1196350 140
682 1203070 140
683 1220990 140
684 1160510 140
685 1236670 140
686 1129150 140
687 1225470 140
688 1161630 140
689 1190750 140
690 1226590 140
691 1156030 140
692 1237790 140
693 1205310 140
694 1200830 140
695 1126910 140
696 1209790 140
697 1191870 140
698 1215390 140
699 1224350 140
700 1208670 140
701 1154910 140
702 1214270 140
703 1171710 140
704 1232190 140
705 1229950 140
706 1204190 140
707 1219870 140
708 1235550 140
709 1227710 140
710 1210910 140
711 1218750 140
712 1192990 140
713 1199710 140
714 1167230 140
715 1195230 140
716 1217630 140
717 1201950 140
718 1207550 140
719 1172830 140
720 1213150 140
721 1175070 2218410
722 1177310 2218410
723 1167230 2218410
724 1159390 140
725 1169470 2218410
726 1149310 140
727 1181790 2218410
728 1185150 2218410
729 1179550 2218410
730 1188510 2218410
731 1186270 2218410
732 1154910 2218410
733 1197470 140
734 1259070 2218410
735 1254590 2218410
736 1150430 140
737 1194110 140
738 1216510 140
739 1251230 140
740 1254590 140
741 1269150 140
742 1270270 140
743 1264670 140
744 1265790 140
745 1271390 140
746 1268030 140
747 1279230 140
748 1280350 140
749 1233310 140
750 1274750 140
751 1275870 140
752 1296030 140
753 1283710 140
754 1285950 140
755 1291550 140
756 1297150 140
757 1298270 140
758 1284830 140
759 1287070 140
760 1222110 140
761 1288190 140
762 1290430 140
763 1276990 140
764 1272510 140
765 1273630 140
766 1278110 140
767 1281470 140
768 1282590 140
769 1289310 140
770 1292670 140
771 1223230 140
772 1293790 140
773 1294910 140
774 1299390 140
775 1300510 140
776 1308350 140
777 1307230 140
778 1303870 140
779 1304990 140
780 1306110 140
781 1309470 140
782 1234430 140
783 1310590 140
784 1313950 140
785 1312830 140
786 1311710 140
787 1315070 140
788 1318430 140
789 1317310 140
790 1316190 140
791 1319550 140
792 1322910 140
793 1228830 140
794 1301630 140
795 1302750 140
796 1321790 140
797 1320670 140
798 1231070 140
799 1246750 140
800 1255710 140
801 1257950 140
802 1348670 140
803 1103390 140
804 1111230 140
805 1101150 140
806 1185150 140
807 1125790 140
808 1124670 140
809 1152670 140
810 1112350 140
811 1105630 140
812 1123550 140
813 1168350 140
814 1107870 140
815 1170590 140
816 1178430 140
817 1181790 140
818 1121310 140
819 1139230 140
820 1122430 140
821 1163870 140
822 1113470 140
823 1166110 140
824 1187390 140
825 1100030 140
826 1114590 140
827 1097790 140
828 1140350 140
829 1164990 140
830 1131390 140
831 1136990 140
832 1138110 140
833 1147070 140
834 1189630 140
835 1110110 140
836 1144830 140
837 1169470 140
838 1128030 140
839 1120190 140
840 1151550 140
841 1119070 140
842 1132510 140
843 1141470 140
844 1173950 140
845 1157150 140
846 1142590 140
847 1176190 140
848 1143710 140
849 1175070 140
850 1135870 140
851 1153790 140
852 1188510 140
853 1186270 140
854 1184030 140
855 1158270 140
856 1182910 140
857 1148190 140
858 1115710 140
859 1108990 140
860 1145950 140
861 1117950 140
862 1133630 140
863 1177310 140
864 1102270 140
865 1134750 140
866 1095550 140
867 1098910 140
868 1096670 140
869 1116830 140
870 1093310 140
871 881670 427210
872 881670 63490
873 881670 305970
874 881670 184730
875 99990 790790
876 490830 790790
877 686250 790930
878 295410 790930
879 1272510 2032590
880 1077090 2032590
881 490830 2032590
882 295410 1033130
883 99990 1033130
884 490830 1033130
885 686250 1033130
886 490830 911890
887 686250 911890
888 295410 911890
889 99990 911890
890 881670 1790530
891 881670 1911630
892 686250 2032590
893 1077090 1790390
894 1272510 1911630
895 1272510 1790390
896 1077090 1911630
897 1663350 1790810
898 1663350 2154390
899 1663350 1911910
900 1663350 2033150
901 2169270 2026430
902 2364690 2026430
903 2161770 1663130
904 2169270 911890
905 2364690 790930
906 2169270 790930
907 2364690 911890
908 295410 1154230
909 490830 1154230
910 99990 1154230
911 686250 1154230
912 2364690 1905190
913 2169270 1905190
914 1966350 1350930
915 2364690 1056930
916 2364690 1178170
917 2169270 1178170
918 2169270 1056930
919 686250 1275470
920 295410 1275470
921 490830 1275470
922 99990 1275470
923 1858770 2033150
924 1858770 2154390
925 881670 2032590
926 295410 1760150
927 490830 1760150
928 686250 1760150
929 99990 1760150
930 490830 1396850
931 686250 1396850
932 99990 1396850
933 295410 1396850
934 2364690 1541890
935 2169270 1541890
936 2364690 1420650
937 295410 1639190
938 99990 1639190
939 490830 1639190
940 686250 1639190
941 490830 1518090
942 295410 1518090
943 99990 1518090
944 686250 1518090
945 2364690 1783950
946 2364690 1662990
947 2161770 1299410
948 686250 1881390
949 99990 1881390
950 490830 1881390
951 295410 1881390
952 1467930 2033150
953 1467930 1911910
954 1467930 1790670
955 1467930 2154390
956 99990 2002630
957 295410 2002630
958 295410 2154390
959 2364690 2154390
960 2364690 1299410
961 99990 2154390
962 2054190 2154390
963 2067380 305970
964 2067380 184730
965 2067380 63490
966 2067380 427070
967 2364690 184730
968 2364690 427210
969 2364690 63490
970 2364690 305970
971 99990 427210
972 99990 669550
973 99990 548310
974 2169270 669550
975 2364690 548310
976 2364690 669550
977 2169270 548310
978 490830 305970
979 490830 63490
980 490830 427070
981 490830 184730
982 1077090 184730
983 1077090 305970
984 1077090 63490
985 1871960 305970
986 1871960 184730
987 1871960 427070
988 1871960 63490
989 686250 305970
990 686250 63490
991 686250 184730
992 686250 427210
993 99990 305970
994 99990 184730
995 99990 63490
996 1676540 63350
997 1481120 63350
998 1481120 184730
999 1676540 184730
1000 295410 305970
1001 295410 184730
1002 295410 427070
1003 295410 63490
1004 1272510 184730
1005 1272510 305970
1006 1272510 63490
