0 1471158 1049727
1 1090193 1982736
2 1107338 548475
3 850108 701220
4 1538299 764549
5 1029749 684351
6 1046458 2183930
7 1019194 2206314
8 1048158 2136400
9 1028413 2147656
10 1177660 1531540
11 1535613 308729
12 1271439 605638
13 1314529 546422
14 1450269 510343
15 1055997 1159956
16 1096395 382300
17 1165955 558900
18 1097232 2126090
19 1388973 988037
20 1360018 784605
21 1276863 791969
22 1255536 785200
23 1581724 825337
24 1236719 903352
25 1580558 874562
26 1124027 664801
27 1715431 1127159
28 1236516 460143
29 1383242 844287
30 1311722 816956
31 1247187 855582
32 1362136 416386
33 1228200 946984
34 1278691 1004124
35 1223331 1066325
36 1106303 2109281
37 993955 2207853
38 1200466 1604890
39 1229249 1540358
40 1134331 1466119
41 1100223 1507880
42 1021637 2206064
43 1111427 2206533
44 1094080 2191073
45 1042937 1625088
46 874499 1630157
47 932150 1624676
48 921371 1715098
49 959695 1719127
50 1009117 1698922
51 1117745 1630536
52 1080638 2155571
53 1159636 1310950
54 1447134 853239
55 751052 708981
56 1142972 845023
57 1076745 772126
58 933343 811800
59 921545 803177
60 987448 816109
61 1013916 821660
62 966064 810870
63 912453 802606
64 1771504 1244969
65 1945434 1233411
66 1709499 1145717
67 1958412 1021073
68 1984053 1128548
69 1725573 1046227
70 1771578 926811
71 1134788 2211000
72 1132495 2207800
73 1002734 599443
74 958556 588749
75 982644 560005
76 1242143 714396
77 2168185 396200
78 2013525 1734600
79 2070525 984200
80 2151085 981400
81 2040505 785400
82 2019985 1269800
83 2064825 1001000
84 2165145 981400
85 2069385 847000
86 952438 676522
87 1230905 581574
88 1803173 1499616
89 1339581 1512530
90 1457751 1331788
91 1307439 1361785
92 1307449 1593760
93 1502950 1326156
94 1393283 1368192
95 1492360 1410150
96 1422728 1425872
97 1312361 1348084
98 1589412 1351546
99 1344581 1360840
100 1257250 1337875
101 1562936 1523633
102 1550161 1439269
103 1683422 1332154
104 1661903 1298481
105 1717054 1402611
106 1338705 1417436
107 1565875 1156333
108 1474533 1347695
109 1557975 1142387
110 1489096 1301313
111 1339165 1381240
112 1631765 1469850
113 1647262 1523791
114 1595906 1507254
115 1574608 1479488
116 1570949 1449610
117 1582196 1421897
118 1587487 1386000
119 1570973 1623567
120 1567681 1686871
121 1661519 1658327
122 1647748 1705880
123 1724969 1709797
124 1929379 1733704
125 1931720 1703210
126 1827958 1717821
127 1793729 1681585
128 1979848 1664898
129 1831920 1645259
130 1995021 1588685
131 1888467 1680811
132 1877860 1588780
133 1827463 1583333
134 1895876 1430472
135 1972083 1533978
136 1875671 1493267
137 2003955 1458600
138 1786252 1405069
139 1845873 1429916
140 1594523 1080907
141 1589361 1595313
142 1548719 1598706
143 1526347 1653778
144 1546899 1673059
145 1618304 1659791
146 1643445 1621720
147 1640382 1635983
148 1676834 1623769
149 1739366 1663816
150 1764104 1678866
151 1793473 1645700
152 1804962 1608565
153 1746379 1511720
154 1628072 1580760
155 1610430 1592158
156 1534172 1612989
157 1588041 1660950
158 1562576 1694031
159 1629559 1663561
160 1716909 1687090
161 1662912 1621400
162 1783376 1743108
163 1687867 1608175
164 1719517 1648130
165 1737140 1622973
166 1856860 1752431
167 1766204 1639362
168 1785775 1681336
169 1993532 1702255
170 1814690 1667333
171 1803188 1624140
172 1827148 1645933
173 2011888 1669266
174 1936661 1646709
175 2021538 1633890
176 1825621 1603210
177 1942959 1609004
178 2038923 1581371
179 1833741 1575466
180 1957674 1571146
181 1867826 1568046
182 1855583 1550470
183 2044340 1519560
184 1867669 1533391
185 1877580 1531496
186 1987266 1505059
187 1840842 1513477
188 1997610 1465982
189 1886474 1476826
190 1881428 1464192
191 1917281 1407622
192 1865553 1444200
193 1769125 1400845
194 1775880 1393064
195 1757127 1459176
196 1799917 1501057
197 1804791 1479333
198 1806564 1462431
199 1800086 1441287
200 1734914 1416049
201 1591126 1254762
202 1534814 1280365
203 1567556 1579977
204 1624368 1591046
205 1609856 1670131
206 1714542 1607009
207 1744580 1558980
208 1760699 1545702
209 1773619 1528800
210 1792235 1394200
211 1721093 1482133
212 1675139 1580281
213 1649921 1418595
214 1664156 1459150
215 1592718 1454447
216 1609482 1496276
217 1600888 1484323
218 1667311 1540618
219 1663852 1525423
220 1622036 1533933
221 1586158 1495386
222 1579984 1397489
223 1371008 1317723
224 1370969 1484453
225 1120215 1623236
226 962909 1570148
227 1376640 1556630
228 1260758 1427967
229 1417588 1514346
230 1462836 1516017
231 1463120 1480205
232 1464424 1466952
233 1407416 1478213
234 1161545 1656973
235 1377600 1691577
236 1304838 1703821
237 1176904 1705721
238 1177807 1659951
239 1263454 1650528
240 1383797 1642030
241 1448784 1685236
242 1497098 1680438
243 1494093 1599689
244 1518532 1550535
245 1426779 1570716
246 1437739 1636256
247 1509096 1281570
248 1024042 1678935
249 1631827 1252894
250 1665489 1259844
251 1557390 1258500
252 1526092 1307541
253 1698392 1575504
254 1724530 1568133
255 1595563 1610051
256 1654503 1580358
257 1567911 1563100
258 1584405 1561572
259 1588453 1579991
260 1530919 1000175
261 1607863 1119633
262 1595755 1157035
263 1586508 1185134
264 1562295 1170098
265 1548125 1145829
266 1535928 1137888
267 1543044 1133830
268 1603907 1039491
269 1613052 1566250
270 1025591 1583006
271 1019277 1556107
272 1137311 1059578
273 1045127 1043893
274 1090027 970612
275 1046148 889263
276 961540 874244
277 881745 863597
278 820913 891371
279 832867 996265
280 934773 980290
281 922158 985074
282 872038 889783
283 1478641 1132110
284 1382326 1250587
285 1332626 1119898
286 1159616 1226039
287 1179876 1306524
288 1192176 1269867
289 1038348 1187590
290 1059799 1322969
291 950990 1279165
292 1186633 1173846
293 893235 1254012
294 1021632 1374014
295 965712 1154580
296 887487 1191542
297 891318 1322716
298 836752 1165913
299 821377 1206402
300 911448 1100120
301 825772 1113443
302 1159194 1172634
303 947368 1092745
304 902658 1187475
305 879399 1127000
306 949246 1571851
307 1056546 1496203
308 1059336 1553580
309 994151 1516136
310 956018 1489977
311 857528 1669464
312 856671 1479678
313 1005130 1436610
314 1049266 1604943
315 953497 1545432
316 1054227 1522013
317 1080405 2150182
318 1171854 1431511
319 1037192 1553170
320 922362 1473072
321 1314882 1471730
322 1271528 1494935
323 1234408 1488939
324 1292448 1377863
325 1327789 1419651
326 1423739 332381
327 1543785 328940
328 1513910 358414
329 1452475 464185
330 1584078 357984
331 1944300 872600
332 1905165 933081
333 1960415 956493
334 2051388 951505
335 2016827 960415
336 2038350 829750
337 2002538 826657
338 2042643 867454
339 2051795 897163
340 1931794 892400
341 2055962 876797
342 1465866 512917
343 1415894 624667
344 1344405 616152
345 1362707 411629
346 1267954 413434
347 1807257 765854
348 1638160 681913
349 1696510 573219
350 1785323 576661
351 1935241 726122
352 1762895 714308
353 1683396 517889
354 1607043 695502
355 1617592 435394
356 1909001 594821
357 1946434 610761
358 1773828 666171
359 1529372 464931
360 1515163 461691
361 1728513 451396
362 1920196 543851
363 1312538 420992
364 1526901 497091
365 1514106 489353
366 1940614 650425
367 1772587 715748
368 1946551 716873
369 1440397 495686
370 1506771 522430
371 1728368 800116
372 1791244 731549
373 1945426 643973
374 1517800 547812
375 1388168 581520
376 1492759 571461
377 1357742 573187
378 1197639 501954
379 1472601 555854
380 1745072 633808
381 1937713 607489
382 1434335 559809
383 1330025 545448
384 1603069 457384
385 1246321 503305
386 1405927 501570
387 1395987 504640
388 1321963 522796
389 1263646 506931
390 1906991 546350
391 1330084 503138
392 1390970 476355
393 1395350 455103
394 1348453 491940
395 1375914 464843
396 1395353 398670
397 1217185 411096
398 1435163 485670
399 1436059 524525
400 1469088 554037
401 727964 623631
402 881115 719953
403 892140 639116
404 686271 627879
405 826926 635760
406 648658 616025
407 703098 617953
408 846588 627064
409 795143 596538
410 776241 592080
411 752462 600894
412 914683 600179
413 871290 570237
414 1511792 916837
415 1802999 966904
416 1434368 973642
417 1690424 914130
418 1397034 1141039
419 1472205 770772
420 1446138 708321
421 1348514 706923
422 1312589 759626
423 1630036 913885
424 1037310 2218410
425 1047390 2218410
426 1041790 2218410
427 1177310 2218410
428 1199710 2218410
429 1206430 2218410
430 1233310 2218410
431 1215390 2218410
432 1204190 2218410
433 1207550 2218410
434 1231070 2218410
435 1079870 2218410
436 1232190 2218410
437 1208670 2218410
438 1214270 2218410
439 1209790 2218410
440 1216510 2218410
441 1223230 2218410
442 1205310 2218410
443 1212030 2218410
444 1226590 2218410
445 1225470 2218410
446 996990 2218410
447 1222110 2218410
448 1224350 2218410
449 1229950 2218410
450 1237790 2218410
451 1243390 2218410
452 1261310 2218410
453 1219870 2218410
454 1260190 2218410
455 1259070 2218410
456 1240030 2218410
457 1110110 2218410
458 1241150 2218410
459 1242270 2218410
460 1236670 2218410
461 1228830 2218410
462 1235550 2218410
463 1220990 2218410
464 1217630 2218410
465 1218750 2218410
466 1210910 2218410
467 1213150 2218410
468 1004830 2218410
469 1201950 2218410
470 1203070 2218410
471 1191870 2218410
472 1180670 2218410
473 1182910 2218410
474 1196350 2218410
475 1200830 2218410
476 1198590 2218410
477 1197470 2218410
478 1189630 2218410
479 1003710 2218410
480 1178430 2218410
481 1192990 2218410
482 1085470 2218410
483 1077630 2218410
484 1092190 2218410
485 1089950 2218410
486 1093310 2218410
487 1088830 2218410
488 1106750 2218410
489 1105630 2218410
490 988030 2218410
491 1149310 2218410
492 1115710 2218410
493 1186270 2218410
494 1187390 2218410
495 1190750 2218410
496 1181790 2218410
497 1185150 2218410
498 1179550 2218410
499 1188510 2218410
500 1194110 2218410
501 970110 2218410
502 1184030 2218410
503 1195230 2218410
504 1227710 2218410
505 1234430 2218410
506 1024990 2218410
507 1009310 2218410
508 1005950 2218410
509 1022750 2218410
510 1020510 2218410
511 1008190 2218410
512 1001470 2218410
513 1007070 2218410
514 1033950 2218410
515 1021630 2218410
516 1027230 2218410
517 1018270 2218410
518 1029470 2218410
519 1028350 2218410
520 1013790 2218410
521 1010430 2218410
522 1017150 2218410
523 1112350 2218410
524 1019390 2218410
525 1030590 2218410
526 1012670 2218410
527 1016030 2218410
528 1100030 2218410
529 1120190 2218410
530 1121310 2218410
531 1103390 2218410
532 1114590 2218410
533 1122430 2218410
534 986910 2218410
535 1113470 2218410
536 1123550 2218410
537 1116830 2218410
538 1102270 2218410
539 1117950 2218410
540 1094430 2218410
541 1108990 2218410
542 1078750 2218410
543 1087710 2218410
544 1104510 2218410
545 1107870 2218410
546 1125790 2218410
547 1091070 2218410
548 1095550 2218410
549 1101150 2218410
550 1082110 2218410
551 1069790 2218410
552 1074270 2218410
553 1072030 2218410
554 1059710 2218410
555 1064190 2218410
556 1070910 2218410
557 1124670 2218410
558 1060830 2218410
559 1040670 2218410
560 980190 2218410
561 898430 2218410
562 963390 2218410
563 952190 2218410
564 911870 2218410
565 900670 2218410
566 932030 2218410
567 917470 2218410
568 1000350 2218410
569 921950 2218410
570 927550 2218410
571 899550 2218410
572 901790 2218410
573 916350 2218410
574 940990 2218410
575 924190 2218410
576 920830 2218410
577 918590 2218410
578 929790 2218410
579 1111230 2218410
580 895070 2218410
581 915230 2218410
582 951070 2218410
583 946590 2218410
584 938750 2218410
585 957790 2218410
586 925310 2218410
587 947710 2218410
588 961150 2218410
589 956670 2218410
590 983550 2218410
591 928670 2218410
592 966750 2218410
593 967870 2218410
594 965630 2218410
595 976830 2218410
596 982430 2218410
597 971230 2218410
598 974590 2218410
599 995870 2218410
600 998110 2218410
601 942110 2218410
602 994750 2218410
603 926430 2218410
604 977950 2218410
605 999230 2218410
606 1014910 2218410
607 1031710 2218410
608 1045150 2218410
609 1039550 2218410
610 1054110 2218410
611 1061950 2218410
612 1084350 2218410
613 1052990 2218410
614 1083230 2218410
615 1050750 2218410
616 1068670 2218410
617 1026110 2218410
618 1032830 2218410
619 1036190 2218410
620 1035070 2218410
621 1044030 2218410
622 1096670 2218410
623 1058590 2218410
624 1097790 2218410
625 1098910 2218410
626 1086590 2218410
627 1075390 2218410
628 1066430 2218410
629 1049630 2218410
630 1073150 2218410
631 1080990 2218410
632 1056350 2218410
633 1063070 2218410
634 1067550 2218410
635 990270 2218410
636 1046270 2218410
637 1065310 2218410
638 1048510 2218410
639 981310 2218410
640 944350 2218410
641 937630 2218410
642 949950 2218410
643 948830 2218410
644 935390 2218410
645 907390 2218410
646 972350 2218410
647 930910 2218410
648 933150 2218410
649 910750 2218410
650 943230 2218410
651 919710 2218410
652 914110 2218410
653 934270 2218410
654 912990 2218410
655 904030 2218410
656 909630 2218410
657 954430 2218410
658 939870 2218410
659 936510 2218410
660 945470 2218410
661 908510 2218410
662 955550 2218410
663 906270 2218410
664 897310 2218410
665 958910 2218410
666 923070 2218410
667 960030 2218410
668 896190 2218410
669 905150 2218410
670 964510 2218410
671 968990 2218410
672 973470 2218410
673 975710 2218410
674 962270 2218410
675 985790 2218410
676 989150 2218410
677 902910 2218410
678 991390 2218410
679 979070 2218410
680 993630 2218410
681 992510 2218410
682 953310 2218410
683 984670 2218410
684 1002590 2218410
685 1011550 2218410
686 1023870 2218410
687 1042910 2218410
688 1038430 2218410
689 1051870 2218410
690 1055230 2218410
691 1057470 2218410
692 1076510 2218410
693 1126910 2218410
694 1119070 2218410
695 1128030 2218410
696 1129150 2218410
697 1130270 2218410
698 1131390 2218410
699 1132510 2218410
700 1134750 2218410
701 1135870 2218410
702 1051870 140
703 999230 140
704 979070 140
705 990270 140
706 947710 140
707 955550 140
708 942110 140
709 898430 140
710 899550 140
711 900670 140
712 982430 140
713 901790 140
714 902910 140
715 904030 140
716 988030 140
717 905150 140
718 906270 140
719 992510 140
720 907390 140
721 911870 140
722 910750 140
723 908510 140
724 1004830 140
725 927550 140
726 1150430 140
727 926430 140
728 933150 140
729 960030 140
730 1014910 140
731 1125790 140
732 1128030 140
733 956670 140
734 1126910 140
735 1136990 140
736 1131390 140
737 1129150 140
738 1130270 140
739 1134750 140
740 1132510 140
741 1133630 140
742 1138110 140
743 1135870 140
744 965630 140
745 1149310 140
746 1141470 140
747 1139230 140
748 1140350 140
749 1148190 140
750 1122430 140
751 1123550 140
752 1124670 140
753 1018270 140
754 1017150 140
755 940990 140
756 1003710 140
757 993630 140
758 984670 140
759 995870 140
760 1016030 140
761 985790 140
762 971230 140
763 1133630 2218410
764 1136990 2218410
765 1138110 2218410
766 1145950 140
767 1139230 2218410
768 1056350 140
769 1140350 2218410
770 1141470 2218410
771 1143710 2218410
772 1144830 2218410
773 1145950 2218410
774 1147070 2218410
775 1147070 140
776 1142590 2218410
777 1148190 2218410
778 998110 140
779 980190 140
780 1242270 140
781 1288190 140
782 1297150 140
783 1309470 140
784 1308350 140
785 1290430 140
786 1289310 140
787 1311710 140
788 1306110 140
789 1318430 140
790 1317310 140
791 1223230 140
792 1315070 140
793 1316190 140
794 1326270 140
795 1310590 140
796 1313950 140
797 1324030 140
798 1327390 140
799 1328510 140
800 1319550 140
801 1320670 140
802 1244510 140
803 1321790 140
804 1322910 140
805 1302750 140
806 1298270 140
807 1294910 140
808 1293790 140
809 1299390 140
810 1300510 140
811 1303870 140
812 1304990 140
813 1262430 140
814 1307230 140
815 1331870 140
816 1312830 140
817 1332990 140
818 1334110 140
819 1325150 140
820 1346430 140
821 1347550 140
822 1336350 140
823 1341950 140
824 1291550 140
825 1344190 140
826 1339710 140
827 1348670 140
828 1340830 140
829 1337470 140
830 1345310 140
831 1349790 140
832 1350910 140
833 1330750 140
834 1352030 140
835 1240030 140
836 1335230 140
837 1329630 140
838 1338590 140
839 1343070 140
840 1226590 140
841 1292670 140
842 1296030 140
843 1301630 140
844 2464470 1026060
845 1153790 140
846 1163870 140
847 1157150 140
848 1235550 140
849 1161630 140
850 1177310 140
851 1210910 140
852 1171710 140
853 1170590 140
854 1180670 140
855 1245630 140
856 1168350 140
857 1176190 140
858 1248990 140
859 1250110 140
860 1158270 140
861 1195230 140
862 1156030 140
863 1219870 140
864 1162750 140
865 1236670 140
866 1253470 140
867 1142590 140
868 1169470 140
869 1160510 140
870 1181790 140
871 1237790 140
872 1144830 140
873 1179550 140
874 1198590 140
875 1212030 140
876 1252350 140
877 1222110 140
878 1197470 140
879 1231070 140
880 1182910 140
881 1227710 140
882 1220990 140
883 1228830 140
884 1206430 140
885 1190750 140
886 1218750 140
887 1200830 140
888 1175070 140
889 1238910 140
890 1192990 140
891 1215390 140
892 1173950 140
893 1196350 140
894 1251230 140
895 1241150 140
896 1234430 140
897 1232190 140
898 1229950 140
899 1194110 140
900 1152670 140
901 1164990 140
902 1178430 140
903 1151550 140
904 1184030 140
905 1233310 140
906 1159390 140
907 1199710 140
908 1143710 140
909 1166110 140
910 1167230 140
911 1172830 140
912 1154910 140
913 881670 427210
914 881670 63490
915 881670 305970
916 881670 184730
917 99990 790790
918 490830 790790
919 686250 790930
920 295410 790930
921 1272510 2032590
922 1077090 2032590
923 490830 2032590
924 295410 1033130
925 99990 1033130
926 490830 1033130
927 686250 1033130
928 490830 911890
929 686250 911890
930 295410 911890
931 99990 911890
932 881670 1790530
933 881670 1911630
934 686250 2032590
935 1077090 1790390
936 1272510 1911630
937 1272510 1790390
938 1077090 1911630
939 1663350 1790810
940 1663350 2154390
941 1663350 1911910
942 1663350 2033150
943 2169270 2026430
944 2364690 2026430
945 2161770 1663130
946 2169270 911890
947 2364690 790930
948 2169270 790930
949 2364690 911890
950 295410 1154230
951 490830 1154230
952 99990 1154230
953 686250 1154230
954 2364690 1905190
955 2169270 1905190
956 1966350 1350930
957 2364690 1056930
958 2364690 1178170
959 2169270 1178170
960 2169270 1056930
961 686250 1275470
962 295410 1275470
963 490830 1275470
964 99990 1275470
965 1858770 2033150
966 1858770 2154390
967 881670 2032590
968 295410 1760150
969 490830 1760150
970 686250 1760150
971 99990 1760150
972 490830 1396850
973 686250 1396850
974 99990 1396850
975 295410 1396850
976 2364690 1541890
977 2169270 1541890
978 2364690 1420650
979 295410 1639190
980 99990 1639190
981 490830 1639190
982 686250 1639190
983 490830 1518090
984 295410 1518090
985 99990 1518090
986 686250 1518090
987 2364690 1783950
988 2364690 1662990
989 2161770 1299410
990 686250 1881390
991 99990 1881390
992 490830 1881390
993 295410 1881390
994 1467930 2033150
995 1467930 1911910
996 1467930 1790670
997 1467930 2154390
998 99990 2002630
999 295410 2002630
1000 295410 2154390
1001 2364690 2154390
1002 2364690 1299410
1003 99990 2154390
1004 2054190 2154390
1005 2067380 305970
1006 2067380 184730
1007 2067380 63490
1008 2067380 427070
1009 2364690 184730
1010 2364690 427210
1011 2364690 63490
1012 2364690 305970
1013 99990 427210
1014 99990 669550
1015 99990 548310
1016 2169270 669550
1017 2364690 548310
1018 2364690 669550
1019 2169270 548310
1020 490830 305970
1021 490830 63490
1022 490830 427070
1023 490830 184730
1024 1077090 184730
1025 1077090 305970
1026 1077090 63490
1027 1871960 305970
1028 1871960 184730
1029 1871960 427070
1030 1871960 63490
1031 686250 305970
1032 686250 63490
1033 686250 184730
1034 686250 427210
1035 99990 305970
1036 99990 184730
1037 99990 63490
1038 1676540 63350
1039 1481120 63350
1040 1481120 184730
1041 1676540 184730
1042 295410 305970
1043 295410 184730
1044 295410 427070
1045 295410 63490
1046 1272510 184730
1047 1272510 305970
1048 1272510 63490
