0 31510 17493
1 28012 2722
2 33332 4037
3 23402 6682
4 29517 1912
5 27459 2058
6 27283 8636
7 4833 13157
8 3396 13887
9 4203 13185
10 1593 9855
11 2516 12339
12 3294 11610
13 5619 14985
14 4404 15288
15 25200 10910
16 23672 11030
17 3702 15795
18 5315 16031
19 57996 10402
20 59265 7695
21 60948 8775
22 58899 8811
23 61195 5535
24 60702 7627
25 59170 8808
26 56507 8505
27 55728 9237
28 25799 3744
29 21662 9153
30 3096 23553
31 3319 26286
32 1732 25155
33 2187 27783
34 1728 26730
35 2624 21384
36 2819 19646
37 4455 19284
38 5142 20696
39 1638 21825
40 8034 16797
41 8045 18871
42 8374 22215
43 9443 17617
44 10789 21222
45 11559 19613
46 6683 19697
47 6825 20685
48 8757 20385
49 25755 2268
50 5767 22329
51 7992 23445
52 2538 22410
53 5515 23989
54 8444 24266
55 6219 25832
56 7973 26253
57 7942 27810
58 4917 25785
59 23656 9225
60 26234 9299
61 22569 2652
62 27756 24097
63 28413 28395
64 28276 26151
65 28706 31185
66 21943 7793
67 32036 26609
68 28566 31455
69 30099 28727
70 33804 27945
71 38745 28890
72 30693 24765
73 29529 31455
74 27189 26983
75 27864 29025
76 30672 30510
77 28462 29442
78 31353 28755
79 29561 24957
80 18970 30861
81 28502 30203
82 20629 10510
83 22632 9855
84 23037 8133
85 4896 31275
86 4381 30399
87 22045 4223
88 5029 29044
89 3487 28980
90 8589 30027
91 2878 30003
92 6703 30203
93 7719 29385
94 5108 27729
95 23793 3215
96 23908 8066
97 36672 24745
98 35347 23535
99 40459 25920
100 38439 28875
101 38778 27497
102 38175 27045
103 36850 26304
104 40695 24435
105 38676 23796
106 32062 30465
107 39487 31185
108 36855 30780
109 38583 30735
110 36018 31185
111 31158 31455
112 33142 28080
113 27037 5035
114 52422 8505
115 55288 12596
116 52533 9855
117 54077 10035
118 52695 11691
119 54904 11407
120 52937 13654
121 61803 13365
122 49227 4353
123 51350 4879
124 50596 5872
125 50004 2632
126 51588 3330
127 51937 2041
128 49034 5940
129 50041 7087
130 3381 6426
131 5108 7155
132 2106 6183
133 3328 7735
134 3373 9963
135 2403 9477
136 3638 11272
137 11380 13702
138 11820 12569
139 12792 12217
140 13338 11151
141 12960 5805
142 11249 10857
143 20200 4226
144 18252 3825
145 58954 14670
146 61303 13567
147 59773 13536
148 62262 13905
149 61236 12231
150 61452 12105
151 61533 11205
152 61978 11880
153 61143 14753
154 59163 13128
155 59727 11282
156 19347 2047
157 58603 16045
158 59168 17923
159 58455 19197
160 56518 17260
161 57391 16875
162 60708 17235
163 61284 16740
164 25209 1485
165 41305 14331
166 38513 13105
167 38796 14856
168 37098 15687
169 41320 11059
170 41304 11826
171 40189 9585
172 39801 11873
173 42085 12309
174 42325 23253
175 38606 5438
176 45717 18697
177 45510 19767
178 42210 18585
179 43726 19237
180 42910 22352
181 18657 1755
182 36974 6055
183 46211 22725
184 44245 25245
185 44506 21195
186 46373 21587
187 46527 26865
188 47926 21098
189 47760 23787
190 46413 23295
191 47574 20055
192 23633 29176
193 26333 24651
194 42403 28485
195 41411 25042
196 45480 26361
197 42511 26156
198 44637 29430
199 43175 28192
200 41540 27693
201 38097 31590
202 40253 29584
203 42729 30291
204 41188 30510
205 19728 2876
206 46125 28612
207 20520 1593
208 19080 10305
209 19099 9369
210 18835 8343
211 18774 8865
212 18832 5467
213 11441 6795
214 1377 3375
215 3127 3735
216 9918 5985
217 10659 4750
218 10601 2970
219 9991 3722
220 12279 1782
221 13862 5727
222 14229 4146
223 22757 22224
224 12834 5805
225 13326 3220
226 12161 2835
227 17127 8505
228 17610 7279
229 18576 4995
230 23151 21587
231 19224 1215
232 18630 1215
233 16341 5630
234 18713 6742
235 20254 7717
236 17712 3825
237 23874 23404
238 15129 11565
239 16098 11880
240 15654 10365
241 17424 11025
242 17061 10185
243 17002 12593
244 18117 9315
245 24811 20385
246 15513 8595
247 12092 9348
248 12814 9936
249 13118 7875
250 25444 1377
251 14537 8312
252 21124 25255
253 29332 20632
254 27351 21038
255 27791 18985
256 28515 22275
257 28846 21921
258 31713 2355
259 27014 23031
260 33571 29870
261 34823 30082
262 35953 29916
263 51364 26919
264 52546 6952
265 52425 7785
266 54327 7232
267 54567 8775
268 34708 27427
269 33838 24410
270 27425 4039
271 42361 3903
272 34911 31725
273 43287 2385
274 41736 6507
275 41515 5223
276 43837 5535
277 43315 5068
278 42079 1687
279 43308 1485
280 42471 1620
281 51497 24960
282 52929 26865
283 52295 21411
284 52129 28708
285 53848 24907
286 54128 23942
287 54309 22132
288 61727 20709
289 54175 26628
290 53525 29912
291 54527 28200
292 55497 25834
293 51243 30225
294 56110 26447
295 52947 31725
296 52506 27765
297 47121 31455
298 48617 29107
299 46521 31050
300 49977 27765
301 47412 27405
302 32442 1665
303 45738 31320
304 45333 31455
305 49888 30321
306 46760 30240
307 48793 26670
308 48852 30735
309 47277 26055
310 16503 27303
311 33723 2442
312 12136 30375
313 18738 24876
314 16798 20525
315 18394 22216
316 18591 19365
317 20067 20025
318 58627 23571
319 57110 25515
320 58563 24829
321 61028 30289
322 61983 28815
323 62424 28755
324 62464 30240
325 60750 27315
326 61651 28012
327 59967 24502
328 61781 25644
329 14695 27504
330 13278 28728
331 12494 29497
332 13415 30182
333 17454 30301
334 12413 28215
335 15325 30032
336 16677 28485
337 31660 1755
338 16397 25137
339 14102 24102
340 14821 22882
341 16344 22779
342 20425 26730
343 32108 5245
344 30121 3577
345 54345 31077
346 57414 28869
347 56344 29925
348 59388 28716
349 61110 29295
350 58456 30570
351 55798 31421
352 56616 29992
353 59144 27061
354 57384 27225
355 57861 26505
356 19395 25991
357 19404 30285
358 18802 28809
359 21405 30548
360 20671 30861
361 19545 29445
362 18340 27964
363 18081 28935
364 18387 26016
365 61722 19980
366 60721 20098
367 62145 18954
368 60496 19035
369 60121 21379
370 56955 23704
371 55683 22995
372 61240 22920
373 58093 22257
374 10368 29709
375 33844 2632
376 10522 27643
377 11623 31185
378 12654 26739
379 12073 25277
380 5260 16605
381 1471 16335
382 2700 16983
383 37651 11070
384 33291 2700
385 47829 2097
386 45868 2205
387 47146 4455
388 46789 5163
389 46785 3519
390 34555 4927
391 35730 1845
392 35530 2709
393 36655 3375
394 32600 20385
395 35478 2385
396 39263 21029
397 38853 18549
398 39787 3729
399 39981 20282
400 36369 1417
401 35918 17647
402 37738 28369
403 37179 31050
404 40429 1923
405 42621 21683
406 43591 27000
407 40077 22790
408 32223 23342
409 31152 22047
410 36117 21665
411 33350 21156
412 36902 2230
413 27540 3915
414 35904 19621
415 37908 22815
416 32789 17993
417 41283 1620
418 40478 15741
419 42495 15994
420 44203 16186
421 17752 2700
422 44197 13513
423 43929 17845
424 20643 5805
425 46175 15849
426 26154 31635
427 49262 16238
428 47880 16852
429 46066 17488
430 47278 14345
431 49766 12731
432 49196 12117
433 17407 4075
434 48015 9909
435 14526 2160
436 49008 8582
437 15669 3262
438 45856 13059
439 44366 11070
440 40378 28665
441 40560 7627
442 40149 17307
443 26959 31185
444 39055 31590
445 39366 31185
446 14787 1755
447 39528 16551
448 25898 7652
449 26858 31252
450 26343 6255
451 30469 31590
452 29025 31725
453 22266 27072
454 20821 27786
455 20385 30780
456 18994 29025
457 25019 26896
458 25092 30005
459 24667 28575
460 23889 25415
461 22545 25515
462 29199 9525
463 3822 2081
464 5076 1755
465 3051 3267
466 6165 5462
467 4448 4590
468 4185 3182
469 8248 5535
470 6852 3105
471 7729 4086
472 7155 1967
473 6959 11642
474 8133 9958
475 5738 9713
476 3091 11070
477 8668 11735
478 9571 9540
479 7845 7866
480 10531 8358
481 58955 6408
482 58127 2835
483 56004 1984
484 56187 1755
485 49288 1350
486 55067 4398
487 59265 2430
488 60324 4107
489 60167 3146
490 59795 6422
491 56076 4745
492 56690 6217
493 53379 4113
494 52416 2025
495 39852 32866
496 27660 32866
497 5580 32866
498 31116 42
499 26988 42
500 45228 42
501 42 24972
502 5772 32866
503 63774 17964
504 63774 2412
505 43212 32866
506 63774 16716
507 2892 32866
508 7212 32866
509 63774 2892
510 51372 42
511 52044 32866
512 46764 42
513 19308 32866
514 10476 42
515 24012 32866
516 63774 3084
517 42 9228
518 42 22284
519 61260 42
520 3852 32866
521 42 14316
522 63774 11148
523 5964 32866
524 32076 32866
525 36588 32866
526 63774 14412
527 48492 42
528 63774 3948
529 42 22380
530 17388 32866
531 42 5004
532 16428 32866
533 63774 4620
534 29388 42
535 10188 42
536 13836 32866
537 63774 13836
538 10572 42
539 63774 17004
540 41004 32866
541 63774 12780
542 63774 16236
543 20556 42
544 63774 16812
545 36492 32866
546 54444 32866
547 43500 42
548 63774 5292
549 63774 10380
550 63774 9900
551 9708 42
552 48972 42
553 17004 32866
554 42 20076
555 42540 32866
556 6828 32866
557 13164 32866
558 14700 32866
559 60204 42
560 46476 42
561 16620 32866
562 59916 42
563 63774 16140
564 63774 25260
565 42 17292
566 42 11244
567 34572 32866
568 63774 20844
569 33036 32866
570 59820 42
571 63774 5388
572 42 9516
573 38892 42
574 43692 32866
575 11052 42
576 10284 42
577 50700 42
578 11820 42
579 17772 32866
580 30252 32866
581 63774 14988
582 63774 8556
583 42 14796
584 17292 32866
585 42 12012
586 42 9612
587 32556 32866
588 49356 42
589 12684 32866
590 13644 42
591 30156 32866
592 63774 17100
593 12492 32866
594 49740 32866
595 46860 32866
596 35052 42
597 32748 32866
598 63774 13644
599 3756 32866
600 15948 32866
601 63774 5004
602 63774 8076
603 3564 32866
604 63774 5676
605 42 14508
606 4524 32866
607 42 8940
608 63774 20268
609 45324 42
610 63774 10092
611 47244 42
612 63774 3660
613 10764 42
614 21900 32866
615 29676 42
616 63774 9228
617 21708 32866
618 42 12204
619 46092 42
620 63774 5100
621 6732 32866
622 32460 32866
623 10668 32866
624 42 24876
625 8844 32866
626 12780 32866
627 23436 32866
628 42 14700
629 43308 32866
630 42252 42
631 16716 32866
632 42 19692
633 37356 32866
634 20268 32866
635 23916 32866
636 21996 32866
637 42 11436
638 17868 32866
639 8556 42
640 63774 5580
641 63774 8652
642 27948 32866
643 27756 42
644 35724 32866
645 42 22764
646 23148 32866
647 63774 8460
648 37548 42
649 16908 42
650 63774 7884
651 40620 32866
652 63774 4140
653 63774 6060
654 35628 32866
655 22956 42
656 7500 32866
657 51276 32866
658 42 16524
659 17964 42
660 22956 32866
661 15372 32866
662 14988 32866
663 14028 32866
664 41676 42
665 38028 32866
666 16812 32866
667 24876 32866
668 11148 42
669 42 17196
670 44748 32866
671 28044 32866
672 63774 16908
673 10668 42
674 42 6924
675 20652 32866
676 9804 42
677 11532 32866
678 60012 42
679 42 16428
680 27660 42
681 15564 42
682 50892 32866
683 40332 32866
684 63774 3564
685 10380 42
686 23244 32866
687 8364 32866
688 16908 32866
689 59244 42
690 24204 32866
691 8460 32866
692 63774 2796
693 18540 32866
694 27948 42
695 40908 32866
696 48972 32866
697 42 22956
698 63774 14700
699 63774 15180
700 43020 32866
701 60780 42
702 42 15468
703 63774 4428
704 42 16236
705 24492 32866
706 63774 7116
707 51468 32866
708 39468 42
709 8940 32866
710 7884 32866
711 24780 32866
712 63774 12588
713 21324 32866
714 42 15852
715 29868 42
716 11244 32866
717 21900 42
718 63774 14892
719 22860 32866
720 19788 32866
721 18156 32866
722 28716 42
723 63774 23244
724 25452 42
725 29100 42
726 26508 42
727 26220 42
728 30828 42
729 24780 42
730 24588 42
731 24204 42
732 25356 42
733 25068 42
734 25932 42
735 31500 42
736 26892 42
737 25740 42
738 35148 42
739 20076 42
740 20748 42
741 21420 42
742 21996 42
743 22860 42
744 23244 42
745 63774 13452
746 37068 42
747 28044 42
748 30924 42
749 36588 42
750 29292 42
751 36108 42
752 28620 42
753 25164 42
754 36972 42
755 26028 42
756 35340 42
757 36876 42
758 26604 42
759 28428 42
760 27468 42
761 27084 42
762 29580 42
763 39084 42
764 27564 42
765 26124 42
766 28524 42
767 38220 42
768 25260 42
769 34476 42
770 33036 42
771 31212 42
772 24972 42
773 25836 42
774 24300 42
775 24492 42
776 26316 42
777 23052 42
778 37740 42
779 38700 42
780 24684 42
781 24108 42
782 23436 42
783 26700 42
784 26412 42
785 24396 42
786 22764 42
787 23820 42
788 26796 42
789 34572 42
790 25644 42
791 23628 42
792 24876 42
793 27180 42
794 24012 42
795 23916 42
796 23340 42
797 22668 42
798 23724 42
799 32556 42
800 36396 42
801 25548 42
802 21324 42
803 21516 42
804 22572 42
805 22476 42
806 22092 42
807 22380 42
808 19692 42
809 20460 42
810 17772 42
811 42732 32866
812 21036 42
813 21228 42
814 20364 42
815 18060 42
816 18444 42
817 18540 42
818 20940 42
819 18924 42
820 18348 42
821 18252 42
822 39180 32866
823 19308 42
824 21612 42
825 21804 42
826 21708 42
827 19980 42
828 20268 42
829 20172 42
830 20844 42
831 20652 42
832 19212 42
833 39372 32866
834 19404 42
835 19788 42
836 23532 42
837 23148 42
838 22284 42
839 22188 42
840 21132 42
841 28236 42
842 31884 42
843 28332 42
844 42252 32866
845 28140 42
846 31020 42
847 37644 42
848 27276 42
849 32652 42
850 29004 42
851 37356 42
852 32268 42
853 31692 42
854 30060 42
855 41868 32866
856 29196 42
857 28908 42
858 33612 42
859 36780 42
860 30252 42
861 38124 42
862 28812 42
863 29484 42
864 30444 42
865 27372 42
866 41772 32866
867 29772 42
868 27852 42
869 34668 42
870 38412 42
871 35532 42
872 30156 42
873 33132 42
874 38988 42
875 30732 42
876 30348 42
877 41196 32866
878 36204 42
879 30540 42
880 38796 42
881 34860 42
882 29964 42
883 35436 42
884 34380 42
885 38316 42
886 32172 42
887 34092 42
888 32460 42
889 31404 42
890 33228 42
891 37836 42
892 36012 42
893 33900 42
894 32364 42
895 31788 42
896 35916 42
897 36300 42
898 37260 42
899 34284 42
900 35628 42
901 37164 42
902 35244 42
903 33996 42
904 33804 42
905 34188 42
906 38508 42
907 33708 42
908 34956 42
909 30636 42
910 35820 42
911 33420 42
912 32844 42
913 32940 42
914 38028 42
915 33324 42
916 37452 42
917 31596 42
918 38604 42
919 32748 42
920 36492 42
921 37932 42
922 35724 42
923 33516 42
924 36684 42
925 34764 42
926 31308 42
927 32076 42
928 31980 42
929 42060 42
930 39660 42
931 40140 42
932 42540 42
933 40332 42
934 40908 42
935 43020 42
936 40716 42
937 40044 42
938 41196 42
939 39276 42
940 43308 42
941 39564 42
942 42828 42
943 42348 42
944 39852 42
945 41292 42
946 41388 42
947 43212 42
948 16716 42
949 17484 42
950 39372 42
951 17580 42
952 17676 42
953 19884 42
954 39180 42
955 17388 42
956 26508 32866
957 24972 32866
958 17196 42
959 26028 32866
960 13932 42
961 15948 42
962 15660 42
963 15276 42
964 14604 42
965 13836 42
966 14412 42
967 14316 42
968 15084 42
969 18636 42
970 14700 42
971 16524 42
972 14028 42
973 16044 42
974 28812 32866
975 14892 42
976 15756 42
977 14220 42
978 16236 42
979 14508 42
980 18828 42
981 16428 42
982 15852 42
983 17100 42
984 15180 42
985 16812 42
986 16620 42
987 13740 42
988 27468 32866
989 16140 42
990 14988 42
991 18732 42
992 14796 42
993 16332 42
994 15372 42
995 14124 42
996 15468 42
997 25164 32866
998 26412 32866
999 26124 32866
1000 26892 32866
1001 26988 32866
1002 18156 42
1003 27756 32866
1004 26316 32866
1005 25932 32866
1006 41004 42
1007 40236 42
1008 43116 42
1009 42444 42
1010 46380 32866
1011 41772 42
1012 13740 32866
1013 54828 32866
1014 54924 32866
1015 11244 42
1016 41868 42
1017 40812 42
1018 26796 32866
1019 27084 32866
1020 27180 32866
1021 27564 32866
1022 41484 42
1023 39468 32866
1024 42 9900
1025 38124 32866
1026 63774 11436
1027 41964 42
1028 42156 32866
1029 42636 32866
1030 17292 42
1031 41580 42
1032 54636 32866
1033 40140 32866
1034 39756 42
1035 12972 32866
1036 54732 32866
1037 40620 42
1038 46476 32866
1039 40524 42
1040 40428 42
1041 40044 32866
1042 31788 32866
1043 26220 32866
1044 42924 42
1045 5100 42
1046 46572 32866
1047 53388 32866
1048 46764 32866
1049 53484 32866
1050 54348 32866
1051 30636 32866
1052 29100 32866
1053 29676 32866
1054 30348 32866
1055 34380 32866
1056 46668 32866
1057 33708 32866
1058 32940 32866
1059 35052 32866
1060 34764 32866
1061 35244 32866
1062 47148 32866
1063 38796 32866
1064 17484 32866
1065 42 3468
1066 42 3948
1067 6444 42
1068 6540 42
1069 6636 42
1070 42 10572
1071 42 11340
1072 47916 42
1073 51468 42
1074 51564 42
1075 45996 32866
1076 42 9804
1077 42 10956
1078 42 26796
1079 28140 32866
1080 28428 32866
1081 28524 32866
1082 28332 32866
1083 29772 32866
1084 29004 32866
1085 29964 32866
1086 45708 32866
1087 36108 32866
1088 36972 32866
1089 30828 32866
1090 30732 32866
1091 63774 13164
1092 50220 42
1093 45516 32866
1094 13068 42
1095 12972 42
1096 39564 32866
1097 45612 32866
1098 45900 32866
1099 46092 32866
1100 44940 32866
1101 42444 32866
1102 45324 32866
1103 35820 32866
1104 36012 32866
1105 17004 42
1106 19500 42
1107 19596 42
1108 17868 42
1109 19020 42
1110 19116 42
1111 10860 42
1112 10956 42
1113 45228 32866
1114 42 4332
1115 42 3852
1116 41100 42
1117 42156 42
1118 45420 32866
1119 53580 32866
1120 21036 32866
1121 63774 20460
1122 63774 20076
1123 42 17100
1124 13932 32866
1125 7020 32866
1126 42636 42
1127 42732 42
1128 30444 32866
1129 29292 32866
1130 28716 32866
1131 26604 32866
1132 34284 32866
1133 34188 32866
1134 42 2796
1135 42 2892
1136 42 2604
1137 48012 42
1138 31596 32866
1139 31692 32866
1140 29388 32866
1141 29868 32866
1142 5004 32866
1143 5292 32866
1144 5100 32866
1145 36300 32866
1146 30540 32866
1147 63774 14220
1148 10380 32866
1149 63774 11052
1150 63774 10956
1151 63774 11724
1152 43404 42
1153 63774 28428
1154 50796 32866
1155 50700 32866
1156 50508 32866
1157 50412 32866
1158 45804 32866
1159 63774 28236
1160 63774 28332
1161 14508 32866
1162 55020 32866
1163 63774 28716
1164 14220 32866
1165 34476 32866
1166 42 11916
1167 4908 32866
1168 63774 28620
1169 63774 12300
1170 50316 32866
1171 15468 32866
1172 14124 32866
1173 55308 32866
1174 63774 30444
1175 54156 32866
1176 50604 32866
1177 54540 32866
1178 25836 32866
1179 27276 32866
1180 63774 30252
1181 27372 32866
1182 26700 32866
1183 63774 30348
1184 33324 32866
1185 33516 32866
1186 33612 32866
1187 34860 32866
1188 33132 32866
1189 38892 32866
1190 38988 32866
1191 20172 32866
1192 19692 32866
1193 20748 32866
1194 44460 42
1195 44556 42
1196 44652 42
1197 42 9324
1198 42 9996
1199 42 26892
1200 28908 32866
1201 31308 32866
1202 29484 32866
1203 29580 32866
1204 31116 32866
1205 34092 32866
1206 63774 12876
1207 63774 13740
1208 63774 11820
1209 37740 32866
1210 41100 32866
1211 42 3372
1212 42 3180
1213 42 3276
1214 42 4812
1215 53004 32866
1216 53100 32866
1217 14892 32866
1218 11436 32866
1219 14604 32866
1220 20460 32866
1221 21420 32866
1222 53772 32866
1223 42 16044
1224 42 16140
1225 42 15948
1226 12876 32866
1227 9900 32866
1228 25356 32866
1229 53868 32866
1230 33420 32866
1231 37260 32866
1232 36876 32866
1233 38220 32866
1234 37836 32866
1235 32172 32866
1236 39948 42
1237 42 10092
1238 30060 32866
1239 28620 32866
1240 29196 32866
1241 27852 32866
1242 31404 32866
1243 34668 32866
1244 19884 32866
1245 36396 32866
1246 32844 32866
1247 63774 14124
1248 63774 14028
1249 38508 32866
1250 20844 32866
1251 42 3564
1252 42 3660
1253 17196 32866
1254 21132 32866
1255 20364 32866
1256 21516 32866
1257 21612 32866
1258 63774 19980
1259 63774 20556
1260 63774 20172
1261 18828 32866
1262 18924 32866
1263 20556 32866
1264 19116 32866
1265 16524 32866
1266 32268 32866
1267 38700 32866
1268 42060 32866
1269 41964 32866
1270 42 7596
1271 42 10476
1272 63774 9708
1273 42 15660
1274 34956 32866
1275 12300 32866
1276 19500 32866
1277 59148 42
1278 8172 32866
1279 6636 32866
1280 42 12300
1281 20940 32866
1282 42 8268
1283 63774 17388
1284 11052 32866
1285 22476 32866
1286 41676 32866
1287 59340 42
1288 60684 42
1289 58380 42
1290 42 2124
1291 41484 32866
1292 9804 32866
1293 43788 32866
1294 33996 32866
1295 63774 15660
1296 42 9036
1297 58860 42
1298 42 2028
1299 42924 32866
1300 63774 11532
1301 42 16812
1302 13452 32866
1303 35148 32866
1304 38316 32866
1305 63774 9516
1306 52236 32866
1307 63774 6156
1308 63774 5772
1309 42 17004
1310 18732 32866
1311 45036 32866
1312 39948 32866
1313 35436 32866
1314 42 11820
1315 42 972
1316 32652 32866
1317 8268 32866
1318 48300 32866
1319 63774 10860
1320 42 15564
1321 37452 32866
1322 63774 10572
1323 18444 32866
1324 63774 29580
1325 42 19116
1326 17964 32866
1327 19212 32866
1328 42 2412
1329 42 8364
1330 42348 32866
1331 9996 32866
1332 63774 12204
1333 31500 32866
1334 63774 11916
1335 36204 32866
1336 63774 8844
1337 63774 15084
1338 42 3084
1339 5196 32866
1340 63774 4332
1341 35916 32866
1342 63774 4044
1343 42 1260
1344 9324 32866
1345 63774 16332
1346 10956 32866
1347 6348 32866
1348 37548 32866
1349 63774 10284
1350 63774 3276
1351 55212 32866
1352 25260 32866
1353 13548 32866
1354 9708 32866
1355 63774 8172
1356 63774 15756
1357 39756 32866
1358 6540 32866
1359 13260 32866
1360 15564 32866
1361 19596 32866
1362 37644 32866
1363 25548 32866
1364 59436 42
1365 60492 42
1366 3180 32866
1367 42 18444
1368 42 14412
1369 42 11628
1370 41580 32866
1371 42 7692
1372 6156 32866
1373 63774 7212
1374 25452 32866
1375 63774 13548
1376 51372 32866
1377 42 8748
1378 42 11052
1379 25068 32866
1380 9228 32866
1381 37068 32866
1382 22668 32866
1383 42 1068
1384 40524 32866
1385 25740 32866
1386 42 10380
1387 42 24780
1388 59724 42
1389 33804 32866
1390 4812 32866
1391 42 780
1392 63774 13068
1393 63774 12396
1394 51852 32866
1395 24300 32866
1396 25644 32866
1397 6924 32866
1398 6444 32866
1399 42 12684
1400 6060 32866
1401 63774 15276
1402 42 1164
1403 12108 32866
1404 7788 32866
1405 42 1356
1406 63774 24396
1407 43116 32866
1408 63774 3468
1409 4620 32866
1410 8748 32866
1411 42 22668
1412 40236 32866
1413 58572 42
1414 63774 24588
1415 63774 2604
1416 15660 32866
1417 59052 42
1418 39660 32866
1419 42 10284
1420 15756 32866
1421 7980 32866
1422 18636 32866
1423 63774 24492
1424 16140 32866
1425 17676 32866
1426 17580 32866
1427 10092 32866
1428 19020 32866
1429 63774 15564
1430 16044 32866
1431 63774 6924
1432 42 1932
1433 42 16716
1434 63774 15852
1435 19404 32866
1436 63774 15468
1437 63774 10188
1438 63774 21324
1439 24684 32866
1440 63774 13260
1441 42 15372
1442 63774 21228
1443 63774 7788
1444 18252 32866
1445 15852 32866
1446 43596 32866
1447 63774 2988
1448 4716 32866
1449 63774 6348
1450 63774 14316
1451 63774 13356
1452 63774 9420
1453 63774 2508
1454 59532 42
1455 22764 32866
1456 35532 32866
1457 63774 6252
1458 42 18252
1459 36684 32866
1460 5868 32866
1461 16236 32866
1462 31884 32866
1463 63774 15948
1464 22284 32866
1465 31980 32866
1466 7596 32866
1467 42 17388
1468 63774 21420
1469 7692 32866
1470 42 1836
1471 42 12396
1472 42 8172
1473 31020 32866
1474 60588 42
1475 63774 10476
1476 42 12780
1477 43500 32866
1478 63774 4812
1479 35340 32866
1480 49836 32866
1481 18060 32866
1482 2124 32866
1483 63774 12684
1484 30924 32866
1485 38604 32866
1486 10476 32866
1487 63774 4908
1488 7308 32866
1489 63774 14508
1490 51756 32866
1491 63774 16044
1492 47532 32866
1493 3660 32866
1494 63774 18156
1495 31212 32866
1496 40716 32866
1497 28236 32866
1498 63774 21516
1499 42 12588
1500 10764 32866
1501 63774 7692
1502 10860 32866
1503 63774 16620
1504 39084 32866
1505 15084 32866
1506 36780 32866
1507 5676 32866
1508 63774 7596
1509 49164 32866
1510 42 8844
1511 16332 32866
1512 59628 42
1513 41292 32866
1514 11916 32866
1515 63774 10764
1516 42 14604
1517 37164 32866
1518 42 14892
1519 63774 14604
1520 42828 32866
1521 11340 32866
1522 63774 4524
1523 42 10860
1524 42 1452
1525 42 1548
1526 48396 32866
1527 9420 32866
1528 38412 32866
1529 42 20364
1530 63774 4716
1531 42 15276
1532 63774 3180
1533 63774 11628
1534 42 1740
1535 23628 32866
1536 45132 32866
1537 3084 32866
1538 39276 32866
1539 37932 32866
1540 63774 7404
1541 42 2700
1542 60972 42
1543 60300 42
1544 14412 32866
1545 13356 32866
1546 32364 32866
1547 9036 32866
1548 63774 6828
1549 63774 6732
1550 58764 42
1551 40812 32866
1552 33900 32866
1553 53196 32866
1554 42 2988
1555 13068 32866
1556 11628 32866
1557 63774 20652
1558 51660 32866
1559 52140 32866
1560 63774 16524
1561 60396 42
1562 63774 3372
1563 8652 32866
1564 22572 32866
1565 55116 32866
1566 63774 9996
1567 60108 42
1568 7116 32866
1569 7404 32866
1570 63774 12972
1571 43404 32866
1572 61068 42
1573 14316 32866
1574 63774 24780
1575 63774 15372
1576 63774 6540
1577 63774 8748
1578 63774 20748
1579 8076 32866
1580 51564 32866
1581 63774 12012
1582 42 5676
1583 58668 42
1584 63774 5196
1585 63774 7500
1586 33228 32866
1587 63774 9804
1588 42 876
1589 63774 4236
1590 23724 32866
1591 8556 32866
1592 23532 32866
1593 63774 8364
1594 61164 42
1595 23340 32866
1596 42 15756
1597 60876 42
1598 42 2508
1599 61452 42
1600 15276 32866
1601 41388 32866
1602 42 12876
1603 42 15084
1604 63774 8940
1605 63774 5964
1606 6252 32866
1607 20076 32866
1608 42 12492
1609 10188 32866
1610 63774 21804
1611 40428 32866
1612 42 12108
1613 63774 11244
1614 44076 32866
1615 58476 42
1616 63774 5868
1617 63774 12492
1618 9516 32866
1619 63774 6444
1620 63774 9132
1621 42 1644
1622 63774 12108
1623 42 11532
1624 12588 32866
1625 10572 32866
1626 24588 32866
1627 58956 42
1628 42 9420
1629 63774 8268
1630 5388 32866
1631 43884 32866
1632 42 9708
1633 21228 32866
1634 22380 32866
1635 63774 5484
1636 43980 32866
1637 19980 32866
1638 63774 3756
1639 51948 32866
1640 21804 32866
1641 18348 32866
1642 42 7788
1643 14796 32866
1644 44172 32866
1645 12204 32866
1646 42 5292
1647 42 16332
1648 42 8652
1649 42 18156
1650 11724 32866
1651 63774 11340
1652 63774 9612
1653 9132 32866
1654 23052 32866
1655 63774 9036
1656 44268 32866
1657 63774 7308
1658 42 16620
1659 42 3756
1660 42 2316
1661 23820 32866
1662 63774 9324
1663 49068 32866
1664 63774 1548
1665 42 10764
1666 11820 32866
1667 44364 32866
1668 42 10668
1669 15180 32866
1670 44460 32866
1671 42 7212
1672 63774 7980
1673 12012 32866
1674 13644 32866
1675 63774 10668
1676 42 15180
1677 2220 32866
1678 63774 25068
1679 63774 20364
1680 63774 16428
1681 11148 32866
1682 63774 2124
1683 42 2220
1684 17100 32866
1685 63774 6636
1686 63774 2700
1687 42 11148
1688 42 11724
1689 10284 32866
1690 24108 32866
1691 63774 17868
1692 63774 13932
1693 44844 32866
1694 44556 32866
1695 9612 32866
1696 63774 3852
1697 22188 32866
1698 42 14988
1699 24396 32866
1700 42 16908
1701 63774 7020
1702 22092 32866
1703 42 18348
1704 63774 14796
1705 42 10188
1706 44652 32866
1707 63774 1740
1708 12396 32866
1709 63774 2028
