0 21620 12955
1 36261 20385
2 7911 1215
3 21141 20115
4 40041 6615
5 15309 20655
6 36531 20115
7 17199 20655
8 1809 10665
9 4405 2295
10 2835 6831
11 16992 5955
12 16335 7317
13 16402 7830
14 16686 5400
15 15388 4657
16 15700 5940
17 16155 6435
18 16461 4365
19 14031 4815
20 15123 3837
21 17496 3645
22 18016 4377
23 18346 6570
24 17874 7020
25 17077 2700
26 18483 5303
27 15022 2673
28 14044 2700
29 13878 3375
30 14350 1215
31 14275 1755
32 15741 1620
33 36789 12902
34 38252 14512
35 38920 14242
36 40392 15370
37 40095 13995
38 38486 15563
39 40455 13635
40 40297 16065
41 38412 16470
42 36527 13905
43 37728 12765
44 37532 9427
45 40662 10125
46 37368 10350
47 36679 9990
48 39433 11529
49 37964 11367
50 38970 10575
51 36949 11340
52 39185 12663
53 39825 12645
54 22288 20250
55 23314 17685
56 1458 2565
57 22824 19305
58 26439 18191
59 26352 19305
60 27756 20385
61 26554 19946
62 27148 20655
63 26946 20025
64 24867 17955
65 23760 19035
66 25258 17010
67 23625 19980
68 24003 19806
69 25069 20250
70 24877 19791
71 22491 18630
72 23287 18360
73 4017 10725
74 4302 9904
75 4610 11407
76 5008 7830
77 2988 9555
78 3057 7560
79 3078 8667
80 4222 8235
81 6057 8730
82 6966 8640
83 7722 8595
84 6649 10005
85 2844 9225
86 5770 6036
87 3880 5920
88 3601 4914
89 4548 5970
90 2686 5355
91 5608 4840
92 2360 2680
93 2981 1870
94 2057 1593
95 2106 4185
96 3348 3037
97 1566 1755
98 37890 6255
99 34884 2295
100 38745 2700
101 39015 1485
102 35694 1788
103 34677 3645
104 35066 2835
105 36409 1485
106 34252 1755
107 38097 1620
108 37773 3213
109 37955 5737
110 37941 5062
111 39033 4965
112 39690 1620
113 39325 3645
114 37166 3545
115 36093 3429
116 36936 2160
117 35532 1215
118 39366 1215
119 20205 17415
120 19623 16875
121 19270 16026
122 21876 15862
123 21334 14715
124 23310 15030
125 22410 15255
126 20661 18015
127 21006 20655
128 21438 20655
129 21667 19980
130 21525 18975
131 19305 19845
132 19875 18705
133 21906 17390
134 22423 17145
135 24894 16470
136 23371 16659
137 22761 20385
138 10476 20655
139 10773 20115
140 18252 17415
141 17010 20385
142 9315 14310
143 19845 15750
144 17658 15205
145 18369 14040
146 17283 16489
147 19783 14837
148 20223 19845
149 12474 11812
150 12186 13005
151 16474 13950
152 15120 13995
153 15294 15015
154 12798 15471
155 16443 12825
156 14701 15120
157 15417 12383
158 15967 11373
159 13662 11880
160 15935 10557
161 16704 11655
162 14140 13056
163 13635 15795
164 12744 12622
165 1890 19845
166 2551 17617
167 2088 19575
168 5157 17415
169 4151 16605
170 3388 17415
171 3055 18315
172 2290 18900
173 5808 17453
174 6187 17730
175 5305 19035
176 5529 19305
177 4328 19440
178 4810 17865
179 6925 17280
180 6903 18549
181 6949 19683
182 10260 20385
183 17442 11475
184 17563 13095
185 17177 12609
186 17982 11610
187 18360 12495
188 19764 11166
189 19669 10665
190 19980 12186
191 20277 12150
192 20106 13365
193 21502 13601
194 21052 12863
195 12438 17415
196 11345 17955
197 12663 16875
198 12326 19180
199 10600 18697
200 11916 20025
201 11461 19035
202 36139 14715
203 15417 20115
204 13261 18810
205 33348 19170
206 33447 15255
207 35037 14625
208 13257 20250
209 33912 14715
210 33268 16114
211 35309 16672
212 35579 15862
213 34317 16605
214 33165 18495
215 35823 18015
216 34088 18274
217 36331 18954
218 35545 19372
219 35037 17595
220 24939 14805
221 25191 15885
222 31545 15795
223 28795 19170
224 30164 14715
225 29299 15210
226 28665 15345
227 26681 14643
228 26210 15727
229 26606 16952
230 26847 17595
231 28353 17224
232 27837 18375
233 28657 14661
234 26058 13577
235 30388 17685
236 29497 18090
237 29214 18495
238 30229 16771
239 31976 16821
240 31465 18427
241 32170 19102
242 30351 19102
243 32346 5805
244 29106 5490
245 31395 2781
246 32251 3150
247 33349 3645
248 31428 5035
249 33777 2565
250 29951 1674
251 29811 3206
252 31422 6723
253 30337 4131
254 31491 3195
255 28633 4792
256 27960 2415
257 28231 1701
258 27378 2970
259 27000 1755
260 28311 3945
261 27108 3780
262 29283 6537
263 27546 8671
264 25515 4320
265 24654 2584
266 25103 5602
267 25417 2025
268 26156 3037
269 24455 3408
270 26424 3015
271 23115 4165
272 22158 2790
273 23274 1539
274 21721 3172
275 23052 3267
276 19656 1620
277 20277 1620
278 20644 1539
279 21535 1971
280 20736 2295
281 28125 5355
282 26382 4840
283 27243 4905
284 24455 6412
285 24580 5319
286 23847 5737
287 23746 5130
288 25285 8842
289 26136 8397
290 26122 8910
291 28350 6183
292 28296 7232
293 26703 9180
294 25167 7121
295 25416 8055
296 26778 7347
297 27077 6383
298 26379 6277
299 29034 9315
300 30843 11671
301 15565 19237
302 29880 9225
303 12672 19665
304 27405 10017
305 26751 10071
306 26883 10890
307 28426 10462
308 27685 11205
309 29970 10395
310 39204 10125
311 31203 10755
312 31401 11115
313 30726 9855
314 15802 18544
315 15327 18945
316 17928 19575
317 14558 17847
318 18245 19305
319 18144 20520
320 18246 18387
321 17658 19845
322 15741 20250
323 14752 16767
324 14247 17175
325 7624 7641
326 8237 6255
327 9976 6041
328 9839 7116
329 8086 6075
330 8127 4725
331 5934 7587
332 8478 7155
333 6669 5062
334 7256 5130
335 15511 16389
336 5913 7425
337 14319 16245
338 9207 20385
339 39057 18352
340 37794 18819
341 38925 19899
342 40277 19440
343 40203 20115
344 37894 18225
345 39683 17235
346 40621 18090
347 38164 17685
348 37152 17482
349 36949 17415
350 2851 16368
351 3537 16335
352 4833 13689
353 5958 15795
354 6049 13437
355 4947 15373
356 5373 14265
357 2359 13651
358 7209 13230
359 5230 12207
360 5059 12447
361 3159 12825
362 3692 14465
363 11340 14850
364 8079 14040
365 8651 13522
366 11862 15525
367 7708 17280
368 10590 15525
369 10643 16392
370 8277 19227
371 9986 17685
372 34989 6264
373 8183 15772
374 8838 17685
375 35632 5520
376 9963 17685
377 36670 6750
378 6918 16402
379 7732 14310
380 10251 12285
381 10527 13340
382 11644 14136
383 37962 6750
384 10665 13995
385 7703 11350
386 8694 12555
387 9055 13905
388 1687 10935
389 36544 6075
390 34573 7740
391 33742 5457
392 38367 7695
393 32715 9693
394 37594 7863
395 39271 6682
396 39336 8977
397 39270 7572
398 39771 9315
399 4077 1485
400 34884 12481
401 33323 11502
402 34222 12690
403 34365 11529
404 35583 10002
405 36369 9045
406 34143 8967
407 33318 8775
408 34392 9855
409 35417 10732
410 35167 9382
411 31370 8543
412 31137 8100
413 30213 7605
414 32053 7830
415 32089 8910
416 31941 9855
417 33588 8100
418 33156 7155
419 36423 8415
420 36072 8100
421 4509 2925
422 4572 3555
423 5227 3267
424 6396 3315
425 10975 3510
426 10033 3159
427 8286 3525
428 8565 3476
429 8910 2655
430 8280 2295
431 6499 2487
432 6291 2565
433 14028 21994
434 17964 42
435 32268 42
436 5484 21994
437 37356 21994
438 32844 42
439 42029 13068
440 32460 42
441 42 15084
442 33324 42
443 36684 21994
444 28524 21994
445 20940 42
446 42 11436
447 42 9132
448 15084 21994
449 42029 9708
450 42 11052
451 32940 42
452 6348 21994
453 42 876
454 34092 42
455 1644 21994
456 30156 21994
457 31212 21994
458 30636 21994
459 24204 42
460 33228 42
461 1836 21994
462 13644 21994
463 42029 12204
464 15468 42
465 10092 21994
466 31884 42
467 42 10092
468 31116 21994
469 30252 21994
470 19788 42
471 33420 21994
472 29004 21994
473 29196 21994
474 19404 42
475 33036 42
476 32748 42
477 32076 42
478 42 9036
479 25356 42
480 17100 21994
481 16332 42
482 4812 21994
483 16236 42
484 42 10188
485 32172 42
486 3660 21994
487 30540 42
488 28812 21994
489 42 10380
490 6060 42
491 25068 42
492 34860 21994
493 5004 21994
494 30732 42
495 32364 42
496 42 10572
497 18252 42
498 42029 11052
499 9036 42
500 9804 42
501 20748 42
502 42 9996
503 15948 42
504 30828 42
505 31980 42
506 9132 42
507 2700 21994
508 9420 42
509 8844 42
510 23532 42
511 36108 21994
512 7980 42
513 32652 42
514 42 9900
515 18540 42
516 19692 42
517 23244 42
518 29484 42
519 12108 21994
520 9996 42
521 42029 8844
522 31692 42
523 6732 21994
524 42029 9996
525 42 780
526 6060 21994
527 10092 42
528 30636 42
529 31500 42
530 9228 42
531 3948 21994
532 18348 42
533 33132 42
534 17868 42
535 42029 10572
536 42 1548
537 42029 10380
538 42029 10476
539 21996 21994
540 22188 21994
541 42 1452
542 13164 21994
543 18060 21994
544 18540 21994
545 17868 21994
546 39660 42
547 27660 21994
548 27564 21994
549 26892 21994
550 23340 21994
551 39180 42
552 21324 21994
553 21516 21994
554 21420 21994
555 10860 21994
556 10188 21994
557 21612 21994
558 21708 21994
559 18924 42
560 19212 21994
561 42 1164
562 15948 21994
563 4908 21994
564 13548 21994
565 14604 21994
566 14796 21994
567 17964 21994
568 26028 21994
569 26220 21994
570 26604 21994
571 26988 21994
572 27084 21994
573 23628 21994
574 24396 21994
575 24588 21994
576 42 1068
577 5580 21994
578 5964 21994
579 13068 21994
580 7020 21994
581 42 972
582 20652 42
583 20268 42
584 42 10860
585 42 10956
586 42 1836
587 42 2028
588 15852 21994
589 12780 21994
590 4716 21994
591 9132 21994
592 20364 42
593 42 1356
594 4044 21994
595 10764 21994
596 20076 42
597 20172 42
598 2988 21994
599 3756 21994
600 14220 21994
601 9420 21994
602 5196 21994
603 15756 21994
604 25644 21994
605 25548 21994
606 39468 42
607 39276 42
608 39564 42
609 39372 42
610 21036 21994
611 21132 21994
612 42 1260
613 42 1644
614 42 1932
615 3564 21994
616 10956 21994
617 16140 21994
618 15564 21994
619 17772 21994
620 18444 21994
621 18156 21994
622 42 1740
623 20460 42
624 19980 42
625 20556 42
626 26700 21994
627 27180 21994
628 25068 21994
629 24876 21994
630 24780 21994
631 34188 42
632 19020 21994
633 11148 21994
634 42029 10284
635 12972 21994
636 12876 21994
637 10380 21994
638 4236 21994
639 24300 21994
640 5868 21994
641 42 2508
642 3372 21994
643 23820 21994
644 42 3756
645 42 2796
646 42029 2124
647 42029 7500
648 15276 21994
649 13356 21994
650 10668 21994
651 6252 21994
652 42029 13356
653 23532 21994
654 42 13932
655 42029 2316
656 42 2412
657 18732 21994
658 42029 11436
659 30444 21994
660 42 2316
661 42029 3372
662 11436 21994
663 26796 21994
664 23148 21994
665 42029 20268
666 42 5388
667 23244 21994
668 8268 21994
669 31404 21994
670 42 5004
671 26412 21994
672 42029 9612
673 42029 9228
674 10284 21994
675 42029 8268
676 42029 9132
677 20556 21994
678 21804 21994
679 20460 21994
680 42 9612
681 21228 21994
682 42029 6636
683 7116 21994
684 18636 21994
685 7500 21994
686 25452 21994
687 42029 12396
688 42 2604
689 33708 21994
690 19788 21994
691 11244 21994
692 42 6156
693 42029 12876
694 25356 21994
695 18348 21994
696 2604 21994
697 16428 21994
698 42029 8460
699 20940 21994
700 14700 21994
701 6444 21994
702 42029 9036
703 19884 21994
704 42029 4236
705 37164 21994
706 16908 21994
707 42029 7116
708 42029 7212
709 32940 21994
710 14892 21994
711 33804 21994
712 42 4620
713 42029 11340
714 12588 21994
715 42 10764
716 35628 21994
717 16812 21994
718 42 5484
719 34764 21994
720 42 7020
721 42 7500
722 24492 21994
723 42 6252
724 14316 21994
725 42029 4140
726 42 7596
727 19596 21994
728 17196 21994
729 35148 21994
730 33516 21994
731 42029 7404
732 42 4812
733 12396 21994
734 9324 21994
735 42 9804
736 42029 4812
737 42029 11724
738 7308 21994
739 42029 10188
740 42 9708
741 20652 21994
742 42029 19980
743 12204 21994
744 42029 5196
745 32268 21994
746 33228 21994
747 42029 1260
748 42 4044
749 42029 8364
750 42 6636
751 42029 12972
752 42029 3756
753 37068 21994
754 8364 21994
755 42 14988
756 42029 11628
757 42029 2412
758 15372 21994
759 42 8652
760 42029 1356
761 9900 21994
762 16716 21994
763 42029 5100
764 7692 21994
765 14988 21994
766 42 2988
767 19308 21994
768 42 3276
769 8556 21994
770 42029 5868
771 42 6444
772 42 14124
773 11052 21994
774 11340 21994
775 9708 21994
776 42 10476
777 11532 21994
778 4524 21994
779 42029 7884
780 16524 21994
781 12012 21994
782 28908 21994
783 42029 4524
784 19692 21994
785 20364 21994
786 26508 21994
787 17580 21994
788 33132 21994
789 42029 10092
790 18252 21994
791 13932 21994
792 42029 2892
793 42 5580
794 17004 21994
795 4620 21994
796 31884 21994
797 42029 9900
798 32652 21994
799 42029 9516
800 42029 6732
801 42029 11148
802 31500 21994
803 36972 21994
804 30540 21994
805 16620 21994
806 42 7692
807 20268 21994
808 6156 21994
809 42029 11244
810 42029 8940
811 24972 21994
812 34668 21994
813 15660 21994
814 16236 21994
815 42029 10860
816 42 7116
817 20844 21994
818 42 5868
819 42029 10764
820 6924 21994
821 22476 21994
822 42029 8076
823 25740 21994
824 42029 7596
825 42029 4332
826 11724 21994
827 6636 21994
828 42029 4620
829 42029 7692
830 9036 21994
831 5100 21994
832 42029 12012
833 4332 21994
834 42 11148
835 42029 7020
836 42029 9324
837 29292 21994
838 7884 21994
839 8460 21994
840 21900 21994
841 42029 6348
842 33324 21994
843 42029 20172
844 8652 21994
845 12300 21994
846 13452 21994
847 13260 21994
848 29484 21994
849 42029 7980
850 3276 21994
851 42029 2508
852 7212 21994
853 14124 21994
854 42 3084
855 31308 21994
856 42 7212
857 17676 21994
858 42029 7788
859 42029 8652
860 36012 21994
861 42 4236
862 42 9420
863 42 3948
864 42 14412
865 19116 21994
866 24012 21994
867 42 7980
868 32748 21994
869 42 2892
870 42029 12684
871 29772 21994
872 8748 21994
873 42 6924
874 42029 4908
875 42029 5580
876 30348 21994
877 42029 12108
878 42 14700
879 42 11340
880 7788 21994
881 42029 5388
882 42 8556
883 5292 21994
884 9996 21994
885 14508 21994
886 42029 6444
887 11820 21994
888 9804 21994
889 3852 21994
890 42029 11532
891 36396 21994
892 42029 9804
893 2892 21994
894 36204 21994
895 42 9324
896 13740 21994
897 42 14604
898 33036 21994
899 42 7788
900 13836 21994
901 14412 21994
902 7596 21994
903 3084 21994
904 17484 21994
905 12684 21994
906 42 5100
907 29676 21994
908 16332 21994
909 42029 6252
910 42029 12492
911 35916 21994
912 42029 10668
913 15468 21994
914 36588 21994
915 19500 21994
916 6540 21994
917 11628 21994
918 32364 21994
919 42029 8556
920 5388 21994
921 20748 21994
922 32844 21994
923 42029 5292
924 42029 6060
925 42029 2604
926 3180 21994
927 32172 21994
928 20076 21994
929 42 9228
930 30732 21994
931 17292 21994
932 42 10668
933 42029 6156
934 42 8076
935 42 3564
936 36300 21994
937 11916 21994
938 42 7884
939 42 4332
940 15180 21994
941 42029 1452
942 42029 3948
943 42 3468
944 33996 21994
945 42029 11916
946 20172 21994
947 33900 21994
948 17388 21994
949 25164 21994
950 34956 21994
951 37260 21994
952 42 14316
953 42029 5676
954 3468 21994
955 31596 21994
956 35724 21994
957 29868 21994
958 9516 21994
959 42029 9420
960 29964 21994
961 42 4524
962 12492 21994
963 6828 21994
964 36492 21994
965 2124 21994
966 9612 21994
967 42029 6540
968 34188 21994
969 42 5676
970 4140 21994
971 36780 21994
972 29100 21994
973 8076 21994
974 42029 1548
975 42 7404
976 42 15276
977 42029 8172
978 34092 21994
979 5772 21994
980 42 11244
981 10572 21994
982 42 9516
983 31020 21994
984 4428 21994
985 42029 2700
986 42 8364
987 31692 21994
988 42 8748
989 23916 21994
990 42029 12300
991 42 14892
992 42029 1644
993 42 5964
994 42029 2988
995 42029 6924
996 23724 21994
997 29388 21994
998 7980 21994
999 42029 1836
1000 42029 3468
1001 34572 21994
1002 32076 21994
1003 16044 21994
1004 5676 21994
1005 8940 21994
1006 32556 21994
1007 34476 21994
1008 36876 21994
1009 42029 5964
1010 30924 21994
1011 8172 21994
1012 42029 12780
1013 34380 21994
1014 42029 6828
1015 42029 7308
1016 24204 21994
1017 42 14220
1018 42029 3276
1019 42029 12588
1020 9228 21994
1021 42029 5772
1022 19980 21994
1023 35244 21994
1024 33612 21994
1025 42 8940
1026 35052 21994
1027 42029 2796
1028 42029 3084
1029 42029 4428
1030 42029 3660
1031 42029 5004
1032 18828 21994
1033 42029 5484
1034 42029 10956
1035 10476 21994
1036 23436 21994
1037 42029 8748
1038 42 8172
1039 42029 1740
1040 42 10284
1041 1740 21994
1042 31788 21994
1043 42 3660
1044 18924 21994
1045 42029 3180
1046 7404 21994
1047 8844 21994
1048 42 3372
1049 28716 21994
1050 42029 11820
1051 42 3852
1052 42029 4044
1053 42029 20076
1054 19404 21994
1055 42 14028
1056 42029 3564
1057 42029 4716
1058 42029 2220
1059 22572 21994
1060 2796 21994
1061 2028 21994
1062 42 15564
1063 42 6540
1064 42029 3852
1065 42 14796
1066 42 6348
1067 2220 21994
1068 42 13644
1069 30060 21994
1070 42 3180
1071 31980 21994
1072 25260 21994
1073 42 6828
1074 42 6732
1075 2412 21994
1076 35532 21994
1077 1932 21994
1078 42 8460
1079 42 2700
1080 42 7308
1081 2316 21994
1082 32460 21994
1083 42 2124
1084 42 14508
1085 2508 21994
1086 30828 21994
1087 35340 21994
1088 42 8268
1089 42 2220
1090 24684 21994
1091 35436 21994
1092 42 13836
1093 24108 21994
1094 28620 21994
1095 42 5772
1096 42 15468
1097 34284 21994
1098 42 6060
1099 42 15852
1100 35820 21994
1101 42 8844
1102 29580 21994
