0 39277 21597
1 48718 5161
2 55498 4455
3 60947 5670
4 62046 5760
5 61607 6210
6 60970 1992
7 62337 3488
8 60420 2805
9 57987 1917
10 57789 1395
11 69345 4125
12 65963 2702
13 69569 2854
14 69135 1815
15 64665 1485
16 64517 4307
17 14736 11569
18 12738 11047
19 17610 12440
20 16516 13827
21 4889 38843
22 31796 9830
23 33964 8647
24 32300 7570
25 33462 11101
26 33948 12889
27 73122 12371
28 31887 3456
29 31349 1620
30 32897 2025
31 4924 36657
32 7021 37444
33 31611 17718
34 31177 15306
35 32415 13712
36 34344 14957
37 33682 17438
38 40695 6225
39 35680 1822
40 43198 2548
41 41566 3191
42 38334 2755
43 39649 1350
44 37404 2565
45 8232 38583
46 35376 7080
47 40392 2430
48 38566 6993
49 39612 8606
50 39309 5123
51 37002 6480
52 8800 39811
53 32016 5105
54 35355 3798
55 33725 5975
56 76387 13085
57 23681 32362
58 21357 32328
59 24967 33842
60 20354 33041
61 21692 34762
62 21259 39195
63 74658 11111
64 21935 27212
65 25359 29925
66 23878 28260
67 22665 29912
68 72320 35559
69 74619 36065
70 71688 39047
71 72420 37800
72 71409 40419
73 78654 11822
74 74562 33765
75 71528 37557
76 73710 34920
77 73338 40095
78 74152 38505
79 37643 27352
80 36716 29892
81 38374 34178
82 39330 30390
83 45805 36752
84 46660 39555
85 43781 39596
86 44125 37922
87 27944 7310
88 27420 10080
89 78259 10978
90 78649 8004
91 75999 8739
92 29335 6291
93 29700 1890
94 17887 3808
95 29687 3940
96 23301 6345
97 21630 4387
98 23868 3222
99 21907 5872
100 27244 3395
101 16756 1539
102 19912 1350
103 19332 1575
104 19489 6196
105 48307 8653
106 48310 7631
107 49429 10922
108 47340 12000
109 46112 10811
110 49532 16165
111 47812 15402
112 49181 13617
113 13537 31536
114 12003 30847
115 16857 33480
116 17008 29468
117 16327 31493
118 14238 29706
119 18930 32355
120 42911 15575
121 42703 13477
122 43623 12000
123 41457 11397
124 43713 16635
125 45668 14212
126 42545 16605
127 72569 14933
128 38939 2943
129 42255 4725
130 38587 11020
131 36079 10003
132 37947 9225
133 37384 18017
134 39285 17790
135 39335 13110
136 38759 15130
137 36663 13815
138 36486 12069
139 36313 16431
140 68060 6130
141 69817 7800
142 65790 4927
143 67329 9396
144 69711 9436
145 75969 15795
146 66130 10919
147 62808 8646
148 67209 8100
149 25456 25765
150 28067 27330
151 28842 24570
152 7478 13235
153 10765 11917
154 5620 10080
155 3636 13545
156 5678 11387
157 2212 11381
158 4978 15597
159 2992 14103
160 1986 39825
161 2593 37945
162 3613 39892
163 71110 25987
164 72874 26515
165 69808 28620
166 79425 28107
167 70463 30187
168 72168 31583
169 75093 16935
170 2469 31937
171 3108 29505
172 3962 28383
173 3393 33669
174 52516 39293
175 52692 35298
176 53789 34367
177 54520 37728
178 52014 32062
179 54432 40230
180 54175 40500
181 55580 32734
182 48036 34326
183 49494 37935
184 46804 36090
185 74783 14073
186 56967 37053
187 58655 39471
188 56207 39457
189 56445 34695
190 51010 4774
191 70810 33915
192 72769 33525
193 69213 32223
194 66079 33269
195 66224 31330
196 67903 34587
197 63802 39535
198 63998 36337
199 61886 39454
200 70134 36430
201 68106 38736
202 51607 12420
203 69681 40257
204 66873 36811
205 65691 40065
206 48022 22612
207 47209 24570
208 48700 24699
209 51912 24075
210 50265 22695
211 50816 27229
212 48387 26772
213 49882 1620
214 77387 18953
215 79974 18225
216 72031 18801
217 73914 20168
218 73538 23342
219 77749 22485
220 78638 14933
221 79355 16103
222 79341 13873
223 45721 22713
224 48030 20355
225 9852 4230
226 4097 7678
227 5441 6453
228 2265 5616
229 2269 8606
230 9598 8200
231 50989 11934
232 11262 5475
233 12592 4320
234 13518 2229
235 10855 1851
236 9531 2565
237 1728 2475
238 53375 11590
239 38907 39960
240 39451 37739
241 41835 38953
242 41949 35898
243 40723 36237
244 43506 35595
245 39460 36180
246 40014 34965
247 55994 11621
248 8116 33577
249 4797 31950
250 52018 7367
251 5549 32321
252 8575 30883
253 10037 31927
254 6501 33705
255 53575 5387
256 6294 30121
257 41367 27103
258 42459 27146
259 44427 27630
260 42948 24954
261 42249 29014
262 46008 26025
263 39588 33210
264 11664 15405
265 11169 17512
266 13304 17550
267 9828 19226
268 10931 18533
269 12450 20037
270 11274 20925
271 14032 17492
272 27882 33255
273 26551 35964
274 30051 35062
275 26689 34526
276 28382 37314
277 54874 9535
278 26984 40287
279 28728 40155
280 29341 39099
281 3609 17730
282 2511 16470
283 54889 12930
284 1593 15795
285 1993 19241
286 5239 19909
287 11539 32906
288 2559 21045
289 2407 16065
290 9015 23269
291 7221 22658
292 8633 22887
293 11173 23379
294 10842 22082
295 9421 26785
296 11898 27225
297 12443 25183
298 53048 14154
299 13297 9631
300 19784 8125
301 22410 1620
302 22302 4770
303 52205 15993
304 16406 6688
305 13818 6904
306 52089 14512
307 21756 13020
308 22180 10597
309 22856 10460
310 24817 11355
311 24792 7625
312 8822 36787
313 13489 37045
314 9691 35703
315 10618 37864
316 11426 39960
317 11449 34695
318 13437 33525
319 10998 33277
320 15074 38778
321 17764 37317
322 18324 39760
323 23829 36662
324 19514 34965
325 16182 34659
326 20114 37676
327 21998 38323
328 24998 39001
329 23517 35640
330 42210 31876
331 41013 33730
332 45067 33212
333 45770 30871
334 45568 28986
335 50517 31725
336 50140 30021
337 47702 29779
338 48920 31870
339 72474 4953
340 74311 3282
341 72183 6445
342 73416 8066
343 72593 2160
344 71400 3105
345 72677 3780
346 77877 3276
347 77101 3407
348 76850 6075
349 79019 2238
350 5174 25509
351 3218 24975
352 2518 23100
353 2943 26955
354 1705 26128
355 1746 27225
356 7714 4568
357 6559 2790
358 6484 5310
359 3672 4421
360 2481 3307
361 3278 2146
362 9139 1755
363 42171 7119
364 40581 9705
365 42489 8677
366 44163 9787
367 78990 35061
368 75868 32650
369 79336 32715
370 77062 33925
371 77159 35955
372 55700 29630
373 56502 28305
374 58390 29711
375 53595 35775
376 60238 27855
377 57415 32052
378 58043 27472
379 56271 27520
380 52986 30069
381 53229 28395
382 27921 30939
383 29855 32143
384 29589 29049
385 31294 27250
386 33498 28857
387 33743 26437
388 31795 30585
389 32855 33075
390 71452 23200
391 68995 20685
392 67828 22950
393 69817 22342
394 71965 21447
395 65019 7095
396 76848 24603
397 65452 9630
398 76660 26480
399 74156 27945
400 79746 25862
401 79893 24030
402 32943 24486
403 30805 11079
404 32009 22275
405 36343 24627
406 37267 22406
407 35019 21931
408 46321 3780
409 46008 1215
410 46419 2713
411 44382 5400
412 44802 2082
413 46060 6259
414 37964 38677
415 37098 38947
416 36256 33345
417 31821 33210
418 34718 39298
419 36177 36519
420 33012 39201
421 32444 36020
422 31350 38850
423 34340 32304
424 61131 31349
425 62409 33345
426 59410 35613
427 43664 7425
428 60361 38475
429 61794 35564
430 75951 30307
431 78948 29925
432 73998 32315
433 78642 27540
434 73597 30645
435 79245 30442
436 75769 37363
437 79683 29700
438 80235 28215
439 80082 30240
440 78158 38364
441 75136 40320
442 80166 38175
443 79702 36405
444 67460 14075
445 69882 15562
446 66090 13493
447 66541 16395
448 70150 12091
449 68171 11542
450 58707 11325
451 56875 1620
452 61218 13603
453 61206 11428
454 63826 12116
455 59200 7120
456 58554 12933
457 57586 13978
458 56827 6803
459 58528 9846
460 48880 2700
461 50965 4434
462 48357 2925
463 51660 3645
464 52189 1986
465 53981 2919
466 58498 3686
467 55900 2315
468 48492 42
469 48876 42
470 64140 42
471 33132 42
472 33036 42
473 40716 42
474 40140 42
475 37932 42
476 38028 42
477 63756 42
478 42252 42
479 42156 42
480 30348 42
481 30636 42
482 81646 21804
483 81646 21708
484 30540 42
485 42 29772
486 54060 41802
487 48108 41802
488 32940 42
489 62028 41802
490 62124 41802
491 49836 41802
492 49740 41802
493 10956 42
494 11148 42
495 32748 42
496 38316 41802
497 39276 41802
498 39180 41802
499 42 16524
500 42 16716
501 42 17388
502 42 17484
503 42 17292
504 42 17196
505 13068 41802
506 42 15468
507 42 17868
508 42 17580
509 42 17676
510 23148 42
511 22860 42
512 23052 42
513 42 17772
514 42 17100
515 22284 42
516 22476 42
517 21804 42
518 21708 42
519 25260 42
520 25068 42
521 81646 11436
522 16620 41802
523 16716 41802
524 20844 41802
525 20940 41802
526 81646 24780
527 81646 25164
528 48972 42
529 81646 24012
530 29292 42
531 29484 42
532 29388 42
533 36876 41802
534 52524 42
535 36780 41802
536 32364 41802
537 32460 41802
538 32556 41802
539 32940 41802
540 52908 42
541 59916 41802
542 81646 27372
543 81646 27756
544 81646 27948
545 81646 27852
546 52908 41802
547 50316 42
548 49548 42
549 52620 42
550 44652 42
551 74316 41802
552 74220 41802
553 56268 42
554 81646 32844
555 56556 42
556 56844 42
557 56460 42
558 56940 42
559 51276 42
560 74124 41802
561 51180 42
562 55788 42
563 55884 42
564 64236 42
565 53196 42
566 41100 42
567 41004 42
568 37836 42
569 37740 42
570 30444 42
571 72876 41802
572 31788 41802
573 45132 41802
574 45228 41802
575 16620 42
576 16524 42
577 16236 42
578 16332 42
579 47916 42
580 81646 20076
581 65100 42
582 64908 42
583 65004 42
584 64524 42
585 64428 42
586 81646 17388
587 54732 41802
588 49260 41802
589 48972 41802
590 48876 41802
591 68460 41802
592 49644 41802
593 81646 17484
594 81646 18348
595 81646 18444
596 27084 41802
597 42 16620
598 42 16908
599 42 15276
600 42 15180
601 12972 41802
602 11052 42
603 12684 41802
604 12876 41802
605 12780 41802
606 22956 42
607 22764 42
608 22668 42
609 22380 42
610 21996 42
611 21900 42
612 25164 42
613 10284 42
614 69900 42
615 42 26028
616 81646 24972
617 81646 24300
618 81646 24396
619 32268 41802
620 38508 41802
621 30828 41802
622 60108 41802
623 81646 26028
624 81646 27468
625 52716 42
626 38988 41802
627 56748 42
628 51852 42
629 41292 42
630 21132 41802
631 73068 41802
632 72972 41802
633 73164 41802
634 33036 41802
635 16428 42
636 53004 42
637 36972 42
638 42 13068
639 42 13164
640 42 13356
641 42 13452
642 42 13260
643 21228 41802
644 42 29580
645 42 29676
646 53868 41802
647 26988 41802
648 26892 41802
649 42 17004
650 42 14988
651 42 15084
652 42 25836
653 22572 42
654 81646 25836
655 81646 25932
656 81646 25740
657 31596 41802
658 61356 41802
659 42 25932
660 61164 41802
661 59820 41802
662 81646 26124
663 44844 42
664 44940 42
665 26796 41802
666 31884 41802
667 81646 27660
668 44748 42
669 49260 42
670 33516 41802
671 68364 42
672 51948 42
673 53964 42
674 53868 42
675 57324 42
676 32556 42
677 32652 42
678 30924 41802
679 20460 41802
680 20268 41802
681 31020 41802
682 42060 41802
683 81646 10380
684 81646 10284
685 81646 10188
686 49836 42
687 16908 41802
688 17100 41802
689 81646 18828
690 81646 18540
691 42 1356
692 42 2604
693 42 2028
694 42 2508
695 37164 41802
696 28140 41802
697 42 15852
698 42 15660
699 42 16332
700 42 16140
701 42 14796
702 42 16044
703 42 15948
704 42 16236
705 23244 42
706 24972 42
707 20748 41802
708 42 26316
709 42 22092
710 53484 41802
711 53772 41802
712 63372 42
713 63468 42
714 63084 42
715 63564 42
716 63660 42
717 29868 42
718 29100 42
719 29196 42
720 37068 41802
721 53100 42
722 81646 29772
723 60780 41802
724 81646 29676
725 81646 29388
726 81646 27276
727 81646 27180
728 45804 42
729 45708 42
730 45900 42
731 42 2316
732 63948 42
733 63180 42
734 63276 42
735 40812 42
736 42 16812
737 20556 41802
738 20076 42
739 19980 42
740 50220 42
741 50028 42
742 45036 42
743 38892 42
744 54540 41802
745 54252 41802
746 49068 41802
747 61740 41802
748 42 1932
749 42 1452
750 27852 41802
751 42 15756
752 42 14700
753 42 14604
754 42 14892
755 42 15564
756 24876 42
757 71820 42
758 81646 27564
759 71916 42
760 71724 42
761 81646 24492
762 81646 24204
763 81646 24108
764 81646 24588
765 29772 42
766 81646 30060
767 81646 29964
768 81646 29580
769 52044 42
770 52140 42
771 54444 41802
772 54636 41802
773 81646 18732
774 42 2220
775 28236 41802
776 81646 29868
777 81646 30156
778 50124 42
779 49932 42
780 49740 42
781 55116 42
782 64812 42
783 64716 42
784 31500 42
785 64332 42
786 31212 42
787 30828 42
788 30732 42
789 32844 42
790 40332 42
791 81646 11532
792 81646 11628
793 52812 42
794 54348 42
795 28044 41802
796 39276 42
797 42 11820
798 46380 42
799 46284 42
800 42 12396
801 33324 41802
802 25356 41802
803 40524 42
804 25452 41802
805 45996 41802
806 81646 21036
807 32844 41802
808 39468 41802
809 56652 41802
810 40620 42
811 42732 42
812 42 1836
813 42 2124
814 51660 41802
815 38412 41802
816 46476 42
817 42 10380
818 45324 41802
819 30732 41802
820 19500 41802
821 30348 41802
822 14892 41802
823 81646 13932
824 73260 41802
825 34092 41802
826 39756 42
827 81646 21612
828 42 7500
829 49164 42
830 59628 41802
831 36300 41802
832 68268 41802
833 40428 42
834 62316 41802
835 18828 41802
836 74700 41802
837 81646 26220
838 81646 21516
839 81646 16524
840 49452 42
841 64620 42
842 22380 41802
843 42 34572
844 27756 41802
845 81646 25260
846 42 25452
847 42 14412
848 34956 41802
849 39372 42
850 48780 42
851 49356 42
852 40524 41802
853 81646 14124
854 81646 28140
855 48588 41802
856 81646 13740
857 81646 39276
858 42 32844
859 26028 41802
860 39852 42
861 19212 41802
862 42 2412
863 62988 42
864 59532 42
865 68940 42
866 35820 41802
867 81646 25068
868 81646 18636
869 81646 28428
870 4044 41802
871 59436 41802
872 52236 42
873 37644 41802
874 36204 41802
875 81646 29196
876 43596 41802
877 54636 42
878 32748 41802
879 42 8268
880 42 27276
881 42 1740
882 42 9228
883 52332 42
884 39564 42
885 44076 42
886 77580 42
887 81646 13836
888 61164 42
889 53580 41802
890 42 9900
891 40908 42
892 73644 41802
893 22476 41802
894 55308 42
895 52428 42
896 29484 41802
897 22188 41802
898 41964 41802
899 46572 42
900 81646 14796
901 61260 41802
902 42 9132
903 62892 42
904 68268 42
905 81646 24876
906 48396 42
907 39852 41802
908 42 19788
909 42 32940
910 21612 41802
911 81646 29484
912 62796 41802
913 39468 42
914 42 11052
915 42 13548
916 49164 41802
917 50412 42
918 42 1548
919 81646 26892
920 81646 7692
921 42 14316
922 42 9996
923 39948 42
924 42 1644
925 12204 41802
926 56652 42
927 36972 41802
928 49644 42
929 17868 41802
930 48204 41802
931 48588 42
932 81646 24684
933 53772 42
934 42 8844
935 42 25644
936 50604 42
937 45132 42
938 63852 42
939 40044 42
940 81646 14028
941 22572 41802
942 81646 14220
943 16812 41802
944 22284 41802
945 42 33900
946 66636 42
947 32652 41802
948 64236 41802
949 17292 41802
950 57036 42
951 70572 42
952 36684 41802
953 39180 42
954 66924 41802
955 42 19308
956 81646 23916
957 27948 41802
958 49068 42
959 45804 41802
960 40236 42
961 22092 41802
962 58476 41802
963 39660 42
964 11628 41802
965 24300 41802
966 81646 16428
967 81646 39180
968 20652 41802
969 81646 23052
970 67404 42
971 81646 34092
972 64044 42
973 56364 42
974 56172 42
975 48684 42
976 51756 42
977 57420 42
978 57516 42
979 57612 42
980 57708 42
