0 35233 18200
1 6885 33615
2 11745 1215
3 66609 9045
4 67041 9855
5 8505 34155
6 57164 27861
7 49158 24857
8 55787 26274
9 52229 32677
10 57740 25110
11 55011 17105
12 42525 1215
13 61715 27374
14 59519 22091
15 42123 7074
16 50707 20990
17 54905 21550
18 52103 24133
19 51030 20355
20 60407 17934
21 66211 21735
22 41269 3375
23 64732 22218
24 63572 20567
25 49347 7285
26 54737 21317
27 62181 19953
28 27073 26521
29 41192 25858
30 38295 20066
31 40155 25211
32 44574 25665
33 43089 29025
34 54729 7605
35 48662 30260
36 40671 31185
37 46903 30272
38 41812 27255
39 41526 28575
40 38109 24240
41 47023 25758
42 46711 28096
43 46368 32253
44 45940 26190
45 46346 27355
46 48460 27495
47 46096 13748
48 49077 27773
49 48159 30541
50 45306 11625
51 45360 26235
52 48627 25650
53 49903 9283
54 44775 33688
55 45684 34155
56 46804 33480
57 48292 9078
58 44766 30799
59 46854 16454
60 44545 31635
61 43162 31320
62 44698 25920
63 47928 24510
64 11618 7533
65 46161 29745
66 41457 31995
67 42129 32679
68 23920 11583
69 36839 17685
70 17688 16267
71 24483 7506
72 21649 8750
73 24042 8985
74 51235 7911
75 51699 4347
76 17139 9532
77 17793 5625
78 15160 10968
79 27054 12033
80 25412 12715
81 34217 28899
82 27498 13929
83 23494 13500
84 16934 12998
85 20583 12825
86 18288 13928
87 35359 9298
88 20925 16515
89 29290 17370
90 22659 26190
91 26622 18090
92 22153 17490
93 19359 17643
94 18918 19642
95 20932 17717
96 20294 19926
97 23092 18351
98 19983 16797
99 32639 16450
100 32633 14886
101 30732 11475
102 30781 10252
103 36585 17176
104 34561 18252
105 31122 15732
106 31621 7755
107 26071 10208
108 45557 11205
109 32269 24554
110 49167 6255
111 38489 12346
112 34562 13738
113 36101 13500
114 35109 13677
115 30240 21428
116 38634 9612
117 40884 11530
118 37376 7743
119 39071 16355
120 35365 11160
121 34943 5634
122 29889 3090
123 33793 4320
124 35746 3270
125 30692 2642
126 31861 4230
127 34688 21929
128 26712 8402
129 33196 10035
130 11881 25148
131 28935 12195
132 26568 6480
133 32127 11107
134 28032 6964
135 29901 10167
136 34431 11947
137 29307 4115
138 50229 5670
139 50978 10734
140 15205 7310
141 9986 11255
142 11068 9568
143 12143 5602
144 17989 6909
145 22927 3832
146 21064 5223
147 18877 5737
148 13707 11205
149 16017 2700
150 33138 7065
151 15681 5076
152 40828 4162
153 25309 5596
154 16896 4293
155 36114 5190
156 15776 2689
157 26680 4545
158 13239 4095
159 14353 4300
160 13721 2241
161 14437 9700
162 16329 17253
163 16065 1215
164 12096 6705
165 40978 8671
166 37504 2133
167 38907 1845
168 52643 9930
169 41796 4860
170 37810 1923
171 40455 2565
172 43177 2145
173 46814 3542
174 49871 2769
175 51745 1620
176 50685 4792
177 50304 3611
178 46480 2481
179 35733 21579
180 49363 2025
181 45252 5291
182 45414 6435
183 29724 17571
184 32519 14599
185 21387 1815
186 18644 2172
187 27358 2220
188 25984 1890
189 49792 11438
190 24374 2025
191 54762 10462
192 12327 11571
193 10081 8073
194 53412 8386
195 55504 6885
196 53614 6081
197 37989 30148
198 8520 13567
199 7162 7347
200 56419 14643
201 52709 6311
202 8777 7645
203 10138 7560
204 35011 24752
205 6999 11832
206 4979 13365
207 6982 9958
208 4429 10675
209 3080 12150
210 4144 12082
211 7695 13635
212 11650 13095
213 11497 15300
214 11305 21461
215 13516 13905
216 11542 14141
217 10840 15930
218 13405 16856
219 14960 15325
220 14664 19652
221 8511 17476
222 13834 27351
223 15989 18905
224 14156 24574
225 9733 27810
226 11281 27965
227 14804 25683
228 12501 19726
229 7714 19595
230 11806 19452
231 9729 23325
232 7095 21863
233 8005 21802
234 5845 21465
235 8644 22320
236 6111 19305
237 7666 15993
238 6468 17337
239 8940 18225
240 17205 21245
241 17445 27339
242 35525 27405
243 21984 24210
244 17141 33537
245 24003 26325
246 34684 26797
247 25279 23529
248 26568 20552
249 20753 29241
250 41070 9195
251 21211 30061
252 22854 22717
253 16882 25322
254 18964 23880
255 21548 21550
256 19278 22032
257 16107 22260
258 19192 26161
259 15444 27675
260 16270 28593
261 21597 28804
262 23806 28845
263 22248 33160
264 27310 31448
265 25944 33576
266 16196 31112
267 17962 31204
268 18286 33225
269 27057 32843
270 31569 33547
271 32751 34155
272 33183 32670
273 33378 28260
274 31806 29835
275 34591 33048
276 36388 32830
277 36414 33795
278 36348 30705
279 38988 33705
280 29961 27725
281 31804 27378
282 26353 25110
283 27713 26607
284 26434 28222
285 28207 21573
286 30095 21629
287 28513 16335
288 27513 23220
289 48404 21330
290 41776 15807
291 44624 19482
292 42601 20281
293 46755 21045
294 45975 22822
295 42109 23175
296 46197 26226
297 46777 16875
298 45159 11822
299 46001 12926
300 44847 13365
301 46085 12053
302 44097 7087
303 45816 10405
304 45860 8289
305 43054 11355
306 43814 12656
307 42322 12251
308 52562 12612
309 52425 1845
310 48745 13446
311 56170 14877
312 55422 12735
313 55556 19237
314 53310 18827
315 53094 21585
316 50904 21391
317 60784 13408
318 57612 11577
319 61484 15606
320 48816 18927
321 50094 18885
322 59659 30753
323 53961 29670
324 52418 29886
325 51804 30870
326 50665 33750
327 54560 31252
328 58482 30341
329 57862 32159
330 57850 30915
331 55091 33595
332 63461 24049
333 62067 24589
334 62997 26460
335 32748 35299
336 24492 42
337 30828 42
338 42924 42
339 42732 35299
340 32076 35299
341 40524 35299
342 35628 35299
343 44268 35299
344 33996 42
345 31596 35299
346 39180 42
347 36588 35299
348 30348 42
349 43020 35299
350 31212 42
351 44556 35299
352 34764 35299
353 27276 42
354 39180 35299
355 38412 35299
356 42636 42
357 44076 42
358 42540 42
359 30060 42
360 42348 42
361 39372 42
362 45900 42
363 35340 35299
364 36012 35299
365 36972 35299
366 31404 42
367 41580 35299
368 31308 42
369 36204 35299
370 29580 42
371 40236 35299
372 27372 42
373 26892 42
374 37260 35299
375 48204 35299
376 37836 42
377 43980 35299
378 30060 35299
379 33420 35299
380 33708 35299
381 30252 42
382 31980 35299
383 43596 35299
384 40140 42
385 39660 42
386 47052 35299
387 34092 35299
388 29676 35299
389 22380 35299
390 41964 35299
391 42252 35299
392 29772 42
393 47628 35299
394 14700 42
395 26124 42
396 40140 35299
397 31116 35299
398 43116 42
399 41484 35299
400 44844 35299
401 68640 16812
402 34188 35299
403 30156 42
404 41292 42
405 68640 17388
406 42060 42
407 40236 42
408 43884 42
409 44460 35299
410 43212 42
411 35340 42
412 35628 42
413 30156 35299
414 30444 42
415 44748 35299
416 38892 35299
417 45996 42
418 39756 42
419 46572 42
420 40332 35299
421 47052 42
422 47148 35299
423 32172 35299
424 46092 35299
425 32364 42
426 41004 35299
427 41100 42
428 30252 35299
429 40044 42
430 41004 42
431 40812 42
432 40524 42
433 36396 42
434 36492 42
435 36684 42
436 27948 42
437 29004 35299
438 33036 35299
439 21516 35299
440 21420 35299
441 37644 35299
442 42828 35299
443 39468 42
444 38316 35299
445 28140 42
446 30924 42
447 40716 42
448 32460 42
449 31404 35299
450 42060 35299
451 44364 35299
452 44940 42
453 47148 42
454 40908 35299
455 31692 35299
456 45036 42
457 24684 42
458 38220 35299
459 22092 42
460 43020 42
461 38796 35299
462 41676 42
463 47436 35299
464 29004 42
465 34572 35299
466 39372 35299
467 37740 35299
468 25356 42
469 43116 35299
470 26700 42
471 68640 14028
472 37164 35299
473 43884 35299
474 33900 35299
475 24588 42
476 42828 42
477 47820 35299
478 46188 42
479 40908 42
480 30348 35299
481 45132 42
482 41772 35299
483 49356 35299
484 51084 42
485 50508 42
486 38124 35299
487 43404 35299
488 30732 42
489 39660 35299
490 39756 35299
491 44940 35299
492 30540 42
493 40620 35299
494 45708 35299
495 45804 35299
496 45228 35299
497 45996 35299
498 31308 35299
499 34956 35299
500 38028 35299
501 43692 35299
502 38508 35299
503 37836 35299
504 40716 35299
505 48108 35299
506 35148 35299
507 36300 35299
508 46860 35299
509 45900 35299
510 47532 42
511 44268 42
512 25740 42
513 43404 42
514 37932 35299
515 44652 35299
516 41388 35299
517 41868 35299
518 48492 35299
519 32268 35299
520 45420 42
521 44172 35299
522 36780 35299
523 47532 35299
524 40812 35299
525 36012 42
526 39276 35299
527 46860 42
528 27564 42
529 36108 35299
530 36492 35299
531 20172 42
532 42252 42
533 43308 35299
534 38700 35299
535 46380 42
536 40332 42
537 48588 35299
538 48396 35299
539 30540 35299
540 32844 35299
541 27756 42
542 31212 35299
543 26796 42
544 36684 35299
545 26028 42
546 23820 42
547 36204 42
548 29772 35299
549 35820 35299
550 40044 35299
551 37452 35299
552 47916 35299
553 46188 35299
554 33996 35299
555 68640 20844
556 44556 42
557 43308 42
558 42444 42
559 36588 42
560 29580 35299
561 25452 42
562 37356 35299
563 37548 35299
564 40428 35299
565 30636 42
566 34380 35299
567 47724 35299
568 24108 42
569 30924 35299
570 32844 42
571 28620 42
572 28812 42
573 28332 42
574 26220 42
575 47340 35299
576 26124 35299
577 20268 42
578 29868 35299
579 29964 35299
580 34284 35299
581 41772 42
582 35052 35299
583 34476 35299
584 33324 35299
585 34668 35299
586 47244 42
587 45420 35299
588 48012 35299
589 38604 35299
590 45516 42
591 41868 42
592 41964 42
593 41292 35299
594 31020 42
595 29388 42
596 43788 42
597 35436 35299
598 25932 42
599 35244 35299
600 42348 35299
601 35532 35299
602 34860 35299
603 39948 42
604 32748 42
605 39084 35299
606 35916 35299
607 43596 42
608 21996 42
609 24012 42
610 24012 35299
611 42 15276
612 29100 35299
613 35052 42
614 30444 35299
615 35436 42
616 35724 35299
617 45612 35299
618 41100 35299
619 38988 35299
620 42444 35299
621 39564 35299
622 42 18540
623 31788 35299
624 33804 35299
625 31884 35299
626 33132 35299
627 41676 35299
628 35532 42
629 40620 42
630 15660 42
631 19308 35299
632 24396 35299
633 46668 35299
634 64332 42
635 46476 35299
636 33228 35299
637 17676 42
638 14412 35299
639 46284 35299
640 46572 35299
641 20652 35299
642 23052 35299
643 32556 35299
644 37068 35299
645 46092 42
646 14604 42
647 31020 35299
648 32460 35299
649 30828 35299
650 32364 35299
651 28044 35299
652 46380 35299
653 59532 35299
654 42 12108
655 30636 35299
656 28044 42
657 36876 35299
658 31500 35299
659 32652 35299
660 28236 35299
661 68640 28620
662 21612 42
663 44076 35299
664 68640 14892
665 68640 21612
666 19212 35299
667 22284 35299
668 23148 35299
669 29292 42
670 24780 42
671 68640 14988
672 68640 21708
673 19692 42
674 68640 13932
675 53772 35299
676 68640 21516
677 27468 42
678 68640 12012
679 37068 42
680 42 16908
681 41196 35299
682 56076 35299
683 42 11148
684 36396 35299
685 39468 35299
686 28524 42
687 49260 35299
688 42 10860
689 31980 42
690 27948 35299
691 68640 21900
692 33516 35299
693 18732 35299
694 15756 42
695 16620 42
696 14316 42
697 28140 35299
698 32940 35299
699 43788 35299
700 45516 35299
701 68640 17484
702 53100 35299
703 33612 35299
704 68640 21804
705 42156 35299
706 20268 35299
707 32172 42
708 15852 42
709 15948 42
710 43692 42
711 13932 42
712 25356 35299
713 27852 35299
714 30732 35299
715 27756 35299
716 21612 35299
717 42924 35299
718 43500 35299
719 50316 42
720 57036 35299
721 48684 35299
722 16044 42
723 45228 42
724 27660 35299
725 43980 42
726 32652 42
727 29868 42
728 21324 35299
729 43212 35299
730 68640 21324
731 32268 42
732 42 20364
733 42732 42
734 55596 35299
735 68640 21420
736 44364 42
737 68640 22092
738 49932 35299
739 18828 35299
740 32556 42
741 45804 42
742 28332 35299
743 28908 42
744 29964 42
745 26508 42
746 20364 42
747 31116 42
748 27660 42
749 21900 35299
750 46668 42
751 50892 42
752 19980 42
753 20556 42
754 20364 35299
755 20172 35299
756 20556 35299
757 15180 42
758 26604 42
759 41196 42
760 46476 42
761 46284 42
762 48300 35299
763 49740 35299
764 46764 35299
765 37260 42
766 46764 42
767 45612 42
768 39852 42
769 35244 42
770 68640 13068
771 68640 13740
772 54540 35299
773 19500 35299
774 29196 42
775 41388 42
776 47340 42
777 68640 13356
778 45132 35299
779 29100 42
780 46956 35299
781 39948 35299
782 27852 42
783 27564 35299
784 29484 42
785 68640 12972
786 54828 35299
787 54252 35299
788 55692 35299
789 42540 35299
790 47244 35299
791 45036 35299
792 39852 35299
793 45324 35299
794 28236 42
795 28812 35299
796 35916 42
797 32076 42
798 29292 35299
799 28428 35299
800 35148 42
801 42636 35299
802 28908 35299
803 68640 20364
804 28524 35299
805 35724 42
806 16620 35299
807 18348 35299
808 42156 42
809 28716 42
810 49164 35299
811 34380 42
812 29388 35299
813 29676 42
814 53292 35299
815 41484 42
816 20844 42
817 29196 35299
818 22188 35299
819 20652 42
820 20460 42
821 45324 42
822 20748 42
823 17004 42
824 20940 42
825 48780 35299
826 21036 42
827 21132 42
828 21708 42
829 21228 42
830 21324 42
831 20076 42
832 21420 42
833 19692 35299
834 20460 35299
835 14508 35299
836 27468 35299
837 68640 6828
838 62892 42
839 4332 35299
840 68640 29580
841 64236 42
842 68640 23820
843 68640 26124
844 6156 35299
845 59436 42
846 68640 6732
847 32940 42
848 68640 25068
849 68640 7116
850 6444 42
851 7788 42
852 59052 35299
853 54156 42
854 4524 35299
855 60684 42
856 8460 35299
857 13836 42
858 35820 42
859 55500 42
860 8556 35299
861 68640 24684
862 68640 13836
863 61356 35299
864 68640 11820
865 68640 10284
866 5676 35299
867 10284 35299
868 53100 42
869 36300 42
870 63564 42
871 5772 35299
872 68640 10188
873 42 7884
874 68640 23916
875 68640 12780
876 68640 9708
877 68640 28428
878 68640 26028
879 68640 15276
880 28716 35299
881 60492 42
882 54444 42
883 64140 42
884 61836 42
885 42 6156
886 68640 15180
887 13548 35299
888 10380 42
889 7020 35299
890 7404 42
891 31500 42
892 24876 42
893 8172 42
894 62796 42
895 7212 35299
896 59340 42
897 68640 14604
898 6540 42
899 5676 42
900 68640 7500
901 68640 29676
902 4812 35299
903 33132 42
904 68640 10572
905 68640 7308
906 13164 42
907 59052 42
908 68640 26988
909 8556 42
910 42 7980
911 63852 42
912 10764 42
913 9612 42
914 44460 42
915 68640 26892
916 68640 8940
917 10572 42
918 9228 35299
919 7692 35299
920 12588 42
921 59436 35299
922 68640 18252
923 11436 42
924 60396 42
925 44172 42
926 8844 42
927 68640 11916
928 60300 42
929 58476 35299
930 68640 11052
931 10188 35299
932 13068 42
933 68640 7884
934 68640 7020
935 6252 35299
936 48876 35299
937 68640 7596
938 12780 42
939 7116 35299
940 11820 42
941 68640 9228
942 68640 10092
943 10188 42
944 9996 35299
945 53004 42
946 54060 42
947 41580 42
948 6732 42
949 12876 35299
950 68640 14412
951 60876 42
952 5580 35299
953 14220 42
954 12780 35299
955 68640 10956
956 58284 35299
957 12300 42
958 47436 42
959 68640 13452
960 68640 8844
961 6828 42
962 7308 42
963 58668 35299
964 59340 35299
965 14316 35299
966 58860 42
967 62700 42
968 68640 10860
969 39564 42
970 10092 42
971 6540 35299
972 68640 14508
973 68640 10764
974 68640 25452
975 68640 22764
976 60780 42
977 62028 42
978 68640 8556
979 8268 42
980 46956 42
981 68640 29196
982 12492 42
983 58572 35299
984 65004 42
985 12876 42
986 68640 20268
987 9996 42
988 68640 9324
989 10476 42
990 13740 42
991 36108 42
992 62988 35299
993 12972 42
994 11148 42
995 59724 42
996 7500 42
997 58476 42
998 68640 29772
999 68640 26604
1000 58380 42
1001 7020 42
1002 29484 35299
1003 23916 42
1004 16428 35299
1005 5868 35299
1006 11628 42
1007 60108 42
1008 55788 35299
1009 42 26124
1010 63468 42
1011 8748 42
1012 62988 42
1013 68640 12300
1014 36780 42
1015 11916 42
1016 61740 42
1017 68640 9612
1018 68640 24012
1019 61644 42
1020 13452 42
1021 61260 42
1022 14412 42
1023 58188 35299
1024 58668 42
1025 39276 42
1026 68640 25164
1027 42 26028
1028 6828 35299
1029 56940 35299
1030 68640 13164
1031 8748 35299
1032 4620 35299
1033 68640 12492
1034 5388 35299
1035 7116 42
1036 37164 42
1037 68640 28908
1038 16332 35299
1039 68640 13260
1040 8460 42
1041 63084 42
1042 10668 42
1043 9900 35299
1044 68640 11244
1045 11052 42
1046 8268 35299
1047 28620 35299
1048 9324 35299
1049 9036 35299
1050 8076 35299
1051 42 22092
1052 13932 35299
1053 63372 42
1054 68640 28044
1055 9516 42
1056 60396 35299
1057 68640 15372
1058 28428 42
1059 68640 7212
1060 60204 42
1061 61164 42
1062 68640 14700
1063 9804 35299
1064 68640 24108
1065 68640 25644
1066 68640 11148
1067 68640 7692
1068 68640 11436
1069 38220 42
1070 6636 35299
1071 9708 42
1072 5292 35299
1073 68640 26700
1074 61452 42
1075 68640 24204
1076 63948 42
1077 52812 42
1078 68640 28140
1079 68640 25260
1080 27372 35299
1081 68640 25740
1082 68640 24780
1083 68640 8172
1084 7884 42
1085 60012 42
1086 9132 35299
1087 68640 12588
1088 55020 42
1089 68640 12108
1090 68640 8460
1091 27276 35299
1092 6924 42
1093 11340 42
1094 68640 12204
1095 11532 42
1096 68640 10380
1097 12012 42
1098 68640 24492
1099 8940 35299
1100 63084 35299
1101 68640 9900
1102 26988 35299
1103 68640 10668
1104 63180 42
1105 63756 42
1106 59820 42
1107 6348 35299
1108 61068 42
1109 68640 9996
1110 64044 42
1111 8652 35299
1112 68640 8652
1113 33228 42
1114 44652 42
1115 4428 35299
1116 11244 42
1117 61548 42
1118 55404 42
1119 68640 28716
1120 13452 35299
1121 58956 42
1122 59148 42
1123 68640 16428
1124 68640 10476
1125 48972 35299
1126 14220 35299
1127 9228 42
1128 6732 35299
1129 14124 42
1130 68640 23532
1131 68640 7980
1132 68640 12876
1133 10092 35299
1134 42 5580
1135 8652 42
1136 45708 42
1137 68640 24300
1138 12108 42
1139 9612 35299
1140 68640 9036
1141 68640 12396
1142 68640 25836
1143 9036 42
1144 9420 42
1145 6444 35299
1146 68640 7788
1147 44748 42
1148 57996 35299
1149 42 6348
1150 68640 24876
1151 13260 42
1152 64524 42
1153 68640 20076
1154 7884 35299
1155 7212 42
1156 68640 11340
1157 63276 42
1158 21516 42
1159 68640 26220
1160 62892 35299
1161 7596 35299
1162 13644 42
1163 13644 35299
1164 68640 25548
1165 7980 42
1166 9132 42
1167 5196 35299
1168 68640 8268
1169 36876 42
1170 61932 42
1171 9420 35299
1172 5100 35299
1173 10860 42
1174 68640 25356
1175 68640 28524
1176 68640 8076
1177 7980 35299
1178 68640 11724
1179 13548 42
1180 27180 35299
1181 10956 42
1182 5964 35299
1183 61260 35299
1184 12684 42
1185 9516 35299
1186 9900 42
1187 42 25932
1188 7596 42
1189 9708 35299
1190 63660 42
1191 26892 35299
1192 14028 42
1193 68640 25932
1194 9804 42
1195 59244 42
1196 50988 42
1197 68640 29868
1198 56844 35299
1199 42 5196
1200 68640 30924
1201 62220 42
1202 21804 42
1203 6924 35299
1204 61644 35299
1205 68640 20172
1206 62508 42
1207 5004 35299
1208 68640 9516
1209 68640 17292
1210 58572 42
1211 62316 42
1212 68640 8364
1213 27084 35299
1214 49068 35299
1215 68640 15084
1216 61356 42
1217 11724 42
1218 68640 24972
1219 6636 42
1220 42 5004
1221 68640 30156
1222 7692 42
1223 10284 42
1224 33036 42
1225 40428 42
1226 68640 24396
1227 42 26316
1228 42 6732
1229 14508 42
1230 8364 42
1231 62604 42
1232 68640 7404
1233 8940 42
1234 68640 27756
1235 62124 42
1236 21900 42
1237 60588 42
1238 59244 35299
1239 13836 35299
1240 62412 42
1241 68640 15852
1242 68640 19980
1243 7404 35299
1244 58764 42
1245 13740 35299
1246 60684 35299
1247 33324 42
1248 68640 29964
1249 68640 28812
1250 5484 35299
1251 68640 30348
1252 68640 12684
1253 42 8076
1254 8364 35299
1255 7500 35299
1256 68640 14796
1257 7788 35299
1258 26316 42
1259 42 25836
1260 59916 42
1261 68640 13644
1262 12396 42
1263 14124 35299
1264 68640 9132
1265 68640 8748
1266 8172 35299
1267 68640 9420
1268 8076 42
1269 24972 42
1270 14028 35299
1271 68640 13548
1272 68640 24588
1273 4716 35299
1274 13356 42
1275 68640 6924
1276 42 6924
1277 68640 11532
1278 6060 35299
1279 60972 42
1280 50316 35299
1281 42 18828
1282 68640 30060
1283 9324 42
1284 4908 35299
1285 64524 35299
1286 7308 35299
1287 68640 11628
1288 12204 42
1289 59628 42
1290 59532 42
1291 43500 42
1292 68640 16524
1293 68640 23724
1294 8844 35299
1295 68640 9804
1296 44844 42
1297 37932 42
1298 37548 42
