0 37319 21159
1 79191 16875
2 73251 40095
3 65334 4065
4 9368 37152
5 10824 35723
6 10308 39303
7 12017 38934
8 77740 23733
9 68722 4995
10 68651 3841
11 67724 2138
12 69718 2049
13 65748 1773
14 75175 11108
15 74138 9095
16 76551 9840
17 73661 10648
18 9210 2614
19 12869 3208
20 10118 3493
21 75056 22059
22 21117 33679
23 17800 36015
24 17651 38134
25 15816 36201
26 5216 18478
27 10364 17145
28 8600 19467
29 17752 16571
30 24138 16750
31 59470 1701
32 57941 4147
33 59150 6007
34 59511 2377
35 54570 1620
36 55201 4792
37 54594 3537
38 7459 38496
39 5062 38512
40 74745 25741
41 5147 35424
42 2467 34749
43 2506 36175
44 7534 35555
45 2879 32092
46 5828 31920
47 5603 29336
48 6864 30375
49 55038 19811
50 54421 19406
51 56969 22178
52 54015 21497
53 73374 24900
54 77976 27236
55 43205 36018
56 47362 38682
57 44771 38230
58 44051 35363
59 43347 32590
60 45019 30687
61 49145 7587
62 48910 10052
63 50720 8541
64 40187 6731
65 36890 5904
66 37224 8280
67 43732 7160
68 45857 8196
69 41830 9045
70 45078 10578
71 63789 7468
72 66948 6739
73 65347 4396
74 76893 13465
75 74738 16077
76 5062 4185
77 2445 4246
78 3631 2368
79 4623 1552
80 23965 35125
81 22314 39041
82 24244 37842
83 25928 38772
84 20508 38985
85 21349 37351
86 38134 15427
87 36015 15093
88 44947 28813
89 39263 11127
90 39330 9243
91 49891 2146
92 40320 13519
93 43179 13851
94 52677 2700
95 44842 15850
96 38303 28369
97 35703 28365
98 37164 5959
99 38374 32637
100 27178 15777
101 72628 28512
102 39686 35389
103 10881 10485
104 11465 11860
105 14094 12447
106 17055 11177
107 13289 15384
108 10301 14798
109 14298 8733
110 15943 11856
111 13138 6266
112 17058 7082
113 16584 4476
114 40544 25133
115 41842 28444
116 41699 17389
117 44932 18773
118 40802 19039
119 47414 20176
120 47842 17685
121 47005 35886
122 42904 22975
123 43579 25538
124 46372 23802
125 77963 6987
126 75503 7785
127 77667 8932
128 77966 10736
129 75184 28512
130 78106 29957
131 73848 31235
132 69826 28453
133 71444 30195
134 72344 27855
135 59294 28391
136 57031 28108
137 53894 24728
138 51107 26045
139 54637 27008
140 52427 28248
141 61718 29651
142 62820 24525
143 64665 28035
144 63901 30375
145 63877 26802
146 59672 25689
147 47808 26428
148 49039 28438
149 52380 6513
150 50551 5072
151 53820 4387
152 38737 3645
153 46357 3379
154 43310 3116
155 47145 7326
156 47544 13914
157 50019 13619
158 48004 4133
159 46971 16245
160 49388 16761
161 75420 18526
162 78287 19276
163 77496 16922
164 33733 27648
165 32224 27162
166 34295 30699
167 33861 29295
168 32064 28940
169 31930 30577
170 32929 9617
171 35057 9765
172 33326 6360
173 30828 9018
174 32611 2721
175 36348 2422
176 2241 20452
177 54584 34637
178 2783 23366
179 4531 22432
180 3528 19890
181 55631 31273
182 10090 22737
183 7832 24306
184 7898 21953
185 58926 30480
186 16719 29295
187 19087 26671
188 19992 30180
189 59826 31860
190 23148 37125
191 23581 29327
192 22445 27150
193 24674 24885
194 60817 14236
195 62506 14477
196 65059 10765
197 63102 15643
198 61612 12270
199 68022 11979
200 68252 13551
201 13259 34025
202 14692 30929
203 73021 23666
204 17054 33084
205 12566 37472
206 8211 14319
207 4953 16942
208 2868 16520
209 3730 13191
210 2036 13982
211 6349 12280
212 7959 10510
213 8467 6513
214 8590 8410
215 10468 6630
216 9829 9814
217 24149 9932
218 22414 10265
219 21537 15390
220 21109 12940
221 25000 11529
222 24877 13581
223 20341 21060
224 34517 32275
225 35904 35997
226 31960 32303
227 35668 34000
228 33311 31826
229 32103 33513
230 27836 8658
231 34234 12723
232 36079 11706
233 22388 19423
234 22056 22266
235 60362 34416
236 58626 33934
237 53177 35471
238 59427 38205
239 57701 36105
240 48576 33837
241 49282 37715
242 49391 30044
243 51025 34819
244 51262 39077
245 51817 30564
246 28154 11693
247 27168 35944
248 25996 8304
249 30557 17677
250 31404 14096
251 29910 10631
252 32139 7849
253 33056 18570
254 30510 19324
255 29214 36382
256 30553 34449
257 32384 36370
258 30192 37766
259 28317 38925
260 77274 4956
261 78188 3030
262 75519 5386
263 76905 1770
264 46388 33409
265 47519 32097
266 77464 34367
267 75848 33022
268 78420 31963
269 2877 25592
270 2605 30124
271 21092 6789
272 23674 8030
273 19512 8640
274 3438 28101
275 71839 3593
276 74547 2573
277 72147 5920
278 18558 5475
279 19934 2360
280 27216 28215
281 26068 30707
282 2708 7268
283 2483 10705
284 6175 8553
285 5348 6066
286 23127 1545
287 25383 33193
288 23789 3161
289 28568 31843
290 27097 2379
291 14458 38899
292 12810 35070
293 33672 38976
294 75609 38112
295 73097 38730
296 73846 36007
297 61445 38459
298 61904 35878
299 25317 4710
300 65316 34855
301 66502 32550
302 66157 38703
303 54795 15480
304 57527 13917
305 53727 12641
306 57156 7495
307 57601 10260
308 51454 11576
309 53593 9642
310 29826 2295
311 54309 7142
312 29289 2581
313 55215 5832
314 60604 8552
315 61833 4601
316 69618 9616
317 71972 13765
318 72550 11759
319 55233 36303
320 57929 38652
321 63213 34705
322 62603 32568
323 54049 39484
324 56615 33678
325 69738 36599
326 69941 38754
327 41019 3808
328 29758 7276
329 27164 5818
330 29529 4822
331 36526 38045
332 42003 38559
333 40051 37896
334 49164 41194
335 80429 25836
336 42 19596
337 34668 42
338 36108 42
339 37068 41194
340 41196 41194
341 37740 41194
342 38028 41194
343 38124 41194
344 42828 42
345 46476 41194
346 46668 41194
347 28140 41194
348 36684 41194
349 48684 41194
350 61740 42
351 28908 42
352 46572 41194
353 36972 41194
354 42 19212
355 52524 42
356 48396 41194
357 42 16428
358 14412 41194
359 37164 41194
360 22956 41194
361 44652 42
362 44748 42
363 44556 42
364 44460 42
365 35052 41194
366 37260 41194
367 37452 41194
368 42 15660
369 55980 41194
370 38700 41194
371 29196 41194
372 29388 41194
373 27372 42
374 27852 42
375 27084 42
376 26988 42
377 26796 42
378 39372 41194
379 50124 41194
380 25740 42
381 25644 42
382 22860 41194
383 42 21324
384 42 21420
385 39852 42
386 20844 41194
387 21996 41194
388 22380 41194
389 38316 41194
390 44364 42
391 42 21516
392 46476 42
393 48396 42
394 48492 42
395 36492 41194
396 28620 41194
397 70380 42
398 80429 26124
399 37548 42
400 63276 42
401 62124 42
402 49260 41194
403 50028 41194
404 37644 42
405 49740 41194
406 49644 41194
407 21900 41194
408 22668 41194
409 36012 41194
410 62220 42
411 61932 42
412 62508 42
413 62028 42
414 39564 42
415 39756 42
416 39948 42
417 40044 42
418 40236 42
419 34860 42
420 48300 41194
421 49452 41194
422 39852 41194
423 48300 42
424 40716 42
425 41004 42
426 53388 42
427 41100 42
428 36492 42
429 36300 42
430 36396 42
431 58956 41194
432 58380 41194
433 12588 41194
434 19212 41194
435 17772 42
436 53196 42
437 17676 42
438 31788 42
439 47916 42
440 17004 41194
441 69612 42
442 80429 17100
443 80429 40236
444 80429 16044
445 33708 42
446 42 23820
447 24492 42
448 67500 42
449 10092 42
450 15276 42
451 42924 42
452 80429 13356
453 80429 40140
454 50412 42
455 50892 41194
456 42 18924
457 42 27180
458 24588 42
459 12684 41194
460 60300 42
461 42 22188
462 69132 42
463 36012 42
464 14796 41194
465 42 17004
466 63084 42
467 12108 41194
468 20556 42
469 23916 42
470 71244 41194
471 65484 41194
472 23148 42
473 80429 39660
474 26700 41194
475 29292 41194
476 55788 41194
477 27756 41194
478 65004 42
479 58284 41194
480 80429 25260
481 42 17964
482 14892 41194
483 47340 42
484 42 33420
485 69324 42
486 17580 42
487 80429 29292
488 42 17676
489 80429 8460
490 41292 41194
491 42 26124
492 42 18540
493 42 31500
494 38892 42
495 61452 42
496 46956 42
497 34764 41194
498 80429 12780
499 80429 6924
500 80429 16908
501 73164 41194
502 71148 41194
503 42 18444
504 80429 31116
505 15660 42
506 68172 42
507 80429 28812
508 80429 16812
509 42 28236
510 34188 41194
511 44172 41194
512 42 26316
513 42 1356
514 80429 20556
515 42 25644
516 42 12684
517 42 18252
518 47628 41194
519 77772 42
520 28236 42
521 80429 31308
522 42 27660
523 80429 20652
524 42 20652
525 77676 42
526 61068 42
527 37548 41194
528 20076 41194
529 42 18060
530 42 20076
531 36204 42
532 36396 41194
533 32172 41194
534 80429 39372
535 42 20748
536 51660 41194
537 42 31596
538 43308 42
539 62604 42
540 38412 41194
541 80429 14028
542 60876 42
543 17100 41194
544 42 17100
545 21132 42
546 52620 42
547 45900 42
548 42 27372
549 32844 42
550 21612 41194
551 48108 42
552 53196 41194
553 80429 34380
554 65292 41194
555 42 17196
556 42 21996
557 52716 42
558 28332 42
559 42 28620
560 47820 42
561 80429 15852
562 17484 41194
563 64140 42
564 42 21804
565 43116 42
566 80429 19116
567 10860 41194
568 34764 42
569 27564 42
570 42 20172
571 42 21708
572 62796 42
573 28524 41194
574 24300 41194
575 61836 42
576 25932 41194
577 33036 42
578 42 25356
579 34572 42
580 80429 15660
581 42 21900
582 80429 27372
583 17100 42
584 16140 42
585 26604 41194
586 61260 42
587 44268 42
588 42 26796
589 42 20364
590 51564 42
591 31020 42
592 80429 20844
593 64428 42
594 42 28332
595 80429 25068
596 42 18348
597 42 20844
598 80429 12300
599 42 24972
600 52812 41194
601 80429 28716
602 30828 42
603 61356 42
604 20556 41194
605 70476 42
606 51276 42
607 42 25740
608 61932 41194
609 11052 41194
610 37740 42
611 26700 42
612 16812 42
613 27276 42
614 25548 41194
615 62892 42
616 20940 42
617 48588 41194
618 28044 41194
619 42 25836
620 36684 42
621 63948 42
622 70860 41194
623 80429 27852
624 27660 42
625 12396 41194
626 10188 41194
627 42 1452
628 16524 41194
629 22764 41194
630 26508 41194
631 42 22572
632 9996 41194
633 66060 41194
634 27756 42
635 16620 41194
636 42 21132
637 25740 41194
638 25260 41194
639 42 20556
640 31308 42
641 80429 24588
642 18924 42
643 42 2028
644 42 29196
645 68268 42
646 19404 42
647 73068 41194
648 80429 39276
649 80429 16620
650 80429 20940
651 35820 41194
652 42 16140
653 42 12396
654 80429 29868
655 80429 28332
656 42 20268
657 57612 42
658 25356 41194
659 21516 42
660 42 15276
661 65004 41194
662 43404 42
663 42 26028
664 18060 41194
665 35148 41194
666 80429 26028
667 16716 41194
668 42 24684
669 25068 41194
670 42 16908
671 38796 41194
672 55884 41194
673 42 1644
674 80429 31212
675 61164 42
676 42 22476
677 29868 42
678 71724 41194
679 80429 39756
680 67788 42
681 42 17580
682 2604 41194
683 42 14604
684 42 19020
685 42 17772
686 57996 41194
687 49932 41194
688 80429 15276
689 25164 41194
690 42 25164
691 80429 21036
692 42 23052
693 39180 42
694 34476 41194
695 39276 42
696 42 17484
697 68940 42
698 51948 42
699 36876 41194
700 43692 41194
701 80429 12876
702 54540 41194
703 19980 41194
704 80429 34572
705 62700 42
706 42 17292
707 80429 21228
708 14124 41194
709 24684 41194
710 37644 41194
711 80429 7212
712 58380 42
713 80429 31020
714 42 23436
715 11436 41194
716 41388 42
717 26796 41194
718 24492 41194
719 43212 41194
720 80429 8172
721 49068 41194
722 24300 42
723 18252 41194
724 42 25068
725 42 13740
726 26892 42
727 22476 41194
728 21900 42
729 46188 41194
730 42444 41194
731 72972 41194
732 48780 41194
733 2700 41194
734 19788 42
735 42 18156
736 67692 42
737 17484 42
738 42 26604
739 13548 41194
740 60684 42
741 42 16332
742 67596 42
743 48972 41194
744 42 29004
745 42 30924
746 42 28428
747 42 17388
748 42 19980
749 60396 42
750 42 22380
751 2796 41194
752 16620 42
753 80429 39564
754 47148 41194
755 26412 41194
756 62220 41194
757 25644 41194
758 37932 41194
759 42 16716
760 24972 41194
761 28716 42
762 65196 41194
763 60780 42
764 20844 42
765 46860 41194
766 29964 42
767 32268 41194
768 37836 41194
769 42 28524
770 80429 39180
771 80429 19884
772 27468 42
773 19692 42
774 80429 27948
775 30252 42
776 58668 41194
777 61644 42
778 48876 41194
779 42 25548
780 42 1836
781 42 17868
782 67308 42
783 15756 41194
784 74028 41194
785 80429 22668
786 71436 41194
787 58860 41194
788 80429 8268
789 53484 42
790 80429 17580
791 57900 41194
792 23148 41194
793 24588 41194
794 80429 33420
795 71628 41194
796 80429 39468
797 16236 42
798 58572 41194
799 42 19116
800 35628 42
801 42 25260
802 24396 41194
803 55308 41194
804 63852 42
805 33996 41194
806 80429 21132
807 23052 42
808 11052 42
809 51852 42
810 41100 41194
811 11340 41194
812 31980 42
813 13932 41194
814 42 22860
815 16524 42
816 72300 41194
817 42 19788
818 42 14220
819 42 26412
820 73356 41194
821 48492 41194
822 10284 41194
823 28428 42
824 63756 42
825 24108 42
826 24876 41194
827 80429 22092
828 80429 7116
829 16428 42
830 25356 42
831 22572 41194
832 80429 25644
833 80429 19212
834 42 1740
835 27948 41194
836 62988 42
837 16332 42
838 23244 42
839 42 20940
840 34092 41194
841 42 18636
842 51852 41194
843 80429 25452
844 34668 41194
845 56364 42
846 42 23532
847 80429 22476
848 80429 15948
849 66732 42
850 69036 42
851 15852 41194
852 25836 41194
853 13644 41194
854 80429 25356
855 80429 16428
856 51948 41194
857 72012 42
858 34860 41194
859 14988 41194
860 40908 42
861 42 21036
862 42 1932
863 80429 33516
864 54636 42
865 53292 42
866 53004 42
867 60588 42
868 65772 42
869 42 27564
870 43020 42
871 33036 41194
872 42 18828
873 80429 39948
874 80429 23340
875 42 15756
876 53100 42
877 46284 41194
878 12012 41194
879 42 27468
880 14700 41194
881 20460 41194
882 62316 42
883 53004 41194
884 80429 7020
885 71820 41194
886 42 26220
887 52044 42
888 42 14796
889 42 25932
890 61548 41194
891 28812 42
892 11532 42
893 38796 42
894 24780 41194
895 42 29100
896 80429 39852
897 63372 42
898 23820 42
899 42 19308
900 80429 30444
901 80429 33612
902 11148 41194
903 42 14124
904 80429 23724
905 60492 42
906 56076 41194
907 70764 41194
908 36300 41194
909 42 19404
910 21804 41194
911 14028 41194
912 23820 41194
913 42 21612
914 42 22092
915 72204 41194
916 42 14892
917 42 11820
918 48012 42
919 42 11724
920 51660 42
921 42 19692
922 19884 41194
923 15948 41194
924 17388 42
925 80429 24204
926 42 20460
927 16812 41194
928 70476 41194
929 77580 42
930 42 18732
931 42 1548
932 15180 41194
933 73260 41194
934 60972 42
935 80429 8364
936 13068 41194
937 54540 42
938 80429 21420
939 42 16524
940 42 26700
941 42 30636
942 61548 42
943 80429 10764
944 42 13068
945 64620 42
946 42 24876
947 42 9420
948 16908 41194
949 42 14700
950 16044 41194
951 24780 42
952 35916 42
953 71532 42
954 42 28716
955 16716 42
956 42 15084
957 80429 29772
958 79116 42
959 80429 17388
960 80429 9228
961 42 22668
962 62412 42
963 80429 19020
964 71436 42
965 32460 42
966 26316 42
967 71532 41194
968 24108 41194
969 43212 42
970 80429 40044
971 52908 41194
972 64716 41194
973 21612 42
974 11532 41194
975 32364 42
976 11628 41194
977 58476 41194
978 58764 41194
979 59052 41194
980 59244 41194
981 80429 25548
982 80429 24972
983 80429 23628
984 80429 24396
985 80429 24012
986 80429 22956
987 80429 23820
988 80429 23532
989 80429 24492
990 80429 24780
991 80429 20748
992 80429 23244
993 80429 23436
994 80429 22764
995 80429 21996
996 80429 23148
997 80429 22860
998 80429 23052
999 80429 24300
1000 80429 24684
1001 80429 24876
1002 80429 25164
1003 80429 26316
1004 80429 25932
1005 80429 24108
1006 80429 23916
1007 80429 25740
1008 80429 21900
1009 80429 21516
1010 63180 42
1011 80429 21324
1012 64044 42
1013 63468 42
1014 63564 42
1015 63660 42
1016 80429 22188
1017 59628 41194
1018 80429 22284
1019 80429 22380
1020 80429 22572
1021 59148 41194
1022 59724 41194
1023 80429 21612
1024 80429 21708
1025 51756 42
1026 58188 41194
1027 80429 21804
1028 40044 41194
1029 36588 41194
1030 36780 41194
1031 37356 41194
1032 47340 41194
1033 29196 42
1034 24204 41194
1035 26028 42
1036 26124 42
1037 42 19500
1038 26220 42
1039 27948 42
1040 27180 42
1041 49548 41194
1042 49356 41194
1043 49836 41194
1044 39468 41194
1045 39564 41194
1046 38220 41194
1047 24684 42
