Cluster 0: [333, 334, 335, 336, 337, 338, 339, 340, 341, 342, 343, 344, 345, 346, 347, 348, 349, 350, 351, 352, 353, 354, 355, 356, 357, 358, 359, 360, 361, 362, 363, 364, 365, 366, 367, 368, 369, 370, 371, 372, 373, 374, 375, 376, 377, 378, 379, 380, 381, 382, 383, 384, 385, 386, 387, 388, 389, 390, 391, 392, 393, 394, 395, 396, 397, 398, 399, 400, 401, 402, 403, 404, 405, 406, 407, 408, 409, 410, 411, 412, 413, 414, 415, 416, 417, 418, 419, 420, 421, 422, 423, 424, 425, 426, 427, 428, 429, 430, 431, 432, 433, 434, 435, 436, 437, 438, 439, 440, 441, 442, 443, 444, 450, 458, 472, 478, 492, 493, 500, 501, 526, 543, 557, 568, 587, 595, 596, 615, 616, 619, 620, 621, 622, 633, 638, 645, 684, 685, 690, 699, 707, 734, 744, 874, 919, 920, 933, 953, 954, 955, 956, 957, 958, 983, 989, 990, 995, 996, 997, 998, 1015, 1019, 1037, 1047, 1048, 1049, 1051, 1052, 1055, 1064, 1069, 1070, 1091, 1103, 1112, 1135, 1139, 1175, 1187, 1193, 1194, 1197, 1237, 1240, 1244, 1248, 1255, 1256, 1344, 1345, 1347, 1348, 1349, 1386, 1389, 1404, 1405, 1410, 1411, 1418, 1437, 1443, 1450, 1467, 1477, 1481, 1485, 1491, 1492, 1499, 1503, 1509, 1521, 1530, 1532, 1537, 1538, 1549, 1552, 1553, 1560, 1561, 1568, 1574, 1575, 1576, 1602, 1615, 1631, 1656, 1674, 1678, 1696, 1698, 1700, 1723, 1727, 1756, 1757, 1792, 1793, 1806, 1841, 1878, 1920, 1962, 1964, 1965, 1976, 1982, 2008, 2010, 2014, 2016, 2017, 2018, 2019, 2024, 2031, 2034, 2039, 2047, 2049, 2050, 2055, 2063, 2064, 2067, 2082, 2098, 2099, 2108, 2123, 2126, 2134, 2147, 2149, 2150, 2151, 2157, 2161, 2164, 2175, 2178, 2182, 2185, 2186, 2190, 2209, 2210, 2211, 2212, 2222, 2224, 2226, 2242, 2255, 2269, 2271, 2277, 2282, 2306, 2367, 2381, 2385, 2411, 2418, 2441, 2456, 2460, 2461, 2467, 2479, 2481, 2482, 2486, 2490, 2491, 2495, 2496, 2519, 2522, 2532, 2557, 2563, 2572, 2573, 2581, 2582, 2590, 2593, 2595, 2597, 2603, 2636, 2637, 2645, 2646, 2649, 2660, 2695, 2697]
Cluster 1: [445, 448, 529, 531, 532]
Cluster 2: [446, 527, 528]
Cluster 3: [447, 449, 545, 546]
Cluster 4: [451, 456, 457, 459, 460, 461, 463, 464, 465, 466, 467, 468, 469]
Cluster 5: [452, 453]
Cluster 6: [454, 455, 462, 470, 479, 480, 481]
Cluster 7: [471, 473, 476, 477, 483]
Cluster 8: [474, 475, 484, 485, 486, 487, 489, 490, 491, 494, 496, 497]
Cluster 9: [482, 488, 495, 498, 499]
Cluster 10: [502, 504, 505, 510, 511, 514, 515, 516, 517, 518, 519, 520, 521, 524, 533, 534]
Cluster 11: [503, 506, 507, 512, 513]
Cluster 12: [508, 509]
Cluster 13: [522, 523, 525]
Cluster 14: [530, 535, 536, 539, 540, 541, 542, 544, 547, 548, 549, 550, 551, 552]
Cluster 15: [537, 538]
Cluster 16: [553, 554, 555, 556, 558, 559, 560, 563, 564, 565, 566, 571, 572, 579]
Cluster 17: [561, 562, 661]
Cluster 18: [567, 609, 610, 612, 617, 618]
Cluster 19: [569, 570, 573, 574, 575, 576, 577, 578, 580, 581, 583]
Cluster 20: [582, 597, 598, 601, 602, 605, 606]
Cluster 21: [584, 589, 590]
Cluster 22: [585, 586, 588, 628, 629, 630, 631]
Cluster 23: [591, 592]
Cluster 24: [593, 594, 599, 600, 655, 656, 662, 663]
Cluster 25: [603, 604, 643, 650, 651, 657, 658, 659, 660]
Cluster 26: [607, 608]
Cluster 27: [611, 623, 624, 625, 626, 627, 632, 636, 637]
Cluster 28: [613, 614]
Cluster 29: [634, 635]
Cluster 30: [639, 640]
Cluster 31: [641, 642, 644, 647]
Cluster 32: [646, 652, 653, 654]
Cluster 33: [648, 649]
Cluster 34: [664]
Cluster 35: [665, 666, 722, 723, 745, 746]
Cluster 36: [667, 675, 676]
Cluster 37: [668, 669, 670]
Cluster 38: [671, 672]
Cluster 39: [673, 674, 677, 678, 679, 680]
Cluster 40: [681, 700, 701, 738, 739]
Cluster 41: [682, 683]
Cluster 42: [686, 687, 740]
Cluster 43: [688, 689, 691, 692, 693, 694, 695, 706]
Cluster 44: [696, 697, 698, 702, 703, 704, 705, 711, 712, 715, 724, 725, 726, 727, 728, 730]
Cluster 45: [708, 709, 710, 713, 714]
Cluster 46: [716, 717, 718, 721]
Cluster 47: [719, 720, 729, 731, 732, 733, 735, 736, 737]
Cluster 48: [741, 742, 743]
Cluster 49: [747, 750, 752, 753, 754, 757, 762, 773, 774]
Cluster 50: [748, 749]
Cluster 51: [751, 781, 782]
Cluster 52: [755, 793, 794, 795]
Cluster 53: [756]
Cluster 54: [758, 759]
Cluster 55: [760, 761, 763, 764, 765, 770, 771, 777, 778, 804]
Cluster 56: [766, 767]
Cluster 57: [768, 769, 772, 775]
Cluster 58: [776, 779, 780, 783, 784, 800]
Cluster 59: [785, 786, 813]
Cluster 60: [787, 788, 789, 790, 791, 792, 796, 797, 798, 808, 809]
Cluster 61: [799]
Cluster 62: [801, 802, 803, 805, 806, 807, 810, 811, 812, 814, 815]
Cluster 63: [816, 818, 819, 821, 830, 831, 832]
Cluster 64: [817, 820, 827, 828, 829, 834, 835]
Cluster 65: [822, 823]
Cluster 66: [824, 825, 826, 833, 836, 837, 838, 839, 842, 843, 844, 845, 846, 847, 848, 849, 850, 852]
Cluster 67: [840, 841, 856, 857]
Cluster 68: [851, 853, 854, 855, 858]
Cluster 69: [859, 860]
Cluster 70: [861, 862, 865, 866, 867, 868, 869, 870, 872, 873]
Cluster 71: [863, 864, 871, 875, 876, 877, 878, 879, 880, 881, 884, 885, 886, 887, 888, 889]
Cluster 72: [882, 883]
Cluster 73: [890, 891, 892, 893, 894, 895, 896, 897, 898, 899, 900, 902, 929, 930, 931, 932, 945, 946]
Cluster 74: [901, 903, 904]
Cluster 75: [905, 906]
Cluster 76: [907, 908, 909, 910, 911, 912, 917, 918]
Cluster 77: [913, 914, 915, 916]
Cluster 78: [921, 922]
Cluster 79: [923, 924, 925, 926, 927, 928]
Cluster 80: [934, 935, 936, 937, 938, 939, 940]
Cluster 81: [941, 942, 943, 944, 947, 948]
Cluster 82: [949, 950, 951, 952]
Cluster 83: [959, 965, 966, 967, 968, 969, 970, 1005, 1006, 1007, 1009, 1010]
Cluster 84: [960, 961, 962, 963, 994]
Cluster 85: [964, 1013, 1014, 1023, 1024]
Cluster 86: [971, 972, 973, 974, 975, 976, 977, 978]
Cluster 87: [979, 980]
Cluster 88: [981, 982, 984, 985, 986]
Cluster 89: [987, 988, 993]
Cluster 90: [991, 992]
Cluster 91: [999, 1000, 1033, 1034, 1035, 1036, 1038, 1039, 1040, 1043, 1044]
Cluster 92: [1001, 1002, 1003, 1004]
Cluster 93: [1008, 1011, 1012]
Cluster 94: [1016, 1017, 1018, 1020, 1021, 1022, 1025, 1026]
Cluster 95: [1027, 1028]
Cluster 96: [1029, 1030]
Cluster 97: [1031, 1032]
Cluster 98: [1041, 1042]
Cluster 99: [1045, 1046, 1067, 1068, 1071, 1072, 1077, 1078]
Cluster 100: [1050]
Cluster 101: [1053, 1054, 1056, 1057, 1058]
Cluster 102: [1059, 1060, 1061, 1062, 1063]
Cluster 103: [1065, 1066, 1075, 1076, 1086, 1087, 1088, 1089, 1090, 1092, 1093, 1094]
Cluster 104: [1073, 1074]
Cluster 105: [1079, 1080, 1081, 1082, 1085]
Cluster 106: [1083, 1084]
Cluster 107: [1095, 1096, 1097, 1098]
Cluster 108: [1099, 1100]
Cluster 109: [1101, 1102]
Cluster 110: [1104, 1151]
Cluster 111: [1105, 1106, 1107, 1108, 1109, 1110]
Cluster 112: [1111]
Cluster 113: [1113, 1114, 1115, 1118]
Cluster 114: [1116, 1117, 1119, 1137, 1141, 1144, 1145, 1146, 1147, 1149]
Cluster 115: [1120]
Cluster 116: [1121, 1122, 1123, 1124, 1125, 1126, 1127, 1128, 1129, 1132]
Cluster 117: [1130, 1131, 1133, 1134, 1143]
Cluster 118: [1136, 1138, 1140, 1142]
Cluster 119: [1148, 1150]
Cluster 120: [1152, 1153, 1154, 1155, 1158, 1159, 1164]
Cluster 121: [1156, 1157]
Cluster 122: [1160, 1161, 1162, 1163, 1165, 1167, 1169, 1170]
Cluster 123: [1166, 1168, 1171, 1172, 1176, 1177, 1178]
Cluster 124: [1173, 1174, 1183, 1184]
Cluster 125: [1179, 1180, 1206]
Cluster 126: [1181, 1182, 1185, 1186, 1188]
Cluster 127: [1189, 1196, 1198, 1199, 1200, 1201, 1202, 1203, 1204, 1205]
Cluster 128: [1190, 1191, 1192, 1195]
Cluster 129: [1207, 1208, 1209]
Cluster 130: [1210, 1215]
Cluster 131: [1211, 1212, 1214, 1216, 1217, 1218, 1219, 1220, 1221, 1222, 1223, 1224, 1225, 1226, 1227, 1229, 1233]
Cluster 132: [1213, 1249, 1250, 1251, 1252, 1253, 1254]
Cluster 133: [1228, 1230, 1231, 1232, 1239]
Cluster 134: [1234, 1235, 1236, 1238]
Cluster 135: [1241, 1242, 1243, 1245, 1246, 1247]
Cluster 136: [1257, 1258, 1259, 1260, 1261, 1262, 1265, 1266, 1267, 1268, 1269, 1270]
Cluster 137: [1263, 1264]
Cluster 138: [1271, 1272]
Cluster 139: [1273, 1274, 1332, 1333, 1436]
Cluster 140: [1275, 1276, 1277]
Cluster 141: [1278, 1279, 1280, 1293, 1304, 1307, 1308, 1313, 1314, 1315, 1324, 1325, 1326, 1327]
Cluster 142: [1281, 1282, 1287]
Cluster 143: [1283, 1284, 1285, 1286, 1440]
Cluster 144: [1288, 1299, 1300, 1318]
Cluster 145: [1289, 1290, 1291, 1292]
Cluster 146: [1294, 1295, 1296]
Cluster 147: [1297, 1298, 1309, 1310, 1311, 1312, 1331]
Cluster 148: [1301, 1302, 1303]
Cluster 149: [1305, 1306]
Cluster 150: [1316, 1317]
Cluster 151: [1319, 1322, 1323, 1328, 1329, 1330]
Cluster 152: [1320, 1321, 1337]
Cluster 153: [1334, 1335, 1336]
Cluster 154: [1338, 1339]
Cluster 155: [1340, 1341, 1343]
Cluster 156: [1342, 1357, 1358, 1367, 1368, 1369, 1387, 1402, 1403]
Cluster 157: [1346, 1355, 1361, 1362, 1363, 1364, 1365, 1366, 1370, 1371]
Cluster 158: [1350, 1351, 1352, 1353, 1354]
Cluster 159: [1356, 1438, 1441]
Cluster 160: [1359, 1360, 1432, 1435]
Cluster 161: [1372, 1390, 1391]
Cluster 162: [1373, 1374, 1375, 1376, 1383, 1384, 1406, 1407, 1408, 1409, 1412, 1413, 1424, 1425]
Cluster 163: [1377, 1392, 1393, 1394, 1395, 1396, 1397, 1398, 1399, 1400]
Cluster 164: [1378, 1379, 1380]
Cluster 165: [1381, 1382, 1401]
Cluster 166: [1385]
Cluster 167: [1388, 1420, 1421, 1426, 1427, 1428, 1429]
Cluster 168: [1414, 1415]
Cluster 169: [1416, 1417, 1419]
Cluster 170: [1422, 1423, 1439]
Cluster 171: [1430, 1431, 1433, 1434]
Cluster 172: [1442, 1446, 1447]
Cluster 173: [1444, 1445]
Cluster 174: [1448, 1449, 1457]
Cluster 175: [1451, 1452, 1453, 1455]
Cluster 176: [1454, 1458]
Cluster 177: [1456, 1578, 1581, 1582, 1583, 1585]
Cluster 178: [1459, 1515, 1522, 1523, 1524, 1525, 1526, 1527, 1528, 1529, 1531, 1533, 1535, 1536]
Cluster 179: [1460, 1469, 1470, 1471, 1472, 1473, 1474, 1475, 1476]
Cluster 180: [1461, 1462, 1478, 1479, 1480]
Cluster 181: [1463, 1464]
Cluster 182: [1465, 1466, 1468]
Cluster 183: [1482, 1483, 1484, 1486, 1487, 1488]
Cluster 184: [1489, 1490, 1493]
Cluster 185: [1494, 1495, 1496, 1497, 1498, 1500, 1501, 1502, 1504, 1505, 1506]
Cluster 186: [1507, 1508, 1510, 1511, 1512, 1513]
Cluster 187: [1514, 1516, 1517, 1518, 1519, 1520, 1534]
Cluster 188: [1539, 1540, 1541, 1542, 1543, 1544, 1546, 1547, 1548, 1550, 1551, 1562, 1563]
Cluster 189: [1545, 1554, 1555, 1556, 1557, 1558, 1559, 1564, 1565, 1566, 1567]
Cluster 190: [1569, 1571, 1572, 1606, 1607, 1608, 1609, 1610, 1611, 1612, 1613]
Cluster 191: [1570, 1573, 1617]
Cluster 192: [1577, 1592, 1593, 1594, 1595, 1597, 1598, 1599, 1604]
Cluster 193: [1579, 1580, 1584, 1586, 1590, 1591, 1596, 1618, 1619, 1620, 1621, 1622]
Cluster 194: [1587, 1588, 1589, 1600, 1601, 1603, 1605]
Cluster 195: [1614, 1616]
Cluster 196: [1623, 1624, 1625, 1626, 1627, 1628, 1629, 1630, 1632]
Cluster 197: [1633, 1634, 1654]
Cluster 198: [1635, 1702, 1703, 1704, 1707]
Cluster 199: [1636, 1637, 1638, 1649, 1650, 1705, 1712]
Cluster 200: [1639, 1640, 1641, 1642]
Cluster 201: [1643, 1644, 1645, 1646, 1647, 1648, 1653]
Cluster 202: [1651, 1652]
Cluster 203: [1655, 1657, 1658, 1659, 1660, 1661, 1662, 1666, 1667]
Cluster 204: [1663, 1664, 1665, 1668, 1669]
Cluster 205: [1670, 1692, 1693, 1695, 1699]
Cluster 206: [1671, 1672, 1673, 1675, 1676, 1677, 1679, 1680, 1681, 1682, 1683]
Cluster 207: [1684, 1685, 1686, 1687, 1688, 1689, 1690, 1691, 1694, 1697]
Cluster 208: [1701, 1706]
Cluster 209: [1708, 1711, 1715]
Cluster 210: [1709, 1774, 1775, 1776, 1777, 1778, 1779, 1780, 1781, 1782, 1783, 1784, 1785, 1786, 1787, 1788]
Cluster 211: [1710, 1714]
Cluster 212: [1713, 1716, 1717, 1718, 1728, 1742, 1743]
Cluster 213: [1719, 1720, 1722, 1724]
Cluster 214: [1721, 1725, 1726, 1729, 1730, 1731, 1732, 1733, 1734]
Cluster 215: [1735, 1736, 1737, 1738, 1739, 1740, 1741, 1754, 1755, 1758, 1759, 1762, 1768]
Cluster 216: [1744, 1745]
Cluster 217: [1746, 1747, 1748, 1749, 1750, 1751, 1752, 1753]
Cluster 218: [1760, 1761, 1763, 1764, 1765, 1766, 1769, 1770, 1771, 1773, 1789]
Cluster 219: [1767, 1772]
Cluster 220: [1790, 1791]
Cluster 221: [1794, 1795, 1798, 1875]
Cluster 222: [1796, 1797]
Cluster 223: [1799, 1802, 1847, 1848, 1849, 1850]
Cluster 224: [1800, 1801, 1854, 1855, 1856, 1857]
Cluster 225: [1803, 1807, 1808, 1809]
Cluster 226: [1804, 1805]
Cluster 227: [1810, 1811, 1812, 1813, 1814, 1815, 1816, 1817, 1818, 1819, 1820, 1821, 1822, 1823]
Cluster 228: [1824, 1825, 1826, 1827, 1828, 1829, 1830, 1831, 1832, 1833, 1834, 1835, 1836, 1837, 1838, 1869, 1872]
Cluster 229: [1839, 1840]
Cluster 230: [1842, 1843, 1844, 1845, 1846, 1851, 1852, 1853]
Cluster 231: [1858, 1859, 1860, 1861, 1866, 1867]
Cluster 232: [1862, 1863, 1864, 1865, 1868]
Cluster 233: [1870, 1871]
Cluster 234: [1873, 1874]
Cluster 235: [1876, 1880]
Cluster 236: [1877, 1879, 1889, 1890, 1891, 1892, 1893, 1894, 1895, 1981, 1983, 1989, 1990]
Cluster 237: [1881, 1882, 1883, 1884, 1885]
Cluster 238: [1886, 1888, 1899]
Cluster 239: [1887]
Cluster 240: [1896, 1897, 1898, 1900, 1901, 1902, 1903, 1904]
Cluster 241: [1905, 1906, 1907, 1908, 1909]
Cluster 242: [1910, 1911, 1912, 1917]
Cluster 243: [1913, 1914, 1915, 1916, 1918, 1919]
Cluster 244: [1921, 1922, 1923, 1926, 1927, 1928, 1929, 1930, 1931, 1934]
Cluster 245: [1924, 1925, 1932, 1933, 1935]
Cluster 246: [1936, 1937, 1940, 1941, 1942]
Cluster 247: [1938, 1939, 1950, 1951, 1952, 1953, 1954, 1955, 1956, 1957, 1958, 1959, 1966, 1967]
Cluster 248: [1943, 1944, 1984, 1985, 1986, 1987, 1988, 1991, 1992, 1993, 1994, 1995, 1996]
Cluster 249: [1945, 1946, 1947, 1948, 1949]
Cluster 250: [1960, 1961, 1963]
Cluster 251: [1968, 1969, 1970, 1971, 1972, 1973]
Cluster 252: [1974, 1975, 1977, 1978, 1979, 1980]
Cluster 253: [1997, 1998, 2040, 2041, 2042, 2043]
Cluster 254: [1999, 2000, 2001, 2002, 2003]
Cluster 255: [2004, 2005, 2006, 2007, 2009, 2023]
Cluster 256: [2011, 2012, 2013]
Cluster 257: [2015, 2038, 2111, 2112, 2113]
Cluster 258: [2020, 2021, 2022, 2025, 2026, 2027]
Cluster 259: [2028, 2029, 2052, 2053]
Cluster 260: [2030, 2044, 2045, 2046, 2048, 2051]
Cluster 261: [2032, 2033, 2035, 2036, 2037, 2054]
Cluster 262: [2056, 2057, 2058, 2059, 2060, 2061, 2062, 2065, 2066, 2068, 2069]
Cluster 263: [2070, 2071, 2072, 2073, 2074, 2075, 2076, 2077, 2078, 2079, 2080, 2081]
Cluster 264: [2083, 2084, 2085, 2086, 2087, 2088, 2089, 2090, 2093, 2094, 2095, 2096, 2097]
Cluster 265: [2091, 2092]
Cluster 266: [2100, 2101, 2104, 2105, 2106, 2107, 2109, 2110]
Cluster 267: [2102, 2103]
Cluster 268: [2114, 2115, 2119, 2120, 2121, 2122, 2159]
Cluster 269: [2116, 2118, 2170]
Cluster 270: [2117, 2171, 2172, 2174]
Cluster 271: [2124, 2125, 2127]
Cluster 272: [2128, 2129, 2130, 2131, 2132, 2133, 2135, 2136, 2137, 2138]
Cluster 273: [2139, 2140, 2145, 2146, 2148, 2152, 2153]
Cluster 274: [2141, 2142, 2143, 2144]
Cluster 275: [2154]
Cluster 276: [2155, 2156, 2158, 2160, 2162, 2163]
Cluster 277: [2165, 2166, 2167, 2168, 2169]
Cluster 278: [2173, 2176, 2177, 2179, 2180, 2181, 2183, 2184]
Cluster 279: [2187, 2188, 2189, 2191, 2192, 2193, 2198, 2199]
Cluster 280: [2194]
Cluster 281: [2195, 2196, 2197, 2200]
Cluster 282: [2201, 2202, 2203, 2204, 2205, 2206, 2207, 2208, 2220, 2228]
Cluster 283: [2213, 2214, 2215, 2217, 2218, 2219]
Cluster 284: [2216, 2221, 2223, 2225, 2227]
Cluster 285: [2229, 2230, 2231, 2232, 2233, 2234, 2235, 2236, 2241]
Cluster 286: [2237, 2245, 2246, 2247, 2289, 2290, 2291, 2300, 2301, 2302, 2303]
Cluster 287: [2238, 2239, 2240, 2243, 2244, 2248]
Cluster 288: [2249, 2250, 2251]
Cluster 289: [2252, 2253, 2254, 2256]
Cluster 290: [2257, 2258, 2259, 2260, 2261, 2262, 2278]
Cluster 291: [2263, 2264, 2265, 2266, 2267, 2268, 2270]
Cluster 292: [2272, 2273, 2274, 2275, 2276]
Cluster 293: [2279, 2294, 2295, 2296, 2297, 2298, 2299, 2305]
Cluster 294: [2280, 2281]
Cluster 295: [2283, 2284, 2285, 2286, 2287, 2288, 2304]
Cluster 296: [2292, 2293]
Cluster 297: [2307, 2308, 2309]
Cluster 298: [2310, 2311, 2312]
Cluster 299: [2313, 2315, 2420, 2422, 2424, 2431, 2454]
Cluster 300: [2314, 2337, 2340, 2342, 2345, 2346]
Cluster 301: [2316, 2357, 2366, 2371, 2379, 2389, 2400, 2406, 2407, 2408]
Cluster 302: [2317, 2318, 2319, 2320, 2321, 2322, 2323, 2324, 2326, 2327, 2328, 2329, 2453, 2455]
Cluster 303: [2325, 2409, 2410, 2425, 2426, 2427, 2429, 2430, 2432, 2433, 2435, 2436, 2438]
Cluster 304: [2330, 2423, 2428]
Cluster 305: [2331, 2333]
Cluster 306: [2332, 2334, 2336, 2338, 2339, 2343, 2347, 2348, 2351, 2352, 2355, 2362, 2363, 2364, 2372, 2373, 2388, 2391]
Cluster 307: [2335, 2341, 2344, 2393, 2397, 2398, 2421, 2434, 2437]
Cluster 308: [2349, 2350, 2353, 2354, 2360, 2361]
Cluster 309: [2356, 2358, 2359]
Cluster 310: [2365, 2368, 2369, 2370]
Cluster 311: [2374, 2375, 2376, 2377, 2378, 2382, 2383, 2384]
Cluster 312: [2380, 2386, 2387]
Cluster 313: [2390, 2392, 2394, 2395, 2396, 2399, 2401, 2402, 2403, 2404, 2405]
Cluster 314: [2412, 2413, 2414, 2415, 2416, 2417, 2419]
Cluster 315: [2439, 2440]
Cluster 316: [2442, 2443, 2444, 2447, 2448]
Cluster 317: [2445, 2446]
Cluster 318: [2449, 2450, 2451, 2452]
Cluster 319: [2457, 2458, 2459, 2462]
Cluster 320: [2463, 2464, 2465, 2466, 2468, 2469, 2470, 2473, 2475, 2476, 2485, 2506, 2526]
Cluster 321: [2471, 2472, 2474]
Cluster 322: [2477, 2489, 2498, 2521, 2528, 2533, 2534, 2535, 2537, 2538, 2539, 2540, 2541, 2544, 2546, 2548, 2549, 2550, 2551, 2552, 2553, 2554]
Cluster 323: [2478, 2480, 2483, 2484]
Cluster 324: [2487, 2488]
Cluster 325: [2492, 2493, 2494, 2497]
Cluster 326: [2499, 2501, 2503, 2504, 2505, 2510]
Cluster 327: [2500, 2502, 2507, 2508, 2512, 2524, 2525, 2527, 2529, 2530, 2531, 2536]
Cluster 328: [2509, 2511]
Cluster 329: [2513, 2514]
Cluster 330: [2515, 2516, 2517, 2518, 2520, 2523]
Cluster 331: [2542, 2543, 2545, 2547]
Cluster 332: [2555, 2556, 2558, 2559, 2560, 2561, 2562, 2565, 2567]
Cluster 333: [2564, 2566, 2568, 2569, 2570]
Cluster 334: [2571, 2579, 2580, 2584, 2586, 2587, 2588, 2589]
Cluster 335: [2574, 2575, 2576, 2577, 2578, 2583, 2585]
Cluster 336: [2591, 2592, 2601, 2602, 2618]
Cluster 337: [2594, 2596, 2598, 2599, 2600]
Cluster 338: [2604, 2605, 2606, 2607, 2608]
Cluster 339: [2609, 2610, 2611, 2612, 2615, 2616, 2617]
Cluster 340: [2613, 2614, 2626, 2627, 2628, 2629, 2630, 2631, 2632, 2633, 2634]
Cluster 341: [2619, 2620, 2621, 2622, 2625]
Cluster 342: [2623, 2624]
Cluster 343: [2635, 2638, 2641, 2642, 2643, 2644, 2664, 2665, 2702]
Cluster 344: [2639, 2640, 2699, 2700, 2701]
Cluster 345: [2647, 2648, 2668, 2669, 2671, 2672]
Cluster 346: [2650, 2651, 2666, 2667]
Cluster 347: [2652, 2653, 2654, 2655, 2656, 2657, 2658, 2659, 2661, 2662, 2663, 2676, 2698]
Cluster 348: [2670, 2673, 2674, 2675, 2680, 2682, 2687, 2691, 2692]
Cluster 349: [2677, 2678, 2679, 2681]
Cluster 350: [2683, 2684]
Cluster 351: [2685, 2686, 2688, 2689, 2690]
Cluster 352: [2693, 2694, 2696]
Cluster 353: [30]
Cluster 354: [31]
Cluster 355: [32]
Cluster 356: [33]
Cluster 357: [34]
Cluster 358: [35]
Cluster 359: [36]
Cluster 360: [47]
Cluster 361: [51]
Cluster 362: [57]
Cluster 363: [68]
Cluster 364: [70]
Cluster 365: [97]
Cluster 366: [98]
Cluster 367: [99]
Cluster 368: [100]
Cluster 369: [101]
Cluster 370: [103]
Cluster 371: [104]
Cluster 372: [105]
Cluster 373: [106]
Cluster 374: [107]
Cluster 375: [108]
Cluster 376: [109]
Cluster 377: [110]
Cluster 378: [111]
Cluster 379: [112]
Cluster 380: [115]
Cluster 381: [116]
Cluster 382: [117]
Cluster 383: [118]
Cluster 384: [119]
Cluster 385: [120]
Cluster 386: [121]
Cluster 387: [122]
Cluster 388: [123]
Cluster 389: [124]
Cluster 390: [126]
Cluster 391: [127]
Cluster 392: [128]
Cluster 393: [129]
Cluster 394: [130]
Cluster 395: [131]
Cluster 396: [132]
Cluster 397: [133]
Cluster 398: [134]
Cluster 399: [135]
Cluster 400: [137]
Cluster 401: [138]
Cluster 402: [139]
Cluster 403: [140]
Cluster 404: [141]
Cluster 405: [142]
Cluster 406: [143]
Cluster 407: [144]
Cluster 408: [145]
Cluster 409: [146]
Cluster 410: [148]
Cluster 411: [149]
Cluster 412: [150]
Cluster 413: [151]
Cluster 414: [152]
Cluster 415: [153]
Cluster 416: [154]
Cluster 417: [155]
Cluster 418: [156]
Cluster 419: [157]
Cluster 420: [159]
Cluster 421: [160]
Cluster 422: [161]
Cluster 423: [162]
Cluster 424: [163]
Cluster 425: [164]
Cluster 426: [165]
Cluster 427: [166]
Cluster 428: [167]
Cluster 429: [168]
Cluster 430: [170]
Cluster 431: [171]
Cluster 432: [172]
Cluster 433: [173]
Cluster 434: [174]
Cluster 435: [175]
Cluster 436: [176]
Cluster 437: [177]
Cluster 438: [178]
Cluster 439: [179]
Cluster 440: [181]
Cluster 441: [182]
Cluster 442: [183]
Cluster 443: [184]
Cluster 444: [185]
Cluster 445: [186]
Cluster 446: [187]
Cluster 447: [188]
Cluster 448: [189]
Cluster 449: [190]
Cluster 450: [192]
Cluster 451: [193]
Cluster 452: [194]
Cluster 453: [195]
Cluster 454: [196]
Cluster 455: [197]
Cluster 456: [198]
Cluster 457: [199]
Cluster 458: [200]
Cluster 459: [201]
Cluster 460: [203]
Cluster 461: [204]
Cluster 462: [205]
Cluster 463: [206]
Cluster 464: [207]
Cluster 465: [208]
Cluster 466: [209]
Cluster 467: [210]
Cluster 468: [211]
Cluster 469: [212]
Cluster 470: [214]
Cluster 471: [215]
Cluster 472: [216]
Cluster 473: [217]
Cluster 474: [218]
Cluster 475: [219]
Cluster 476: [220]
Cluster 477: [221]
Cluster 478: [222]
Cluster 479: [223]
Cluster 480: [226]
Cluster 481: [227]
Cluster 482: [228]
Cluster 483: [229]
Cluster 484: [230]
Cluster 485: [231]
Cluster 486: [232]
Cluster 487: [233]
Cluster 488: [234]
Cluster 489: [235]
Cluster 490: [237]
Cluster 491: [238]
Cluster 492: [239]
Cluster 493: [240]
Cluster 494: [241]
Cluster 495: [242]
Cluster 496: [243]
Cluster 497: [244]
Cluster 498: [245]
Cluster 499: [246]
Cluster 500: [248]
Cluster 501: [249]
Cluster 502: [250]
Cluster 503: [251]
Cluster 504: [252]
Cluster 505: [253]
Cluster 506: [254]
Cluster 507: [255]
Cluster 508: [256]
Cluster 509: [257]
Cluster 510: [261]
Cluster 511: [284]
Cluster 512: [291]
Cluster 513: [293]
Cluster 514: [305]
Cluster 515: [306]
Cluster 516: [323]
Cluster 517: [324]
Cluster 518: [327]
Cluster 519: [328]
