0 16769 11865
1 22815 18765
2 25731 18765
3 1539 1485
4 25524 17415
5 33196 5805
6 33885 5985
7 34968 5747
8 34742 6210
9 35835 4995
10 35532 4455
11 35358 3066
12 36402 3510
13 29101 17662
14 34679 3799
15 34290 3105
16 34411 5130
17 18666 8280
18 19459 8971
19 18184 9180
20 17894 9855
21 19305 10057
22 17289 11880
23 18714 12926
24 18103 12825
25 19953 12375
26 19669 13095
27 17355 13149
28 15430 12555
29 16440 13291
30 15624 11043
31 15723 11745
32 14431 11610
33 17124 10597
34 17536 8775
35 19737 1215
36 34830 12780
37 35673 14715
38 33777 13689
39 33966 12690
40 33849 13095
41 36212 13403
42 36423 11475
43 36163 12123
44 36703 15255
45 35329 14670
46 35356 15660
47 18684 1215
48 18144 1485
49 26369 17781
50 18954 1215
51 20477 4030
52 19635 3105
53 20803 3375
54 21178 2673
55 22062 4725
56 20456 4945
57 8191 4401
58 21816 3735
59 7371 4860
60 6021 4995
61 7264 3580
62 3505 1935
63 3123 1575
64 4482 1620
65 2994 8068
66 6638 1755
67 33397 18090
68 6750 4185
69 22779 2475
70 22383 2835
71 20371 1755
72 23228 1775
73 20637 1575
74 20115 1485
75 21519 1687
76 23071 3510
77 25083 3172
78 25528 4590
79 24395 3890
80 23152 2970
81 25339 3915
82 26676 2970
83 27058 2205
84 24421 1417
85 25534 2179
86 24588 2115
87 22869 1215
88 27360 17100
89 28960 15660
90 30726 16537
91 31833 16740
92 30223 15300
93 29592 15795
94 29763 13927
95 24030 18495
96 28434 14329
97 29313 12600
98 30105 12285
99 30622 12510
100 31225 11340
101 32622 11812
102 32535 12632
103 31896 13635
104 32751 15525
105 31707 16065
106 31981 14715
107 32319 17280
108 31212 13230
109 33588 14850
110 32458 13860
111 32845 16875
112 33243 16672
113 34553 15761
114 9463 15660
115 8313 14872
116 5319 14964
117 7813 15633
118 8856 16200
119 9504 16065
120 6229 15447
121 6521 17218
122 5805 16425
123 5089 16065
124 10915 16752
125 9288 17145
126 11178 18225
127 10249 15849
128 8073 17646
129 8118 18135
130 7911 16605
131 6912 17820
132 10881 14985
133 9882 14715
134 10395 18765
135 1782 5670
136 2004 3138
137 3812 5157
138 2799 4683
139 2206 6653
140 3844 4239
141 6075 5805
142 5025 5775
143 3654 2812
144 5581 2982
145 1849 5265
146 5551 6993
147 3469 8775
148 5274 7695
149 5724 8910
150 4800 9801
151 4002 7121
152 4590 7695
153 33367 1681
154 32616 3825
155 33489 2835
156 32549 2982
157 31816 2295
158 31603 1620
159 31860 4230
160 36077 1755
161 36352 2511
162 35025 1605
163 33354 4275
164 33264 4860
165 3223 18333
166 5292 18225
167 3206 16942
168 4223 16913
169 5000 17253
170 3276 17505
171 1431 16065
172 1802 16807
173 4316 18417
174 4023 16200
175 2565 16515
176 8269 12246
177 8491 13230
178 6520 11976
179 6660 10485
180 7087 11340
181 6917 13347
182 6674 14283
183 20286 15165
184 21285 14400
185 23152 14715
186 21860 15852
187 21789 18360
188 20314 14148
189 21716 13851
190 23287 17685
191 3223 14445
192 2126 14548
193 3955 14040
194 3142 15255
195 3816 13077
196 2679 13365
197 2025 12645
198 1701 12150
199 4660 11306
200 5346 10935
201 5013 12368
202 2331 10507
203 3714 10395
204 2358 9495
205 2310 11243
206 1602 13635
207 22636 12318
208 20304 12150
209 21379 12285
210 22045 12960
211 22230 14175
212 21343 17280
213 31449 17577
214 20676 16713
215 20931 18427
216 19939 17820
217 19854 16155
218 19905 16132
219 36504 16875
220 36402 18075
221 35097 17165
222 35145 18540
223 31995 18765
224 14296 14310
225 14231 13561
226 12943 13338
227 13105 13905
228 10300 13320
229 11719 13635
230 23679 18765
231 23328 18225
232 23301 18630
233 18473 15147
234 16735 14985
235 17928 14175
236 18913 14310
237 29601 18495
238 16530 16545
239 17870 17376
240 18815 17067
241 15076 16821
242 15529 17640
243 15363 18630
244 16750 18171
245 15620 15083
246 14866 15579
247 21390 8640
248 20803 9180
249 22059 8145
250 22611 10444
251 23337 8794
252 22599 7605
253 23611 7290
254 21049 11259
255 20864 10597
256 23601 15765
257 21877 9462
258 27616 13815
259 27675 12747
260 29120 11352
261 28377 13455
262 25708 15165
263 27999 10530
264 28809 9623
265 26865 14310
266 25859 14782
267 23841 16973
268 27779 15447
269 28188 16335
270 27540 17145
271 26800 15525
272 22754 16537
273 25029 16210
274 24988 10665
275 26101 9816
276 24674 9507
277 24867 10305
278 26736 10732
279 24237 11295
280 25104 11745
281 24826 13466
282 23490 13365
283 23584 13095
284 25486 12709
285 23976 12069
286 26136 13635
287 25886 10665
288 26415 11745
289 25204 9990
290 30015 17370
291 13376 16701
292 13466 15151
293 14094 17928
294 12376 17415
295 11961 17235
296 12060 16065
297 11448 15525
298 24286 18630
299 26622 17460
300 7307 8873
301 5643 10395
302 6075 7560
303 6615 7101
304 6579 8685
305 7672 5310
306 8505 6615
307 7284 8505
308 8224 9531
309 7005 6555
310 8093 7560
311 24867 18360
312 25528 18630
313 13062 4995
314 12693 5940
315 9880 3003
316 11752 4416
317 10704 6282
318 11151 5400
319 9839 6190
320 10562 6507
321 9758 4146
322 9756 4230
323 9234 5265
324 12676 3780
325 12127 2925
326 11323 2943
327 8404 1730
328 9949 1215
329 8971 3027
330 10533 8625
331 12323 7290
332 28471 18495
333 12184 8967
334 13276 8973
335 10557 8235
336 32726 8559
337 33763 8100
338 32717 7897
339 35883 7965
340 35077 9090
341 35362 10125
342 36419 9662
343 35302 10665
344 32598 9855
345 33543 10051
346 32184 10125
347 30031 2063
348 30826 3645
349 31609 5670
350 28998 1215
351 32211 6435
352 29997 1215
353 34648 7119
354 31225 7155
355 32692 6975
356 36327 7326
357 36288 6480
358 8661 10845
359 9457 9546
360 11467 10973
361 11067 9825
362 9909 10845
363 10138 11812
364 10462 11070
365 9266 10611
366 9153 7357
367 9436 6682
368 8721 11745
369 21804 20081
370 20364 20081
371 33516 20081
372 10476 42
373 10380 42
374 33324 20081
375 32940 20081
376 22956 20081
377 10284 42
378 29580 42
379 9420 42
380 9324 42
381 9228 42
382 42 11244
383 42 10092
384 42 10380
385 42 10284
386 29772 42
387 29964 42
388 29388 42
389 42 10572
390 42 10476
391 33420 20081
392 29868 42
393 42 10188
394 30060 42
395 42 10956
396 42 10860
397 42 10764
398 42 10668
399 18540 42
400 18732 42
401 18444 42
402 10572 20081
403 33228 20081
404 18828 42
405 18636 42
406 23052 20081
407 10188 20081
408 10284 20081
409 23724 20081
410 20748 42
411 32172 20081
412 42 9036
413 42 6444
414 19788 20081
415 29292 20081
416 32652 20081
417 42 6732
418 42 5676
419 11436 42
420 6924 20081
421 42 5772
422 42 16332
423 32076 20081
424 31884 20081
425 31788 20081
426 42 8748
427 31692 20081
428 42 6348
429 19980 42
430 20652 42
431 42 6540
432 21612 42
433 21228 42
434 29004 20081
435 27276 20081
436 42 4236
437 42 3852
438 42 2316
439 42 4140
440 42 2220
441 29484 42
442 22572 42
443 22668 42
444 21708 20081
445 32556 20081
446 27468 20081
447 25260 20081
448 29676 42
449 21132 42
450 21036 42
451 42 3660
452 20076 42
453 20364 42
454 22764 42
455 42 3180
456 20940 42
457 20556 42
458 20268 42
459 42 5484
460 28140 20081
461 20460 42
462 20844 42
463 28236 20081
464 20172 42
465 42 15852
466 42 16044
467 42 15948
468 42 16236
469 42 5580
470 42 16140
471 22092 20081
472 21900 20081
473 42 3084
474 21036 20081
475 22188 20081
476 42 2700
477 42 2796
478 42 5100
479 42 5292
480 21132 20081
481 42 2988
482 42 2892
483 42 4044
484 42 3756
485 29676 20081
486 29580 20081
487 24300 20081
488 18348 20081
489 22284 20081
490 27180 20081
491 9420 20081
492 26892 20081
493 38204 4908
494 28620 20081
495 31980 20081
496 38204 9996
497 38204 2796
498 38204 7692
499 5676 20081
500 38204 5196
501 27084 20081
502 29100 20081
503 20748 20081
504 42 5964
505 42 1452
506 18732 20081
507 38204 5100
508 7116 20081
509 38204 1356
510 8364 20081
511 42 8652
512 42 6636
513 22860 20081
514 42 9708
515 9900 20081
516 30540 20081
517 30444 20081
518 31404 20081
519 12876 20081
520 21996 20081
521 17100 20081
522 33036 20081
523 19116 20081
524 10476 20081
525 17292 20081
526 38204 5004
527 42 4332
528 6828 20081
529 28812 20081
530 42 1740
531 26508 20081
532 9708 20081
533 19500 20081
534 38204 11340
535 29196 20081
536 38204 11436
537 31020 20081
538 42 6252
539 11148 20081
540 20652 20081
541 18828 20081
542 38204 5772
543 38204 4812
544 38204 10380
545 42 9132
546 42 1356
547 18444 20081
548 38204 10572
549 10092 20081
550 42 5004
551 42 8364
552 42 3372
553 42 3276
554 19404 20081
555 42 7308
556 6540 20081
557 22764 20081
558 25836 20081
559 8748 20081
560 8556 20081
561 14988 20081
562 30156 20081
563 9996 20081
564 15372 20081
565 42 3564
566 19308 20081
567 19020 20081
568 42 6828
569 42 5388
570 42 1260
571 42 6924
572 31596 20081
573 31308 20081
574 9324 20081
575 9612 20081
576 26796 20081
577 42 1164
578 42 7116
579 38204 10284
580 42 5196
581 19884 20081
582 42 8460
583 9132 20081
584 7212 20081
585 42 1068
586 20268 20081
587 30924 20081
588 42 7212
589 21516 20081
590 22572 20081
591 42 7404
592 42 4716
593 18540 20081
594 17964 20081
595 20172 20081
596 9516 20081
597 42 5868
598 38204 5676
599 22380 20081
600 20940 20081
601 6252 20081
602 22668 20081
603 38204 3564
604 42 972
605 5868 20081
606 42 8268
607 18924 20081
608 20076 20081
609 42 11916
610 24396 20081
611 32748 20081
612 42 876
613 9036 20081
614 42 1836
615 38204 4524
616 42 7500
617 5964 20081
618 26316 20081
619 38204 1644
620 8460 20081
621 42 1548
622 23340 20081
623 10380 20081
624 20556 20081
625 12492 20081
626 42 7596
627 31500 20081
628 38204 7500
629 42 2604
630 42 780
631 18060 20081
632 12972 20081
633 23148 20081
634 6732 20081
635 42 7692
636 38204 5580
637 38204 10764
638 42 7788
639 42 4812
640 9804 20081
641 27372 20081
642 21612 20081
643 17004 20081
644 23244 20081
645 26220 20081
646 31116 20081
647 30732 20081
648 38204 1452
649 19692 20081
650 38204 5292
651 12396 20081
652 42 7884
653 28716 20081
654 30252 20081
655 29868 20081
656 42 7020
657 17676 20081
658 42 8076
659 42 8172
660 30348 20081
661 28524 20081
662 42 8844
663 17868 20081
664 42 4524
665 38204 7404
666 24108 20081
667 42 7980
668 18156 20081
669 12780 20081
670 42 1932
671 42 9228
672 19212 20081
673 42 2028
674 42 2412
675 26988 20081
676 30828 20081
677 38204 5484
678 42 11340
679 10860 20081
680 13068 20081
681 6444 20081
682 42 1644
683 38204 1548
684 12588 20081
685 6636 20081
686 38204 4716
687 38204 8556
688 42 9324
689 42 2124
690 21324 20081
691 42 9420
692 38204 5388
693 21420 20081
694 26604 20081
695 42 6060
696 30060 20081
697 20844 20081
698 42 9612
699 38204 4620
700 42 4428
701 17772 20081
702 24684 20081
703 26124 20081
704 26412 20081
705 6060 20081
706 11724 20081
707 12684 20081
708 42 3948
709 32268 20081
710 19596 20081
711 18252 20081
712 42 13452
713 24588 20081
714 42 8556
715 42 9804
716 27660 20081
717 38204 11532
718 13836 20081
719 42 9900
720 42 3468
721 42 4908
722 42 9516
723 7020 20081
724 21228 20081
725 42 9996
726 5772 20081
727 9228 20081
728 8652 20081
729 29484 20081
730 6156 20081
731 6348 20081
732 8844 20081
733 42 11724
734 42 4620
735 42 2508
736 5580 20081
737 31212 20081
738 42 11052
739 18636 20081
740 26700 20081
741 20460 20081
742 42 6156
743 42 11148
744 19980 20081
745 8940 20081
746 27756 20081
747 28044 20081
748 25164 20081
749 24204 20081
750 24876 20081
751 27564 20081
752 27948 20081
753 28332 20081
754 22476 20081
755 33132 20081
756 32364 20081
757 30636 20081
758 29964 20081
759 23916 20081
760 24012 20081
761 23628 20081
762 28908 20081
763 24492 20081
764 25068 20081
765 23820 20081
766 24972 20081
767 27852 20081
768 25548 20081
769 25644 20081
770 32460 20081
771 25740 20081
772 32844 20081
773 23532 20081
774 29772 20081
775 29388 20081
776 24780 20081
777 28428 20081
778 25932 20081
779 26028 20081
780 25452 20081
781 23436 20081
782 25356 20081
783 38204 8652
784 42 8940
