0 20889 11095
1 26217 1215
2 1539 9585
3 31293 20655
4 17901 1485
5 4995 20925
6 11658 11145
7 13629 18279
8 12278 18225
9 11124 1665
10 2354 12069
11 28244 3620
12 27306 2745
13 26461 3857
14 26878 2160
15 27123 5457
16 26429 2912
17 27445 4455
18 25292 4995
19 28404 4995
20 28512 4320
21 26368 7121
22 25326 6291
23 27046 6846
24 26399 6480
25 26712 7875
26 25636 4995
27 24759 4995
28 9984 4725
29 25164 4050
30 25380 5535
31 21370 6142
32 19017 6075
33 20961 9495
34 11586 13249
35 21519 5265
36 22521 7087
37 23563 7463
38 23178 8445
39 23862 6183
40 24084 6885
41 20982 8625
42 21064 7425
43 9720 9225
44 22702 10080
45 23500 10881
46 23981 9936
47 24151 10800
48 24195 8572
49 22950 8640
50 19917 6930
51 22207 8370
52 18511 7101
53 17347 7020
54 19035 6750
55 19288 8572
56 18198 7830
57 33156 10755
58 33996 8235
59 33993 7785
60 33900 9546
61 36085 8389
62 35538 7627
63 35388 9855
64 34419 10395
65 39906 10665
66 33412 10260
67 32733 11115
68 2052 10935
69 10859 12825
70 29941 18279
71 31590 18495
72 31516 19420
73 29324 19629
74 30348 20655
75 28980 20160
76 10057 20520
77 14590 19076
78 3240 15705
79 3812 15309
80 1503 14265
81 7074 20385
82 11091 20061
83 11385 19800
84 6237 8910
85 4005 8505
86 5136 8437
87 10174 18720
88 3885 10763
89 4819 11745
90 3634 11799
91 2789 8316
92 2754 8505
93 2592 9956
94 4549 9787
95 5465 9893
96 6088 10800
97 6966 10353
98 15021 20250
99 10233 19737
100 18292 20385
101 12423 19035
102 12143 19102
103 22860 19220
104 22869 18405
105 24185 18292
106 21535 18765
107 21339 19485
108 22599 20115
109 3523 20385
110 21427 3051
111 5325 19912
112 23189 1870
113 22207 3150
114 23903 2585
115 25083 2295
116 24774 2950
117 25096 3510
118 22576 3743
119 23904 4140
120 21600 4590
121 12882 20205
122 5238 19845
123 22950 5040
124 16659 16065
125 16605 16335
126 17293 18090
127 14539 16425
128 16931 18981
129 16254 18900
130 16953 17745
131 16110 17280
132 13372 14346
133 12458 14599
134 13381 15147
135 15060 14145
136 14976 15120
137 15616 16119
138 15867 15435
139 19892 2632
140 20844 2227
141 20187 3537
142 20271 4779
143 17806 5670
144 17655 4695
145 7712 19820
146 18837 4995
147 18454 4320
148 16677 4545
149 17217 5355
150 19629 4860
151 20941 4185
152 7893 19755
153 20070 13275
154 20178 12195
155 20992 14040
156 21213 13635
157 22356 11340
158 21132 11295
159 21324 12258
160 21060 11475
161 22333 13905
162 23535 13905
163 24099 12780
164 25047 12037
165 25677 11340
166 24820 13596
167 6597 20385
168 6331 19575
169 7380 20205
170 8656 18798
171 7530 18279
172 7371 19035
173 1579 16470
174 3874 17145
175 12195 5445
176 40563 17415
177 40641 18495
178 39224 19237
179 39244 18427
180 37449 18225
181 36709 20061
182 37012 19485
183 37773 20192
184 40642 19767
185 39474 17370
186 40440 16443
187 39393 16368
188 37854 15930
189 12358 3105
190 38093 17415
191 37929 16713
192 37516 16875
193 2619 17010
194 38799 20565
195 10449 20520
196 10881 2565
197 3919 17790
198 3608 18977
199 1966 18978
200 13982 3182
201 3024 19035
202 2652 19507
203 22191 16035
204 21222 15255
205 22707 16965
206 21826 17685
207 23679 15930
208 24350 16841
209 24934 15862
210 25475 15421
211 24273 14850
212 26700 15147
213 21978 18090
214 18897 14805
215 19507 13905
216 19764 16875
217 19674 15855
218 17955 16065
219 17766 16875
220 18009 17685
221 18618 17085
222 20396 17257
223 18144 17955
224 18912 19095
225 19899 18109
226 20682 18765
227 20262 20286
228 20772 16155
229 16488 14895
230 17820 14850
231 17482 15255
232 14018 1674
233 38313 6750
234 37408 6345
235 38223 5287
236 36504 4995
237 37057 5265
238 37989 7479
239 39443 7386
240 39987 8100
241 40111 5742
242 38478 5771
243 40176 6615
244 39015 3982
245 39735 4428
246 37057 7020
247 36009 6525
248 34857 6210
249 35685 5355
250 36351 6075
251 14769 1215
252 12863 1677
253 6663 1809
254 6881 2261
255 6381 3015
256 7354 2997
257 39927 12855
258 39169 14599
259 38407 12960
260 38502 15660
261 39708 14310
262 8508 3645
263 40392 11610
264 39096 12960
265 40824 12015
266 36733 14625
267 38106 14475
268 8376 1620
269 8219 4647
270 9648 2715
271 6750 1350
272 16072 2526
273 17182 3996
274 17685 2025
275 32486 7695
276 30753 7020
277 31660 6513
278 31109 5913
279 31568 5481
280 31671 1485
281 30672 7425
282 33139 6885
283 32571 7515
284 31590 8640
285 18886 2430
286 29165 6237
287 28252 2943
288 28946 6639
289 28171 8019
290 28890 7695
291 17343 2295
292 27850 1620
293 12938 20601
294 15187 2025
295 16092 2385
296 37023 1485
297 38056 1552
298 35788 1620
299 36444 2781
300 39744 2565
301 39615 2497
302 35820 2655
303 37260 3294
304 36207 3510
305 29559 14463
306 29100 14823
307 29990 16875
308 29372 15872
309 28084 16222
310 28057 14625
311 27972 17145
312 27243 13905
313 27643 13680
314 14994 1845
315 15288 3712
316 16323 17932
317 16389 20655
318 16956 20655
319 15187 10710
320 34074 19980
321 31806 15390
322 34911 16672
323 33993 17145
324 34672 17709
325 34788 19005
326 36358 17091
327 36168 17916
328 33606 18090
329 32901 18645
330 32601 16138
331 32157 17169
332 13054 7965
333 12588 7492
334 13032 7425
335 14134 7290
336 14841 5825
337 15624 6555
338 14323 4320
339 13515 5959
340 13415 4455
341 11876 5366
342 11533 6390
343 12456 6435
344 11016 4725
345 12420 5400
346 4754 7466
347 1849 6108
348 1728 4860
349 1930 5130
350 1667 6412
351 1485 4995
352 3953 5762
353 25369 18621
354 26784 16740
355 26284 17145
356 26982 17145
357 26625 18070
358 27540 18533
359 2018 6952
360 27756 19960
361 26349 20205
362 27270 20655
363 24813 19440
364 24961 19845
365 11511 17505
366 12006 11115
367 7020 8100
368 7026 13567
369 6289 12915
370 4067 14004
371 3665 12690
372 3564 12285
373 4140 16605
374 4932 16515
375 3550 16605
376 2956 16470
377 2403 12960
378 3159 12960
379 4590 15402
380 6814 14013
381 5851 14213
382 5845 11880
383 6237 11745
384 7256 14985
385 7904 14512
386 6574 15525
387 2997 16065
388 4731 5670
389 2686 15390
390 13851 19575
391 4851 4725
392 3645 3780
393 3276 4770
394 34951 11610
395 35738 11990
396 34722 12015
397 36487 13095
398 37260 13770
399 37492 13149
400 36601 11913
401 37881 12555
402 38164 8910
403 39312 8736
404 37638 8100
405 38803 10321
406 39479 10071
407 36373 10710
408 37209 9893
409 37743 11205
410 14661 19755
411 15876 20925
412 15246 18675
413 12366 16261
414 15457 12150
415 15403 12555
416 17671 9990
417 19003 9928
418 16886 9426
419 19872 3780
420 18022 8595
421 16321 8775
422 15376 9450
423 17037 10530
424 19422 10755
425 19255 12352
426 18042 11272
427 18462 13203
428 16454 13301
429 17437 12368
430 17577 14175
431 35262 5670
432 32089 2700
433 32518 1917
434 30009 3159
435 30461 1809
436 29322 2140
437 31221 4160
438 29817 4845
439 33648 2953
440 32616 3753
441 33401 4792
442 34546 5130
443 33480 1890
444 32116 4860
445 34699 2115
446 34725 4155
447 35849 4320
448 34479 5670
449 10098 1485
450 20268 22068
451 3564 22068
452 24012 42
453 28620 42
454 4332 22068
455 31596 42
456 42177 6732
457 41100 42
458 35052 22068
459 42177 15564
460 972 22068
461 42177 7692
462 42177 9708
463 17676 22068
464 34956 22068
465 26220 42
466 42 15948
467 22380 22068
468 42 12876
469 19116 22068
470 42177 9420
471 9804 42
472 42177 10284
473 10284 22068
474 42 14604
475 42177 8844
476 6636 22068
477 32172 22068
478 42177 15180
479 34668 22068
480 24396 22068
481 42177 6252
482 9132 22068
483 17388 22068
484 30252 42
485 42177 7212
486 21612 42
487 42 12204
488 42177 11916
489 42 13068
490 32364 42
491 24684 22068
492 25836 42
493 32748 42
494 42177 13452
495 22860 22068
496 22284 42
497 42177 6444
498 41196 42
499 40236 42
500 42 12972
501 21900 22068
502 8748 22068
503 19884 42
504 1740 22068
505 18252 42
506 42 8364
507 34860 42
508 5580 22068
509 39468 42
510 42177 9804
511 42 13260
512 42 8460
513 23820 22068
514 33324 22068
515 27180 22068
516 21708 42
517 7500 22068
518 41292 42
519 27756 22068
520 40812 42
521 42 780
522 24108 42
523 34860 22068
524 42 12396
525 42 13356
526 26124 42
527 42 10092
528 15276 42
529 42177 14988
530 33516 42
531 42 10284
532 7020 22068
533 10764 42
534 42 876
535 23628 42
536 23916 22068
537 24204 22068
538 42 14220
539 39756 42
540 42 1644
541 28428 42
542 21132 42
543 25068 22068
544 42177 6636
545 5964 22068
546 42 1740
547 42177 11244
548 26412 42
549 7308 22068
550 40332 42
551 42 10476
552 1932 22068
553 42 12684
554 39948 42
555 32652 42
556 42 15852
557 17292 22068
558 24204 42
559 42177 9612
560 15564 42
561 28524 42
562 11820 42
563 25452 42
564 40716 42
565 7596 22068
566 19596 42
567 5388 22068
568 21804 22068
569 18924 22068
570 42 11724
571 42 9324
572 42177 15276
573 27852 42
574 18924 42
575 42 11820
576 23724 22068
577 6732 22068
578 10860 42
579 24396 42
580 41004 42
581 20844 42
582 19212 42
583 18060 22068
584 24876 42
585 27948 42
586 24588 22068
587 42177 14412
588 42177 13836
589 42177 10572
590 42177 8268
591 24780 22068
592 18828 42
593 32268 22068
594 42 12492
595 24300 22068
596 42177 19980
597 19500 42
598 18060 42
599 42177 15468
600 42 1452
601 23148 22068
602 42 10668
603 42 9708
604 13932 22068
605 11916 42
606 15372 42
607 39564 42
608 42 9132
609 22188 42
610 33516 22068
611 32652 22068
612 42177 9036
613 42 14796
614 17004 22068
615 7404 42
616 42 13644
617 42177 9132
618 19020 22068
619 1644 22068
620 42177 7596
621 42 1932
622 24300 42
623 19980 22068
624 22668 22068
625 16812 42
626 40524 42
627 42177 10764
628 33900 22068
629 39276 42
630 42 8652
631 42177 11052
632 42 15756
633 23052 22068
634 41388 42
635 32556 22068
636 1260 22068
637 5868 22068
638 14028 22068
639 25068 42
640 17772 22068
641 18540 22068
642 11244 42
643 21804 42
644 42 15660
645 19020 42
646 42177 14508
647 18252 22068
648 16044 42
649 15756 42
650 21996 42
651 42 10380
652 8652 42
653 33132 42
654 42 15084
655 8460 22068
656 17100 22068
657 7404 22068
658 8268 22068
659 12108 42
660 17964 22068
661 17100 42
662 42177 14700
663 18732 42
664 22572 22068
665 42177 14028
666 27372 42
667 40044 42
668 26508 42
669 21228 42
670 23340 22068
671 10188 22068
672 33420 22068
673 33036 22068
674 30924 22068
675 25356 42
676 22668 42
677 34572 42
678 11148 42
679 19404 42
680 6156 22068
681 35436 22068
682 13740 42
683 33324 42
684 33228 22068
685 39852 42
686 40908 42
687 23244 22068
688 42177 15084
689 34092 22068
690 31596 22068
691 17484 42
692 42 13164
693 30060 42
694 42 9900
695 17580 22068
696 40140 42
697 23436 22068
698 31308 22068
699 18156 42
700 19308 42
701 19212 22068
702 42 972
703 22572 42
704 42 14124
705 33996 22068
706 1836 22068
707 24780 42
708 42177 10476
709 22476 22068
710 40620 42
711 39372 42
712 21420 42
713 42 15564
714 42177 9516
715 42177 10188
716 21516 42
717 39180 42
718 42 9804
719 22764 22068
720 42 15276
721 42 8268
722 42 11244
723 39660 42
724 42177 7884
725 42177 14796
726 21324 42
727 9516 22068
728 27948 22068
729 40428 42
730 32076 42
731 24108 22068
732 10476 22068
733 17964 42
734 2220 22068
735 18444 42
736 42177 14220
737 42177 3084
738 34668 42
739 7788 22068
740 15660 42
741 42 14988
742 33132 22068
743 42 11436
744 10764 22068
745 42177 10092
746 25260 42
747 32940 22068
748 42 11916
749 42 11628
750 5676 22068
751 25644 42
752 31020 22068
753 42 8844
754 32460 22068
755 42 11340
756 42177 5100
757 42177 13932
758 42 9420
759 42 10188
760 34764 42
761 42177 2988
762 33708 22068
763 22956 22068
764 42 15372
765 8556 42
766 42 12108
767 35340 22068
768 42 11148
769 15468 42
770 2700 22068
771 17484 22068
772 22380 42
773 33900 42
774 33420 42
775 7884 22068
776 1164 22068
777 17868 42
778 34572 22068
779 32172 42
780 25548 42
781 42177 11340
782 29964 42
783 6444 22068
784 31116 22068
785 7788 42
786 18636 42
787 18348 42
788 7212 22068
789 30924 42
790 42 9228
791 6540 22068
792 16908 42
793 2604 22068
794 19116 42
795 5196 22068
796 31692 22068
797 20076 42
798 5964 42
799 42177 14604
800 42177 10956
801 20844 22068
802 15756 22068
803 42 10956
804 42177 6924
805 36300 42
806 33804 22068
807 25164 22068
808 16620 42
809 31980 22068
810 24492 42
811 2796 22068
812 18156 22068
813 42177 13740
814 42177 6540
815 1068 22068
816 28044 42
817 32268 42
818 42177 8076
819 42177 10380
820 35052 42
821 2028 22068
822 23532 22068
823 24588 42
824 42 1068
825 42177 15372
826 17772 42
827 42 8748
828 42177 14316
829 42 9516
830 42 1548
831 32364 22068
832 2412 22068
833 42 8940
834 42 10572
835 18540 42
836 25164 42
837 42177 7116
838 42 15180
839 34188 22068
840 33228 42
841 42177 7980
842 22092 42
843 30828 42
844 3948 22068
845 21612 22068
846 31212 22068
847 35244 22068
848 1548 22068
849 42177 7020
850 19692 22068
851 2316 22068
852 34380 22068
853 2892 22068
854 14220 22068
855 42177 9996
856 34476 22068
857 4140 22068
858 31788 22068
859 23628 22068
860 42 13452
861 4908 22068
862 9804 22068
863 14892 22068
864 42177 9900
865 42 15468
866 1452 22068
867 42177 5676
868 30828 22068
869 42 1356
870 16812 22068
871 31980 42
872 21132 22068
873 2508 22068
874 36012 42
875 42 1164
876 8172 42
877 42177 8940
878 31884 22068
879 8364 22068
880 42 2028
881 21900 42
882 42 9036
883 31212 42
884 7980 22068
885 42177 11148
886 12204 42
887 32076 22068
888 42177 10860
889 42 9612
890 13740 22068
891 24972 22068
892 4716 22068
893 28332 42
894 27660 42
895 42 1260
896 35148 42
897 38220 42
898 2124 22068
899 42177 13644
900 42 12780
901 28236 42
902 25740 42
903 33612 22068
904 34764 22068
905 22476 42
906 4044 22068
907 42 9996
908 32748 22068
909 42177 13548
910 34284 22068
911 32844 22068
912 42177 14892
913 9996 22068
914 5292 22068
915 31116 42
916 24972 42
917 42177 10668
918 24876 22068
919 2988 22068
920 24012 22068
921 42177 14124
922 5484 22068
923 26316 42
924 28140 42
925 32460 42
926 14796 22068
927 14700 22068
928 15084 22068
929 14412 22068
930 13548 22068
931 13356 22068
932 18828 22068
933 14604 22068
934 10380 22068
935 11532 22068
936 12204 22068
937 19500 22068
938 19788 22068
939 19404 22068
940 19596 22068
941 13260 22068
942 19308 22068
943 13452 22068
944 13836 22068
945 14124 22068
946 14316 22068
947 14508 22068
948 14988 22068
949 18348 22068
950 15948 22068
951 18732 22068
952 15660 22068
953 15372 22068
954 18636 22068
955 15276 22068
956 12492 42
957 12300 42
958 13644 22068
959 12780 22068
960 12684 22068
961 10380 42
962 42 11532
963 12108 22068
964 12300 22068
965 11532 42
966 15180 22068
967 11340 42
968 11052 42
969 11436 42
970 10956 42
971 42 12012
972 9900 42
973 9996 42
974 10092 42
975 42 10860
976 10188 42
977 42 8556
978 42 10764
979 42 11052
980 42 12300
981 10092 22068
982 12012 22068
983 11820 22068
984 42 13740
985 42 13548
986 42 13836
987 42 14892
988 42 12588
989 42 14028
990 42 14700
991 42 13932
992 4524 22068
993 11148 22068
994 11244 22068
995 11340 22068
996 11436 22068
997 11916 22068
998 10956 22068
999 3660 22068
1000 10572 22068
1001 10668 22068
1002 10860 22068
1003 9900 22068
1004 9228 22068
1005 11052 22068
1006 20172 22068
1007 13068 22068
1008 12876 22068
1009 13164 22068
1010 12972 22068
1011 19884 22068
1012 12588 22068
1013 1356 22068
1014 6828 22068
1015 6348 22068
1016 6252 22068
1017 3756 22068
1018 4428 22068
1019 5772 22068
1020 8172 22068
1021 8556 22068
1022 8940 22068
1023 9036 22068
1024 9708 22068
1025 4812 22068
1026 5100 22068
1027 6924 22068
1028 3852 22068
1029 7692 22068
1030 8076 22068
1031 9324 22068
1032 8652 22068
1033 8844 22068
1034 5004 22068
1035 6060 22068
1036 7116 22068
1037 9612 22068
1038 4620 22068
1039 42 14412
1040 42 14316
1041 4236 22068
1042 42 14508
1043 9420 22068
1044 11724 42
1045 12012 42
1046 12684 42
1047 12588 42
1048 11628 42
1049 10284 42
1050 10668 42
1051 10572 42
1052 14700 42
1053 14316 42
1054 13932 42
1055 12780 42
1056 13356 42
1057 12876 42
1058 12972 42
1059 13644 42
1060 14220 42
1061 10476 42
1062 14412 42
1063 13836 42
1064 13548 42
1065 14508 42
1066 14796 42
1067 14988 42
1068 12396 42
1069 13068 42
1070 13260 42
1071 13452 42
1072 13164 42
1073 14028 42
1074 14124 42
1075 15948 42
1076 16716 42
1077 19692 42
1078 17676 42
1079 17580 42
1080 19788 42
1081 17196 42
1082 17388 42
1083 17292 42
1084 16332 42
1085 16428 42
1086 15084 42
1087 15852 42
1088 17004 42
1089 16236 42
1090 16140 42
1091 16524 42
1092 14604 42
1093 14892 42
1094 15180 42
1095 17868 22068
1096 16428 22068
1097 16716 22068
1098 16620 22068
1099 17196 22068
1100 16908 22068
1101 16044 22068
1102 16140 22068
1103 15564 22068
1104 15468 22068
1105 15852 22068
1106 16332 22068
1107 16524 22068
1108 42 2124
1109 42 1836
1110 42 5772
1111 42 5676
1112 42 5196
1113 42 5388
1114 42 5580
1115 42 5292
1116 42 5484
1117 42 8172
1118 42 7308
1119 42 7020
1120 42 6924
1121 42 6828
1122 42 6732
1123 11724 22068
1124 11628 22068
1125 12492 22068
1126 20076 22068
1127 12396 22068
1128 18444 22068
1129 16236 22068
