0 22383 10018
1 23816 17982
2 27684 7351
3 23733 15228
4 22677 19095
5 19204 7733
6 16524 5850
7 11923 8883
8 10935 9180
9 12663 9623
10 11637 10575
11 13915 8235
12 14110 6939
13 13284 7425
14 13286 5850
15 15213 6345
16 14352 4609
17 12136 7290
18 15805 7263
19 15640 8273
20 21732 3276
21 22305 5836
22 21395 7447
23 20174 6248
24 20191 8865
25 19413 8505
26 18954 6615
27 20401 2565
28 22743 1215
29 22817 2205
30 23976 1845
31 18535 3915
32 19206 3069
33 20893 4485
34 19958 4347
35 18913 4590
36 15430 4725
37 14445 3645
38 15961 2479
39 14701 2475
40 16692 3712
41 17214 3645
42 13959 2160
43 15894 2790
44 17425 5910
45 17488 2102
46 18238 1350
47 17716 2565
48 17993 9466
49 17868 5481
50 17644 9540
51 16942 6885
52 22167 20655
53 22885 4083
54 23807 12825
55 19029 5589
56 30462 15727
57 24691 20250
58 28906 19146
59 29668 20295
60 25080 20595
61 30375 18765
62 34803 2565
63 34843 2160
64 29559 17172
65 33669 6075
66 33718 4860
67 32847 5535
68 32649 4927
69 31621 4140
70 32008 4185
71 36348 3975
72 34841 3915
73 35721 2430
74 33180 3458
75 32022 2862
76 32953 2227
77 30688 17910
78 25608 18525
79 2349 16993
80 4131 16470
81 2376 15525
82 3440 14024
83 1539 15435
84 1741 14580
85 5176 14985
86 3143 12400
87 6588 13095
88 5544 12982
89 4892 12015
90 3777 18765
91 5616 17734
92 6778 18189
93 6977 20134
94 7821 19530
95 6193 19899
96 8545 19575
97 4095 17685
98 3040 18711
99 4667 19536
100 5535 16335
101 3726 19575
102 35953 11080
103 39174 11610
104 34992 12015
105 36946 11637
106 36712 12555
107 38643 13685
108 37945 12474
109 39558 14792
110 38324 15216
111 36993 14883
112 21888 15345
113 22909 19980
114 22131 19035
115 22784 17453
116 21259 16284
117 20250 16740
118 21981 16740
119 20778 15997
120 20640 14739
121 19845 14040
122 19116 17865
123 17462 17583
124 17226 18900
125 17302 16042
126 18857 15615
127 18707 19575
128 21330 18315
129 21168 17955
130 20633 18919
131 19743 18731
132 19939 20025
133 20871 20655
134 29187 20925
135 31093 19197
136 36868 18967
137 36652 19710
138 39481 20616
139 38973 18234
140 37206 20655
141 38178 20115
142 38358 16425
143 39191 16713
144 40223 18360
145 40059 19875
146 37518 19536
147 40320 19035
148 37827 18900
149 34252 13432
150 34267 14940
151 31329 15435
152 33250 14445
153 24165 16200
154 25204 15615
155 34462 14283
156 32859 13365
157 33480 12150
158 32791 13770
159 33007 14951
160 35802 14175
161 34985 17280
162 34866 18945
163 34558 16621
164 35295 19305
165 29799 19305
166 35410 18495
167 34012 17723
168 36438 17800
169 36198 16245
170 33088 16875
171 34911 19845
172 35586 15332
173 35559 17820
174 7634 4185
175 8322 4792
176 7563 2912
177 11262 3345
178 12909 3255
179 10780 2908
180 11772 4131
181 10978 6137
182 12028 5940
183 11677 4927
184 9342 2835
185 10692 4050
186 7782 2745
187 6183 2430
188 10017 5670
189 9432 3600
190 8802 3948
191 8815 5805
192 10003 4522
193 28157 7605
194 25164 1215
195 25072 5119
196 25155 2295
197 26784 4050
198 24489 3645
199 24921 1215
200 26325 6750
201 23850 8235
202 30285 10557
203 25061 6345
204 29227 6750
205 27556 19615
206 23733 5697
207 24939 10935
208 24139 7461
209 24165 4860
210 25236 8010
211 22882 10428
212 24021 9703
213 26037 19035
214 23652 10710
215 23967 9495
216 23000 7762
217 21762 9315
218 26613 20205
219 24651 8929
220 38376 10935
221 33095 19125
222 32726 19845
223 23769 19665
224 32994 18585
225 32751 17739
226 32814 11475
227 30970 15572
228 26406 1215
229 27533 1620
230 26748 1665
231 30429 2430
232 26001 1485
233 27027 1485
234 27972 1215
235 25794 2475
236 31084 11282
237 26581 1755
238 28919 8362
239 30078 5265
240 26445 4905
241 24759 1575
242 25653 3948
243 24570 1215
244 26716 8910
245 26514 5985
246 26748 8685
247 25671 4215
248 27078 4332
249 29511 3712
250 29727 2025
251 28345 3154
252 26487 2565
253 29945 12663
254 27526 9315
255 28431 1215
256 28836 1350
257 25704 1215
258 14047 12169
259 13061 11227
260 12429 12105
261 14418 11340
262 15460 13365
263 16399 13196
264 15655 14195
265 15492 11475
266 13270 14040
267 12457 13311
268 14171 15187
269 13176 14580
270 15898 15480
271 15660 15795
272 29227 11947
273 14134 13230
274 14256 13770
275 13608 12735
276 29133 9963
277 15252 17374
278 17037 20790
279 16490 20317
280 15217 20088
281 11412 19575
282 16259 18522
283 26895 16965
284 13110 17274
285 12551 18996
286 13888 19791
287 12152 18151
288 14427 20115
289 14954 17921
290 10677 18765
291 28293 12455
292 10629 20565
293 10416 19845
294 11186 14528
295 11223 15795
296 11877 15574
297 9846 16189
298 9666 15147
299 8593 16954
300 10978 16767
301 25023 19737
302 7524 14625
303 10821 10827
304 9325 12241
305 9069 11286
306 9866 14985
307 9149 13736
308 7913 13392
309 7398 12555
310 7353 15615
311 7011 14085
312 11677 20655
313 9190 19359
314 9190 18495
315 7452 16515
316 7789 17010
317 7330 16605
318 28309 9922
319 37228 8347
320 38630 9990
321 38709 7299
322 38808 10035
323 39609 6165
324 39541 5670
325 37145 6367
326 36545 8578
327 39960 8505
328 35460 8955
329 35032 10057
330 34873 7587
331 37427 8775
332 36065 9720
333 39285 8736
334 34195 9135
335 5112 4545
336 5906 4995
337 25160 17820
338 2575 7695
339 3196 2717
340 4095 5445
341 2775 5278
342 2749 5490
343 2848 6817
344 6439 4050
345 5413 4455
346 5078 2982
347 4941 1485
348 5562 1755
349 3415 4320
350 2092 2835
351 2025 1845
352 1667 3442
353 1593 2295
354 1215 1485
355 1458 1215
356 1458 2025
357 1350 6885
358 1431 6345
359 22963 19575
360 42 1452
361 42 1164
362 42 1356
363 42 1932
364 42 5676
365 42 7692
366 42 1836
367 22380 42
368 23436 42
369 25356 42
370 26604 42
371 26508 42
372 26700 42
373 25932 42
374 24012 42
375 24588 42
376 25452 42
377 21612 42
378 25644 42
379 25548 42
380 25740 42
381 23724 42
382 17964 42
383 18348 42
384 18252 42
385 18444 42
386 18060 42
387 26220 42
388 21900 22048
389 26124 42
390 26796 42
391 29004 42
392 9804 42
393 9516 42
394 6060 42
395 17868 42
396 23244 22048
397 39468 22048
398 37068 22048
399 22956 22048
400 22764 22048
401 42 14124
402 8940 22048
403 38700 42
404 42138 9708
405 14508 42
406 32364 22048
407 41292 42
408 42138 12684
409 42138 9804
410 42 12396
411 42138 4140
412 17484 22048
413 28716 42
414 41004 42
415 42138 16044
416 37836 42
417 21516 42
418 19020 42
419 9420 22048
420 32556 42
421 8460 42
422 31980 42
423 11340 42
424 10572 22048
425 13452 42
426 14604 22048
427 29100 42
428 1644 22048
429 36972 22048
430 31884 22048
431 42138 12300
432 39276 22048
433 40908 42
434 7692 42
435 10764 22048
436 8172 22048
437 30540 42
438 42138 6924
439 22092 42
440 42 13260
441 42138 6060
442 17004 42
443 36012 22048
444 38988 22048
445 39756 42
446 10956 22048
447 42138 12588
448 42138 11820
449 23148 22048
450 42138 8652
451 33996 42
452 30060 42
453 31692 22048
454 32364 42
455 20844 42
456 20748 22048
457 10668 22048
458 2220 22048
459 8652 42
460 42 9036
461 42 6156
462 14604 42
463 39564 42
464 13164 22048
465 42138 8172
466 42138 20076
467 12396 22048
468 10764 42
469 23340 22048
470 42138 13164
471 876 22048
472 18540 22048
473 42138 9132
474 39372 42
475 11052 42
476 42138 9420
477 42138 9900
478 26028 42
479 14412 22048
480 7980 42
481 11148 42
482 31500 42
483 14316 42
484 12300 42
485 42138 12204
486 37356 42
487 20940 42
488 42 6348
489 26412 42
490 8556 42
491 10956 42
492 11628 42
493 21804 22048
494 42138 14604
495 19788 42
496 30924 42
497 18060 22048
498 20364 42
499 38604 42
500 26316 42
501 40044 42
502 20076 22048
503 39468 42
504 14124 42
505 12588 22048
506 39948 42
507 14316 22048
508 40140 42
509 13260 22048
510 42138 15660
511 10284 22048
512 13068 22048
513 42 12972
514 10380 42
515 42138 7980
516 41388 42
517 20268 42
518 10860 22048
519 22860 42
520 34764 42
521 41196 42
522 42 1068
523 6156 42
524 19116 42
525 33612 42
526 40716 42
527 11148 22048
528 6444 42
529 1932 22048
530 35436 22048
531 2508 22048
532 13260 42
533 31980 22048
534 41100 42
535 42 12012
536 20172 42
537 1164 22048
538 2988 22048
539 10572 42
540 35340 42
541 29292 42
542 42138 6156
543 7020 42
544 9036 22048
545 39276 42
546 33804 42
547 35436 42
548 42138 15180
549 30732 42
550 31596 42
551 38700 22048
552 42 8076
553 42138 15276
554 42 6060
555 21228 22048
556 42138 6636
557 42 11244
558 36780 22048
559 13356 22048
560 39180 22048
561 42 13356
562 14028 42
563 2892 22048
564 14028 22048
565 5964 42
566 42138 7884
567 24300 42
568 19500 42
569 42138 7020
570 42138 15372
571 42138 13452
572 7692 22048
573 26892 42
574 32844 42
575 13644 42
576 8364 22048
577 42 13932
578 20460 42
579 29580 42
580 1452 22048
581 42 11532
582 42138 7212
583 12492 42
584 40236 42
585 22092 22048
586 6828 42
587 31884 42
588 35340 22048
589 36492 22048
590 42138 4236
591 9612 42
592 32940 42
593 13452 22048
594 28620 42
595 2412 22048
596 22188 42
597 21708 22048
598 39852 42
599 42138 11916
600 6348 42
601 42 8652
602 2796 22048
603 34092 42
604 9132 22048
605 25836 42
606 11724 42
607 40620 42
608 19212 42
609 42 9708
610 34476 42
611 40524 42
612 11436 22048
613 6540 42
614 42 11340
615 42138 7788
616 11436 42
617 13356 42
618 32268 42
619 18732 42
620 12780 22048
621 11244 22048
622 15084 42
623 42 13644
624 9900 42
625 35628 22048
626 9324 42
627 9324 22048
628 40332 42
629 37068 42
630 7308 42
631 2124 22048
632 18444 22048
633 37260 42
634 42138 7308
635 37452 42
636 31596 22048
637 39084 22048
638 9228 22048
639 42138 14316
640 34380 22048
641 21900 42
642 40428 42
643 36300 42
644 42138 8748
645 10860 42
646 24780 42
647 13068 42
648 972 22048
649 34572 22048
650 31212 42
651 42138 13740
652 40812 42
653 39660 42
654 21036 22048
655 42138 12876
656 34476 22048
657 27084 42
658 34188 22048
659 39180 42
660 16140 42
661 42138 8268
662 11532 42
663 38316 22048
664 29388 42
665 23052 22048
666 42138 9324
667 42138 5964
668 22764 42
669 8940 42
670 1548 22048
671 10188 42
672 42138 6348
673 11244 42
674 12108 42
675 34284 22048
676 6924 42
677 20940 22048
678 42138 6252
679 28140 42
680 35916 22048
681 42138 4428
682 37932 42
683 42138 5100
684 42 9420
685 31116 42
686 29964 42
687 42138 9612
688 9036 42
689 21132 22048
690 28044 42
691 42 11916
692 12972 42
693 31020 42
694 42138 4620
695 36588 22048
696 1836 22048
697 42 12492
698 42138 7596
699 42138 13836
700 22188 22048
701 28428 42
702 8364 42
703 7212 42
704 23052 42
705 42 10476
706 7788 42
707 42138 14028
708 42138 5868
709 21228 42
710 34956 42
711 10092 42
712 28524 42
713 42 8268
714 10668 42
715 42138 12780
716 13740 42
717 11724 22048
718 36972 42
719 36588 42
720 42138 12108
721 8748 42
722 9996 42
723 28812 42
724 42 7020
725 35148 42
726 42 13740
727 21324 42
728 42138 14892
729 14508 22048
730 17100 22048
731 30156 42
732 36684 22048
733 7116 42
734 17196 22048
735 42 7212
736 42138 5772
737 35052 42
738 42138 13068
739 37644 22048
740 42 12300
741 42 11148
742 42 13068
743 32460 42
744 38316 42
745 17388 22048
746 16332 42
747 42 5868
748 42 11436
749 42138 5004
750 38412 42
751 12780 42
752 42 11724
753 42 13548
754 42138 14508
755 35532 22048
756 11916 22048
757 42138 4044
758 10380 22048
759 42138 13932
760 14892 42
761 42 11052
762 42 14028
763 12972 22048
764 33516 22048
765 19692 42
766 2028 22048
767 12012 22048
768 8076 42
769 42 8556
770 6636 42
771 11052 22048
772 36684 42
773 13548 22048
774 42138 11436
775 20748 42
776 38124 42
777 33324 42
778 12300 22048
779 35244 22048
780 42 9996
781 8844 42
782 42138 15564
783 42138 4332
784 1260 22048
785 8652 22048
786 35148 22048
787 35916 42
788 42 9228
789 42 876
790 33228 42
791 30828 22048
792 34668 22048
793 42138 5676
794 42138 7116
795 42138 5292
796 8748 22048
797 22380 22048
798 38508 42
799 12204 22048
800 42 2028
801 42138 13260
802 7404 42
803 17292 42
804 42138 8940
805 18828 42
806 13740 22048
807 42138 14700
808 42 12684
809 20652 42
810 42 5772
811 42 7788
812 42138 5388
813 36876 42
814 35820 42
815 17868 22048
816 12204 42
817 42138 14220
818 31020 22048
819 31788 42
820 42138 4908
821 35724 22048
822 42 7116
823 10476 22048
824 23628 22048
825 42138 12972
826 14796 42
827 42138 19980
828 36204 22048
829 42 11820
830 29484 42
831 42 10668
832 42138 13548
833 42 7500
834 42138 15756
835 42138 10284
836 42 10284
837 42138 14412
838 23532 22048
839 42 9516
840 12492 22048
841 12684 42
842 42138 20172
843 42 8844
844 42 6828
845 7500 42
846 35724 42
847 35820 22048
848 7596 42
849 8844 22048
850 42138 8364
851 22860 22048
852 42 13452
853 36012 42
854 13932 22048
855 42 6252
856 6732 42
857 37644 42
858 42138 15084
859 42 11628
860 13548 42
861 33036 42
862 7884 42
863 42138 11532
864 42 5964
865 30348 42
866 42 972
867 20556 42
868 36300 22048
869 21132 42
870 1068 22048
871 34860 22048
872 13644 22048
873 29196 42
874 12876 42
875 42138 5580
876 33516 42
877 42 1740
878 33420 22048
879 42138 12396
880 9708 42
881 30252 42
882 37164 42
883 42138 15948
884 42138 15852
885 42138 6444
886 10476 42
887 14220 42
888 42138 14796
889 42138 14988
890 42138 11628
891 42138 12012
892 42138 9228
893 21708 42
894 9228 42
895 1740 22048
896 34092 22048
897 36780 42
898 6252 42
899 29676 42
900 11340 22048
901 42 6924
902 38412 22048
903 17580 22048
904 42 7884
905 36492 42
906 31692 42
907 33708 42
908 42138 13644
909 42 10188
910 36396 22048
911 34668 42
912 36204 42
913 29772 42
914 35052 22048
915 31308 42
916 32172 42
917 42138 7500
918 42 10860
919 14700 42
920 18156 22048
921 42138 5484
922 18924 42
923 34572 42
924 14412 42
925 42 8172
926 33996 22048
927 11916 42
928 42 9804
929 33420 42
930 42 13164
931 1356 22048
932 9420 42
933 42138 14124
934 34956 22048
935 42138 8556
936 8172 42
937 33900 42
938 24108 22048
939 33132 42
940 42 10572
941 34188 42
942 35532 42
943 42138 8076
944 21420 22048
945 11820 42
946 42 12876
947 13932 42
948 42 12108
949 8268 42
950 42138 9516
951 21036 42
952 42 13836
953 42 8460
954 9132 42
955 8268 22048
956 42138 7692
957 42 8748
958 32748 42
959 42 9900
960 42 8364
961 12012 42
962 42 12780
963 42138 15468
964 42 10764
965 12588 42
966 13164 42
967 24108 42
968 13836 42
969 42 1260
970 30828 42
971 42138 8460
972 10284 42
973 42 7980
974 34860 42
975 35628 42
976 12684 22048
977 42138 6732
978 21324 22048
979 16236 42
980 17676 22048
981 21996 42
982 42138 6828
983 27660 22048
984 38028 42
985 12396 42
986 17772 22048
987 42 12588
988 25260 42
989 42138 13356
990 42 7596
991 2316 22048
992 42138 12492
993 36108 42
994 14220 22048
995 36396 42
996 42 780
997 42 8940
998 21804 42
999 25164 42
1000 30444 42
1001 29868 42
1002 20076 42
1003 42 10092
1004 30924 22048
1005 42 6540
1006 42138 7404
1007 19980 42
1008 32076 42
1009 38220 42
1010 25068 42
1011 34284 42
1012 22956 42
1013 13836 22048
1014 42 7308
1015 8556 22048
1016 42138 4716
1017 30636 42
1018 19692 22048
1019 34764 22048
1020 2700 22048
1021 24972 42
1022 37740 42
1023 780 22048
1024 23916 42
1025 42 6444
1026 14124 22048
1027 42 9612
1028 42138 9036
1029 8460 22048
1030 42 9132
1031 21420 42
1032 27276 42
1033 37548 42
1034 42138 4524
1035 42138 11340
1036 42 6636
1037 42138 5196
1038 42 10956
1039 42 1644
1040 42138 4812
1041 32652 42
1042 28812 22048
1043 27180 42
1044 42 12204
1045 35244 42
1046 12876 22048
1047 33900 22048
1048 42 9324
1049 31404 42
1050 12108 22048
1051 34380 42
1052 42 1548
1053 42138 8844
1054 27948 42
1055 42 2508
1056 42 10380
1057 2604 22048
1058 36108 22048
1059 11820 22048
1060 42 2604
1061 26988 22048
1062 37932 22048
1063 24204 22048
1064 24588 22048
1065 38220 22048
1066 38124 22048
1067 24396 22048
1068 24492 22048
1069 27564 22048
1070 28236 22048
1071 39372 22048
1072 23436 22048
1073 38892 22048
1074 38604 22048
1075 24012 22048
1076 24300 22048
1077 25068 22048
1078 24972 22048
1079 27372 22048
1080 37836 22048
1081 26412 22048
1082 26700 22048
1083 26604 22048
1084 26892 22048
1085 26988 42
1086 26508 22048
1087 26316 22048
1088 25836 22048
1089 24876 22048
1090 24684 22048
1091 24780 22048
1092 25548 22048
1093 25452 22048
1094 26124 22048
1095 25260 22048
1096 24684 42
1097 25644 22048
1098 23244 42
1099 23340 42
1100 25356 22048
1101 38028 22048
1102 25164 22048
1103 22572 22048
1104 38796 22048
1105 23820 22048
1106 23916 22048
1107 24204 42
1108 38508 22048
1109 23724 22048
1110 22572 42
1111 22668 22048
1112 22284 22048
1113 22476 42
1114 21996 22048
1115 22476 22048
1116 23532 42
1117 24876 42
1118 24396 42
1119 23148 42
1120 22668 42
1121 23628 42
1122 23820 42
1123 28140 22048
1124 28332 22048
1125 28716 22048
1126 37260 22048
1127 37356 22048
1128 29580 22048
1129 24492 42
1130 37548 22048
1131 29868 22048
1132 29484 22048
1133 29676 22048
1134 29964 22048
1135 29388 22048
1136 29196 22048
1137 29772 22048
1138 28524 22048
1139 28620 22048
1140 28908 42
1141 29004 22048
1142 27852 22048
1143 30156 22048
1144 37452 22048
1145 28908 22048
1146 27276 22048
1147 29100 22048
1148 29292 22048
1149 30540 22048
1150 37164 22048
1151 28332 42
1152 31116 22048
1153 30060 22048
1154 30444 22048
1155 27756 42
1156 27564 42
1157 27468 42
1158 27372 42
1159 22284 42
1160 27852 42
1161 27660 42
1162 28236 42
1163 42138 10476
1164 42138 10668
1165 42138 10860
1166 42138 10764
1167 42138 10188
1168 28044 22048
1169 27948 22048
1170 28428 22048
1171 27756 22048
1172 25740 22048
1173 42138 6540
1174 25932 22048
1175 26028 22048
1176 26220 22048
1177 37740 22048
1178 27468 22048
1179 27180 22048
1180 27084 22048
1181 26796 22048
1182 42138 11724
1183 42138 11244
1184 17292 22048
1185 33708 22048
1186 33612 22048
1187 33228 22048
1188 33804 22048
1189 33324 22048
1190 32172 22048
1191 32268 22048
1192 36876 22048
1193 32556 22048
1194 33132 22048
1195 11628 22048
1196 32844 22048
1197 31500 22048
1198 33036 22048
1199 32748 22048
1200 30732 22048
1201 30636 22048
1202 32652 22048
1203 32940 22048
1204 42138 10092
1205 42138 11148
1206 11532 22048
1207 32460 22048
1208 42138 11052
1209 42138 10380
1210 30348 22048
1211 31788 22048
1212 31404 22048
1213 31212 22048
1214 31308 22048
1215 32076 22048
1216 30252 22048
1217 42 7404
1218 42138 10572
1219 42138 10956
1220 42138 9996
1221 42 6732
1222 42 4524
1223 42 3948
1224 42 4044
