0 23318 14366
1 1269 9585
2 32631 21438
3 32767 22228
4 33696 22815
5 30780 23085
6 17147 15358
7 16387 17697
8 16162 16605
9 14693 18009
10 16032 18495
11 17739 18045
12 30105 22680
13 3173 9190
14 4621 9609
15 4233 11448
16 2769 11565
17 2619 10044
18 6643 8794
19 8259 9261
20 4869 8865
21 6883 10575
22 5935 11295
23 7573 11610
24 9510 9247
25 30834 22815
26 8140 7380
27 9393 8042
28 30063 15745
29 31948 15831
30 43620 17759
31 32832 15896
32 34479 15175
33 33054 17280
34 42039 22535
35 5002 2096
36 5899 1350
37 2982 2526
38 4450 3765
39 5508 3712
40 40249 8325
41 40154 6686
42 42132 7891
43 39528 1350
44 40128 5062
45 41839 9348
46 44343 8505
47 43589 10172
48 45603 8775
49 44445 10857
50 45292 9477
51 45994 12555
52 38170 22082
53 40430 20992
54 41071 19495
55 1656 16785
56 2876 16672
57 2998 14794
58 1633 13140
59 2898 13065
60 3538 18225
61 2044 17935
62 1611 17235
63 5905 14268
64 5098 15435
65 4776 13284
66 5851 12612
67 40695 18292
68 38008 22485
69 19383 11502
70 17746 10787
71 19793 13074
72 18288 10485
73 18025 12690
74 17482 9720
75 20879 9896
76 38255 9662
77 42741 2970
78 36460 10260
79 37014 8955
80 37002 11758
81 5290 20401
82 5476 18765
83 6249 20802
84 6154 22481
85 7128 20115
86 7926 21667
87 7246 21627
88 11614 22448
89 10260 22761
90 12892 21397
91 11281 19930
92 11718 23220
93 8626 23220
94 8821 20153
95 41285 16633
96 40734 14535
97 42028 14361
98 39780 14445
99 43666 16760
100 45554 17199
101 40230 15795
102 32818 17820
103 34374 18639
104 36309 20157
105 35680 22410
106 33590 20115
107 33348 19305
108 28836 17565
109 34593 22545
110 30821 19512
111 30897 18030
112 29754 17280
113 23328 23085
114 21501 20925
115 22350 21991
116 21535 22869
117 4198 21465
118 2405 21763
119 4128 22665
120 2997 20314
121 24089 10593
122 37383 14723
123 38242 16173
124 35293 13261
125 25035 9787
126 26205 11687
127 26352 13365
128 22068 14535
129 23364 11925
130 23763 13770
131 24468 12285
132 21849 12765
133 20604 13943
134 24701 17222
135 21465 11783
136 26118 13725
137 31092 10317
138 32423 10220
139 31953 11976
140 32599 13797
141 30962 13053
142 29713 11610
143 29821 12150
144 33609 10991
145 43038 21330
146 43942 20955
147 44899 19343
148 44266 18522
149 45772 21387
150 45551 22864
151 45679 19845
152 22442 4797
153 21002 5477
154 20594 6547
155 19875 4503
156 20754 7605
157 23857 2547
158 22509 1485
159 21834 2925
160 24008 6702
161 25920 7245
162 22005 7357
163 25516 8215
164 21622 7110
165 25100 16821
166 26041 18144
167 23713 18775
168 22329 17272
169 23143 16215
170 25250 15795
171 21573 16335
172 20547 18009
173 22107 19382
174 20826 19035
175 24010 20683
176 23881 22185
177 42466 2970
178 42426 2115
179 44428 2062
180 43611 3645
181 45308 3620
182 13192 19811
183 13648 18945
184 14942 19227
185 14565 21439
186 15982 20115
187 15180 23085
188 8613 5220
189 10597 6900
190 9068 6075
191 12042 6075
192 10865 4622
193 8280 4635
194 10071 3645
195 42995 13056
196 43911 14535
197 44929 14808
198 45457 13581
199 45785 15660
200 43065 15525
201 43456 14040
202 44326 13480
203 44487 12015
204 7686 17325
205 8555 15937
206 7112 16142
207 5022 16272
208 5733 17446
209 6930 18360
210 8107 18842
211 8991 18070
212 19305 14866
213 20730 15409
214 19728 16618
215 19038 17646
216 18198 16335
217 28161 13023
218 29420 13571
219 27402 16875
220 28566 15525
221 27358 15872
222 26949 14715
223 40409 10230
224 39468 12778
225 38682 9495
226 41646 11791
227 44023 12420
228 9421 11376
229 9126 9855
230 7759 13074
231 38166 17646
232 36486 17523
233 35511 17385
234 37129 18720
235 36107 16362
236 36693 15525
237 39399 17478
238 38695 19231
239 39393 20115
240 39549 19953
241 39258 16065
242 9396 1305
243 10576 1919
244 12204 2781
245 8215 1755
246 7574 2835
247 6426 2115
248 8586 3375
249 35933 3735
250 2055 6489
251 3014 7675
252 4043 5281
253 3666 6183
254 4323 5226
255 5937 5295
256 7243 6675
257 5660 7652
258 34280 2524
259 35762 1902
260 33118 3748
261 33007 2565
262 13891 14310
263 14240 15667
264 12620 15570
265 12625 14094
266 14277 16956
267 11853 18495
268 11668 17477
269 10999 15692
270 10032 15833
271 31704 2232
272 31104 1350
273 32238 1350
274 30618 1215
275 16993 21510
276 20237 20313
277 18775 21245
278 16913 23007
279 19447 19157
280 20020 22590
281 17367 19305
282 26590 20967
283 26382 19545
284 27270 19767
285 28341 21850
286 26049 22329
287 26676 23355
288 27437 18603
289 28566 18562
290 28737 19536
291 45387 7155
292 44811 5861
293 43376 6860
294 41980 5784
295 43453 5298
296 42176 5022
297 26736 9382
298 27288 6899
299 27283 8505
300 29622 8409
301 29173 9832
302 28250 10746
303 27810 10530
304 27589 5040
305 28986 5805
306 27958 7668
307 29281 6817
308 25968 2145
309 25241 2719
310 26547 3240
311 16428 24707
312 31596 42
313 14892 24707
314 39660 42
315 43980 24707
316 43308 24707
317 43212 24707
318 42828 24707
319 42444 24707
320 36876 24707
321 41388 24707
322 37068 24707
323 27564 24707
324 34476 24707
325 43884 24707
326 42636 24707
327 35916 24707
328 42060 24707
329 42924 24707
330 36780 24707
331 26124 42
332 40716 24707
333 40620 24707
334 40524 24707
335 38892 24707
336 38604 24707
337 38220 24707
338 38412 24707
339 42348 24707
340 42252 24707
341 42732 24707
342 26028 42
343 41292 24707
344 41964 24707
345 36396 24707
346 27948 24707
347 28524 24707
348 33612 24707
349 33708 24707
350 33420 24707
351 32940 24707
352 29004 24707
353 25932 42
354 29964 24707
355 28716 24707
356 31980 24707
357 29484 24707
358 28044 24707
359 33804 24707
360 32460 24707
361 34572 24707
362 33324 24707
363 43020 24707
364 35436 24707
365 35628 24707
366 43788 24707
367 30060 24707
368 31596 24707
369 30636 24707
370 32268 24707
371 30828 24707
372 28812 24707
373 30252 24707
374 32076 24707
375 37452 24707
376 47456 12588
377 47456 12684
378 47456 12012
379 47456 12204
380 47456 12780
381 47456 12492
382 47456 12396
383 37164 24707
384 36972 24707
385 37356 24707
386 37548 24707
387 37740 24707
388 38700 24707
389 47456 13260
390 47456 13164
391 47456 12876
392 43596 24707
393 35532 24707
394 42156 24707
395 36108 24707
396 41004 24707
397 42 12684
398 42 13452
399 11628 24707
400 11916 24707
401 11820 24707
402 23244 24707
403 42 13068
404 42 13260
405 30924 42
406 42 13164
407 42 13356
408 42 13644
409 32172 42
410 30732 42
411 30636 42
412 30540 42
413 30828 42
414 22572 42
415 31116 42
416 31308 42
417 31020 42
418 31212 42
419 42 8172
420 39564 42
421 23628 42
422 23820 42
423 12780 24707
424 17100 24707
425 17004 24707
426 26124 24707
427 15084 24707
428 15372 24707
429 42 8268
430 5100 24707
431 5004 24707
432 24012 42
433 24108 42
434 16716 24707
435 16620 24707
436 15276 24707
437 15180 24707
438 42 9228
439 42 9132
440 4812 24707
441 27660 42
442 4908 24707
443 23724 42
444 23916 42
445 30348 24707
446 25836 42
447 42 1932
448 14604 24707
449 42 2796
450 42 8364
451 42 2220
452 15468 24707
453 25740 42
454 42 3852
455 42 4524
456 14988 24707
457 42540 24707
458 42 9036
459 32364 42
460 32268 42
461 39468 42
462 39276 42
463 39180 42
464 34860 24707
465 4428 24707
466 21612 42
467 34380 24707
468 34764 24707
469 43404 24707
470 32652 24707
471 43596 42
472 43788 42
473 43692 42
474 43116 42
475 43884 42
476 39372 42
477 43500 42
478 31116 24707
479 47456 12300
480 27084 24707
481 14796 24707
482 47456 4620
483 47456 4812
484 47456 4236
485 28620 24707
486 47456 13068
487 35244 24707
488 8076 24707
489 47456 6732
490 47456 5964
491 47456 13356
492 47456 2412
493 42 2892
494 42 13740
495 20844 24707
496 47456 5772
497 42 15564
498 47456 4428
499 42 14604
500 42 8556
501 47456 6060
502 15564 24707
503 33900 24707
504 22764 24707
505 31788 24707
506 37644 24707
507 25548 24707
508 47456 6924
509 42 15276
510 18444 24707
511 47456 5868
512 42 3372
513 42 14124
514 47456 6156
515 42 12108
516 47456 6252
517 34092 24707
518 42 2124
519 47456 1644
520 47456 9708
521 38028 24707
522 47456 2700
523 33036 24707
524 47456 2316
525 47456 7116
526 47456 6828
527 47456 4716
528 47456 8652
529 42 12972
530 27372 24707
531 47456 1740
532 16332 24707
533 47456 2604
534 15756 24707
535 42 12780
536 42 1260
537 42 1452
538 47456 5388
539 42 12588
540 47456 7020
541 47456 9804
542 42 4716
543 25356 24707
544 27660 24707
545 42 9708
546 47456 12108
547 38796 24707
548 16812 24707
549 18828 24707
550 47456 6444
551 47456 6636
552 42 4236
553 47456 1836
554 27852 24707
555 42 3180
556 42 9900
557 47456 2220
558 42 3564
559 42 2316
560 35148 24707
561 47456 6540
562 42 10380
563 42 14508
564 47456 9228
565 42 16716
566 42 15180
567 42 10476
568 21612 24707
569 33228 24707
570 42 3756
571 42 15852
572 47456 6348
573 42 4140
574 19500 24707
575 47456 2508
576 47456 5292
577 47456 1932
578 21900 24707
579 47456 4140
580 12204 24707
581 42 10188
582 41772 24707
583 40332 24707
584 11436 24707
585 8268 24707
586 40140 24707
587 42 9996
588 11724 24707
589 27276 24707
590 20268 24707
591 42 11628
592 34284 24707
593 41196 24707
594 42 9804
595 27468 24707
596 20940 24707
597 31404 24707
598 38124 24707
599 15660 24707
600 42 14988
601 30732 24707
602 40908 24707
603 19020 24707
604 15948 24707
605 42 12876
606 16908 24707
607 25740 24707
608 24012 24707
609 42 3948
610 33996 24707
611 29580 24707
612 24204 24707
613 42 10284
614 19308 24707
615 23820 24707
616 42 11532
617 27756 24707
618 36012 24707
619 42 1644
620 16140 24707
621 43500 24707
622 20364 24707
623 40236 24707
624 29676 24707
625 40044 24707
626 26796 24707
627 31884 24707
628 36684 24707
629 39180 24707
630 20460 24707
631 38316 24707
632 29772 24707
633 42 3084
634 39756 24707
635 42 13548
636 20652 24707
637 42 1548
638 42 8652
639 30444 24707
640 42 11340
641 34188 24707
642 42 12012
643 42 13932
644 23436 24707
645 42 8844
646 16044 24707
647 39564 24707
648 42 9612
649 37932 24707
650 42 8940
651 17580 24707
652 28428 24707
653 29868 24707
654 39948 24707
655 30924 24707
656 39372 24707
657 42 10092
658 24396 24707
659 18540 24707
660 42 14796
661 42 2700
662 41484 24707
663 23532 24707
664 7884 24707
665 42 1740
666 32364 24707
667 42 2988
668 32172 24707
669 36300 24707
670 31212 24707
671 42 8748
672 14700 24707
673 41868 24707
674 28908 24707
675 42 2508
676 36204 24707
677 39852 24707
678 31500 24707
679 41580 24707
680 42 3660
681 41676 24707
682 42 4620
683 20748 24707
684 35340 24707
685 34668 24707
686 12012 24707
687 42 4428
688 23628 24707
689 40428 24707
690 42 4044
691 23916 24707
692 23724 24707
693 42 13836
694 42 4332
695 42 10764
696 42 1068
697 39660 24707
698 32748 24707
699 19404 24707
700 42 1356
701 42 3276
702 18636 24707
703 42 14028
704 42 15084
705 28332 24707
706 39084 24707
707 42 15468
708 42 11724
709 21036 24707
710 8172 24707
711 12108 24707
712 42 2412
713 42 14892
714 20172 24707
715 18732 24707
716 42 1164
717 42 15372
718 47456 22860
719 39468 24707
720 42 2604
721 23340 24707
722 32844 24707
723 35052 24707
724 28236 24707
725 29196 24707
726 33516 24707
727 18924 24707
728 38508 24707
729 37260 24707
730 30540 24707
731 42 780
732 42 8460
733 43692 24707
734 7500 24707
735 16236 24707
736 19116 24707
737 31020 24707
738 41100 24707
739 42 12300
740 37836 24707
741 36492 24707
742 34956 24707
743 21804 24707
744 29100 24707
745 39276 24707
746 29388 24707
747 42 876
748 42 972
749 33132 24707
750 42 14700
751 30156 24707
752 35820 24707
753 28140 24707
754 36588 24707
755 42 1836
756 15852 24707
757 16524 24707
758 42 2028
759 19212 24707
760 42 14316
761 31692 24707
762 25164 24707
763 42 11916
764 32556 24707
765 25452 24707
766 43116 24707
767 25644 24707
768 35724 24707
769 38988 24707
770 42 3468
771 42 11436
772 6828 24707
773 40812 24707
774 47456 19980
775 20556 24707
776 42 7980
777 29292 24707
778 25260 24707
779 31308 24707
780 42 14220
781 20076 24707
782 27180 24707
783 42 14412
