0 36622 17020
1 11745 36315
2 31306 33682
3 27686 34740
4 24366 34725
5 21288 33237
6 23929 28370
7 23952 29841
8 27271 31943
9 29842 31577
10 34987 14175
11 26232 26283
12 36347 11559
13 39303 11655
14 40104 12575
15 27561 12871
16 31250 13929
17 29985 12925
18 32863 34950
19 27084 15833
20 47421 5712
21 27756 9045
22 20967 7869
23 25099 5906
24 33355 13203
25 33115 1755
26 24845 13803
27 23239 10737
28 22570 12285
29 22553 3362
30 26724 11002
31 28469 10703
32 19710 11205
33 20648 11002
34 20877 3645
35 35005 13162
36 36158 5805
37 17532 31365
38 50703 28650
39 26379 1552
40 39875 23949
41 1458 20655
42 41007 16200
43 12639 18791
44 10629 18045
45 10543 19764
46 9322 21452
47 12343 21100
48 3175 21411
49 7191 22275
50 3268 20162
51 5059 21735
52 5410 15227
53 2955 14473
54 3631 17424
55 42516 1485
56 1296 19575
57 1323 17145
58 6929 19801
59 5027 18921
60 1404 19845
61 1485 20925
62 1377 20115
63 2472 17802
64 29146 32872
65 8969 17988
66 8179 16294
67 4342 23168
68 7673 23391
69 6534 24300
70 2524 27675
71 4497 26410
72 2929 28530
73 3664 25231
74 1809 25785
75 32917 27067
76 2127 23661
77 42241 12403
78 26672 1793
79 22446 8505
80 36124 15969
81 38485 13531
82 12130 23046
83 56018 4387
84 19683 34776
85 17931 29487
86 8147 26190
87 7701 24570
88 7191 25155
89 9891 25335
90 20731 29880
91 6257 25717
92 20471 31107
93 19699 30483
94 21319 28485
95 20125 34749
96 22725 35343
97 21637 35559
98 8118 27810
99 8964 28870
100 5757 29160
101 6497 27563
102 7602 29160
103 22999 15421
104 33600 16095
105 32859 15795
106 17046 13635
107 32176 21784
108 29669 7897
109 30892 8131
110 30729 24705
111 30528 3825
112 14959 11187
113 20221 13539
114 45578 15268
115 13015 15555
116 19587 17563
117 19716 20223
118 16308 17557
119 16794 9585
120 17671 15062
121 19834 15457
122 13646 13725
123 17876 9889
124 11605 16422
125 7819 4825
126 7913 6418
127 7815 2505
128 8958 3051
129 11469 6232
130 13874 2953
131 14720 5652
132 16340 7437
133 17313 3074
134 17848 4840
135 9472 7837
136 6551 8063
137 12516 10867
138 8964 10647
139 6116 9086
140 12042 9585
141 11103 12690
142 10783 11565
143 9403 13745
144 12678 26751
145 13156 28812
146 16329 26703
147 17960 23495
148 16221 23697
149 36466 34641
150 13800 24762
151 17339 25839
152 5985 8865
153 36720 1485
154 36288 1620
155 1566 14850
156 8147 21363
157 30182 9006
158 32020 8761
159 32161 10273
160 34210 5046
161 33190 7576
162 37293 14175
163 43124 14661
164 47799 20886
165 35020 9345
166 54662 27617
167 52538 17993
168 53009 19178
169 51077 21369
170 34600 1755
171 53781 22620
172 51982 23409
173 32427 1485
174 48956 23588
175 49069 16768
176 41414 18000
177 39727 19473
178 41625 21754
179 42151 15898
180 46302 12973
181 31779 1215
182 43967 13217
183 44570 11677
184 44613 36315
185 43695 27765
186 44653 22397
187 45919 20515
188 58457 14834
189 58300 14595
190 60404 13635
191 42147 10215
192 38790 2115
193 51745 23670
194 43327 3432
195 35397 3442
196 58876 15197
197 55811 18387
198 56891 10247
199 56308 21438
200 57397 24165
201 57189 22995
202 60290 18888
203 39711 9196
204 62053 13809
205 64845 14805
206 62894 16110
207 40170 10425
208 53186 10597
209 54765 11310
210 54904 1350
211 52526 14027
212 50952 8475
213 54063 16875
214 51558 12814
215 50706 17010
216 40822 7445
217 53652 12525
218 49540 20668
219 48253 13590
220 48987 12795
221 46737 11655
222 48262 1552
223 32900 27891
224 37892 7170
225 47277 32535
226 49833 26222
227 57278 32605
228 48816 25020
229 39435 14766
230 51603 31528
231 40610 3881
232 37595 3213
233 48352 34465
234 53404 32156
235 30042 2586
236 48735 33237
237 49180 35991
238 37261 28540
239 49597 28147
240 50668 29385
241 39012 5130
242 37531 13716
243 45300 30245
244 40662 36180
245 40203 36315
246 44318 32934
247 43116 26932
248 45903 25003
249 39805 32150
250 38230 34552
251 37251 35295
252 42673 34560
253 41715 35910
254 44506 34731
255 45828 34335
256 41310 28584
257 39702 29406
258 40608 1215
259 38529 31455
260 43457 28683
261 40376 26817
262 41805 26983
263 28234 24930
264 46091 31882
265 42127 25483
266 51019 35100
267 49707 36045
268 32443 28181
269 32805 1620
270 33505 32853
271 36234 32043
272 35244 31203
273 34924 35505
274 35019 35640
275 37449 36045
276 37287 36045
277 38664 36180
278 38826 35775
279 35478 36315
280 35700 24538
281 37735 22646
282 36255 29868
283 38804 26325
284 30978 23797
285 35627 22955
286 29700 29700
287 39249 24705
288 37089 27416
289 36234 30037
290 33003 26575
291 52792 27713
292 55555 25725
293 54288 29385
294 53016 25437
295 51927 26932
296 54519 24975
297 54671 26932
298 58273 27852
299 58639 32964
300 59061 33693
301 57706 29901
302 58560 35397
303 60534 29138
304 56580 34675
305 53775 34035
306 54669 35021
307 51997 8595
308 53849 7270
309 26943 5864
310 54355 8707
311 54496 4473
312 50238 2847
313 52904 3667
314 56069 3821
315 43920 8453
316 44698 10476
317 48550 9286
318 44685 1485
319 45358 3470
320 42782 3429
321 46173 5229
322 48337 2938
323 49394 7027
324 55653 6285
325 57438 3825
326 56785 8415
327 58086 8685
328 59673 2475
329 65370 3561
330 54810 3645
331 60600 5944
332 61900 1539
333 61352 4824
334 63924 4978
335 60482 9263
336 60806 5314
337 59138 2936
338 66074 7770
339 65988 9507
340 63531 8302
341 63814 11340
342 63509 10171
343 64196 28072
344 64449 30645
345 22323 21114
346 20956 22185
347 64701 26370
348 37916 10602
349 65151 29970
350 66490 29670
351 67477 32339
352 69685 31112
353 66557 34341
354 68690 29357
355 22519 25797
356 21605 20412
357 22068 20385
358 63841 33983
359 62976 35699
360 61458 34020
361 60831 34695
362 66294 35925
363 62738 30682
364 22707 20115
365 62272 28048
366 23805 23609
367 19921 26734
368 21205 25029
369 22950 36315
370 26572 16875
371 19521 22275
372 37539 11295
373 23544 36315
374 22074 28575
375 27839 3005
376 27577 11508
377 28512 5175
378 26979 6041
379 28723 8235
380 31777 6576
381 25467 4455
382 30054 2835
383 32142 3792
384 30223 4286
385 24531 8235
386 22275 1485
387 19287 5355
388 21436 6840
389 20209 1845
390 21474 1485
391 27756 31252
392 30055 28620
393 30479 32419
394 30901 36180
395 30353 34441
396 27777 12231
397 27441 22160
398 23975 32304
399 24780 42
400 20940 37422
401 56460 42
402 72886 23052
403 7116 37422
404 72886 20172
405 70092 42
406 61548 37422
407 72886 20940
408 10668 37422
409 69900 42
410 25548 42
411 72886 29388
412 72886 31596
413 72886 18636
414 42 8364
415 42 11628
416 24588 37422
417 68172 42
418 42 26988
419 72886 23532
420 13836 37422
421 23052 42
422 42 7116
423 69228 42
424 4908 37422
425 72886 30828
426 59724 37422
427 72886 10284
428 72886 16716
429 66828 42
430 10380 37422
431 20844 37422
432 50124 37422
433 67212 42
434 72886 12492
435 6636 37422
436 72886 18828
437 42 9708
438 61452 37422
439 72886 32172
440 72886 15852
441 72886 16620
442 72886 22764
443 26508 37422
444 72886 24876
445 48684 42
446 68556 42
447 67980 42
448 67404 42
449 42 12396
450 72886 33420
451 9324 37422
452 42 8556
453 17196 37422
454 27468 37422
455 42 5100
456 42 5292
457 69036 42
458 9132 37422
459 68748 42
460 61356 37422
461 42 5868
462 42 5196
463 72886 18732
464 72886 9996
465 32460 37422
466 42 31308
467 68940 42
468 67884 42
469 42 10188
470 56844 42
471 57996 37422
472 42 7404
473 42 6828
474 72886 14604
475 42 8460
476 32652 37422
477 3084 42
478 72886 21132
479 72886 9036
480 42 5964
481 11148 37422
482 5676 37422
483 42 10476
484 18540 37422
485 58092 37422
486 42 7788
487 30828 37422
488 67596 42
489 42 10380
490 62220 42
491 58380 42
492 23820 37422
493 72886 23436
494 7212 37422
495 42 9612
496 70668 42
497 72886 20460
498 26028 37422
499 11340 37422
500 67788 42
501 42 6924
502 42 28140
503 42 4332
504 69516 42
505 72886 16236
506 42 12684
507 22764 37422
508 53484 42
509 19980 37422
510 64140 42
511 5100 42
512 10476 37422
513 72886 12876
514 70572 42
515 4332 37422
516 42 9132
517 9612 37422
518 42 32460
519 16044 37422
520 42 25548
521 42 10284
522 58380 37422
523 72886 4908
524 6060 42
525 42 8844
526 16332 37422
527 21036 37422
528 42 30540
529 55692 42
530 70476 42
531 48108 37422
532 60012 42
533 42 7020
534 9900 37422
535 72886 20076
536 69420 42
537 60396 37422
538 59052 37422
539 72886 24684
540 69996 42
541 72886 10092
542 42 26124
543 42 10092
544 72886 19980
545 3372 42
546 14412 37422
547 41580 42
548 42 7308
549 57804 37422
550 42 11340
551 72886 10380
552 42 7500
553 42 25932
554 4908 42
555 20076 37422
556 42 12012
557 42 7980
558 68268 42
559 42 10764
560 55308 42
561 72886 33708
562 59244 37422
563 67020 42
564 48492 42
565 42 6732
566 19116 37422
567 8940 37422
568 42 9036
569 72886 24972
570 18060 37422
571 7692 37422
572 68076 42
573 42 7884
574 53772 42
575 48300 42
576 72886 5388
577 42 6060
578 70188 42
579 72886 25260
580 58476 37422
581 68364 42
582 42 7212
583 72886 32844
584 42 11916
585 15948 37422
586 47340 42
587 68652 42
588 72886 28908
589 9228 37422
590 12396 37422
591 19500 37422
592 72886 20652
593 23340 37422
594 3372 37422
595 54348 42
596 14508 37422
597 50412 42
598 5292 42
599 59820 37422
600 18924 37422
601 4044 42
602 42 8172
603 47628 42
604 3948 42
605 4428 37422
606 72886 16524
607 42 9420
608 24204 42
609 8652 37422
610 18828 37422
611 5100 37422
612 7596 37422
613 42 5004
614 19404 37422
615 69804 42
616 59916 37422
617 42 4140
618 22476 37422
619 47724 37422
620 72886 27852
621 70284 42
622 47532 42
623 54252 42
624 72886 25068
625 7308 37422
626 60588 37422
627 72886 15948
628 72886 13932
629 72886 15180
630 47628 37422
631 72886 12204
632 5196 37422
633 42 8940
634 6348 37422
635 58188 37422
636 67692 42
637 72886 28524
638 69612 42
639 67500 42
640 20556 37422
641 48204 42
642 57708 37422
643 72886 33612
644 59436 37422
645 72886 9900
646 42 6252
647 55980 42
648 11820 37422
649 72886 30444
650 67116 42
651 72886 31212
652 48396 42
653 47916 42
654 42 25068
655 18156 42
656 13548 42
657 11820 42
658 12204 42
659 12108 42
660 12012 42
661 12780 42
662 20172 37422
663 20748 37422
664 20460 37422
665 18732 37422
666 42 14988
667 42 14796
668 42 14892
669 42 8748
670 42 8652
671 33228 37422
672 33420 37422
673 33612 37422
674 33324 37422
675 26124 37422
676 24012 42
677 37356 42
678 30924 37422
679 27852 37422
680 32364 37422
681 29868 37422
682 31788 37422
683 48780 37422
684 42444 37422
685 36588 37422
686 36492 37422
687 48684 37422
688 49068 37422
689 49836 37422
690 51948 37422
691 52044 37422
692 52140 37422
693 52908 37422
694 47916 37422
695 48012 37422
696 45516 37422
697 45420 37422
698 45324 37422
699 52812 37422
700 49452 42
701 51756 42
702 52716 37422
703 25068 42
704 37644 42
705 25740 42
706 26988 42
707 29580 37422
708 24108 42
709 24396 42
710 44364 42
711 39084 42
712 45804 42
713 41964 42
714 49740 42
715 50700 42
716 41868 42
717 41292 37422
718 37836 42
719 38508 42
720 34860 42
721 31116 37422
722 31980 37422
723 32172 37422
724 22572 37422
725 22380 37422
726 22668 37422
727 29292 42
728 15084 42
729 16812 42
730 17100 42
731 17004 42
732 27180 37422
733 33900 37422
734 34092 37422
735 29580 42
736 29772 42
737 30828 42
738 30252 42
739 30636 42
740 30540 42
741 31500 42
742 31596 42
743 39564 37422
744 43404 37422
745 23916 42
746 28140 42
747 38316 42
748 38220 42
749 50604 42
750 42732 42
751 38412 42
752 34380 42
753 21516 42
754 35052 42
755 35532 42
756 32844 42
757 28524 42
758 28044 42
759 43500 37422
760 26700 37422
761 36396 37422
762 36972 37422
763 29772 37422
764 31692 37422
765 31212 37422
766 48588 37422
767 41196 37422
768 31212 42
769 49548 42
770 46860 42
771 45324 42
772 30924 42
773 26700 42
774 30348 42
775 28716 42
776 29388 42
777 29964 42
778 23724 42
779 31116 42
780 17772 42
781 17580 42
782 21996 37422
783 23436 42
784 23628 42
785 22284 37422
786 22188 37422
787 24300 37422
788 41484 42
789 24876 42
790 20652 42
791 34284 42
792 48300 37422
793 45708 37422
794 45612 37422
795 44460 42
796 49260 42
797 30444 42
798 50028 37422
799 34668 37422
800 24972 42
801 20460 42
802 36876 37422
803 35820 42
804 37740 42
805 40236 37422
806 20844 42
807 20940 42
808 47436 37422
809 38700 42
810 33612 42
811 33516 42
812 34764 42
813 35436 42
814 35724 42
815 34188 42
816 23820 42
817 28140 37422
818 37068 42
819 36972 42
820 45132 37422
821 42636 37422
822 27084 37422
823 43212 37422
824 42540 37422
825 42732 37422
826 42828 37422
827 38124 42
828 49644 42
829 49932 42
830 45036 42
831 45420 42
832 46668 42
833 26988 37422
834 48972 42
835 49836 42
836 25164 42
837 26028 42
838 37452 42
839 37548 37422
840 38796 42
841 21324 42
842 20748 42
843 21036 42
844 42060 37422
845 22188 42
846 42 15276
847 42 16716
848 42 24876
849 19308 37422
850 18348 42
851 22092 37422
852 25452 42
853 18252 37422
854 42252 37422
855 45900 37422
856 16908 42
857 16716 42
858 17196 42
859 25932 37422
860 48396 37422
861 33996 42
862 25836 42
863 25356 42
864 26508 42
865 25260 42
866 17676 37422
867 17580 37422
868 18156 37422
869 18348 37422
870 37644 37422
871 50892 42
872 50796 42
873 36012 42
874 35916 42
875 29292 37422
876 36684 42
877 36108 42
878 35628 42
879 34572 42
880 33324 42
881 40812 42
882 40236 42
883 41196 42
884 40908 42
885 40140 42
886 24492 42
887 28812 42
888 29004 42
889 24588 42
890 22956 42
891 23340 42
892 24492 37422
893 32556 37422
894 30444 37422
895 28716 37422
896 30156 37422
897 42 22668
898 26316 42
899 26892 42
900 30156 42
901 29868 42
902 32940 42
903 33036 42
904 42 21900
905 42 21036
906 42 19788
907 42 21804
908 42 21228
909 42 21516
910 42 20364
911 42 20268
912 42 19884
913 42 16812
914 42 22284
915 42 19020
916 42 19596
917 42 17580
918 42 21132
919 42 17868
920 42 18444
921 42 21420
922 42 21324
923 42 20940
924 42 20652
925 26124 42
926 42 20844
927 42 20748
928 10860 42
929 10956 42
930 42 23628
931 42 17004
932 42 17388
933 42 17292
934 27948 42
935 29196 42
936 29484 42
937 29676 42
938 42 15852
939 42444 42
940 42348 42
941 42060 42
942 42636 42
943 43212 42
944 43404 42
945 44268 42
946 42828 42
947 43020 42
948 42 23724
949 42 24012
950 42 24108
951 42 23916
952 42 23820
953 42 24204
954 42 24396
955 42 24492
956 42 25452
957 42 19692
958 42 22572
959 42 19500
960 42 19308
961 24300 42
962 33804 42
963 33132 42
964 37452 37422
965 42 19404
966 37740 37422
967 37260 37422
968 37164 37422
969 37068 37422
970 36012 37422
971 36204 37422
972 48876 37422
973 34956 37422
974 35052 37422
975 35148 37422
976 42 19116
977 34860 37422
978 39276 37422
979 38796 37422
980 38028 42
981 24684 42
982 33228 42
983 39372 37422
984 30732 37422
985 30348 37422
986 26892 37422
987 42 19212
988 28044 37422
989 27564 37422
990 30252 37422
991 28236 37422
992 29388 37422
993 28620 37422
994 27756 37422
995 30060 37422
996 46380 37422
997 46284 37422
998 42 25356
999 22668 42
1000 22572 42
1001 22476 42
1002 22380 42
1003 23148 42
1004 20556 42
1005 31308 42
1006 28620 42
1007 31020 42
1008 30732 42
1009 42 25164
1010 30060 42
1011 34668 42
1012 47340 37422
1013 39180 37422
1014 39948 37422
1015 39852 37422
1016 40524 37422
1017 47244 37422
1018 46860 37422
1019 46668 37422
1020 42 25260
1021 46572 37422
1022 54924 42
1023 55020 42
1024 54732 42
1025 54540 42
1026 54444 42
1027 53964 42
1028 53868 42
1029 50124 42
1030 44748 42
1031 23436 37422
1032 42 24780
1033 45612 42
1034 43116 42
1035 43884 42
1036 43596 42
1037 42 15564
1038 27564 42
1039 27756 42
1040 27660 42
1041 36588 42
1042 36300 42
1043 42 24972
1044 32652 42
1045 32556 42
1046 32460 42
1047 36396 42
1048 36492 42
1049 34476 42
1050 33708 42
1051 20364 42
1052 20172 42
1053 21708 42
1054 33900 42
1055 21612 42
1056 21228 42
1057 21132 42
1058 21420 42
1059 22764 42
1060 31020 37422
1061 29484 37422
1062 26412 42
1063 26220 42
1064 27852 42
1065 33420 42
1066 26796 42
1067 42 20172
1068 42 15660
1069 42 15756
1070 42 22188
1071 42 17772
1072 31404 42
1073 42 18540
1074 42 20460
1075 42 21708
1076 42 18348
1077 42 18636
1078 28908 42
1079 42 18732
1080 42 18252
1081 13548 37422
1082 42 26220
1083 37164 42
1084 36876 42
1085 37260 42
1086 29100 42
1087 47052 37422
1088 44748 37422
1089 45228 42
1090 45132 42
1091 55404 37422
1092 44076 37422
1093 44652 37422
1094 43980 37422
1095 14796 42
1096 14892 42
1097 44172 42
1098 47820 42
1099 54828 42
1100 55116 42
1101 51372 42
1102 50988 42
1103 51084 42
1104 45708 42
1105 46764 42
1106 43596 37422
1107 42156 37422
1108 48876 42
1109 41676 37422
1110 41964 37422
1111 41868 37422
1112 44172 37422
1113 44460 37422
1114 46764 37422
1115 41484 37422
1116 41388 37422
1117 49740 37422
1118 43884 37422
1119 46284 42
1120 44844 37422
1121 46476 37422
1122 23532 37422
1123 55788 42
1124 30636 37422
1125 27948 37422
1126 28332 37422
1127 39756 37422
1128 39468 37422
1129 40140 37422
1130 40332 37422
1131 40044 37422
1132 34956 42
1133 40908 37422
1134 34476 37422
1135 34572 37422
1136 36108 37422
1137 49932 37422
1138 34764 37422
1139 38412 37422
1140 37548 42
1141 38028 37422
1142 38124 37422
1143 38220 37422
1144 34284 37422
1145 34380 37422
1146 38988 37422
1147 38508 37422
1148 43308 37422
1149 32748 42
1150 42 18060
1151 35148 42
1152 42 17964
1153 42 18156
1154 33132 37422
1155 26604 37422
1156 42 18924
1157 17868 37422
1158 42 24300
1159 42 24588
1160 42 24684
1161 43500 42
1162 41772 42
1163 44940 42
1164 45996 42
1165 44652 42
1166 46188 42
1167 42540 42
1168 42252 42
1169 42156 42
1170 44556 42
1171 43980 42
1172 61740 42
1173 46572 42
1174 61452 42
1175 62028 42
1176 61836 42
1177 61644 42
1178 61548 42
1179 67884 37422
1180 67788 37422
1181 41676 42
1182 54060 42
1183 40524 42
1184 41004 42
1185 43308 42
1186 44076 42
1187 45900 42
1188 41388 42
1189 43692 42
1190 47244 42
1191 38892 42
1192 28332 42
1193 28428 42
1194 28236 42
1195 25644 37422
1196 19692 37422
1197 13740 37422
1198 13644 37422
1199 51660 42
1200 42 27180
1201 42 27276
1202 42 26892
1203 42 26412
1204 42 26316
1205 14700 42
1206 14988 42
1207 14412 42
1208 25644 42
1209 32268 42
1210 32364 42
1211 25932 42
1212 32172 42
1213 32076 42
1214 17964 37422
1215 17484 37422
1216 17772 37422
1217 18444 37422
1218 19020 37422
1219 18636 37422
1220 23628 37422
1221 20364 37422
1222 27468 42
1223 27276 42
1224 27180 42
1225 27084 42
1226 27372 42
1227 36204 42
1228 34092 42
1229 19980 42
1230 20076 42
1231 37836 37422
1232 23244 42
1233 22860 42
1234 42 20076
1235 42 21612
1236 42 20556
1237 42 19980
1238 42 17676
1239 42 18828
1240 23052 37422
1241 46956 37422
1242 45516 42
1243 51468 42
1244 51276 42
1245 51180 42
1246 40620 37422
1247 43116 37422
1248 43020 37422
1249 42924 37422
1250 43788 37422
1251 22956 37422
1252 47532 37422
1253 44940 37422
1254 42348 37422
1255 41580 37422
1256 41772 37422
1257 48204 37422
1258 22860 37422
1259 40812 37422
1260 40716 37422
1261 31692 42
1262 39084 37422
1263 33996 37422
1264 38316 37422
1265 38700 37422
1266 38604 37422
1267 30540 37422
1268 32844 37422
1269 52044 42
1270 26316 37422
1271 14508 42
1272 31788 42
1273 14604 42
1274 31980 42
1275 26604 42
1276 28908 37422
1277 45036 37422
1278 43692 37422
1279 45228 37422
1280 55308 37422
1281 47148 37422
1282 37932 42
1283 31884 42
1284 21996 42
1285 23532 42
1286 22092 42
1287 21900 42
1288 21804 42
1289 22284 42
1290 26412 37422
1291 42 26028
1292 42 25836
1293 36780 42
1294 31596 37422
1295 38604 42
1296 35340 42
1297 35244 42
1298 20268 42
1299 49164 37422
1300 49548 37422
1301 48972 37422
1302 31500 37422
1303 41004 37422
1304 39660 37422
1305 35532 37422
1306 34188 37422
1307 46092 42
1308 38988 42
1309 29004 37422
1310 29100 37422
1311 19116 42
1312 23724 37422
1313 29196 37422
1314 28812 37422
1315 31308 37422
1316 31404 37422
1317 39948 42
1318 49644 37422
1319 49452 37422
1320 49356 37422
1321 52140 42
1322 49260 37422
1323 31884 37422
1324 19884 42
1325 54636 42
1326 23916 37422
1327 19788 42
1328 17292 37422
1329 24108 37422
1330 13932 42
1331 72886 13836
1332 46188 37422
1333 19692 42
1334 32076 37422
1335 16620 42
1336 45804 37422
1337 72886 13740
1338 62604 37422
1339 61836 37422
1340 46092 37422
1341 18732 42
1342 53580 37422
1343 42924 42
1344 39756 42
1345 33036 37422
1346 17388 42
1347 45996 37422
1348 54156 42
1349 28428 37422
1350 17292 42
1351 42 28428
1352 10476 42
1353 41100 37422
1354 47820 37422
1355 48588 42
1356 33516 37422
1357 21132 37422
1358 32940 37422
1359 13260 42
1360 53676 42
1361 53100 42
1362 19596 42
1363 40716 42
1364 49068 42
1365 53580 42
1366 42 22476
1367 32748 37422
1368 42 17100
1369 42 17196
1370 15948 42
1371 38892 37422
1372 44268 37422
1373 65484 37422
1374 52236 37422
1375 44364 37422
1376 36780 37422
1377 47436 42
1378 27660 37422
1379 19500 42
1380 19404 42
1381 42 22380
1382 42 21996
1383 20268 37422
1384 55884 37422
1385 72886 11628
1386 29676 37422
1387 65292 37422
1388 41100 42
1389 27276 37422
1390 40332 42
1391 19308 42
1392 19212 42
1393 42 22092
1394 42 27084
1395 72886 11724
1396 43788 42
1397 50508 42
1398 65196 37422
1399 25740 37422
1400 48492 37422
1401 42 17484
1402 50316 42
1403 42 16908
1404 59340 37422
1405 72886 10668
1406 64716 42
1407 62316 37422
1408 21228 37422
1409 55788 37422
1410 33708 37422
1411 27372 37422
1412 54636 37422
1413 52716 42
1414 23244 37422
1415 26796 37422
1416 44556 37422
1417 36684 37422
1418 33804 37422
1419 54444 37422
1420 58764 37422
1421 51564 42
1422 19020 42
1423 47724 42
1424 65196 42
1425 32268 37422
1426 35436 37422
1427 35916 37422
1428 58572 37422
1429 59532 37422
1430 55692 37422
1431 48108 42
1432 59916 42
1433 40044 42
1434 26220 37422
1435 36300 37422
1436 46476 42
1437 46380 42
1438 18924 42
1439 35628 37422
1440 35724 37422
1441 28524 37422
1442 29964 37422
1443 37932 37422
1444 39372 42
1445 44844 42
1446 40620 42
1447 47148 42
1448 49356 42
1449 40428 37422
1450 35820 37422
1451 46956 42
1452 39276 42
1453 39180 42
1454 18828 42
1455 41292 42
1456 53292 42
1457 48780 42
1458 49164 42
1459 47052 42
1460 39660 42
1461 37356 37422
1462 48012 42
1463 39564 42
1464 39468 42
1465 35244 37422
1466 40428 42
1467 39852 42
1468 18636 42
1469 24012 37422
1470 35340 37422
1471 50028 42
1472 18540 42
1473 23148 37422
1474 42 28236
1475 50220 42
1476 24204 37422
1477 51948 42
1478 64428 42
1479 72886 26796
1480 18444 42
1481 18252 42
1482 24396 37422
1483 72886 31308
1484 69324 42
1485 42 4428
1486 42 26700
1487 42 9804
1488 56268 42
1489 3852 42
1490 60684 37422
1491 10572 37422
1492 72886 11532
1493 72886 20364
1494 42 26796
1495 66348 42
1496 72886 20556
1497 62124 42
1498 17388 37422
1499 72886 28812
1500 72886 32748
1501 55212 42
1502 13068 37422
1503 69228 37422
1504 10764 37422
1505 42 9996
1506 68844 42
1507 70380 42
1508 72886 15756
1509 20652 37422
1510 19596 37422
1511 67308 42
1512 72886 21900
1513 72886 29292
1514 10092 37422
1515 5388 42
1516 9804 37422
1517 25836 37422
1518 42 9324
1519 57036 37422
1520 69132 42
1521 68460 42
1522 42 28332
1523 5196 42
1524 42 6636
1525 59148 37422
1526 4620 42
1527 7020 37422
