0 43983 21509
1 22043 2622
2 36279 41175
3 22042 32116
4 24900 22140
5 22086 31815
6 24015 33507
7 20528 3084
8 22599 37648
9 25263 38805
10 24003 36720
11 24248 34090
12 21991 38745
13 48069 6520
14 66309 21141
15 25383 3490
16 29226 3420
17 19569 33458
18 28364 28677
19 19348 28397
20 26844 22108
21 18045 34566
22 21867 26125
23 33706 34061
24 18306 1755
25 30255 30037
26 30692 26304
27 33166 33801
28 21360 4537
29 37667 17510
30 61861 25392
31 41763 35900
32 12388 28166
33 30235 26217
34 23821 24396
35 27162 25155
36 27731 30321
37 31407 22410
38 17814 3765
39 31365 42795
40 42452 12402
41 27957 30195
42 28601 28911
43 29455 30413
44 15851 5648
45 25369 42795
46 40614 19343
47 25599 17955
48 18996 4892
49 18115 29075
50 52099 28569
51 25288 24552
52 25456 28092
53 32985 26333
54 33058 42903
55 36345 25065
56 39313 7776
57 53679 11010
58 34947 37125
59 34211 23231
60 34907 26156
61 37802 21825
62 37127 28208
63 34088 29216
64 44825 7450
65 33669 42795
66 44643 24548
67 41625 42075
68 27530 20712
69 41029 6108
70 26943 8480
71 48598 36026
72 49809 38301
73 46081 36712
74 52267 38715
75 51733 39136
76 17844 8032
77 52285 42930
78 44195 33715
79 48465 40133
80 47122 38498
81 46937 41117
82 14472 42795
83 55196 40014
84 6777 27591
85 49350 32906
86 47206 33210
87 45490 35122
88 14912 10039
89 16412 11019
90 30483 1215
91 58373 15314
92 7195 29447
93 41203 41355
94 20027 32197
95 38836 38115
96 37787 41070
97 46818 42795
98 41900 37131
99 47554 38667
100 43190 40011
101 43890 37993
102 43308 41888
103 45549 41580
104 36288 36135
105 41087 31050
106 40386 33291
107 20020 1350
108 61186 17459
109 20928 10597
110 19930 12118
111 40716 31995
112 41454 32085
113 71919 13807
114 36778 30546
115 35235 31796
116 32774 37346
117 21330 1350
118 33941 38082
119 18834 13905
120 33526 41149
121 34684 40948
122 37447 40461
123 51983 42330
124 27311 35219
125 38762 21692
126 22100 28701
127 21261 12407
128 25776 37305
129 36649 1485
130 24813 37755
131 32739 33499
132 30843 34335
133 29115 37353
134 25594 40736
135 26676 40905
136 30699 42255
137 28693 40755
138 26973 42390
139 26406 42187
140 13601 8718
141 19838 40053
142 58089 37597
143 73899 37429
144 59555 42066
145 62506 41797
146 19230 10867
147 13223 11407
148 12744 10800
149 19578 35888
150 42498 40473
151 59853 38437
152 27535 23402
153 66154 38673
154 67014 35038
155 24151 25187
156 14735 7492
157 66705 34437
158 65166 36112
159 66933 41811
160 75870 30297
161 70206 27429
162 78512 33064
163 74215 32919
164 84996 33480
165 74985 35602
166 76961 37299
167 76287 34248
168 72373 34045
169 70955 29578
170 54870 13483
171 67235 13260
172 66467 31925
173 66663 32535
174 71172 31627
175 65941 24921
176 18337 36022
177 71455 37665
178 70168 40802
179 70411 36734
180 71696 41792
181 69060 38145
182 57945 36698
183 55871 37584
184 53938 38899
185 51300 20655
186 54772 34237
187 58696 33108
188 60412 40770
189 59137 39831
190 35530 16818
191 59277 35691
192 54135 29043
193 57119 26312
194 59214 30537
195 59697 42660
196 56309 31398
197 63701 29315
198 61810 26251
199 61822 31659
200 60473 23710
201 66534 29355
202 55277 19049
203 42976 14553
204 53119 16773
205 52661 30105
206 61723 29413
207 62058 27855
208 64337 24512
209 65304 21555
210 69979 24927
211 76090 21480
212 70571 18900
213 30768 16846
214 70451 15608
215 69160 13770
216 28558 18459
217 76350 9760
218 48411 10923
219 66864 18576
220 62775 16875
221 63603 16335
222 44817 25747
223 66093 16875
224 72424 20215
225 69069 21079
226 74104 26939
227 38154 5843
228 74599 22131
229 76743 26100
230 76985 24181
231 30536 16670
232 80267 14935
233 75764 12663
234 80089 17918
235 62943 7222
236 79920 19575
237 34144 17940
238 59085 21960
239 76266 17402
240 78940 11309
241 33350 16038
242 77021 16714
243 83211 10368
244 64732 5400
245 30599 10693
246 75699 6897
247 7000 24069
248 35730 4080
249 69200 10088
250 73558 5832
251 70808 6195
252 30626 12636
253 66352 7024
254 71478 4356
255 25829 8284
256 72157 3105
257 69096 4573
258 68833 8415
259 67734 2592
260 66737 5080
261 29045 12343
262 65488 10827
263 66249 4005
264 61973 10249
265 62600 16302
266 61360 13719
267 61688 11367
268 61472 7065
269 35500 3690
270 62184 9635
271 57529 12120
272 58093 14663
273 59022 12735
274 63307 22520
275 31977 1935
276 27687 14400
277 67172 26710
278 62706 21795
279 56052 23805
280 55219 23772
281 55657 19802
282 40662 22781
283 32220 1575
284 49940 24830
285 23174 17760
286 56322 19351
287 57795 16515
288 58763 18949
289 56809 22257
290 22434 14925
291 25540 15378
292 49528 18686
293 45585 19305
294 47540 19372
295 56133 16695
296 41505 13905
297 53581 19305
298 21989 22175
299 48150 17955
300 56075 15563
301 20046 19193
302 51567 27797
303 45642 16245
304 52992 17967
305 48262 16402
306 50928 16833
307 54720 15981
308 49887 16065
309 41067 15062
310 24331 12604
311 56115 5387
312 58017 2835
313 57726 3735
314 55639 10236
315 58670 5421
316 58501 7326
317 60291 4455
318 60228 7155
319 57258 9585
320 49527 8758
321 42808 10125
322 46623 10451
323 52765 10940
324 54864 6952
325 50394 2900
326 54127 1774
327 55676 2893
328 44530 4657
329 48591 5285
330 39172 3015
331 40806 2277
332 42670 6220
333 47213 7498
334 43299 3029
335 44878 2322
336 36129 2330
337 13742 18438
338 33407 5222
339 32511 7902
340 32425 3772
341 24551 20621
342 24520 22050
343 35453 9217
344 39384 6465
345 39307 8946
346 40617 10406
347 37469 13662
348 38931 13122
349 35772 11896
350 29274 21043
351 50684 26001
352 49431 28433
353 46891 29401
354 32834 20539
355 42134 28506
356 44250 27433
357 46577 23698
358 29651 9747
359 44100 19305
360 44395 21496
361 42611 20346
362 47983 15435
363 44037 16832
364 45144 20115
365 40480 17224
366 41860 17145
367 43460 18012
368 15192 15885
369 43038 11340
370 47844 22545
371 49130 14143
372 22693 20925
373 48397 7155
374 51058 13685
375 46019 13982
376 30091 7166
377 54509 13866
378 19996 18090
379 25751 5940
380 23409 8235
381 27468 13635
382 20749 15693
383 16971 15795
384 28215 2025
385 16301 22072
386 15412 22397
387 8698 23250
388 15889 19301
389 27783 1215
390 9164 18128
391 12019 16413
392 13412 14417
393 13949 16659
394 2711 32332
395 8403 19882
396 11772 22123
397 7226 23742
398 14916 29685
399 4657 30514
400 3749 31647
401 4437 26669
402 1944 31095
403 9273 27795
404 14965 32436
405 12225 31944
406 11598 25113
407 9807 32916
408 12860 22106
409 1494 22365
410 17568 38025
411 26298 1215
412 24340 6750
413 15174 26685
414 16870 40680
415 28147 2565
416 19664 36656
417 22540 41715
418 23554 41337
419 23976 43065
420 22369 1350
421 22882 34537
422 25859 5290
423 18679 42016
424 23438 41299
425 22140 42255
426 20967 41895
427 27575 4185
428 15855 36078
429 22822 24723
430 17130 26545
431 18324 26751
432 16849 33246
433 16037 38655
434 17496 39690
435 19541 1552
436 33036 42
437 64428 44266
438 56748 42
439 20652 42
440 49932 42
441 21228 42
442 12588 42
443 13260 42
444 42 19404
445 20652 44266
446 59148 44266
447 60300 44266
448 59628 44266
449 58860 44266
450 31212 44266
451 86573 12108
452 42156 42
453 45036 42
454 13164 42
455 22860 42
456 42 18924
457 42 24684
458 23340 44266
459 42 15372
460 26124 44266
461 57996 42
462 72396 44266
463 65100 44266
464 59244 44266
465 64236 42
466 57036 44266
467 49452 42
468 49356 42
469 28524 42
470 23724 42
471 21708 44266
472 57420 42
473 26316 44266
474 64428 42
475 86573 25260
476 71244 44266
477 86573 14220
478 86573 14124
479 86573 12492
480 86573 11916
481 56940 44266
482 40332 42
483 57612 42
484 36588 42
485 37932 42
486 42 18444
487 25740 42
488 42 24300
489 42 21708
490 58956 44266
491 86573 25164
492 70956 44266
493 72012 44266
494 51756 42
495 86573 14604
496 67980 42
497 86573 24972
498 51180 42
499 48396 42
500 20268 42
501 22380 42
502 42 21612
503 86573 24684
504 72204 44266
505 46188 44266
506 68172 42
507 86573 23820
508 67116 42
509 55788 44266
510 44364 42
511 37068 42
512 50028 42
513 45708 42
514 30348 42
515 20748 42
516 20076 42
517 22956 42
518 28140 42
519 28620 42
520 42 21420
521 36492 44266
522 69324 42
523 67404 42
524 71916 42
525 35148 42
526 36876 42
527 50892 42
528 39756 42
529 36300 42
530 44556 42
531 44268 42
532 22572 42
533 30252 42
534 27852 42
535 34860 44266
536 72684 44266
537 86573 21900
538 45612 44266
539 68940 42
540 66828 42
541 66636 42
542 36972 42
543 30060 42
544 21036 42
545 24492 42
546 22476 42
547 35148 44266
548 86573 13836
549 32460 44266
550 21516 42
551 70764 42
552 23532 42
553 20364 42
554 42 23628
555 37260 44266
556 29964 42
557 23436 42
558 24588 42
559 20940 42
560 24780 42
561 20844 42
562 23340 42
563 24204 42
564 24684 42
565 24396 42
566 56268 42
567 47916 42
568 37644 44266
569 24876 42
570 28332 42
571 26988 42
572 23052 42
573 27948 42
574 42 14892
575 23820 42
576 42 25068
577 52236 42
578 49644 42
579 28236 42
580 22956 44266
581 38028 42
582 36684 42
583 21804 42
584 37644 42
585 41580 42
586 38316 42
587 45900 42
588 23148 42
589 24972 42
590 50412 42
591 47628 42
592 38412 42
593 36780 42
594 22092 42
595 47244 42
596 44844 42
597 41772 42
598 42636 42
599 26124 42
600 27468 42
601 16812 42
602 24108 44266
603 16812 44266
604 38220 42
605 57516 42
606 38796 44266
607 40140 44266
608 41868 42
609 37164 42
610 37260 42
611 49740 42
612 38700 42
613 38508 42
614 36012 42
615 36204 42
616 30924 44266
617 38700 44266
618 42444 42
619 55692 42
620 50124 42
621 55404 42
622 43500 42
623 38604 42
624 36108 42
625 36396 42
626 36492 42
627 31116 44266
628 57228 44266
629 38604 44266
630 42924 42
631 51276 42
632 55500 42
633 43212 44266
634 48876 42
635 38412 44266
636 39564 42
637 39084 42
638 31020 44266
639 43980 42
640 38988 42
641 56556 42
642 46764 42
643 42828 42
644 44460 42
645 54252 42
646 32460 42
647 42636 44266
648 54732 44266
649 41772 44266
650 39756 44266
651 45132 44266
652 48972 42
653 42348 44266
654 49836 42
655 38124 42
656 37740 42
657 38892 42
658 35244 42
659 38892 44266
660 52620 42
661 41868 44266
662 13932 44266
663 68844 42
664 62508 42
665 42 32844
666 77676 44266
667 61548 42
668 86573 40428
669 77580 44266
670 42 34188
671 62220 42
672 42 24204
673 86573 41004
674 77004 44266
675 81804 42
676 7596 42
677 42 9708
678 79308 44266
679 58092 42
680 42 5004
681 76908 44266
682 42 33132
683 42 33612
684 42 11724
685 64620 42
686 42 32364
687 76428 44266
688 78732 44266
689 78156 44266
690 63468 44266
691 66252 42
692 42 34284
693 12204 44266
694 42 33900
695 62892 42
696 42 9132
697 42 36780
698 67212 42
699 42 9804
700 78924 44266
701 86573 39372
702 81420 42
703 76620 44266
704 78060 44266
705 42 32172
706 77964 44266
707 60012 42
708 64044 42
709 61452 42
710 61836 42
711 42 9900
712 79692 44266
713 42 36012
714 42 13548
715 3468 44266
716 42 30732
717 42 16044
718 42 13068
719 65100 42
720 42 33708
721 67308 42
722 78348 44266
723 42 13740
724 42 12684
725 86573 39276
726 76812 44266
727 42 20076
728 8556 44266
729 64812 42
730 68556 42
731 9324 42
732 77676 42
733 86573 40140
734 42 12876
735 42 12492
736 82092 42
737 42 12972
738 42 29004
739 42 14124
740 77484 44266
741 69516 42
742 42 12300
743 42 34668
744 42 5100
745 8748 42
746 64716 44266
747 86573 39660
748 7404 42
749 42 31020
750 64524 42
751 7500 42
752 64716 42
753 66732 42
754 61836 44266
755 67596 42
756 42 34476
757 7692 42
758 60684 42
759 81132 42
760 20268 44266
761 42 33324
762 65868 42
763 9996 42
764 42 32748
765 6732 42
766 68364 42
767 69036 42
768 42 9996
769 42 36492
770 42 2124
771 60876 44266
772 30732 44266
773 63852 42
774 42 16524
775 42 2028
776 79116 42
777 62988 42
778 42 34380
779 42 13644
780 42 34572
781 62892 44266
782 86573 39180
783 42 31596
784 10284 42
785 78444 44266
786 42 30828
787 42 19980
788 14796 44266
789 42 31212
790 42 30924
791 42 33996
792 21612 42
793 40812 44266
794 65004 44266
795 41100 44266
796 31788 44266
797 32940 44266
798 24300 44266
799 24588 44266
800 33036 44266
801 16620 44266
802 17004 44266
803 19212 44266
804 20748 44266
805 57132 42
806 20844 44266
807 35052 44266
808 29676 42
809 35724 44266
810 41676 44266
811 41580 44266
812 42 32556
813 42 32460
814 42 32268
815 37740 44266
816 61260 44266
817 45900 44266
818 45708 44266
819 42 30636
820 29772 42
821 30732 42
822 44652 44266
823 51372 44266
824 45996 44266
825 29868 44266
826 29772 44266
827 61740 44266
828 32844 44266
829 43116 44266
830 42924 44266
831 42732 44266
832 16908 44266
833 43980 44266
834 30636 44266
835 43884 42
836 47340 42
837 42 20172
838 61452 44266
839 37836 44266
840 36204 44266
841 35052 42
842 33996 42
843 33516 42
844 33900 42
845 34092 42
846 34668 42
847 20076 44266
848 33228 44266
849 29580 44266
850 20172 42
851 31116 42
852 31020 42
853 30924 42
854 29868 42
855 30444 42
856 33228 42
857 33324 42
858 33132 42
859 25068 42
860 57132 44266
861 37356 44266
862 25164 42
863 20460 42
864 25260 42
865 32940 42
866 35628 42
867 32844 42
868 34284 42
869 35532 42
870 33420 42
871 33612 42
872 34764 44266
873 32268 42
874 29580 42
875 39660 42
876 40716 42
877 41196 42
878 41004 42
879 43596 42
880 43212 42
881 46668 42
882 45612 42
883 36780 44266
884 45516 42
885 48492 42
886 21420 42
887 21324 42
888 21132 42
889 46476 42
890 46188 42
891 46860 42
892 47436 42
893 45228 42
894 37548 42
895 41292 42
896 41100 42
897 41388 42
898 46284 42
899 39948 42
900 39852 42
901 38796 42
902 34188 42
903 35340 42
904 34956 42
905 35340 44266
906 33804 42
907 35436 42
908 34860 42
909 32556 42
910 34764 42
911 33708 42
912 57708 42
913 31404 42
914 31884 42
915 30156 42
916 35724 42
917 31500 42
918 31308 42
919 31596 42
920 31692 42
921 29196 42
922 29388 42
923 31980 42
924 32748 42
925 30636 42
926 23244 42
927 34188 44266
928 25548 42
929 25452 42
930 25644 42
931 26220 42
932 25356 42
933 24300 42
934 21996 42
935 21708 42
936 22668 42
937 28044 42
938 46572 44266
939 30156 44266
940 27756 42
941 27660 42
942 27564 42
943 39948 44266
944 40044 44266
945 42 22380
946 42 22476
947 42 22284
948 15564 44266
949 31692 44266
950 26796 42
951 26028 42
952 26604 42
953 26508 42
954 25836 42
955 24108 42
956 27276 42
957 26892 42
958 27180 42
959 27084 42
960 34668 44266
961 22188 42
962 22284 42
963 26412 42
964 25932 42
965 26316 42
966 26700 42
967 29292 42
968 53868 42
969 50508 42
970 34572 42
971 56460 44266
972 34284 44266
973 34476 42
974 34380 42
975 29004 42
976 28716 42
977 28812 42
978 29100 42
979 28908 42
980 17772 42
981 17004 42
982 17196 42
983 34476 44266
984 17100 42
985 37836 42
986 51084 42
987 50988 42
988 42 19116
989 42 28812
990 42 28908
991 42 28716
992 42 32076
993 42 22572
994 47340 44266
995 42 22764
996 42 21996
997 42 22188
998 42 22092
999 42 31692
1000 42 31500
1001 42 31116
1002 42 31884
1003 42 31404
1004 14700 44266
1005 42 18348
1006 14508 44266
1007 14604 44266
1008 42 26700
1009 14412 44266
1010 42 33804
1011 42 31308
1012 24684 44266
1013 24876 44266
1014 25068 44266
1015 20460 44266
1016 42 30060
1017 22860 44266
1018 28428 42
1019 32652 44266
1020 34956 44266
1021 34380 44266
1022 33708 44266
1023 33612 44266
1024 33324 44266
1025 20556 42
1026 33516 44266
1027 32076 44266
1028 20940 44266
1029 21132 44266
1030 31980 44266
1031 35244 44266
1032 33996 44266
1033 29484 42
1034 35628 44266
1035 35532 44266
1036 37452 42
1037 35436 44266
1038 41484 44266
1039 46092 44266
1040 30540 42
1041 50508 44266
1042 21420 44266
1043 44748 44266
1044 49836 44266
1045 52140 44266
1046 52332 44266
1047 37356 42
1048 39468 44266
1049 39564 44266
1050 45516 44266
1051 16716 44266
1052 43884 44266
1053 44460 44266
1054 44076 44266
1055 46764 44266
1056 45324 44266
1057 45228 44266
1058 21900 42
1059 57420 44266
1060 52524 44266
1061 53004 44266
1062 32556 44266
1063 31596 44266
1064 41388 44266
1065 44652 42
1066 46572 42
1067 46380 42
1068 45996 42
1069 31212 42
1070 47724 42
1071 48684 42
1072 45804 42
1073 46092 42
1074 42540 42
1075 41676 42
1076 45420 42
1077 40236 42
1078 40908 42
1079 40140 42
1080 52620 44266
1081 30828 42
1082 35916 42
1083 35820 42
1084 42348 42
1085 42252 42
1086 43788 42
1087 41964 42
1088 42060 42
1089 48108 42
1090 31788 42
1091 32172 42
1092 23628 42
1093 31884 44266
1094 32364 42
1095 32076 42
1096 32652 42
1097 58476 44266
1098 58188 44266
1099 58284 44266
1100 58380 44266
1101 64908 44266
1102 25356 44266
1103 23916 42
1104 25164 44266
1105 24972 44266
1106 55692 44266
1107 50796 44266
1108 50604 44266
1109 51180 44266
1110 51276 44266
1111 42444 44266
1112 43020 44266
1113 42828 44266
1114 22764 42
1115 45804 44266
1116 43500 44266
1117 43308 44266
1118 43404 44266
1119 43692 44266
1120 43596 44266
1121 45036 44266
1122 43788 44266
1123 44364 44266
1124 47820 42
1125 31500 44266
1126 44940 42
1127 45132 42
1128 44844 44266
1129 39276 44266
1130 38508 44266
1131 39084 44266
1132 39180 44266
1133 47148 44266
1134 50700 42
1135 42156 44266
1136 31308 44266
1137 42252 44266
1138 42060 44266
1139 41964 44266
1140 41196 44266
1141 39852 44266
1142 39660 44266
1143 29484 44266
1144 29196 44266
1145 46284 44266
1146 39372 44266
1147 38988 44266
1148 40332 44266
1149 40236 44266
1150 40428 44266
1151 29292 44266
1152 40620 44266
1153 47052 44266
1154 40524 44266
1155 40716 44266
1156 40908 44266
1157 38124 44266
1158 46380 44266
1159 37932 44266
1160 38028 44266
1161 38316 44266
1162 36300 44266
1163 37068 44266
1164 37164 44266
1165 36684 44266
1166 36588 44266
1167 36876 44266
1168 35820 44266
1169 46476 44266
1170 35916 44266
1171 36012 44266
1172 20172 44266
1173 37452 44266
1174 36972 44266
1175 37548 44266
1176 38220 44266
1177 44748 42
1178 48012 42
1179 49068 42
1180 30828 44266
1181 57900 44266
1182 59916 44266
1183 57996 44266
1184 58092 44266
1185 62796 42
1186 62700 42
1187 62604 42
1188 63084 42
1189 42 18732
1190 42 18828
1191 52716 44266
1192 42 32940
1193 42 18636
1194 42 19308
1195 42 19212
1196 42 19020
1197 19980 42
1198 59340 44266
1199 57612 44266
1200 27372 42
1201 24012 42
1202 27564 44266
1203 42 24108
1204 22092 44266
1205 24204 44266
1206 28908 44266
1207 28620 44266
1208 28428 44266
1209 23436 44266
1210 22764 44266
1211 26796 44266
1212 27276 44266
1213 27372 44266
1214 19980 44266
1215 19500 42
1216 19884 42
1217 19788 42
1218 53100 42
1219 19692 42
1220 19596 42
1221 42 13836
1222 42 14028
1223 18540 42
1224 18636 42
1225 19500 44266
1226 17292 42
1227 17388 42
1228 42 22668
1229 33900 44266
1230 34572 44266
1231 21228 44266
1232 46860 44266
1233 55308 44266
1234 56844 44266
1235 56748 44266
1236 19692 44266
1237 55404 44266
1238 53676 44266
1239 53868 44266
1240 53964 44266
1241 53580 44266
1242 60012 44266
1243 49452 44266
1244 49164 44266
1245 44268 44266
1246 44172 44266
1247 17964 44266
1248 44556 44266
1249 45420 44266
1250 62220 44266
1251 52908 44266
1252 54252 44266
1253 54156 44266
1254 54636 44266
1255 54060 44266
1256 54924 44266
1257 52044 44266
1258 17676 44266
1259 49644 44266
1260 55884 44266
1261 60204 44266
1262 54540 44266
1263 54444 44266
1264 54348 44266
1265 60780 44266
1266 57804 42
1267 59436 44266
1268 59532 44266
1269 17772 44266
1270 59820 44266
1271 60300 42
1272 60780 42
1273 61644 42
1274 60204 42
1275 60492 42
1276 58188 42
1277 48780 42
1278 44076 42
1279 64332 42
1280 30252 44266
1281 65484 42
1282 54732 42
1283 57324 42
1284 54828 42
1285 56364 42
1286 54924 42
1287 58284 42
1288 57900 42
1289 55788 42
1290 56172 42
1291 30060 44266
1292 54156 42
1293 86573 12204
1294 53772 42
1295 54540 42
1296 53676 42
1297 52908 42
1298 53292 42
1299 55884 42
1300 65580 42
1301 65772 42
1302 32268 44266
1303 29964 44266
1304 65964 42
1305 53580 42
1306 61068 42
1307 64908 42
1308 65676 42
1309 65004 42
1310 25452 44266
1311 21996 44266
1312 25932 44266
1313 29004 44266
1314 30444 44266
1315 28332 44266
1316 28236 44266
1317 29100 44266
1318 20556 44266
1319 22668 44266
1320 40812 42
1321 40428 42
1322 55980 42
1323 57228 42
1324 52236 44266
1325 66156 44266
1326 55980 44266
1327 56652 44266
1328 56268 44266
1329 52332 42
1330 52428 42
1331 52716 42
1332 54444 42
1333 53196 42
1334 55116 42
1335 55596 42
1336 31404 44266
1337 52812 42
1338 52524 42
1339 53004 42
1340 51948 42
1341 50220 42
1342 50316 42
1343 50604 42
1344 56940 42
1345 56076 42
1346 48204 42
1347 40620 42
1348 48300 42
1349 43404 42
1350 44172 42
1351 47148 42
1352 44940 44266
1353 30348 44266
1354 30540 44266
1355 41292 44266
1356 41004 44266
1357 63756 44266
1358 42 15564
1359 57324 44266
1360 58668 44266
1361 53196 44266
1362 53292 44266
1363 61548 44266
1364 56556 44266
1365 32364 44266
1366 64140 44266
1367 62508 44266
1368 50028 44266
1369 51564 42
1370 62124 44266
1371 60972 44266
1372 62796 44266
1373 46668 44266
1374 51468 42
1375 46956 44266
1376 47244 44266
1377 56652 42
1378 53484 44266
1379 53388 44266
1380 32748 44266
1381 53772 44266
1382 53388 42
1383 53484 42
1384 51372 42
1385 51084 44266
1386 50892 44266
1387 51948 44266
1388 51660 44266
1389 51756 44266
1390 53100 44266
1391 51852 42
1392 52812 44266
1393 55020 42
1394 57036 42
1395 63372 44266
1396 55308 42
1397 54060 42
1398 56460 42
1399 62028 44266
1400 42540 44266
1401 54348 42
1402 33132 44266
1403 53964 42
1404 52140 42
1405 52044 42
1406 47532 42
1407 32172 44266
1408 49068 44266
1409 50412 44266
1410 50316 44266
1411 49548 44266
1412 33420 44266
1413 55212 42
1414 54636 42
1415 63084 44266
1416 29388 44266
1417 28812 44266
1418 28524 44266
1419 28716 44266
1420 86573 26028
1421 33804 44266
1422 34092 44266
1423 29676 44266
1424 66252 44266
1425 48588 42
1426 36108 44266
1427 36396 44266
1428 39180 42
1429 39276 42
1430 40044 42
1431 19884 44266
1432 19596 44266
1433 42 21900
1434 42 21804
1435 19020 44266
1436 51660 42
1437 39372 42
1438 62412 44266
1439 62316 44266
1440 43308 42
1441 43020 42
1442 49164 42
1443 47052 42
1444 46956 42
1445 45324 42
1446 49548 42
1447 50796 42
1448 56844 42
1449 39468 42
1450 40524 42
1451 42732 42
1452 43692 42
1453 41484 42
1454 49260 42
1455 43116 42
1456 48396 44266
1457 48300 44266
1458 26508 44266
1459 58764 42
1460 58476 42
1461 65484 44266
1462 65388 44266
1463 63180 42
1464 63852 44266
1465 64140 42
1466 63948 42
1467 57708 44266
1468 50700 44266
1469 27468 44266
1470 51852 44266
1471 49932 44266
1472 55500 44266
1473 56172 44266
1474 56364 44266
1475 56076 44266
1476 18924 44266
1477 63948 44266
1478 63564 44266
1479 61164 44266
1480 27756 44266
1481 61068 44266
1482 64044 44266
1483 27948 44266
1484 21900 44266
1485 48204 44266
1486 28140 44266
1487 48684 44266
1488 28044 44266
1489 26412 44266
1490 21804 44266
1491 26700 44266
1492 48108 44266
1493 48012 44266
1494 47724 44266
1495 22572 44266
1496 24396 44266
1497 50220 44266
1498 59436 42
1499 58668 42
1500 62028 42
1501 63276 42
1502 24492 44266
1503 61356 42
1504 59052 42
1505 58572 42
1506 58860 42
1507 58380 42
1508 60396 42
1509 59628 42
1510 60972 42
1511 48492 44266
1512 60396 44266
1513 25644 44266
1514 66444 44266
1515 60492 44266
1516 62604 44266
1517 50124 44266
1518 49356 44266
1519 49260 44266
1520 19404 44266
1521 26220 44266
1522 65772 44266
1523 55020 44266
1524 51564 44266
1525 24780 44266
1526 55596 44266
1527 60684 44266
1528 61356 44266
1529 63660 44266
1530 63180 44266
1531 52428 44266
1532 55116 44266
1533 55212 44266
1534 54828 44266
1535 63276 44266
1536 21036 44266
1537 62700 44266
1538 66060 44266
1539 65676 44266
1540 19788 44266
1541 63468 42
1542 48588 44266
1543 59148 42
1544 19404 42
1545 20364 44266
1546 42 14988
1547 21612 44266
1548 42 15084
1549 42 15180
1550 42 15852
1551 66060 42
1552 64620 44266
1553 22476 44266
1554 21324 44266
1555 64332 44266
1556 64524 44266
1557 66540 44266
1558 42 21324
1559 65868 44266
1560 23628 44266
1561 19308 44266
1562 19308 42
1563 77292 44266
1564 63372 42
1565 48972 44266
1566 25548 44266
1567 61932 44266
1568 71820 44266
1569 48876 44266
1570 23916 44266
1571 71532 44266
1572 62988 44266
1573 71916 44266
1574 42 16428
1575 42 18540
1576 23724 44266
1577 61644 44266
1578 71724 44266
1579 47628 44266
1580 21516 44266
1581 86573 26604
1582 72588 42
1583 77580 42
1584 42 16620
1585 14412 42
1586 19212 42
1587 42 15276
1588 50988 44266
1589 23820 44266
1590 86573 33420
1591 42 20652
1592 74028 42
1593 49740 44266
1594 47916 44266
1595 14508 42
1596 18252 42
1597 76716 44266
1598 72108 44266
1599 86573 25356
1600 86573 9420
1601 86573 17580
1602 19116 42
1603 47436 44266
1604 77772 44266
1605 77868 44266
1606 70764 44266
1607 71436 44266
1608 68268 42
1609 60588 44266
1610 61164 42
1611 60108 42
1612 19020 42
1613 42 20364
1614 18924 42
1615 42 15756
1616 42 31788
1617 47532 44266
1618 86573 33708
1619 77196 44266
1620 65580 44266
1621 67788 42
1622 59724 44266
1623 58956 42
1624 64236 44266
1625 18828 42
1626 63564 42
1627 18732 42
1628 42 19500
1629 42 29196
1630 42 31980
1631 42 27564
1632 66348 44266
1633 71628 44266
1634 86573 9900
1635 51468 44266
1636 65196 44266
1637 60588 42
1638 61740 42
1639 18444 42
1640 18348 42
1641 22188 44266
1642 26892 44266
1643 65964 44266
1644 70860 44266
1645 86573 9996
1646 67500 42
1647 65292 44266
1648 61260 42
1649 42 16812
1650 63660 42
1651 18156 42
1652 47820 44266
1653 48780 44266
1654 27660 44266
1655 25836 44266
1656 19116 44266
1657 18060 44266
1658 65388 42
1659 57804 44266
1660 86573 32652
1661 86573 32460
1662 77100 44266
1663 76524 44266
1664 77388 44266
1665 58764 44266
1666 86573 13740
1667 86573 10188
1668 68076 42
1669 64812 44266
1670 68460 42
1671 59052 44266
1672 59724 42
1673 62124 42
1674 18060 42
1675 42 32652
1676 42 21516
1677 42 34092
1678 23532 44266
1679 58572 44266
1680 65196 42
1681 86573 33516
1682 86573 32556
1683 60108 44266
1684 57516 44266
1685 60876 42
1686 86573 10092
1687 86573 10284
1688 67692 42
1689 59916 42
1690 17964 42
1691 65292 42
1692 17868 42
1693 14220 42
1694 42 23724
1695 17676 42
1696 25740 44266
1697 27852 44266
1698 22380 44266
1699 17868 44266
1700 67020 44266
1701 86573 32364
1702 61932 42
1703 78252 44266
1704 62316 42
1705 86573 28332
1706 66156 42
1707 70572 44266
1708 86573 10380
1709 59340 42
1710 17580 42
1711 13452 42
1712 27180 44266
1713 24012 44266
1714 23244 44266
1715 26028 44266
1716 27084 44266
1717 66636 44266
1718 66732 44266
1719 70476 44266
1720 67884 42
1721 86573 24780
1722 86573 24876
1723 86573 29964
1724 26988 44266
1725 59820 42
1726 62412 42
1727 63756 42
1728 59532 42
1729 17484 42
1730 13356 42
1731 42 25164
1732 26604 44266
1733 23148 44266
1734 25260 44266
1735 22284 44266
1736 23052 44266
1737 66828 44266
1738 66924 44266
1739 59244 42
1740 86573 27276
1741 70380 44266
1742 86573 26124
1743 86573 24108
1744 86573 10476
1745 16908 42
