0 22983 10848
1 2889 21195
2 12123 1215
3 34317 1215
4 1647 2295
5 8721 1755
6 19163 11880
7 18759 10908
8 19938 10425
9 19450 9693
10 19669 10800
11 20736 12165
12 19548 12825
13 19440 13365
14 21519 10305
15 21935 10935
16 22514 8852
17 22231 10017
18 19413 7830
19 19842 8685
20 20892 8235
21 21546 7830
22 21762 8572
23 18126 14425
24 17469 13837
25 15498 13815
26 16965 13761
27 17320 14985
28 15378 14907
29 16544 15817
30 17436 15579
31 16974 17055
32 14566 13770
33 15102 13905
34 15156 15795
35 18130 12960
36 17280 12150
37 17698 12690
38 16780 12420
39 23449 6885
40 24996 8073
41 24857 7056
42 26329 7672
43 24957 6093
44 26460 4779
45 24678 4860
46 25239 4725
47 25623 4050
48 26259 9623
49 26892 8991
50 24678 8505
51 25467 3442
52 28541 2295
53 29845 2619
54 27388 2959
55 8778 15139
56 7317 17865
57 7134 14580
58 6210 17505
59 7641 19215
60 10917 13545
61 9570 17861
62 11100 19455
63 10764 20160
64 11274 20423
65 10941 20857
66 11169 18495
67 8910 18981
68 8910 19845
69 10325 16605
70 10594 14985
71 9328 13095
72 10024 13635
73 7101 16026
74 7954 16503
75 7533 15075
76 9055 15255
77 8295 14512
78 27830 5366
79 27364 6615
80 28219 5780
81 29342 6615
82 30213 6480
83 30078 5187
84 27945 4320
85 29210 4107
86 28363 17010
87 27688 13905
88 28154 15570
89 27553 13770
90 27642 13905
91 26761 13185
92 26967 15525
93 27850 16920
94 25461 13297
95 25904 14540
96 25636 15795
97 24867 12960
98 24826 15525
99 26473 12420
100 25569 2700
101 15639 17685
102 15072 16605
103 17023 18360
104 14332 19305
105 15903 18765
106 16706 17752
107 15941 19878
108 17572 20250
109 16947 20655
110 14202 17685
111 13799 19417
112 12676 21195
113 13604 20688
114 23739 4425
115 22639 5670
116 22986 4860
117 21958 2603
118 21330 3510
119 21123 1800
120 21006 1215
121 22338 1755
122 22761 3645
123 23130 2295
124 23868 2205
125 23818 3055
126 26379 2565
127 8316 7515
128 7704 7245
129 11583 6750
130 10362 6831
131 10767 5985
132 9972 4950
133 11380 5400
134 9293 4617
135 9069 7155
136 8248 6345
137 8982 5265
138 7276 7560
139 36649 5867
140 34781 5697
141 35190 6285
142 35259 5265
143 36156 4016
144 34637 3413
145 35067 2715
146 34398 1890
147 36247 2970
148 36835 3837
149 36558 7560
150 35010 7245
151 36517 7020
152 2457 20115
153 2247 16875
154 2070 19260
155 3128 17907
156 3362 19575
157 3294 20250
158 1606 16875
159 1633 16200
160 1701 17955
161 20975 4725
162 20734 6657
163 19424 5689
164 20479 3780
165 21816 4185
166 17784 4365
167 18592 4833
168 19629 4815
169 13527 8370
170 12279 10341
171 12404 12516
172 11143 9237
173 11683 12677
174 12970 12285
175 14591 12207
176 13867 12879
177 12879 10327
178 13974 11050
179 13375 13473
180 11542 10260
181 12263 8937
182 25852 1215
183 26055 1620
184 25447 1350
185 36436 21195
186 37915 20655
187 36612 20156
188 40575 18915
189 40367 19533
190 37386 17595
191 38701 17631
192 36207 19305
193 36711 18765
194 38019 19185
195 39951 20601
196 41499 19980
197 20682 20925
198 19797 20115
199 20232 19170
200 20020 19800
201 19375 20547
202 19899 20565
203 17901 17550
204 18391 18450
205 18009 18765
206 19093 18495
207 19885 18495
208 19092 17347
209 18501 20655
210 18279 20520
211 12328 14715
212 11488 14580
213 11718 15525
214 12672 15975
215 12690 18225
216 12771 18225
217 11738 17347
218 12987 16913
219 13824 14850
220 14137 15903
221 14323 16830
222 38117 14512
223 39087 15915
224 39301 14607
225 38184 16368
226 38225 15660
227 36768 16335
228 36234 16200
229 40374 15255
230 40986 15525
231 40338 13995
232 40941 13995
233 39636 14085
234 41296 15525
235 39735 17235
236 40176 16659
237 41283 16402
238 31325 19359
239 33705 17625
240 32972 20439
241 32676 19395
242 32697 20115
243 33159 18393
244 34528 18450
245 34614 19521
246 33723 20655
247 34419 15945
248 34838 14985
249 35888 15309
250 32472 16785
251 35996 17361
252 35140 16807
253 4892 20601
254 6496 19186
255 7404 20182
256 6379 20655
257 4698 20655
258 5040 18495
259 3780 20925
260 5064 19497
261 4023 20520
262 5697 18315
263 36693 11385
264 38998 12082
265 37339 12663
266 39393 11475
267 38650 13230
268 36619 13585
269 39564 12915
270 35478 12420
271 36477 14085
272 36328 12015
273 31315 3060
274 31239 4293
275 31041 3555
276 31287 5445
277 33313 4770
278 31698 6129
279 33345 3271
280 32220 4485
281 33156 5940
282 33444 2295
283 32235 2349
284 31738 1620
285 32944 1530
286 37566 4725
287 38684 4590
288 38090 3645
289 39208 3330
290 39857 4077
291 40365 2835
292 39744 2767
293 37051 1407
294 38430 1755
295 38421 2325
296 35991 1890
297 29659 8640
298 30530 8235
299 30078 8370
300 30569 9747
301 4113 8730
302 4018 7425
303 5119 7998
304 4117 6210
305 5758 7347
306 2816 9231
307 2458 6849
308 1692 5535
309 1819 8066
310 1512 6750
311 4249 8505
312 1674 9450
313 4285 9662
314 1593 10260
315 2450 10395
316 2605 11340
317 3741 10703
318 31381 8196
319 29592 10665
320 30953 10742
321 29457 9450
322 29470 9855
323 29605 10800
324 6302 6075
325 6642 4455
326 7303 4995
327 7411 5805
328 5825 4725
329 7974 4275
330 7582 3555
331 7956 4095
332 7292 2745
333 5769 2970
334 7038 1755
335 5562 3645
336 4887 4725
337 4981 4725
338 38556 5838
339 38380 6885
340 40165 6158
341 39735 7515
342 41067 6831
343 39510 6525
344 40918 5940
345 41202 6345
346 41094 5085
347 40824 4522
348 37840 7290
349 40297 8100
350 39238 10188
351 40507 10626
352 39381 8955
353 40689 9099
354 36072 10125
355 36652 10327
356 36855 10800
357 38169 10170
358 30006 2070
359 34171 10800
360 34141 10125
361 32337 11925
362 32238 11340
363 4472 1793
364 2581 2160
365 1431 2025
366 1755 3510
367 3429 4005
368 2472 4305
369 3780 3699
370 4260 2835
371 2262 2943
372 34128 11892
373 2902 4995
374 3861 5319
375 1863 4455
376 32080 13275
377 32099 14210
378 33665 12593
379 32940 13689
380 32994 15795
381 31824 12420
382 33446 13567
383 31090 11880
384 25096 2160
385 30092 20426
386 28706 20061
387 28166 18603
388 31414 20385
389 30272 19629
390 27864 19305
391 28993 19170
392 31144 21060
393 31158 20655
394 29821 19170
395 28215 20979
396 28930 20790
397 30448 16825
398 29478 18117
399 29025 17415
400 28957 16740
401 29907 15975
402 30348 15255
403 31478 15756
404 31502 16875
405 30179 18360
406 30780 18225
407 31243 18315
408 29673 21195
409 29376 17685
410 11279 4252
411 10272 2403
412 8221 1755
413 10290 3825
414 9693 3375
415 11924 3066
416 12978 2115
417 30658 1620
418 25653 18147
419 29943 1822
420 20970 14445
421 21859 14499
422 20471 15828
423 23339 16103
424 22810 14673
425 20709 17064
426 21243 17145
427 20965 18090
428 19116 15727
429 19722 14859
430 19210 13635
431 19116 14580
432 18684 16470
433 30658 1890
434 24124 18225
435 25845 17145
436 24885 16605
437 28323 1485
438 25164 18180
439 25032 19497
440 26951 18765
441 26932 18090
442 26842 20610
443 26811 19507
444 26829 20295
445 25843 20115
446 25488 20709
447 25506 21105
448 27040 1620
449 25029 17235
450 23889 17415
451 22824 18270
452 21762 20295
453 22648 19305
454 23540 19271
455 20898 18765
456 21235 19440
457 21667 20317
458 16497 8100
459 17259 8370
460 17374 9180
461 15093 6210
462 22815 20565
463 15646 6075
464 17023 7560
465 24057 20655
466 15747 8100
467 18384 7560
468 17509 5580
469 17631 4725
470 14868 6885
471 13644 6525
472 24286 20655
473 16645 6502
474 18435 6993
475 18009 8100
476 16141 1926
477 14944 1350
478 19666 1755
479 19989 3105
480 19116 2603
481 17091 3780
482 17236 3105
483 17955 3375
484 18117 3510
485 18157 1485
486 18123 2227
487 18630 1755
488 12703 5130
489 13181 3729
490 14688 5400
491 13797 5197
492 14306 4030
493 14802 2805
494 14877 2767
495 15806 4069
496 14809 5535
497 16283 5197
498 14247 1575
499 27948 22411
500 28236 22411
501 27852 22411
502 28140 22411
503 1260 22411
504 30828 42
505 30636 42
506 3084 22411
507 42864 12780
508 42864 9804
509 35724 22411
510 42864 13548
511 2412 22411
512 39852 42
513 42864 10284
514 42864 11052
515 42 13452
516 14316 42
517 24012 42
518 21132 22411
519 12492 42
520 7980 42
521 8460 22411
522 33900 42
523 42 10860
524 42864 12396
525 3180 22411
526 42 11052
527 14028 22411
528 35052 42
529 8940 22411
530 42864 10668
531 35628 22411
532 33516 22411
533 25164 22411
534 22476 22411
535 24300 42
536 14604 42
537 2796 22411
538 2316 22411
539 42864 7308
540 32172 42
541 1644 22411
542 30348 42
543 7884 42
544 42864 13452
545 32652 22411
546 42864 7404
547 42864 11532
548 33900 22411
549 30444 42
550 35244 22411
551 29676 22411
552 24396 42
553 42864 7212
554 19020 42
555 34092 22411
556 34956 42
557 10668 42
558 34668 22411
559 12108 22411
560 9228 22411
561 11244 42
562 42 11148
563 11820 42
564 42 7500
565 42864 7500
566 1452 22411
567 29388 42
568 39372 42
569 42864 7884
570 42864 13260
571 12588 42
572 42 11340
573 34380 22411
574 42864 12876
575 2220 22411
576 42864 12108
577 42864 12204
578 10764 42
579 29292 42
580 35340 22411
581 9132 42
582 10380 42
583 25836 22411
584 28620 42
585 7500 42
586 17004 42
587 42864 13068
588 17964 22411
589 42864 11916
590 14124 42
591 2892 22411
592 42 11532
593 12300 42
594 8748 42
595 23724 42
596 12396 42
597 34476 42
598 13164 42
599 24588 42
600 26412 42
601 42 2028
602 9996 22411
603 29676 42
604 42 14316
605 3276 22411
606 11436 42
607 39564 42
608 34764 42
609 42 10956
610 34092 42
611 8556 42
612 9804 22411
613 7308 42
614 42864 8364
615 28044 42
616 7596 42
617 2124 22411
618 28524 42
619 17676 42
620 42864 10380
621 16716 42
622 3660 22411
623 29196 42
624 42864 11148
625 9708 22411
626 17292 42
627 8556 22411
628 17292 22411
629 8652 22411
630 10284 42
631 19116 22411
632 34860 22411
633 24876 42
634 16524 42
635 12108 42
636 33612 42
637 2988 22411
638 42864 20076
639 2028 22411
640 20748 42
641 12204 42
642 27852 42
643 22572 42
644 34572 42
645 27180 42
646 17196 42
647 9612 22411
648 42864 7596
649 27468 22411
650 26028 42
651 20268 42
652 33420 22411
653 34476 22411
654 42864 11820
655 33996 42
656 13260 22411
657 35148 22411
658 42 2220
659 42864 12300
660 8652 42
661 19980 22411
662 2508 22411
663 24972 42
664 42 9132
665 35532 22411
666 11628 42
667 34956 22411
668 42 15276
669 42 9900
670 3372 22411
671 13644 42
672 13260 42
673 42864 6444
674 11532 42
675 29004 42
676 42864 9900
677 32940 22411
678 39276 42
679 9036 42
680 10860 22411
681 9324 22411
682 25644 42
683 1932 22411
684 11340 42
685 23052 42
686 42864 12012
687 9900 22411
688 9420 22411
689 39660 42
690 13548 42
691 42864 15084
692 28908 42
693 35436 22411
694 17388 42
695 34860 42
696 42864 12972
697 42864 14508
698 42864 11436
699 32748 22411
700 42864 6252
701 9996 42
702 42864 12492
703 13068 42
704 1548 22411
705 39756 42
706 42864 10572
707 9516 22411
708 8940 42
709 8172 22411
710 34668 42
711 9804 42
712 11532 22411
713 2700 22411
714 42 10380
715 39180 42
716 31980 42
717 42 15372
718 42864 9996
719 25356 42
720 3468 22411
721 33996 22411
722 8844 22411
723 11724 22411
724 11724 42
725 25644 22411
726 42 2316
727 34284 42
728 42 2412
729 8844 42
730 42864 11724
731 7788 42
732 1836 22411
733 42864 19980
734 2604 22411
735 9036 22411
736 42 15180
737 11148 42
738 9132 22411
739 25068 42
740 33708 22411
741 9228 42
742 42864 12588
743 10860 42
744 1356 22411
745 34284 22411
746 16620 22411
747 42864 12684
748 24684 42
749 27084 42
750 35052 22411
751 8748 22411
752 32364 22411
753 42864 13164
754 27756 42
755 34188 42
756 42864 8940
757 22380 42
758 42 14124
759 12780 42
760 3564 22411
761 34572 22411
762 39468 42
763 16524 22411
764 42864 6348
765 13932 42
766 42864 10476
767 42864 13356
768 34380 42
769 9708 42
770 33804 22411
771 42864 13932
772 33612 22411
773 24780 42
774 7692 42
775 42 2124
776 25164 42
777 1740 22411
778 16140 22411
779 42864 11628
780 30156 22411
781 42864 9708
782 25260 42
783 17100 42
784 17388 22411
785 13356 42
786 25836 42
787 25740 42
788 26604 42
789 26316 42
790 24108 42
791 26220 42
792 26508 42
793 26796 42
794 25932 42
795 26124 42
796 25548 42
797 26700 42
798 24204 42
799 24492 42
800 27948 42
801 27564 42
802 27372 42
803 27468 42
804 27276 42
805 30156 42
806 28812 42
807 29484 42
808 29580 42
809 25452 42
810 29772 42
811 29868 42
812 29964 42
813 30540 42
814 27660 42
815 30252 42
816 28716 42
817 28428 42
818 28140 42
819 28332 42
820 30732 42
821 28236 42
822 29100 42
823 30060 42
824 26988 42
825 26892 42
826 12396 22411
827 13164 22411
828 13356 22411
829 11916 22411
830 13932 22411
831 42 9996
832 12588 22411
833 11820 22411
834 12684 22411
835 11628 22411
836 35916 22411
837 36012 22411
838 20940 42
839 12876 22411
840 42 10092
841 42 10188
842 28044 22411
