0 27178 14458
1 6723 26865
2 29160 4010
3 20143 13061
4 29502 3105
5 22623 15300
6 28741 1687
7 11296 12690
8 31082 1809
9 20498 8218
10 19847 6642
11 21631 9900
12 18981 9090
13 18717 9262
14 21897 8640
15 17659 11610
16 19198 12057
17 12421 19575
18 20272 10170
19 27802 7335
20 26861 6248
21 22771 17262
22 21645 17730
23 18808 22572
24 21258 14445
25 22833 15012
26 23577 15221
27 22781 13635
28 33439 1620
29 32530 2160
30 23013 13455
31 22326 12555
32 32806 3519
33 23261 11787
34 31644 3375
35 33439 5788
36 24419 11610
37 25035 10208
38 27812 7985
39 34704 1755
40 30253 6774
41 24341 12773
42 25326 12690
43 23949 12825
44 32715 7335
45 28973 13259
46 31110 4603
47 29948 9855
48 33498 7155
49 29007 8725
50 27930 7778
51 28012 9990
52 29196 11025
53 29403 9990
54 30789 10395
55 28998 7830
56 27202 16470
57 30297 16489
58 27318 17658
59 30138 17786
60 30095 19359
61 28307 19690
62 30790 20547
63 28161 15997
64 28849 16357
65 25669 17798
66 27481 19125
67 27351 19035
68 19548 11913
69 25743 15636
70 10216 24084
71 9760 22545
72 30807 1755
73 32778 1350
74 12606 23652
75 21672 6255
76 25452 4860
77 10467 22365
78 25623 3285
79 8383 22680
80 26935 4185
81 8703 25029
82 27747 3240
83 8418 23571
84 7443 23445
85 22609 6561
86 11363 25371
87 30258 13545
88 32157 6345
89 34669 13473
90 22276 4540
91 23238 2253
92 25106 1991
93 27371 2058
94 26509 2700
95 24008 4428
96 24781 5130
97 23661 3064
98 25164 4545
99 24826 1350
100 25704 1215
101 24529 6690
102 23637 8425
103 25251 7796
104 17442 27135
105 17658 26595
106 1800 14715
107 17388 19845
108 36404 22388
109 38294 25143
110 17917 19359
111 19224 19089
112 19229 20061
113 20161 19035
114 19827 26865
115 34164 23085
116 22954 26325
117 20756 20317
118 22221 25515
119 21151 19359
120 36601 25731
121 39395 13313
122 44537 13157
123 35930 24142
124 40487 12348
125 43887 11919
126 43095 10655
127 45972 11700
128 36090 13365
129 36237 14502
130 33144 15030
131 42682 15198
132 38347 16555
133 40967 17076
134 35932 16249
135 36747 17887
136 25461 14085
137 42822 17805
138 37959 20828
139 39565 23463
140 44833 14512
141 38070 13210
142 37641 24405
143 38070 12285
144 37597 13095
145 40304 9720
146 40263 9517
147 53466 12690
148 38263 23760
149 36416 20587
150 40334 20095
151 41175 21519
152 41296 22005
153 40187 21465
154 6992 13230
155 5598 14355
156 3591 13095
157 4248 13905
158 10060 10719
159 6519 11229
160 5469 12169
161 5160 13172
162 31902 24232
163 3132 6470
164 2970 8280
165 1809 8100
166 5000 5967
167 1579 6750
168 5590 4513
169 3290 3757
170 35173 9630
171 34918 8775
172 36370 11907
173 36536 10521
174 34551 10905
175 34558 12309
176 33199 13311
177 34389 4005
178 32481 12015
179 32160 9489
180 32793 10635
181 32835 8977
182 33412 25953
183 31095 9000
184 34578 7065
185 27054 26595
186 33661 24657
187 34945 26349
188 31074 23955
189 30558 26365
190 29929 23760
191 26643 23193
192 43492 5581
193 45081 6570
194 43351 3333
195 43232 8019
196 44980 3330
197 44631 2025
198 36302 6282
199 40116 5563
200 34546 1485
201 41283 8100
202 40628 6975
203 36366 1593
204 37873 2331
205 39107 3533
206 37152 3645
207 34645 4185
208 37721 2710
209 41177 2407
210 35708 4740
211 33625 2835
212 34929 3375
213 42498 2160
214 39699 1800
215 35940 6975
216 37484 5643
217 37447 8491
218 38475 6698
219 38741 8201
220 41355 1575
221 43051 1620
222 42268 1485
223 17744 3051
224 18783 1575
225 18801 6165
226 18090 3510
227 18555 4434
228 17685 2025
229 19902 2921
230 17779 2025
231 19341 5445
232 17550 5265
233 20702 4927
234 14956 16852
235 14992 18326
236 8646 10519
237 3888 9652
238 6420 9059
239 8100 2025
240 8487 11745
241 8711 8415
242 12275 10758
243 10700 11308
244 13829 10611
245 14726 12046
246 18693 26145
247 5715 7425
248 9357 7005
249 17430 6525
250 15053 6259
251 14400 8805
252 15549 7695
253 13738 8317
254 15481 9072
255 11507 7965
256 16746 4792
257 15454 4455
258 15264 2230
259 16750 3213
260 17406 3825
261 16356 3555
262 14085 3735
263 15943 1350
264 12332 5168
265 9385 3375
266 10746 6048
267 12476 2578
268 10608 2025
269 14234 5319
270 8320 5410
271 9520 5103
272 10308 4509
273 27713 21876
274 28422 20970
275 27536 20423
276 29842 22275
277 26782 24795
278 26438 21357
279 28416 25443
280 28701 26595
281 26653 23330
282 25237 24065
283 27945 27135
284 27580 26055
285 24597 27135
286 24624 26055
287 24246 26595
288 25596 27135
289 25195 25740
290 25191 26775
291 25407 26325
292 47070 14731
293 47346 12362
294 47903 17550
295 48320 15377
296 51019 19299
297 48483 15047
298 53176 17955
299 53298 17280
300 45900 16402
301 45289 15471
302 48664 13689
303 50236 16875
304 49842 12251
305 51598 14563
306 52508 12791
307 53419 14040
308 52299 16756
309 48042 13545
310 49590 11295
311 17420 22275
312 14526 21555
313 12204 26595
314 17229 25862
315 15579 26595
316 16364 26370
317 17570 25346
318 14107 26730
319 15111 26280
320 12771 26865
321 13208 22032
322 13262 24688
323 15726 23695
324 12281 22699
325 11790 21735
326 18430 20979
327 17253 20520
328 23328 20019
329 18687 22583
330 19669 22460
331 18518 23817
332 22011 22005
333 24129 19350
334 23475 22442
335 24732 18945
336 24867 19440
337 25218 24570
338 25128 21735
339 24900 20891
340 23868 27135
341 21708 22716
342 22302 24030
343 51174 21872
344 49437 23017
345 48546 22275
346 50764 17955
347 46603 19739
348 53514 19980
349 52997 20655
350 45225 25110
351 47080 25437
352 47911 24286
353 46096 24364
354 45949 22167
355 44831 24203
356 50794 23509
357 51306 24738
358 52096 24473
359 49123 19946
360 51311 26055
361 49601 24680
362 27634 9450
363 13378 18900
364 13448 15181
365 11094 13545
366 13856 13905
367 15471 12663
368 27136 13095
369 12614 13365
370 11315 16870
371 13095 14580
372 12736 12897
373 9832 13500
374 28257 11667
375 8128 17033
376 6685 15536
377 8170 19676
378 7816 18360
379 9102 15255
380 11943 18315
381 9043 21252
382 14509 20385
383 20763 26595
384 20453 25528
385 20985 24825
386 13729 19305
387 15897 20074
388 28428 28485
389 42 9420
390 20748 28485
391 35532 42
392 55011 5772
393 11148 28485
394 35148 28485
395 55011 7788
396 49068 28485
397 36012 28485
398 9996 28485
399 55011 6444
400 18252 42
401 55011 12108
402 48396 28485
403 55011 11820
404 8844 42
405 8460 42
406 46572 28485
407 55011 6924
408 42 9900
409 50892 42
410 7788 28485
411 15756 42
412 5484 28485
413 55011 10668
414 13164 28485
415 46956 28485
416 55011 24588
417 46188 28485
418 55011 23052
419 49836 42
420 42 21708
421 48204 28485
422 42 10284
423 55011 10092
424 9516 42
425 3276 28485
426 48396 42
427 42 6252
428 40044 28485
429 50124 28485
430 47244 42
431 46092 28485
432 35628 28485
433 16620 42
434 55011 25452
435 46956 42
436 55011 11244
437 43500 42
438 43596 42
439 9324 42
440 55011 26124
441 7884 28485
442 16908 42
443 42 21228
444 17388 42
445 4908 42
446 42 15852
447 46476 42
448 10284 28485
449 55011 6156
450 38508 28485
451 42 20940
452 42 16908
453 50220 28485
454 45228 28485
455 16812 42
456 20844 28485
457 45228 42
458 48684 42
459 42 13548
460 17580 42
461 48972 28485
462 42 22572
463 42 15756
464 19788 42
465 16428 42
466 18444 42
467 23340 28485
468 18348 42
469 16140 42
470 33996 42
471 24588 28485
472 32652 42
473 26988 42
474 27180 42
475 27276 42
476 25740 42
477 25836 42
478 28044 28485
479 32556 42
480 32268 42
481 32844 42
482 32748 42
483 37932 42
484 39756 42
485 34668 42
486 27948 28485
487 34284 42
488 34572 42
489 27756 28485
490 42 9516
491 42 14124
492 15084 42
493 14892 42
494 21804 28485
495 21612 28485
496 21900 28485
497 21324 28485
498 17868 28485
499 17772 28485
500 55011 12492
501 55011 12876
502 55011 12396
503 39660 42
504 39276 42
505 39372 42
506 15852 42
507 17196 28485
508 16908 28485
509 18156 28485
510 21996 28485
511 18060 28485
512 18828 28485
513 16812 28485
514 17004 28485
515 17964 28485
516 15756 28485
517 23148 28485
518 16044 42
519 17004 42
520 16236 42
521 7884 42
522 7980 42
523 29196 42
524 42 14220
525 34188 42
526 34380 42
527 29100 42
528 34092 42
529 33132 42
530 22764 28485
531 29004 42
532 15276 42
533 15564 42
534 22668 28485
535 27372 28485
536 27276 28485
537 33804 42
538 33708 42
539 33228 42
540 33612 42
541 26796 42
542 27468 28485
543 19788 28485
544 20076 28485
545 19884 28485
546 19980 28485
547 18156 42
548 18060 42
549 42 14988
550 17292 42
551 17676 28485
552 17580 28485
553 17484 28485
554 27084 42
555 55011 12588
556 55011 12684
557 55011 12780
558 15852 28485
559 15660 28485
560 22476 28485
561 30540 42
562 25068 28485
563 23052 28485
564 23532 28485
565 23820 28485
566 26220 28485
567 27180 28485
568 27084 28485
569 26988 28485
570 25452 28485
571 28236 28485
572 27564 28485
573 25932 28485
574 26124 28485
575 17868 42
576 17676 42
577 17484 42
578 18732 28485
579 18348 28485
580 19692 42
581 18636 42
582 19692 28485
583 17100 42
584 17196 42
585 42 18924
586 42 20652
587 8556 42
588 9036 42
589 19212 28485
590 19116 28485
591 20268 28485
592 22092 28485
593 18924 28485
594 19308 28485
595 21228 28485
596 20652 28485
597 21036 28485
598 25356 28485
599 23244 28485
600 23916 28485
601 24396 28485
602 24300 28485
603 26028 28485
604 18252 28485
605 16716 28485
606 16524 28485
607 16620 28485
608 18444 28485
609 18636 28485
610 19020 28485
611 19404 28485
612 22188 28485
613 42 15276
614 42 14508
615 42 14604
616 42 14316
617 42 13932
618 42 12012
619 15660 42
620 42 19404
621 17292 28485
622 17388 28485
623 26796 28485
624 26700 28485
625 20556 28485
626 21996 42
627 24012 42
628 22860 28485
629 22572 28485
630 22380 28485
631 20172 28485
632 21420 42
633 19596 28485
634 22668 42
635 23724 28485
636 21132 28485
637 42 13740
638 15372 42
639 42 15948
640 15948 42
641 29484 42
642 31404 28485
643 14124 42
644 20460 28485
645 44268 42
646 42 7308
647 23628 28485
648 31500 28485
649 44364 28485
650 14988 42
651 55011 13644
652 31020 28485
653 43500 28485
654 42 13164
655 36972 42
656 44268 28485
657 21324 42
658 30348 42
659 37740 28485
660 27852 28485
661 39564 42
662 19500 28485
663 55011 11628
664 35436 28485
665 32364 42
666 36780 42
667 55011 20364
668 26412 42
669 36396 28485
670 30444 42
671 21228 42
672 17100 28485
673 15564 28485
674 25260 28485
675 42 5388
676 20364 28485
677 13644 28485
678 23724 42
679 42 4140
680 23340 42
681 22284 28485
682 23436 42
683 24492 42
684 23916 42
685 28332 28485
686 55011 24972
687 11532 42
688 55011 25068
689 23532 42
690 19212 42
691 55011 11724
692 8748 42
693 9708 42
694 36876 28485
695 55011 6540
696 28140 28485
697 42 18828
698 11340 28485
699 42 10668
700 42 12972
701 26892 28485
702 55011 27084
703 6252 42
704 55011 6348
705 6540 42
706 55011 7500
707 47340 42
708 47148 28485
709 49164 42
710 8172 28485
711 6636 42
712 48876 42
713 47724 42
714 7980 28485
715 55011 9708
716 42 16524
717 5100 28485
718 42 11148
719 44364 42
720 47052 42
721 7500 42
722 40908 28485
723 16524 42
724 50604 42
725 7404 42
726 42 11052
727 25548 28485
728 55011 11340
729 50508 42
730 42 15468
731 5004 42
732 11916 28485
733 48588 28485
734 46668 28485
735 42 17100
736 55011 23820
737 55011 10860
738 25644 28485
739 19500 42
740 42 4524
741 44556 28485
742 42636 28485
743 42 10188
744 24588 42
745 47148 42
746 5292 42
747 16716 42
748 21708 28485
749 23436 28485
750 49548 42
751 55011 8172
752 40812 28485
753 47340 28485
754 46860 42
755 46284 42
756 55011 25260
757 7692 28485
758 37452 28485
759 42 11532
760 24108 28485
761 26316 28485
762 42 4716
763 42 11724
764 55011 22380
765 6348 42
766 55011 25164
767 9612 42
768 42 21324
769 43212 28485
770 42 9708
771 24204 28485
772 5100 42
773 55011 9996
774 10572 42
775 23628 42
776 47820 28485
777 48876 28485
778 48012 42
779 42 14892
780 41964 28485
781 42 23052
782 24876 28485
783 25836 28485
784 7116 42
785 50988 42
786 44172 28485
787 5868 28485
788 44172 42
789 42 5772
790 16332 42
791 55011 25644
792 8364 42
793 45612 42
794 24684 28485
795 36588 28485
796 46764 28485
797 55011 9612
798 5388 28485
799 49932 42
800 42 7500
801 44844 28485
802 55011 11916
803 38316 28485
804 6828 28485
805 24492 28485
806 42 19596
807 42828 28485
808 44748 42
809 43692 28485
810 42 11820
811 33516 42
812 8940 28485
813 5964 42
814 39084 28485
815 40524 28485
816 24780 28485
817 17772 42
818 42 8364
819 24396 42
820 42 12108
821 42 9996
822 46572 42
823 7788 42
824 9420 28485
825 41100 28485
826 10092 28485
827 22956 28485
828 6540 28485
829 42 20172
830 37164 28485
831 9420 42
832 38412 28485
833 5868 42
834 44076 28485
835 55011 24876
836 46092 42
837 55011 7212
838 19116 42
839 55011 24684
840 9900 28485
841 41292 28485
842 38604 28485
843 55011 7692
844 8076 42
845 55011 7404
846 42 13836
847 17964 42
848 5580 28485
849 55011 26796
850 49452 42
851 45612 28485
852 47436 42
853 48108 42
854 44748 28485
855 47916 28485
856 39852 28485
857 38796 28485
858 8652 42
859 42 12684
860 55011 6636
861 3084 28485
862 55011 22188
863 55011 11052
864 55011 22284
865 51084 42
866 8172 42
867 8268 42
868 38892 28485
869 42 5868
870 42 1548
871 42 20268
872 41868 28485
873 42 21132
874 40620 28485
875 48300 42
876 45420 28485
877 55011 9516
878 46188 42
879 42 3756
880 9132 28485
881 55011 5868
882 44460 42
883 42 5676
884 42 22668
885 55011 21996
886 42 21420
887 42 1452
888 24972 28485
889 45132 42
890 51276 42
891 36108 28485
892 9036 28485
893 45036 28485
894 55011 10956
895 37548 28485
896 55011 26988
897 42 17964
898 42 3564
899 39468 42
900 42 19308
901 42 780
902 39660 28485
903 46380 42
904 45036 42
905 11244 28485
906 42 3660
907 42 15180
908 37068 28485
909 42 18444
910 39180 42
911 7596 28485
912 46668 42
913 55011 7020
914 47436 28485
915 42 17484
916 42 16332
917 42 20364
918 55011 10380
919 42444 28485
920 42 876
921 40428 28485
922 42 16620
923 45516 42
924 55011 24396
925 8076 28485
926 42 2700
927 43788 42
928 48492 42
929 44460 28485
930 39564 28485
931 14796 28485
932 42 16428
933 42 16044
934 41388 28485
935 42 1740
936 20748 42
937 13452 28485
938 42 2316
939 47628 42
940 8556 28485
941 12204 28485
942 20556 42
943 41484 28485
944 46284 28485
945 55011 8364
946 10572 28485
947 52716 42
948 42 10572
949 42 1836
950 9324 28485
951 35532 28485
952 42 3372
953 42 20460
954 21036 42
955 8460 28485
956 42 5484
957 42 20076
958 42 1644
959 42 11916
960 37356 28485
961 42 5292
962 49644 42
963 55011 8748
964 36684 28485
965 32748 28485
966 42 4620
967 45708 28485
968 33900 42
969 42 8268
970 37932 28485
971 45324 28485
972 50124 42
973 10380 28485
974 55011 11148
975 39756 28485
976 50316 42
977 47532 42
978 55011 10284
979 21420 28485
980 50412 28485
981 34476 42
982 33420 42
983 42 5004
984 47724 28485
985 4140 28485
986 42 1260
987 36492 28485
988 42 3180
989 42 7788
990 43788 28485
991 42 17388
992 25164 28485
993 42 15660
994 42 16236
995 42 5964
996 55011 9804
997 55011 6828
998 42 19980
999 47052 28485
1000 50412 42
1001 20076 42
1002 38124 28485
1003 18540 28485
1004 7308 28485
1005 55011 23724
1006 40236 28485
1007 55011 24780
1008 6636 28485
1009 53004 42
1010 42 19692
1011 41676 28485
1012 39948 28485
1013 38028 28485
1014 15468 28485
1015 8364 28485
1016 37260 28485
1017 55011 26700
1018 42 15372
1019 9228 28485
1020 9612 28485
1021 45900 28485
1022 10764 28485
1023 6732 28485
1024 47916 42
1025 27660 28485
1026 48492 28485
1027 42 15564
1028 43980 28485
1029 51756 42
1030 55011 26508
1031 14700 28485
1032 55011 8556
1033 42 13644
1034 42 10476
1035 49740 42
1036 25740 28485
1037 48012 28485
1038 8844 28485
1039 42 11340
1040 20652 42
1041 42 2412
1042 39276 28485
1043 9804 28485
1044 49068 42
1045 42 7404
1046 43020 28485
1047 42 5196
1048 43116 28485
1049 34476 28485
1050 9516 28485
1051 55011 11436
1052 42 8460
1053 55011 12012
1054 55011 6060
1055 55011 23340
1056 47628 28485
1057 3180 28485
1058 55011 11532
1059 45804 42
1060 39468 28485
1061 36972 28485
1062 42 1164
1063 7500 28485
1064 2892 28485
1065 42924 28485
1066 35916 28485
1067 48108 28485
1068 38700 28485
1069 36204 28485
1070 42 17292
1071 41772 28485
1072 41004 28485
1073 49356 42
1074 48972 42
1075 48684 28485
1076 42 21036
1077 55011 22956
1078 55011 25356
1079 5772 28485
1080 55011 10572
1081 55011 10188
1082 50316 28485
1083 38988 28485
1084 42 12204
1085 46476 28485
1086 45996 42
1087 55011 8940
1088 55011 9900
1089 41580 28485
1090 55011 6252
1091 20460 42
1092 55011 8076
1093 44940 28485
1094 42 12588
1095 38220 28485
1096 50220 42
1097 42 12396
1098 55011 9036
1099 42 7692
1100 14508 28485
1101 55011 24108
1102 42 16812
1103 42 4332
1104 55011 7980
1105 42 12876
1106 8748 28485
1107 42 14700
1108 42060 28485
1109 45996 28485
1110 42 18540
1111 55011 6732
1112 55011 26220
1113 55011 8268
1114 7020 28485
1115 48780 42
1116 52524 42
1117 22284 42
1118 55011 23148
1119 42 10860
1120 42 10764
1121 10956 28485
1122 42 18252
1123 45708 42
1124 42 14796
1125 42 21612
1126 42 18636
1127 35724 28485
1128 44076 42
1129 42 17580
1130 42540 28485
1131 32844 28485
1132 42 19884
1133 42 20844
1134 42 20556
1135 40716 28485
1136 42 19116
1137 25932 42
1138 42 2124
1139 42 21516
1140 42 4812
1141 8268 28485
1142 48204 42
1143 45420 42
1144 42 17868
1145 11052 28485
1146 47820 42
1147 51372 42
1148 28908 42
1149 42 2892
1150 20268 42
1151 26412 28485
1152 55011 10476
1153 55011 26604
1154 43884 42
1155 42 3852
1156 42 18156
1157 47532 28485
1158 42 14028
1159 33324 42
1160 6348 28485
1161 39180 28485
1162 42 2796
1163 43692 42
1164 42 19788
1165 42 19212
1166 55011 9228
1167 42 7884
1168 42 17772
1169 35244 28485
1170 34764 42
1171 42 14412
1172 55011 12300
1173 42 4428
1174 55011 5964
1175 55011 5100
1176 42 1932
1177 42 19500
1178 42 15084
1179 34284 28485
1180 39372 28485
1181 30732 42
1182 44652 42
1183 55011 26892
1184 48300 28485
1185 11820 28485
1186 55011 8652
1187 43404 28485
1188 42 13452
1189 42 12492
1190 55011 7308
1191 43308 28485
1192 42 6060
1193 42156 28485
1194 42 3468
1195 42348 28485
1196 42 20748
1197 55011 8844
1198 42 13068
1199 42 2028
1200 19980 42
1201 44940 42
1202 24012 28485
1203 32460 42
1204 35340 28485
1205 10668 28485
1206 50700 42
1207 42 11244
1208 36780 28485
1209 42 16140
1210 45324 42
1211 42 13260
1212 43980 42
1213 20844 42
1214 42 8076
1215 48588 42
1216 20364 42
1217 42 7596
1218 42732 28485
1219 45132 28485
1220 42 13356
1221 10476 28485
1222 29484 28485
1223 42 18060
1224 55011 9420
1225 20172 42
1226 42 3276
1227 36300 28485
1228 55011 26412
1229 40332 28485
1230 42 9612
1231 46380 28485
1232 45900 42
1233 42 2988
1234 46764 42
1235 43884 28485
1236 42 7980
1237 55011 24492
1238 45804 28485
1239 55011 7884
1240 55011 7596
1241 35820 28485
1242 42 3948
1243 6924 28485
1244 37644 28485
1245 42252 28485
1246 23820 42
1247 42 8172
1248 42 18348
1249 42 2508
1250 44652 28485
1251 26508 28485
1252 50028 42
1253 50796 42
1254 55011 10764
1255 42 17004
1256 42 5100
1257 20940 42
1258 42 10956
1259 42 17676
1260 55011 9132
1261 11532 28485
1262 55011 8460
1263 55011 26316
1264 42 1068
1265 9708 28485
1266 55011 12204
1267 42 5580
1268 42 16716
1269 42 10380
1270 45516 28485
1271 49260 42
1272 8652 28485
1273 41196 28485
1274 42 1356
1275 44844 42
1276 10188 28485
1277 42 4044
1278 42 19020
1279 42 2220
1280 16428 28485
1281 10860 28485
1282 42 2604
1283 42 3084
1284 4908 28485
1285 4236 28485
1286 46860 28485
1287 20940 28485
1288 42 18732
1289 47244 28485
1290 21132 42
1291 42 12300
1292 44556 42
1293 26604 28485
1294 42 972
1295 42 17196
1296 55011 7116
1297 43596 28485
1298 42 10092
1299 42 9804
1300 48780 28485
1301 21516 28485
1302 28524 28485
1303 51180 42
1304 42 11436
1305 42 4908
1306 42 4236
1307 42 11628
1308 42 12780
1309 37836 28485
1310 42 6156
1311 55011 9324
1312 40140 28485
