0 28076 14418
1 44631 2025
2 1539 2025
3 39123 1485
4 23803 24423
5 9396 12015
6 6739 7033
7 7571 5386
8 5235 5655
9 5929 4401
10 24905 25939
11 24698 19143
12 23523 17347
13 22576 18868
14 24934 26055
15 25980 25336
16 3478 2250
17 3162 2583
18 3516 5058
19 2095 3735
20 23020 26379
21 33969 3571
22 32387 2222
23 30699 1620
24 36145 2674
25 34830 5445
26 35836 4917
27 26948 26122
28 13680 22699
29 14786 25120
30 4419 15210
31 7434 13365
32 42517 20445
33 43664 19345
34 45531 20974
35 44820 22545
36 43578 17010
37 45067 17077
38 46518 19206
39 45002 18967
40 44631 18225
41 15950 25852
42 1944 14805
43 2799 14985
44 3702 14067
45 10530 7224
46 12973 7414
47 12610 9450
48 11407 9990
49 10031 9603
50 10000 10901
51 10176 9255
52 1638 14040
53 5759 13635
54 6707 14830
55 20904 25177
56 33109 25294
57 8946 22005
58 6435 22836
59 10692 26325
60 6112 21411
61 33509 24381
62 33297 26190
63 26714 2261
64 25227 1800
65 27056 3612
66 31555 25206
67 32168 23670
68 19237 22167
69 30474 24021
70 7625 3490
71 20228 26379
72 5469 2754
73 6886 1890
74 17658 17077
75 19988 17884
76 18616 17640
77 18373 19237
78 19814 20125
79 21108 19185
80 24949 15708
81 23019 15274
82 25488 13950
83 22104 15975
84 23793 14040
85 45448 23679
86 45589 22680
87 46422 25965
88 46230 25297
89 48489 25677
90 47979 24030
91 44140 25981
92 24525 22905
93 24232 23827
94 23365 21860
95 21854 21205
96 4731 20565
97 3228 20431
98 4652 22626
99 12198 21413
100 13655 23228
101 14931 23445
102 12564 24975
103 32343 16981
104 31041 16155
105 32859 17550
106 37431 18225
107 32926 14755
108 39690 16355
109 39579 17793
110 36947 17877
111 37476 25785
112 38977 19035
113 30909 14745
114 34573 15052
115 38878 25587
116 38133 26325
117 39033 23755
118 41661 4545
119 44246 5265
120 42648 5457
121 41752 7113
122 41086 5903
123 44934 5838
124 41651 8836
125 40459 9450
126 37901 13894
127 36246 13698
128 36490 15255
129 37468 16310
130 37293 26460
131 34327 13145
132 35082 12285
133 33534 1215
134 31536 26595
135 13412 1687
136 16038 4226
137 14719 4635
138 15128 2788
139 16543 1770
140 13878 3375
141 39681 7715
142 38288 8833
143 36598 8505
144 37003 7863
145 38052 6975
146 37476 4725
147 37928 5805
148 36791 6113
149 36396 7425
150 39450 5501
151 42984 1971
152 41359 3350
153 39981 2642
154 38640 1870
155 38155 4062
156 39997 4563
157 45198 11794
158 45081 8775
159 43924 9756
160 43557 7487
161 47256 10523
162 3850 18393
163 3550 16901
164 2171 18039
165 25191 7425
166 26333 6136
167 27023 7745
168 28122 6460
169 27708 8733
170 47865 20709
171 50196 21391
172 48992 22757
173 47101 22410
174 47988 19485
175 48465 19845
176 3334 26055
177 5207 25728
178 5835 24905
179 7590 17381
180 6500 15981
181 5474 18832
182 5573 18109
183 7209 18630
184 35568 11176
185 37159 11783
186 36985 10093
187 33734 9482
188 32060 10102
189 43848 14647
190 45326 13713
191 44077 14917
192 47350 13131
193 45609 15772
194 8876 23490
195 9472 24533
196 24281 4282
197 23937 2120
198 25074 5355
199 8086 25650
200 9364 25146
201 3528 9979
202 2535 11433
203 4707 11229
204 43504 23015
205 41855 24250
206 42105 25463
207 29440 4256
208 29764 1917
209 29115 5445
210 30477 3186
211 9629 25809
212 10582 2250
213 10752 4881
214 9001 3543
215 10206 5715
216 10058 3987
217 12303 3915
218 13257 3645
219 8532 26055
220 11430 24867
221 17955 6075
222 32906 7386
223 30387 6971
224 35133 6480
225 35253 7785
226 32935 4953
227 29592 2205
228 31847 5517
229 33858 5400
230 52150 17730
231 51776 16482
232 51681 19485
233 49797 20025
234 49876 19035
235 49033 17577
236 48714 15619
237 47108 16293
238 6990 11745
239 6728 9568
240 8322 8532
241 18981 4333
242 41595 22395
243 40368 21399
244 40463 19305
245 16564 5940
246 45494 2445
247 17570 4098
248 44577 1575
249 43687 3540
250 45166 4086
251 20266 4077
252 18835 2045
253 19710 1755
254 21740 2537
255 21964 1485
256 22855 1755
257 22005 5110
258 20223 5850
259 49270 5702
260 50142 6765
261 51719 6679
262 26640 15975
263 28541 16101
264 28687 19917
265 28143 22815
266 28512 23952
267 27131 15018
268 29369 14580
269 29785 18315
270 1662 23316
271 2322 22300
272 3192 24135
273 13287 18022
274 12732 19245
275 17237 18523
276 16727 19971
277 15417 18112
278 15426 18675
279 14406 21217
280 14742 19665
281 47201 4416
282 46540 6345
283 46166 5419
284 46946 3645
285 47848 2454
286 50145 4117
287 51167 2687
288 49903 2000
289 50977 24310
290 51741 25657
291 51982 22765
292 34647 17617
293 35304 18113
294 34853 20295
295 33320 20736
296 32681 19261
297 4470 8182
298 2070 8667
299 2939 7116
300 2511 6750
301 36162 20835
302 38894 21132
303 37467 20925
304 37324 19346
305 36918 22221
306 35626 24712
307 34596 22637
308 17057 25987
309 16682 23798
310 16765 22222
311 18072 26055
312 50589 12307
313 51231 14574
314 48861 14355
315 52164 12690
316 52042 10867
317 48656 13477
318 30148 22248
319 31690 21678
320 26554 22950
321 29690 20713
322 26745 21186
323 25626 23200
324 25002 22095
325 25758 17280
326 26983 18279
327 48684 8336
328 24327 25785
329 51131 8586
330 49837 9855
331 47268 8127
332 9984 14463
333 8640 12593
334 8218 14073
335 10541 13213
336 8748 27842
337 22380 42
338 42 21132
339 33228 27842
340 24972 27842
341 31212 42
342 28908 42
343 42 18924
344 42 20076
345 53726 22956
346 53726 22860
347 32172 27842
348 43980 27842
349 53726 12492
350 53726 12780
351 53726 10956
352 53726 10764
353 53726 10860
354 31500 42
355 24396 27842
356 25452 27842
357 42 14412
358 37260 27842
359 32076 42
360 29388 42
361 42 19884
362 21420 42
363 31500 27842
364 31404 27842
365 18348 27842
366 53726 12588
367 53726 11148
368 53726 11052
369 37164 27842
370 36780 27842
371 42 20268
372 42 20172
373 22284 42
374 42 19980
375 19308 27842
376 32268 27842
377 33132 27842
378 14604 27842
379 17868 27842
380 53726 12684
381 27084 27842
382 36876 27842
383 32172 42
384 31980 42
385 53726 23052
386 15372 27842
387 31308 42
388 31404 42
389 21516 42
390 42 15660
391 31884 42
392 33036 27842
393 14988 27842
394 42 16044
395 27948 27842
396 27852 27842
397 27468 27842
398 18252 27842
399 17964 27842
400 27756 27842
401 29196 27842
402 17772 27842
403 17580 27842
404 42 14892
405 10092 27842
406 8460 27842
407 8268 27842
408 7980 27842
409 44364 27842
410 8652 27842
411 42 17580
412 42 16716
413 42 14988
414 9228 27842
415 42 14508
416 33324 42
417 33228 42
418 33516 42
419 33708 42
420 33612 42
421 42 18060
422 27564 27842
423 42 16812
424 42 15948
425 26892 27842
426 33420 42
427 42 17196
428 42 16908
429 42 17004
430 42 17676
431 42 17868
432 42 17772
433 42 14124
434 21612 42
435 22188 42
436 21900 42
437 22092 42
438 21996 42
439 21804 42
440 42 15468
441 13164 27842
442 20364 42
443 29100 42
444 35820 27842
445 12492 27842
446 53726 9324
447 42828 42
448 43212 27842
449 53726 21132
450 11436 27842
451 53726 9612
452 53726 15372
453 32460 27842
454 45132 27842
455 53726 21708
456 16908 27842
457 37644 42
458 42 4332
459 41484 27842
460 42 5100
461 29004 27842
462 53726 9708
463 12780 27842
464 53726 12876
465 4332 27842
466 42 7500
467 47148 42
468 23148 42
469 12012 27842
470 53726 21036
471 33900 27842
472 41388 27842
473 28908 27842
474 41772 42
475 42 6636
476 4044 27842
477 16524 27842
478 53726 9804
479 33900 42
480 4428 27842
481 53726 24876
482 42 15564
483 53726 12012
484 42 4716
485 25740 27842
486 15948 27842
487 53726 9228
488 35628 27842
489 37068 42
490 42252 27842
491 48204 27842
492 34860 27842
493 12396 27842
494 28524 42
495 53726 10188
496 44748 42
497 41676 42
498 42 1356
499 19212 27842
500 42 13644
501 34188 27842
502 13260 27842
503 42 6060
504 42 17100
505 31020 27842
506 42 2220
507 42 6156
508 41868 42
509 42 14796
510 41388 42
511 42540 27842
512 42 6828
513 42 5004
514 53726 22764
515 35532 27842
516 41676 27842
517 53726 12108
518 11628 27842
519 53726 21900
520 41292 42
521 42060 42
522 42 11916
523 29004 42
524 41964 27842
525 42 7212
526 42 7020
527 41484 42
528 42 1452
529 21708 42
530 53726 21612
531 26508 42
532 42156 42
533 42 5292
534 4140 27842
535 42 16332
536 26796 42
537 42 4908
538 42 11820
539 30252 27842
540 38892 27842
541 42 5484
542 53726 13068
543 20172 42
544 42 7692
545 28620 42
546 31116 42
547 53726 10572
548 30156 27842
549 41100 42
550 11148 27842
551 7500 27842
552 42 11148
553 42252 42
554 37356 42
555 31020 42
556 37068 27842
557 53726 7500
558 11052 27842
559 34092 27842
560 46860 42
561 42 11724
562 12972 27842
563 42 5388
564 42636 42
565 53726 9420
566 42 4428
567 16332 27842
568 27180 27842
569 22860 42
570 29196 42
571 40908 42
572 23436 42
573 42 18636
574 20460 42
575 40044 42
576 41196 42
577 18060 27842
578 42 6348
579 4236 27842
580 26124 27842
581 45612 42
582 28620 27842
583 45324 27842
584 42 17964
585 42 7404
586 32940 27842
587 30348 42
588 37548 42
589 20076 42
590 42 5964
591 28236 27842
592 28524 27842
593 42 17292
594 28140 42
595 44172 42
596 25644 27842
597 33804 42
598 42 1836
599 42 23244
600 32652 42
601 39948 42
602 39276 27842
603 40620 42
604 48108 27842
605 42 13932
606 29772 42
607 35436 27842
608 53726 13836
609 43884 42
610 34572 27842
611 42 16236
612 42 1548
613 47724 27842
614 42 4812
615 30060 27842
616 28236 42
617 29676 42
618 42 1164
619 35340 27842
620 42 12012
621 34476 27842
622 42 6252
623 42 14220
624 29100 27842
625 42 11340
626 20268 42
627 44460 42
628 42 1644
629 28332 42
630 53726 21516
631 53726 11244
632 29580 42
633 53726 10092
634 42 7308
635 42 2124
636 32748 27842
637 13356 27842
638 42 5868
639 53726 16044
640 26796 27842
641 18156 27842
642 44652 42
643 42 11628
644 29484 42
645 34764 27842
646 23820 42
647 44268 42
648 42060 27842
649 44076 27842
650 42444 42
651 42 6732
652 42 6924
653 53726 13260
654 42 11436
655 25260 27842
656 35916 42
657 43596 42
658 53726 20076
659 12876 27842
660 40140 42
661 42 16428
662 21996 27842
663 37164 42
664 28140 27842
665 42 15852
666 25068 27842
667 30156 42
668 42 17388
669 32844 42
670 47916 27842
671 18444 27842
672 42 7116
673 42 1260
674 28428 42
675 42 13164
676 42 15756
677 28716 27842
678 43212 42
679 42 4620
680 42 13740
681 30540 27842
682 31212 27842
683 33804 27842
684 17100 27842
685 11340 27842
686 42 12108
687 30732 27842
688 28812 42
689 23628 42
690 48012 27842
691 19980 42
692 17004 27842
693 27276 27842
694 34380 27842
695 44076 42
696 28716 42
697 29292 42
698 35052 27842
699 13068 27842
700 53726 16140
701 53726 20364
702 47820 27842
703 39660 42
704 53726 13164
705 39276 42
706 42540 42
707 42 16140
708 42 3756
709 7212 27842
710 32652 27842
711 43980 42
712 5868 27842
713 53726 20172
714 42732 42
715 42 7596
716 41004 42
717 53726 9516
718 26604 27842
719 53726 11820
720 44748 27842
721 33996 27842
722 40236 42
723 42 6444
724 39756 42
725 16140 27842
726 53726 9996
727 35148 27842
728 53726 13740
729 34668 27842
730 42444 27842
731 40332 42
732 42 3180
733 26988 27842
734 42 5772
735 38028 27842
736 40428 42
737 42 13068
738 36972 27842
739 42 12972
740 45036 27842
741 34956 27842
742 42 17484
743 26508 27842
744 53726 10380
745 26220 27842
746 41868 27842
747 41580 42
748 39468 42
749 42 16524
750 53726 10668
751 42348 27842
752 40716 42
753 17292 27842
754 35244 27842
755 17388 27842
756 42 7788
757 44364 42
758 20076 27842
759 39180 42
760 53726 13548
761 42 3852
762 40812 42
763 53726 20556
764 42 4524
765 12300 27842
766 21804 27842
767 53726 13644
768 42 6540
769 41772 27842
770 35724 27842
771 42 14604
772 49356 42
773 42 2028
774 53726 14796
775 16812 27842
776 42 1932
777 34284 27842
778 31884 27842
779 41964 42
780 42348 42
781 16044 27842
782 39852 42
783 42 11532
784 43596 27842
785 44172 27842
786 42 13356
787 18732 27842
788 53726 9900
789 39372 42
790 53726 20268
791 5196 27842
792 42 5580
793 42 7884
794 42 16620
795 40524 42
796 31980 27842
797 39564 42
798 26700 27842
799 42 1740
800 53726 21420
801 31596 27842
802 31692 27842
803 18828 27842
804 18924 27842
805 31788 27842
806 31308 27842
807 30924 27842
808 19500 27842
809 42 20940
810 19596 27842
811 30348 27842
812 29772 27842
813 29868 27842
814 30444 27842
815 19788 27842
816 20556 27842
817 20748 27842
818 20940 27842
819 20652 27842
820 29676 27842
821 21324 27842
822 28812 27842
823 29292 27842
824 21900 27842
825 29484 27842
826 28332 27842
827 28428 27842
828 22188 27842
829 22476 27842
830 27660 27842
831 24204 27842
832 23724 27842
833 23052 27842
834 23628 27842
835 24012 27842
836 24300 27842
837 23436 27842
838 23532 27842
839 23820 27842
840 24108 27842
841 25356 27842
842 29964 27842
843 22380 27842
844 22668 27842
845 27372 27842
846 23244 27842
847 22572 27842
848 23916 27842
849 25836 27842
850 37932 27842
851 26316 27842
852 26412 27842
853 25548 27842
854 26028 27842
855 24588 27842
856 25164 27842
857 24780 27842
858 24876 27842
859 24684 27842
860 24492 27842
861 25932 27842
862 21612 27842
863 22284 27842
864 22092 27842
865 28044 27842
866 22860 27842
867 22764 27842
868 23148 27842
869 22956 27842
870 23340 27842
871 18636 27842
872 16716 27842
873 15564 27842
874 42 5196
875 16620 27842
876 42 11244
877 42 10860
878 16428 27842
879 42 10956
880 42 11052
881 53726 10284
882 30636 27842
883 32364 27842
884 19116 27842
885 17676 27842
886 15756 27842
887 14796 27842
888 15852 27842
889 32844 27842
890 14700 27842
891 16236 27842
892 19020 27842
893 18540 27842
894 15276 27842
895 15180 27842
896 14892 27842
897 15660 27842
898 17484 27842
899 15084 27842
900 42 13836
901 42 14028
902 42 12588
903 42 13260
904 42 14316
905 15468 27842
906 42 13452
907 17196 27842
908 19404 27842
909 19692 27842
910 31116 27842
911 32076 27842
912 30828 27842
913 19980 27842
914 20844 27842
915 21228 27842
916 21036 27842
917 20268 27842
918 20460 27842
919 20172 27842
920 20364 27842
921 19884 27842
922 21516 27842
923 29580 27842
924 21420 27842
925 21132 27842
926 29388 27842
927 21708 27842
928 42 5676
929 32556 27842
