0 50898 26635
1 84807 1485
2 91989 50625
3 26001 48915
4 30785 47589
5 53890 32083
6 54158 27867
7 50824 25965
8 32008 50220
9 47915 35415
10 35831 49098
11 49645 30270
12 51980 29133
13 43503 41752
14 46567 24632
15 32925 45243
16 28512 48465
17 45613 28740
18 43507 27580
19 44121 28793
20 35914 44700
21 35320 43776
22 51400 26318
23 39339 43976
24 46219 26202
25 49627 23477
26 42181 24766
27 44768 24580
28 41491 44985
29 42078 46156
30 40402 50010
31 42894 44645
32 40657 48465
33 44757 32895
34 44887 40932
35 30465 43668
36 44017 21892
37 47205 20213
38 41913 21285
39 27809 49430
40 48588 19613
41 46317 39969
42 44640 19247
43 46771 18030
44 46854 17055
45 43075 18073
46 49595 20817
47 49167 16672
48 58301 34740
49 42376 35058
50 37352 37317
51 21960 38991
52 27625 45037
53 19642 34409
54 43680 36535
55 39434 34232
56 41548 41472
57 38716 38887
58 37615 35359
59 37635 33507
60 37867 30470
61 40095 30159
62 32710 31347
63 34443 29169
64 34950 24182
65 32473 29859
66 32724 24885
67 39751 26810
68 28596 38397
69 37848 25214
70 23024 26388
71 31307 26690
72 34581 34623
73 36004 50220
74 30906 34866
75 33655 50355
76 30743 28405
77 31230 28755
78 28694 35707
79 36093 39306
80 27628 32739
81 27019 28680
82 44286 43586
83 33174 38439
84 33507 45360
85 34837 41020
86 47441 39184
87 48681 40455
88 49831 45477
89 58635 46935
90 50552 49091
91 52478 45256
92 59196 47753
93 26507 43045
94 54259 47805
95 53406 49275
96 52168 46597
97 57233 48891
98 48773 42602
99 65334 45802
100 45275 46559
101 47073 49147
102 45940 49668
103 59408 41455
104 57579 40736
105 70754 37810
106 60527 42727
107 55582 42213
108 57149 32706
109 40794 3057
110 57618 15576
111 39102 45075
112 51242 37611
113 52515 50220
114 52654 33525
115 53923 36254
116 51015 42975
117 52212 40445
118 52499 41573
119 39809 11430
120 37158 12892
121 44091 16290
122 45961 15126
123 86336 39085
124 40432 9517
125 38124 47986
126 72248 27192
127 73532 25939
128 73971 27765
129 77559 25896
130 74226 31528
131 77966 28056
132 67001 25670
133 68923 25735
134 70278 28080
135 77280 29133
136 18360 49433
137 20493 49332
138 74085 29149
139 79835 28167
140 24129 48461
141 18395 46571
142 75826 25560
143 69739 28526
144 14661 47115
145 16543 45126
146 71332 35163
147 70484 19939
148 71421 23164
149 75505 37530
150 99333 25920
151 71658 25695
152 68133 17605
153 75349 17793
154 74363 20269
155 22641 47100
156 78274 21361
157 66498 19261
158 67867 16605
159 70246 14779
160 77038 18263
161 89890 28221
162 88892 29691
163 94023 27537
164 92749 30133
165 93154 25827
166 91935 24543
167 90119 24101
168 90361 22120
169 90981 16836
170 82003 22052
171 82642 20556
172 91280 19926
173 87890 18194
174 87907 16155
175 85836 19890
176 84021 22410
177 87534 21600
178 39199 31285
179 88074 7386
180 91149 23949
181 86481 22731
182 15753 48828
183 80821 18382
184 82593 15027
185 78136 16825
186 84118 5130
187 78135 24602
188 83813 30861
189 82380 30739
190 81756 26617
191 76918 34771
192 85195 30206
193 14535 45405
194 99994 26865
195 83646 27922
196 81985 23085
197 22700 45199
198 87714 25515
199 85495 24941
200 83413 24894
201 84981 23681
202 88357 25751
203 84917 26820
204 84812 25083
205 26960 19038
206 30544 16635
207 25628 22505
208 31428 22352
209 29214 15687
210 29106 21645
211 28167 21262
212 37746 18786
213 36411 15963
214 32498 19509
215 30026 18373
216 30079 23810
217 20930 21279
218 29959 22800
219 28566 13889
220 19976 22147
221 17104 22140
222 20445 22950
223 17922 18467
224 20254 20360
225 17047 6238
226 15166 21440
227 16829 15735
228 14624 17728
229 14059 15475
230 20597 17258
231 23212 18421
232 24556 15345
233 21581 15283
234 23369 13482
235 20833 13253
236 21104 10210
237 24476 6855
238 20508 5548
239 18317 9300
240 17557 11383
241 14660 9990
242 14913 13035
243 12992 11925
244 33754 4657
245 37042 8546
246 28153 10113
247 26736 5641
248 40073 7317
249 37212 9045
250 37821 7535
251 37571 3227
252 40998 2745
253 34144 11426
254 33086 2235
255 35752 2098
256 28474 2733
257 30470 3862
258 24936 2110
259 22323 2372
260 26939 1941
261 23436 4590
262 41461 12181
263 43650 12668
264 42359 14754
265 40766 16875
266 36315 1350
267 33629 13966
268 32815 8336
269 30819 13645
270 32110 12825
271 30971 8761
272 28294 11276
273 31578 9450
274 24114 8741
275 28374 8650
276 24793 11108
277 26537 13128
278 27225 13610
279 24927 9791
280 27085 11703
281 29565 7020
282 29295 7425
283 30943 9690
284 30712 13567
285 30348 14175
286 30000 11913
287 32799 10233
288 39170 10867
289 40257 8145
290 41015 10444
291 39771 21645
292 20319 40674
293 66309 14055
294 65470 12555
295 61221 15638
296 68160 13305
297 64424 12105
298 67672 2403
299 62495 20236
300 63088 37773
301 65874 3901
302 60651 7040
303 57541 6718
304 20645 43075
305 61307 5313
306 62055 3571
307 61558 10181
308 74338 10410
309 65237 5265
310 61406 3393
311 67666 6906
312 67014 4185
313 69399 9382
314 66708 11385
315 14740 43380
316 17482 43113
317 70702 7713
318 69792 5385
319 76981 6300
320 78261 12940
321 12965 42457
322 68526 14013
323 72740 4329
324 76172 2409
325 71335 2198
326 63054 1743
327 62595 1395
328 66218 1881
329 72320 5189
330 72794 1877
331 13810 38793
332 17060 40600
333 80480 2775
334 79037 7845
335 82532 2763
336 13419 40635
337 83384 5255
338 85356 8075
339 85532 10009
340 82759 8516
341 78039 13329
342 75611 13027
343 79024 10732
344 82698 12142
345 76453 15064
346 58866 21750
347 59435 18807
348 59116 9180
349 43674 9957
350 42188 8437
351 43201 3375
352 42061 6487
353 46182 4136
354 47259 7441
355 45896 11626
356 51174 4185
357 53174 3123
358 48521 3338
359 50709 4845
360 22788 50220
361 47944 12297
362 53781 14310
363 52102 9093
364 53712 11270
365 48604 13738
366 49797 15671
367 50940 14850
368 51729 17334
369 50754 9045
370 51958 7884
371 46467 9922
372 53876 10650
373 55982 9706
374 57074 8003
375 56342 5872
376 58093 11529
377 56422 14758
378 55116 17273
379 17215 28061
380 64214 24717
381 54785 15377
382 56487 3971
383 54207 12915
384 54900 1845
385 56412 2245
386 57870 1845
387 57108 4686
388 55451 1755
389 57557 3510
390 57172 14985
391 56818 7587
392 57775 25673
393 67005 14805
394 65473 29730
395 63868 15795
396 64543 15187
397 59931 14475
398 60660 13455
399 64863 31835
400 64560 36797
401 64973 35685
402 15831 33235
403 66310 36623
404 66738 30645
405 60792 31604
406 63497 27472
407 64200 31712
408 61987 27763
409 63251 32685
410 64786 42120
411 62629 33129
412 76492 32872
413 65442 23274
414 79196 31455
415 67081 45791
416 61666 47020
417 62518 50062
418 63999 48507
419 67982 49755
420 64473 41757
421 18101 26446
422 68380 43875
423 69758 45038
424 61529 43223
425 66699 40805
426 66793 38892
427 72037 39482
428 62667 39798
429 61317 37789
430 81793 44355
431 79804 45688
432 74224 45892
433 71408 48849
434 73990 43756
435 73999 48224
436 76689 48615
437 77775 43219
438 76055 43431
439 76015 41220
440 77391 39051
441 78948 49680
442 83062 49376
443 80414 48212
444 85167 48375
445 82269 47655
446 84537 43740
447 81157 50040
448 80864 41026
449 78237 39465
450 20246 37776
451 86590 45697
452 89041 45666
453 91675 39272
454 89225 43605
455 90784 42828
456 89673 32827
457 86254 33129
458 89505 41085
459 85674 35659
460 82358 36166
461 84133 35634
462 93638 34447
463 88488 37980
464 92304 32463
465 95315 36207
466 92006 37006
467 93690 38848
468 18109 38617
469 20738 32338
470 20104 27186
471 16493 34520
472 10246 24975
473 11195 27638
474 8121 27135
475 12453 31390
476 14288 24761
477 7611 29904
478 8666 33126
479 5738 30696
480 5961 31657
481 11669 35079
482 14161 24975
483 27482 26276
484 25708 26865
485 25259 31064
486 29232 29295
487 28991 28485
488 50222 33323
489 50166 31509
490 43500 51932
491 53004 51932
492 62220 51932
493 53580 42
494 12972 51932
495 101906 16524
496 101906 7788
497 3852 51932
498 94572 51932
499 87756 42
500 95628 51932
501 89868 51932
502 42 42348
503 87468 42
504 53772 42
505 96780 42
506 88812 51932
507 89484 42
508 42 12204
509 42 12684
510 37644 51932
511 85164 42
512 42 19788
513 76908 42
514 4044 51932
515 54348 42
516 12396 42
517 101906 14316
518 5100 51932
519 91596 51932
520 94860 51932
521 92940 51932
522 87852 51932
523 101906 13836
524 42 43788
525 42 36972
526 60300 42
527 87276 42
528 17772 42
529 42 38220
530 91116 42
531 42 10380
532 101906 45900
533 90156 51932
534 90444 42
535 92652 51932
536 86508 51932
537 47820 42
538 94476 51932
539 101906 14700
540 88236 42
541 101906 8076
542 92556 42
543 42 11340
544 89580 51932
545 5004 51932
546 9228 42
547 42 38700
548 54732 42
549 7116 42
550 42 6924
551 101906 16044
552 42 43500
553 89196 42
554 90252 51932
555 11916 42
556 13644 42
557 91692 51932
558 93900 51932
559 65100 42
560 9036 51932
561 101906 14988
562 101906 13164
563 10668 42
564 101906 15084
565 94188 51932
566 9516 42
567 11244 42
568 90156 42
569 42 9708
570 42732 42
571 42 8844
572 90540 51932
573 101906 12300
574 9612 42
575 42 43884
576 42 12300
577 10380 42
578 92748 51932
579 94092 51932
580 42 12396
581 39276 42
582 87564 42
583 42 12588
584 101906 17484
585 101906 9804
586 91116 51932
587 101906 10188
588 4332 51932
589 8844 42
590 87852 42
591 88428 42
592 56748 51932
593 4524 51932
594 88620 42
595 12780 42
596 42 41196
597 14220 42
598 101906 14412
599 88908 42
600 42 10860
601 11724 51932
602 91500 42
603 59532 51932
604 42 23820
605 87660 42
606 5484 42
607 42 22764
608 91212 42
609 101906 7500
610 4716 51932
611 9804 42
612 4236 51932
613 87372 51932
614 90828 51932
615 46860 42
616 12588 42
617 95244 51932
618 101906 12396
619 9420 42
620 42540 42
621 79692 51932
622 48780 42
623 49932 42
624 49644 42
625 39180 42
626 26316 42
627 21228 42
628 59436 51932
629 49548 42
630 25260 42
631 44556 42
632 40140 42
633 42 24876
634 42 24780
635 60684 51932
636 51372 51932
637 51564 51932
638 58380 42
639 57708 51932
640 46956 42
641 37836 51932
642 44364 42
643 59820 51932
644 61260 51932
645 42 31308
646 42060 42
647 42252 42
648 43404 51932
649 53100 51932
650 57324 51932
651 41484 42
652 22092 42
653 40044 42
654 58860 51932
655 42 25452
656 30444 51932
657 62316 51932
658 33132 51932
659 40812 42
660 17484 51932
661 57900 51932
662 30732 42
663 65292 42
664 51084 42
665 50700 51932
666 51180 42
667 35052 51932
668 54444 51932
669 54540 51932
670 58380 51932
671 42636 42
672 58092 51932
673 62604 51932
674 68940 51932
675 56460 51932
676 57996 51932
677 62124 51932
678 60012 51932
679 61452 51932
680 60300 51932
681 60396 51932
682 59916 42
683 58572 51932
684 59916 51932
685 61068 51932
686 101906 29100
687 61932 51932
688 80940 51932
689 67212 51932
690 72684 51932
691 52332 51932
692 52620 51932
693 59148 51932
694 58668 51932
695 48492 42
696 42 31980
697 51852 51932
698 42 23052
699 40716 42
700 41676 42
701 64716 42
702 65388 42
703 65004 42
704 65772 42
705 42 31884
706 48300 42
707 101906 19980
708 62700 42
709 67788 42
710 67692 42
711 67596 42
712 63468 42
713 61740 51932
714 61644 51932
715 61548 51932
716 53388 51932
717 60588 51932
718 61356 51932
719 63084 42
720 63660 42
721 63276 42
722 63372 42
723 64620 42
724 42 24108
725 62796 42
726 62028 42
727 61932 42
728 56268 51932
729 42 24012
730 42 24204
731 56652 51932
732 40332 42
733 47916 42
734 37644 42
735 36684 42
736 37740 42
737 61164 51932
738 22572 42
739 62700 51932
740 22668 42
741 42 25356
742 42 31788
743 42 31692
744 25932 42
745 37548 51932
746 37356 51932
747 38220 51932
748 38124 51932
749 38508 51932
750 58956 42
751 39084 51932
752 40044 51932
753 40332 51932
754 39756 51932
755 40524 42
756 40236 42
757 46188 42
758 56172 51932
759 53964 51932
760 54252 51932
761 60396 42
762 54348 51932
763 42 31596
764 42 31500
765 53484 51932
766 42156 42
767 71820 51932
768 70764 51932
769 70668 51932
770 70956 51932
771 60972 51932
772 66060 42
773 52812 51932
774 65196 42
775 64812 42
776 64332 42
777 65676 42
778 59724 51932
779 63180 42
780 60588 42
781 66348 42
782 66636 42
783 60204 42
784 41004 42
785 48012 42
786 41196 42
787 39468 42
788 39372 42
789 39660 42
790 30444 42
791 41292 51932
792 48204 42
793 45420 42
794 61836 42
795 39948 42
796 39756 42
797 45324 42
798 41772 42
799 26604 42
800 46284 42
801 39564 42
802 32652 42
803 36876 42
804 36492 42
805 60780 42
806 36972 42
807 37068 42
808 41964 42
809 101906 20940
810 40428 42
811 81804 51932
812 101906 24972
813 101906 24876
814 101906 25356
815 101906 23532
816 63756 42
817 101906 26028
818 42924 42
819 46380 42
820 54636 51932
821 54828 51932
822 54924 51932
823 54732 51932
824 54444 42
825 53484 42
826 53100 42
827 53292 51932
828 60492 42
829 45132 42
830 41580 42
831 43020 42
832 43308 51932
833 43212 51932
834 53580 51932
835 51756 51932
836 49740 42
837 52332 42
838 52428 42
839 64236 42
840 55596 51932
841 55020 42
842 60012 42
843 59148 42
844 59820 42
845 52044 42
846 50892 42
847 50796 42
848 50988 42
849 50028 42
850 101906 22188
851 65964 42
852 47628 42
853 54540 42
854 55116 42
855 51276 42
856 51372 42
857 51660 42
858 54252 42
859 60492 51932
860 50124 42
861 57420 51932
862 50220 42
863 50316 42
864 101906 22476
865 37164 42
866 36780 42
867 36204 42
868 43116 42
869 101906 20076
870 101906 27564
871 43212 42
872 57036 51932
873 60972 42
874 64428 42
875 63852 42
876 101906 25068
877 27852 42
878 62892 42
879 63564 42
880 60108 51932
881 59628 42
882 59532 42
883 56940 51932
884 60108 42
885 54156 51932
886 45612 42
887 43404 42
888 43500 42
889 41868 42
890 42348 42
891 42444 42
892 46476 42
893 46668 42
894 40908 42
895 42828 42
896 51852 42
897 51948 42
898 51564 42
899 54156 42
900 53676 42
901 60684 42
902 61740 42
903 53964 42
904 44268 42
905 19980 42
906 53868 42
907 52140 42
908 46572 42
909 44460 42
910 60876 42
911 53196 42
912 48108 42
913 61644 42
914 61068 42
915 44652 42
916 42 23244
917 46092 42
918 41388 42
919 56364 51932
920 41100 42
921 52716 42
922 74700 51932
923 42 30540
924 35820 42
925 31404 42
926 29292 51932
927 40620 42
928 35340 51932
929 46092 51932
930 42 18636
931 31308 42
932 42 20652
933 19308 51932
934 43596 42
935 101906 35724
936 42 16620
937 19116 51932
938 52716 51932
939 41292 42
940 43116 51932
941 48972 51932
942 75276 51932
943 64044 42
944 43308 42
945 71148 51932
946 75756 42
947 42 26508
948 29484 51932
949 39468 51932
950 41196 51932
951 101906 26892
952 88812 42
953 37356 42
954 35532 42
955 76140 42
956 101906 36012
957 66348 51932
958 18540 51932
959 46764 51932
960 39276 51932
961 40908 51932
962 78732 42
963 89388 42
964 101906 36396
965 65964 51932
966 45324 51932
967 34476 51932
968 101906 28140
969 101906 28428
970 101906 25932
971 88332 42
972 41004 51932
973 18732 42
974 19500 42
975 25740 42
976 25164 42
977 24492 42
978 62988 42
979 80364 42
980 101906 35532
981 22956 51932
982 42 40236
983 24300 42
984 42 25164
985 51948 51932
986 39180 51932
987 88524 42
988 64524 42
989 79596 42
990 101906 36492
991 89196 51932
992 22572 51932
993 35148 51932
994 51660 51932
995 37932 51932
996 36012 51932
997 70476 42
998 101906 18348
999 84492 42
1000 33420 42
1001 17868 42
1002 24108 42
1003 67116 42
1004 70572 42
1005 55020 51932
1006 21996 42
1007 101906 30540
1008 14028 51932
1009 44172 42
1010 45708 42
1011 84300 42
1012 33228 42
1013 101906 25260
1014 81708 42
1015 57324 42
1016 55500 51932
1017 62412 51932
1018 65100 51932
1019 59244 42
1020 42 20460
1021 25740 51932
1022 48876 42
1023 74988 42
1024 18156 42
1025 34284 42
1026 35916 42
1027 55308 51932
1028 30156 42
1029 61836 51932
1030 64332 51932
1031 72492 51932
1032 101906 35628
1033 91404 51932
1034 64908 51932
1035 101906 35820
1036 26412 51932
1037 28908 51932
1038 27180 42
1039 29388 51932
1040 48588 42
1041 37740 51932
1042 101906 26796
1043 34188 42
1044 24012 42
1045 33324 42
1046 64908 42
1047 62028 51932
1048 23628 51932
1049 53388 42
1050 81708 51932
1051 57516 51932
1052 42348 51932
1053 69516 42
1054 101906 28716
1055 29100 42
1056 18540 42
1057 33996 42
1058 78156 42
1059 70764 42
1060 79980 42
1061 101906 20364
1062 73164 42
1063 50604 42
1064 69804 51932
1065 79404 51932
1066 83724 51932
1067 101906 35916
1068 75948 51932
1069 90636 51932
1070 65868 42
1071 77772 51932
1072 53868 51932
1073 42 26604
1074 28620 51932
1075 44748 42
1076 44940 42
1077 47244 51932
1078 60204 51932
1079 42252 51932
1080 101906 24684
1081 39852 42
1082 28428 42
1083 49068 42
1084 82092 42
1085 45036 42
1086 50412 42
1087 69420 51932
1088 72108 51932
1089 83916 51932
1090 65868 51932
1091 71052 51932
1092 77484 51932
1093 65580 42
1094 47724 42
1095 77676 51932
1096 19212 51932
1097 23148 51932
1098 44844 42
1099 101906 28812
1100 101906 28908
1101 101906 26220
1102 24780 42
1103 34380 42
1104 26124 42
1105 42 31404
1106 28332 42
1107 86892 42
1108 81900 42
1109 45228 42
1110 70380 51932
1111 64524 51932
1112 58764 42
1113 30348 51932
1114 28524 51932
1115 55212 51932
1116 42060 51932
1117 42444 51932
1118 35724 51932
1119 69708 42
1120 76716 42
1121 101906 29004
1122 42 20844
1123 34572 42
1124 30060 42
1125 72204 42
1126 72108 42
1127 20076 42
1128 56460 42
1129 70860 51932
1130 70284 51932
1131 84012 51932
1132 64140 51932
1133 63852 51932
1134 89484 51932
1135 26220 51932
1136 13740 51932
1137 22188 51932
1138 80364 51932
1139 16428 51932
1140 42 28332
1141 27948 51932
1142 34764 51932
1143 55404 51932
1144 34188 51932
1145 69612 42
1146 76044 42
1147 69420 42
1148 69804 42
1149 38412 51932
1150 71340 42
1151 50508 42
1152 65004 51932
1153 71724 51932
1154 51468 42
1155 14220 51932
1156 21900 51932
1157 30732 51932
1158 33900 51932
1159 33996 51932
1160 53292 42
1161 29868 42
1162 101906 22284
1163 16332 42
1164 43884 42
1165 38220 42
1166 71916 42
1167 67884 42
1168 82764 42
1169 62508 51932
1170 65292 51932
1171 82092 51932
1172 54060 51932
1173 101906 33612
1174 42 24972
1175 42732 51932
1176 44076 42
1177 52236 51932
1178 38988 51932
1179 38796 51932
1180 69228 42
1181 16236 42
1182 38316 42
1183 56844 51932
1184 67500 42
1185 47532 42
1186 66156 51932
1187 69708 51932
1188 101906 33516
1189 23052 51932
1190 42 25068
1191 20172 51932
1192 43788 42
1193 36300 51932
1194 48684 42
1195 56556 51932
1196 38892 51932
1197 43692 42
1198 72012 42
1199 83820 42
1200 79788 42
1201 64140 42
1202 70476 51932
1203 64428 51932
1204 101906 32940
1205 52812 42
1206 42 27564
1207 42 33420
1208 46476 51932
1209 36204 51932
1210 33516 51932
1211 24684 42
1212 43980 42
1213 42 30636
1214 33612 51932
1215 58764 51932
1216 49836 42
1217 77196 42
1218 76812 42
1219 101906 21996
1220 71436 42
1221 71532 42
1222 70188 42
1223 71724 42
1224 63948 42
1225 63948 51932
1226 101906 34956
1227 50700 42
1228 101906 33708
1229 42 23724
1230 18252 51932
1231 26124 51932
1232 39660 51932
1233 40812 51932
1234 35244 51932
1235 71628 42
1236 60780 51932
1237 70572 51932
1238 48396 42
1239 81612 51932
1240 82188 51932
1241 101906 34284
1242 86220 51932
1243 59436 42
1244 46188 51932
1245 57132 51932
1246 71820 42
1247 81900 51932
1248 101906 34188
1249 45516 42
1250 27852 51932
1251 15852 51932
1252 18636 51932
1253 26892 51932
1254 59340 42
1255 72588 51932
1256 81420 51932
1257 86604 51932
1258 86988 51932
1259 28428 51932
1260 47148 42
1261 27468 51932
1262 15564 51932
1263 15372 51932
1264 26796 51932
1265 59052 51932
1266 59340 51932
1267 59052 42
1268 79980 51932
1269 79884 51932
1270 86412 51932
1271 59628 51932
1272 51756 42
1273 101906 36108
1274 85740 51932
1275 81516 51932
1276 27756 51932
1277 27276 51932
1278 26316 51932
1279 47244 42
1280 43020 51932
1281 58284 51932
1282 57612 51932
1283 52236 42
1284 56076 51932
1285 52140 51932
1286 62316 42
1287 70668 42
1288 58476 42
1289 79788 51932
1290 80172 51932
1291 85836 51932
1292 88716 51932
1293 87180 51932
1294 55212 42
1295 28812 51932
1296 27084 42
1297 41868 51932
1298 47052 42
1299 47340 42
1300 44556 51932
1301 62220 42
1302 62508 42
1303 58860 42
1304 78444 42
1305 58476 51932
1306 64812 51932
1307 81324 51932
1308 82284 51932
1309 80076 51932
1310 86316 51932
1311 87564 51932
1312 88236 51932
1313 83628 51932
1314 85068 51932
1315 27564 51932
1316 59244 51932
1317 28332 51932
1318 26988 51932
1319 28524 42
1320 29004 51932
1321 61164 42
1322 62124 42
1323 68364 42
1324 81228 51932
1325 78828 51932
1326 89292 51932
1327 79596 51932
1328 87468 51932
1329 87948 51932
1330 93612 51932
1331 28236 51932
1332 29580 51932
1333 28140 51932
1334 30636 51932
1335 62412 42
1336 59724 42
1337 101906 33900
1338 81036 51932
1339 87084 51932
1340 93228 51932
1341 70188 51932
1342 27372 51932
1343 25452 51932
1344 27660 51932
1345 27564 42
1346 42 29100
1347 30156 51932
1348 87660 51932
1349 58956 51932
1350 91308 51932
1351 26028 51932
1352 42 29292
1353 42 29196
1354 26700 51932
1355 71916 51932
1356 67884 51932
1357 83532 51932
1358 85548 51932
1359 84972 51932
1360 57804 51932
1361 85260 51932
1362 86892 51932
1363 27180 51932
1364 24684 51932
1365 24780 51932
1366 26700 42
1367 30252 51932
1368 29196 51932
1369 55980 51932
1370 55884 51932
1371 61260 42
1372 52428 51932
1373 42828 51932
1374 45804 42
1375 42 26988
1376 30540 51932
1377 55692 51932
1378 55788 51932
1379 53676 51932
1380 50508 51932
1381 52524 51932
1382 53196 51932
1383 57228 51932
1384 55116 51932
1385 50412 51932
1386 28044 51932
1387 27084 51932
1388 23820 51932
1389 24012 51932
1390 21804 51932
1391 24300 51932
1392 23724 51932
1393 29100 51932
1394 61356 42
1395 42 25644
1396 58188 51932
1397 51276 51932
1398 40716 51932
1399 45996 51932
1400 47436 42
1401 45900 51932
1402 41676 51932
1403 47052 51932
1404 45228 51932
1405 49164 42
1406 44748 51932
1407 47340 51932
1408 42636 51932
1409 48300 51932
1410 46860 51932
1411 42540 51932
1412 42156 51932
1413 42924 51932
1414 45900 42
1415 45996 42
1416 53772 51932
1417 45612 51932
1418 41964 51932
1419 42 15180
1420 90924 51932
1421 88044 51932
1422 4620 42
1423 101906 12492
1424 101906 7212
1425 58572 42
1426 9324 42
1427 81132 51932
1428 4620 51932
1429 89004 42
1430 101906 11436
1431 87756 51932
1432 101906 46956
1433 79500 42
1434 101906 7116
1435 90060 51932
1436 6924 42
1437 88908 51932
1438 46764 42
1439 12876 42
1440 94380 51932
1441 16044 42
1442 8556 42
1443 95052 51932
1444 10860 42
1445 88332 51932
1446 6828 42
1447 18444 42
1448 37452 51932
1449 61452 42
1450 11052 42
1451 9708 42
1452 101906 14892
1453 42 11820
1454 84876 42
1455 92076 51932
1456 93708 51932
1457 87948 42
1458 12972 42
1459 11148 51932
1460 52044 51932
1461 42 38028
1462 42 12492
1463 80748 42
1464 94764 51932
1465 42 43308
1466 101906 7692
1467 10476 42
1468 91884 42
1469 89964 51932
1470 42 3660
1471 54060 42
1472 101906 7596
1473 87372 42
1474 93804 51932
1475 101906 14796
1476 11628 42
1477 78828 42
1478 11148 42
1479 92364 51932
1480 101906 12684
1481 91980 51932
1482 52524 42
1483 42 41004
1484 11436 51932
1485 95148 51932
1486 89292 42
1487 42 37644
1488 42 6252
1489 101906 10860
1490 42 40044
1491 9900 42
1492 89004 51932
1493 52908 51932
1494 52620 42
1495 10860 51932
1496 9036 42
1497 7980 42
1498 37452 42
1499 17388 42
1500 7020 42
1501 90540 42
1502 42 12108
1503 4812 51932
1504 10380 51932
1505 52908 42
1506 42 42444
1507 42 40716
1508 42 9516
1509 11916 51932
1510 18636 42
1511 88524 51932
1512 5772 42
1513 60876 51932
1514 94956 51932
1515 101906 13932
1516 54828 42
1517 101906 15180
1518 101906 6732
1519 88428 51932
1520 4140 51932
1521 91788 51932
1522 86700 51932
1523 101906 10764
1524 20748 42
1525 101906 12588
1526 42 17100
1527 61548 42
1528 9132 42
1529 3948 51932
1530 95436 51932
1531 101906 7980
1532 92268 51932
1533 101906 6924
1534 85548 42
1535 90348 51932
1536 95532 51932
1537 90732 51932
1538 53004 42
1539 101906 46860
1540 37260 42
1541 42 9804
1542 101906 14604
1543 42 38988
1544 89388 51932
1545 89100 42
1546 91020 51932
1547 91404 42
1548 5388 42
1549 55500 42
1550 42 3276
1551 91884 51932
1552 42 11916
1553 58668 42
1554 19596 42
1555 93996 51932
1556 42 39180
1557 92556 51932
1558 90732 42
1559 87276 51932
1560 62604 42
1561 101906 9036
1562 88716 42
1563 37548 42
1564 42 39660
1565 86988 42
1566 92268 42
1567 11724 42
1568 42 40620
1569 91500 51932
1570 42 39084
1571 54636 42
1572 42 12012
1573 92076 42
1574 101906 7884
1575 89676 51932
1576 13836 51932
1577 89100 51932
1578 88044 42
1579 101906 15948
1580 89772 51932
1581 4908 51932
1582 54924 42
1583 5292 42
1584 42 38796
1585 5100 42
1586 95340 51932
1587 101906 15468
1588 101906 11916
1589 42 43596
1590 42 12780
1591 11340 42
1592 92172 51932
1593 65484 42
1594 19308 42
1595 4428 51932
1596 88140 42
1597 91596 42
1598 92460 51932
1599 10956 42
1600 12684 42
1601 42 39276
1602 101906 10380
1603 92844 51932
