0 31888 15324
1 15364 19536
2 17785 5229
3 19446 7661
4 20047 10719
5 20218 5760
6 22522 2049
7 22950 1215
8 18027 8226
9 14301 9207
10 16834 7810
11 15564 11205
12 19197 4117
13 15615 5625
14 11458 8559
15 13216 8685
16 12990 6345
17 14542 5821
18 16077 4797
19 17775 3816
20 16053 11595
21 12268 10137
22 13238 3356
23 11101 6835
24 17874 1215
25 13016 2133
26 15178 4309
27 17701 2079
28 14319 1755
29 10461 6555
30 9798 5314
31 20670 3066
32 21850 4088
33 6730 16015
34 21619 6563
35 19858 1755
36 19521 3490
37 25918 2475
38 20133 4770
39 21033 1775
40 20398 1620
41 23247 6030
42 24604 10093
43 23991 4545
44 24502 14117
45 24906 7794
46 27380 8910
47 38694 24270
48 23197 8012
49 24500 6615
50 6193 11846
51 23935 2970
52 23436 4320
53 23829 6981
54 26255 12867
55 22275 12015
56 26505 11375
57 5899 10980
58 28584 8235
59 23774 12888
60 14287 21514
61 3758 10848
62 28362 7332
63 26175 4525
64 30004 3606
65 28769 4756
66 29944 5918
67 26838 2727
68 24161 2873
69 23625 1890
70 24373 1716
71 31695 2025
72 4607 13523
73 29678 2889
74 31131 9765
75 30454 9507
76 29943 11571
77 31266 11340
78 13284 21357
79 33666 20349
80 28842 10457
81 30530 12352
82 29150 8847
83 27370 10240
84 33465 19165
85 2988 10800
86 37087 14478
87 44172 30105
88 34155 17010
89 34749 24255
90 37422 30240
91 9342 2025
92 40905 8475
93 33445 3454
94 34027 25085
95 34090 9747
96 1809 10305
97 34561 25752
98 35101 25364
99 33185 26946
100 33684 29309
101 16593 21307
102 1512 11475
103 35442 20689
104 36562 28131
105 39517 29673
106 31846 29700
107 36666 24367
108 37413 23085
109 34984 29642
110 36399 24315
111 37867 25866
112 32369 29835
113 36744 20974
114 37017 21657
115 36310 17734
116 37644 20156
117 33372 2025
118 32751 2295
119 36972 2565
120 36255 15525
121 35343 4286
122 3105 15032
123 40047 2850
124 37719 22950
125 39987 1215
126 37008 4185
127 38923 2079
128 6806 14395
129 46932 4117
130 37881 3861
131 38556 13702
132 38205 3510
133 38846 1755
134 40201 6987
135 37200 6345
136 4846 15660
137 1953 16020
138 42196 2520
139 39995 5023
140 42580 4221
141 37935 1350
142 38124 1755
143 6212 12786
144 42316 7352
145 45036 1485
146 46710 1215
147 42675 6075
148 34083 11340
149 41566 1620
150 42651 12305
151 40636 11045
152 40501 9299
153 43864 3213
154 40892 12972
155 39015 12741
156 44367 2092
157 45976 4205
158 48222 1755
159 43740 2880
160 42511 1755
161 43119 1215
162 43551 1485
163 44615 6515
164 47709 4039
165 46170 4895
166 14657 23895
167 45058 9169
168 52213 10110
169 53824 9360
170 44582 10017
171 52365 8210
172 50531 6635
173 49761 10737
174 49240 7837
175 51500 6161
176 44266 1215
177 46537 1890
178 46696 2160
179 47280 8466
180 47451 6142
181 48628 13301
182 47577 13980
183 50517 9990
184 45259 11931
185 47850 12352
186 49934 3971
187 16909 24818
188 48087 2025
189 50216 1687
190 12369 17507
191 51710 2824
192 53975 2808
193 49117 4050
194 54056 1620
195 47776 1485
196 4138 6165
197 6164 6099
198 11215 23017
199 13071 23779
200 7189 23277
201 14955 26449
202 14021 28637
203 13680 26550
204 14418 29565
205 6250 7762
206 14391 29025
207 15552 30105
208 13149 30375
209 13560 29902
210 15255 29700
211 17444 28327
212 12702 28983
213 10098 29449
214 16382 28282
215 15751 27978
216 15552 27790
217 12631 25200
218 12195 22725
219 13087 23379
220 13492 29835
221 15086 22545
222 16008 23340
223 14553 24525
224 15174 22725
225 14850 27675
226 17328 24045
227 14994 29835
228 14728 29970
229 19381 23940
230 7357 6682
231 18981 22095
232 20367 30105
233 22632 21570
234 20682 23490
235 21169 20770
236 19665 20385
237 21100 26392
238 21816 29700
239 18576 20709
240 25029 26070
241 22842 26190
242 25043 21368
243 26460 30240
244 3084 8287
245 3231 28755
246 4723 28739
247 3231 28547
248 9450 29565
249 6534 30105
250 6672 29680
251 5704 28435
252 9450 30240
253 1444 8235
254 5517 29925
255 6784 28022
256 7895 26942
257 9576 27666
258 8370 30105
259 7536 29449
260 2656 4809
261 16497 30105
262 22438 24541
263 21321 28164
264 18117 29565
265 18454 28192
266 13081 26865
267 18549 29160
268 20709 30375
269 19808 26795
270 4162 4455
271 20958 25467
272 24923 28100
273 22438 28095
274 20376 29655
275 24349 26349
276 24232 29970
277 23922 29970
278 26685 29385
279 28989 28867
280 26469 26055
281 25902 18900
282 31374 30015
283 31459 29565
284 32430 16097
285 29997 29835
286 27261 14800
287 26477 16311
288 29773 15221
289 28071 10845
290 1566 4455
291 1629 5625
292 29035 17874
293 1992 4995
294 31151 17685
295 30165 21091
296 29629 29889
297 31646 20587
298 29864 18792
299 31248 19305
300 28308 19845
301 34074 11937
302 33075 7425
303 35404 13315
304 37677 11505
305 37660 10787
306 36045 10455
307 34816 8775
308 2879 22282
309 6800 20925
310 3909 19800
311 9968 2025
312 3699 4995
313 2840 22077
314 11181 2025
315 2346 25139
316 5463 22365
317 10354 1350
318 5278 21937
319 3654 24525
320 4897 25920
321 7852 23548
322 8412 25630
323 10017 30375
324 9642 23490
325 9686 23118
326 2706 26662
327 5028 23692
328 7119 21825
329 11131 21505
330 13432 17955
331 49847 24849
332 51644 27270
333 57197 21850
334 10617 29767
335 58552 26372
336 59652 25155
337 59683 24300
338 58252 25464
339 50382 29565
340 57247 26016
341 13050 20655
342 59211 21825
343 53757 28505
344 53190 29642
345 53826 28395
346 51612 29175
347 51428 28215
348 50307 30105
349 52236 27675
350 58869 23145
351 52974 26955
352 51998 23265
353 52566 26445
354 55295 26971
355 55670 23596
356 54567 24891
357 53277 21028
358 51712 25245
359 57833 15556
360 13725 1485
361 54407 16996
362 54321 14445
363 58110 12275
364 59481 14850
365 57031 12863
366 59616 14175
367 59427 13473
368 57452 13938
369 13905 29970
370 59389 11259
371 57280 17685
372 55037 18883
373 56993 20135
374 58788 18870
375 56495 21754
376 52459 21208
377 55407 20907
378 30156 27465
379 31461 28199
380 29484 29835
381 26838 30375
382 28215 29719
383 27000 29565
384 31733 25722
385 27071 23126
386 28589 22887
387 27193 27373
388 26082 29295
389 14202 1215
390 28296 30105
391 31017 22612
392 30195 24560
393 26190 25758
394 25862 27776
395 24948 29835
396 24943 27720
397 26622 28350
398 25110 24345
399 23144 29781
400 28044 26553
401 48755 28012
402 31725 24435
403 50056 26481
404 47368 28923
405 49473 24795
406 50965 24327
407 16743 23017
408 40038 29245
409 41519 23230
410 40626 30105
411 38498 28832
412 39555 30105
413 38524 23895
414 39069 30105
415 39325 29835
416 40545 23205
417 38745 18495
418 41265 24525
419 41320 18171
420 11755 18369
421 18036 30015
422 34965 29349
423 41921 19447
424 39725 21635
425 38802 23505
426 41137 21127
427 40383 22695
428 39484 20385
429 18027 29610
430 34835 7408
431 33952 4725
432 31725 2025
433 32193 9990
434 31806 3105
435 31365 5355
436 31661 6962
437 10753 19337
438 31899 3933
439 31260 3375
440 31271 1971
441 30996 1215
442 33022 6333
443 34835 5481
444 35613 4320
445 36401 8235
446 44725 25110
447 45198 30375
448 44780 28629
449 45954 29565
450 44465 17145
451 45393 22005
452 43227 29565
453 47269 24053
454 46182 26362
455 10557 25987
456 43803 23870
457 44737 25425
458 42651 27855
459 41923 20133
460 10003 27945
461 44073 19575
462 46323 19665
463 45261 20335
464 11218 25434
465 11286 30375
466 11205 30105
467 35883 7155
468 37839 13777
469 34236 1755
470 34276 1755
471 35316 1215
472 39690 14900
473 38637 15390
474 33204 20313
475 17779 12285
476 18927 1890
477 42733 28767
478 42265 28155
479 46453 29700
480 45045 29880
481 42606 30240
482 38376 23535
483 39085 25407
484 15768 2025
485 18819 2025
486 20547 1215
487 4140 31494
488 19212 31494
489 36588 31494
490 61030 12204
491 4428 31494
492 61030 8460
493 52812 42
494 7692 31494
495 47244 31494
496 61030 9036
497 48204 31494
498 45324 31494
499 6540 31494
500 61030 7980
501 39468 31494
502 58668 42
503 47916 31494
504 61030 8076
505 42 17196
506 42 17100
507 8364 31494
508 61030 9996
509 42 18444
510 61030 7788
511 6828 31494
512 46476 31494
513 42 16812
514 61030 11820
515 7788 31494
516 48396 31494
517 47820 31494
518 47436 31494
519 17772 31494
520 61030 10572
521 6924 31494
522 6732 31494
523 46380 31494
524 61030 10476
525 61030 7884
526 2508 31494
527 61030 9804
528 42 16524
529 46572 31494
530 61030 26604
531 61030 9420
532 46956 31494
533 45996 31494
534 46284 31494
535 48492 31494
536 61030 8556
537 61030 12012
538 61030 6060
539 61030 7500
540 42 16716
541 61030 28044
542 10380 31494
543 52716 42
544 8172 31494
545 30636 42
546 10668 42
547 42 17580
548 61030 9228
549 7500 31494
550 61030 9708
551 46092 31494
552 42 16236
553 42 17004
554 61030 26220
555 47340 31494
556 30540 42
557 10764 31494
558 61030 9132
559 61030 10380
560 42 19404
561 61030 8268
562 48300 31494
563 42 18348
564 42 14508
565 61030 7692
566 42 14604
567 31980 42
568 52620 42
569 45228 31494
570 61030 8748
571 42 17388
572 7116 31494
573 42 17964
574 42 19020
575 8460 31494
576 15180 31494
577 42 18060
578 31788 42
579 61030 10284
580 42 17676
581 61030 8940
582 61030 7596
583 8652 31494
584 31884 42
585 25452 31494
586 43020 31494
587 40332 31494
588 40140 31494
589 40428 31494
590 42924 31494
591 42828 31494
592 43116 31494
593 43500 31494
594 48108 42
595 26412 31494
596 44652 42
597 44172 42
598 36972 42
599 30444 42
600 27180 42
601 42732 31494
602 42540 31494
603 42636 31494
604 43212 31494
605 42 10092
606 23532 31494
607 42 11436
608 61030 24300
609 61030 11148
610 61030 12108
611 61030 11052
612 61030 10956
613 39372 31494
614 42 17292
615 35052 31494
616 34188 31494
617 22860 31494
618 35148 31494
619 40524 31494
620 29100 31494
621 28812 31494
622 29004 31494
623 28716 31494
624 28044 31494
625 28428 31494
626 40236 31494
627 6252 31494
628 31212 31494
629 10188 31494
630 17388 31494
631 17196 31494
632 11052 31494
633 17580 31494
634 15852 31494
635 13836 31494
636 16140 31494
637 15660 31494
638 41004 31494
639 30444 31494
640 42 17484
641 39948 31494
642 35628 42
643 40236 42
644 36204 42
645 26220 42
646 40620 31494
647 40332 42
648 41868 31494
649 44364 31494
650 30636 31494
651 43692 31494
652 18252 42
653 36108 31494
654 34956 31494
655 36204 31494
656 36684 31494
657 40908 31494
658 40812 31494
659 40716 31494
660 29484 31494
661 17100 31494
662 19020 31494
663 7308 31494
664 40044 31494
665 21612 42
666 15180 42
667 14988 42
668 18444 31494
669 42 10668
670 29388 31494
671 42 11532
672 42 10284
673 42 10956
674 42 4236
675 42 4716
676 9132 42
677 19692 31494
678 29196 31494
679 49068 31494
680 61030 24684
681 61030 24876
682 61030 24780
683 61030 23628
684 49836 31494
685 50220 31494
686 39852 31494
687 38604 31494
688 29292 31494
689 24588 31494
690 25260 31494
691 24780 31494
692 23340 31494
693 27948 31494
694 28236 31494
695 28140 31494
696 30828 42
697 30924 42
698 31020 42
699 22956 31494
700 17004 42
701 17196 42
702 22284 42
703 18348 42
704 18924 42
705 21516 42
706 20652 42
707 20748 42
708 21804 42
709 33132 42
710 33228 42
711 32172 42
712 32460 42
713 34092 31494
714 33420 31494
715 32652 42
716 32844 42
717 30156 42
718 30060 42
719 33612 42
720 40428 42
721 41292 42
722 43980 42
723 44268 42
724 48300 42
725 48204 42
726 48012 42
727 42348 42
728 42636 42
729 42828 42
730 43020 42
731 47148 42
732 45708 42
733 45612 42
734 38316 31494
735 47340 42
736 46284 42
737 46188 42
738 47820 42
739 46092 42
740 44748 42
741 45324 42
742 44844 42
743 47052 42
744 46956 42
745 47244 42
746 15372 31494
747 14796 31494
748 13644 31494
749 11916 31494
750 15948 31494
751 9612 31494
752 6156 31494
753 5004 31494
754 9132 31494
755 9036 31494
756 12108 31494
757 19308 31494
758 35340 42
759 8844 31494
760 16524 31494
761 16908 31494
762 17004 31494
763 18636 31494
764 18924 31494
765 18348 31494
766 18252 31494
767 19884 31494
768 20460 31494
769 34860 42
770 31116 31494
771 36876 31494
772 30252 42
773 24012 31494
774 23724 31494
775 23628 31494
776 24204 31494
777 24300 31494
778 26316 31494
779 26508 31494
780 34764 42
781 26604 31494
782 25548 31494
783 42 18156
784 14892 42
785 10668 31494
786 14796 42
787 42 10572
788 49164 31494
789 61030 21996
790 61030 22380
791 61030 22284
792 5292 31494
793 61030 24972
794 61030 24204
795 61030 24108
796 61030 12684
797 38700 31494
798 39276 31494
799 39180 31494
800 39756 31494
801 39564 31494
802 12972 31494
803 44268 31494
804 43788 31494
805 34572 42
806 33804 42
807 19116 31494
808 16908 42
809 32556 42
810 23436 42
811 34764 31494
812 34572 31494
813 19596 31494
814 37260 31494
815 37068 31494
816 36972 31494
817 33132 31494
818 34860 31494
819 34668 31494
820 34380 31494
821 34476 31494
822 19404 31494
823 41484 42
824 42252 42
825 45996 42
826 45420 42
827 15756 31494
828 14508 31494
829 20748 31494
830 12780 31494
831 9228 31494
832 20076 31494
833 12396 31494
834 9996 31494
835 10476 31494
836 4332 31494
837 6348 31494
838 23916 31494
839 23820 31494
840 24108 31494
841 25644 31494
842 19500 31494
843 49932 31494
844 38220 31494
845 38124 31494
846 39660 31494
847 28332 31494
848 27660 31494
849 32748 31494
850 32556 31494
851 34284 31494
852 17676 31494
853 26988 31494
854 8268 31494
855 61030 11436
856 44844 31494
857 19404 42
858 27180 31494
859 32268 31494
860 14220 31494
861 14700 42
862 42 11244
863 42 11148
864 42 5100
865 42 5676
866 42 5868
867 10860 42
868 9324 42
869 10476 42
870 32460 31494
871 10380 42
872 61030 21900
873 51660 31494
874 61030 26988
875 61030 12588
876 61030 11916
877 61030 11628
878 18732 31494
879 61030 11724
880 51852 31494
881 51948 31494
882 27564 31494
883 25356 31494
884 23052 31494
885 22764 31494
886 33708 42
887 34188 42
888 18156 31494
889 31212 42
890 20940 42
891 21420 42
892 12108 42
893 16428 42
894 15660 42
895 15564 42
896 22764 42
897 22956 42
898 36492 31494
899 22860 42
900 23052 42
901 23148 42
902 17580 42
903 17676 42
904 18156 42
905 18060 42
906 17484 42
907 14028 42
908 38028 42
909 36780 31494
910 38604 42
911 31692 31494
912 43980 31494
913 43404 31494
914 44748 31494
915 43884 31494
916 40812 42
917 30252 31494
918 40908 42
919 38412 42
920 38700 42
921 40044 42
922 33036 42
923 33420 42
924 33516 42
925 33324 42
926 44460 42
927 46860 42
928 30732 31494
929 45516 42
930 46764 42
931 40716 42
932 40524 42
933 41580 42
934 43116 42
935 43212 42
936 42444 42
937 43308 42
938 43500 42
939 5868 31494
940 30348 31494
941 42732 42
942 43404 42
943 45900 42
944 46476 42
945 14700 31494
946 4716 31494
947 16812 31494
948 15468 31494
949 16236 31494
950 13068 31494
951 4620 31494
952 16332 31494
953 15276 31494
954 12300 31494
955 17484 31494
956 16620 31494
957 12492 31494
958 4812 31494
959 12012 31494
960 13260 31494
961 31596 42
962 5100 31494
963 15564 31494
964 20268 31494
965 20172 31494
966 21516 31494
967 12684 31494
968 11436 31494
969 11820 31494
970 9324 31494
971 5484 31494
972 5388 31494
973 8076 31494
974 22188 31494
975 21996 31494
976 20652 31494
977 20556 31494
978 22284 31494
979 22380 31494
980 34476 42
981 21132 31494
982 18828 31494
983 16716 31494
984 30156 31494
985 30060 31494
986 29868 31494
987 29676 31494
988 28524 31494
989 28908 31494
990 27468 42
991 18540 31494
992 27276 42
993 27372 42
994 11148 31494
995 42 18252
996 10860 31494
997 14604 42
998 14316 42
999 14412 42
1000 14508 42
1001 14220 42
1002 61030 16524
1003 10956 42
1004 11052 42
1005 9996 42
1006 11244 42
1007 11148 42
1008 61030 11532
1009 22668 31494
1010 31500 42
1011 61030 16428
1012 31308 42
1013 31404 42
1014 44940 31494
1015 43308 31494
1016 33900 42
1017 16716 42
1018 17100 42
1019 8940 31494
1020 15468 42
1021 15948 42
1022 22188 42
1023 22092 42
1024 18732 42
1025 24396 42
1026 24300 42
1027 29772 42
1028 32364 42
1029 32940 31494
1030 13164 31494
1031 33612 31494
1032 31500 31494
1033 35724 31494
1034 35628 31494
1035 35436 31494
1036 35532 31494
1037 44460 31494
1038 43596 31494
1039 13356 31494
1040 13452 31494
1041 44556 31494
1042 37548 31494
1043 32364 31494
1044 32076 31494
1045 33900 31494
1046 33228 31494
1047 31788 31494
1048 31980 31494
1049 40140 42
1050 38316 42
1051 11532 31494
1052 38796 42
1053 39948 42
1054 32940 42
1055 45132 42
1056 47532 42
1057 45036 42
1058 41004 42
1059 41100 42
1060 9420 31494
1061 21900 31494
1062 22092 31494
1063 4524 31494
1064 14316 31494
1065 6060 31494
1066 12204 31494
1067 7980 31494
1068 35916 31494
1069 9420 42
1070 27564 42
1071 10764 42
1072 11340 42
1073 21228 42
1074 21132 42
1075 15372 42
1076 44652 31494
1077 32172 31494
1078 9228 42
1079 44940 42
1080 15084 31494
1081 17292 31494
1082 14412 31494
1083 10284 31494
1084 10572 31494
1085 45228 42
1086 46668 42
1087 23244 31494
1088 9516 42
1089 10956 31494
1090 13644 42
1091 10572 42
1092 50892 31494
1093 51084 31494
1094 61030 12396
1095 61030 20556
1096 61030 20652
1097 51468 31494
1098 50988 31494
1099 9900 42
1100 51372 31494
1101 51276 31494
1102 51180 31494
1103 27468 31494
1104 27372 31494
1105 26796 31494
1106 25836 31494
1107 26028 31494
1108 24684 31494
1109 22572 31494
1110 9804 42
1111 23436 31494
1112 30348 42
1113 34092 42
1114 20556 42
1115 20460 42
1116 19692 42
1117 19500 42
1118 19884 42
1119 20268 42
1120 9612 42
1121 19980 42
1122 18540 42
1123 19212 42
1124 19308 42
1125 15852 42
1126 19020 42
1127 19116 42
1128 13932 42
1129 13740 42
1130 38124 42
1131 9708 42
1132 38892 31494
1133 38796 31494
1134 38892 42
1135 38508 42
1136 41388 42
1137 41676 42
1138 41868 42
1139 41196 42
1140 29676 42
1141 29868 42
1142 7212 31494
1143 35340 31494
1144 33516 31494
1145 30828 31494
1146 30924 31494
1147 31020 31494
1148 37356 42
1149 39756 42
1150 36396 31494
1151 36300 31494
1152 41964 42
1153 42060 42
1154 47628 42
1155 47724 42
1156 44364 42
1157 44556 42
1158 13932 31494
1159 21228 31494
1160 27276 31494
1161 27084 31494
1162 24396 31494
1163 18060 31494
1164 17868 31494
1165 17964 31494
1166 31596 31494
1167 29580 31494
1168 29772 31494
1169 14124 42
1170 13836 42
1171 14028 31494
1172 42 5484
1173 50796 31494
1174 46764 31494
1175 50604 31494
1176 50412 31494
1177 50508 31494
1178 28620 31494
1179 27756 31494
1180 22380 42
1181 18828 42
1182 18636 42
1183 17868 42
1184 17964 42
1185 38028 31494
1186 17772 42
1187 39852 42
1188 39276 42
1189 24204 42
1190 32652 31494
1191 36012 31494
1192 35820 31494
1193 37452 42
1194 37932 42
1195 6636 31494
1196 38508 31494
1197 13548 31494
1198 14988 31494
1199 5772 31494
1200 27852 31494
1201 50700 31494
1202 45036 31494
1203 33996 42
1204 37356 31494
1205 45612 31494
1206 39372 42
1207 14892 31494
1208 45708 31494
1209 15756 42
1210 47052 31494
1211 33036 31494
1212 42 16908
1213 11340 31494
1214 11244 31494
1215 31116 42
1216 42 10188
1217 42 4812
1218 42 4428
1219 42 5964
1220 10284 42
1221 10188 42
1222 10092 42
1223 50028 31494
1224 50124 31494
1225 54156 31494
1226 30732 42
1227 61030 13548
1228 61030 13644
1229 50316 31494
1230 25740 31494
1231 26124 31494
1232 25068 31494
1233 23148 31494
1234 24972 31494
1235 24492 31494
1236 24876 31494
1237 9708 31494
1238 32076 42
1239 26892 31494
1240 26700 31494
1241 26220 31494
1242 25164 31494
1243 45420 31494
1244 45132 31494
1245 45516 31494
1246 45804 31494
1247 45900 31494
1248 47148 31494
1249 34380 42
1250 34284 42
1251 19788 42
1252 20172 42
1253 20364 42
1254 18444 42
1255 46860 31494
1256 46668 31494
1257 46188 31494
1258 22668 42
1259 44172 31494
1260 38988 42
1261 39084 42
1262 39564 42
1263 41772 42
1264 24588 42
1265 24684 42
1266 31884 31494
1267 35244 31494
1268 33708 31494
1269 33996 31494
1270 34668 42
1271 37644 31494
1272 38412 31494
1273 37740 31494
1274 37836 31494
1275 37932 31494
1276 43788 42
1277 43884 42
1278 44076 42
1279 43596 42
1280 5580 31494
1281 35244 42
1282 9516 31494
1283 21036 31494
1284 20940 31494
1285 6444 31494
1286 31404 31494
1287 31308 31494
1288 29964 31494
1289 32268 42
1290 42 16620
1291 13740 31494
1292 42 10476
1293 42 10764
1294 42 5004
1295 25932 31494
1296 35916 42
1297 36108 42
1298 22572 42
1299 22476 42
1300 38220 42
1301 39180 42
1302 32844 31494
1303 33804 31494
1304 5964 31494
1305 8748 31494
1306 4236 31494
1307 12876 31494
1308 16428 31494
1309 42 16140
1310 16044 31494
1311 32748 42
1312 42 10860
1313 35820 42
1314 19596 42
1315 20844 42
1316 33324 31494
1317 5196 31494
1318 10092 31494
1319 14124 31494
1320 42 16428
1321 4908 31494
1322 5676 31494
1323 30540 31494
1324 23244 42
1325 42 11340
1326 42 7596
1327 29580 42
1328 22476 31494
1329 51564 31494
1330 61030 20076
1331 42 16332
1332 42 11052
1333 37164 31494
1334 39660 42
1335 52044 42
1336 61030 19980
1337 39084 31494
1338 23820 42
1339 23340 42
1340 43692 42
1341 38988 31494
1342 14604 31494
1343 42 10380
1344 37452 31494
1345 47436 42
1346 46572 42
1347 61030 9900
1348 35724 42
1349 12588 31494
1350 41772 31494
1351 46380 42
1352 35052 42
1353 35148 42
1354 42 4908
1355 21324 42
1356 42 14796
1357 61030 15372
1358 41580 31494
1359 20076 42
1360 41196 31494
1361 9804 31494
1362 29388 42
1363 41292 31494
1364 42 8076
1365 42 5772
1366 35436 42
1367 29484 42
1368 21804 31494
1369 35532 42
1370 42 8172
1371 61030 24012
1372 41100 31494
1373 34956 42
1374 39468 42
1375 49644 42
1376 61030 14604
1377 7404 31494
1378 24108 42
1379 42 5196
1380 61030 15276
1381 42 4524
1382 42 5388
1383 37260 42
1384 36012 42
1385 21612 31494
1386 42 25068
1387 61030 14508
1388 61030 24492
1389 44076 31494
1390 27948 42
1391 42156 42
1392 42 7980
1393 47916 42
1394 20364 31494
1395 41484 31494
1396 45804 42
1397 21420 31494
1398 61030 14412
1399 21708 31494
1400 20844 31494
1401 19788 31494
1402 19980 31494
1403 42 5580
1404 48588 31494
1405 29292 42
1406 42 3180
1407 21324 31494
1408 29196 42
1409 61030 11244
1410 42 4620
1411 42 5292
1412 41676 31494
1413 36300 42
1414 42 4332
1415 61030 22188
1416 61030 22476
1417 41388 31494
1418 40620 42
1419 42924 42
1420 61030 11340
1421 42 4140
1422 52812 31494
1423 61030 22092
1424 42540 42
1425 21036 42
1426 61030 10188
1427 7884 31494
1428 42 17772
1429 61030 10668
1430 61030 9324
1431 61030 10860
1432 7596 31494
1433 61030 10092
1434 42 15468
1435 2604 31494
1436 42 18636
1437 61030 8844
1438 61030 9612
1439 42 14700
1440 11628 31494
1441 61030 8364
1442 61030 10764
1443 61030 9516
1444 58380 42
1445 42 17868
1446 61030 7308
1447 61030 8652
1448 8556 31494
1449 53004 42
1450 7020 31494
1451 11724 31494
1452 9900 31494
