0 18362 8557
1 25261 10179
2 26397 9765
3 24212 9990
4 23097 9398
5 22329 8775
6 21812 9083
7 23306 7965
8 21600 7470
9 22410 7749
10 25339 7458
11 24229 6939
12 23314 7155
13 25119 6435
14 25208 8987
15 25218 10260
16 23486 12863
17 22464 11925
18 22815 10980
19 23450 13880
20 21372 13519
21 22104 14445
22 23497 12285
23 20506 13095
24 20931 12217
25 20184 11865
26 21789 10530
27 23877 11205
28 24624 10935
29 22261 11205
30 19318 11610
31 20958 10867
32 21431 11542
33 19764 10530
34 7938 17955
35 4027 11475
36 3510 8685
37 2952 9225
38 4509 9450
39 3874 9450
40 4314 12555
41 2038 11880
42 1800 13185
43 2602 13162
44 3064 11525
45 4303 10503
46 1809 10935
47 2520 10095
48 4329 13365
49 15222 17205
50 14796 17550
51 14454 17235
52 16355 17820
53 14202 17955
54 14161 16335
55 15176 16092
56 15363 17550
57 15552 15592
58 16357 16470
59 18225 16065
60 17451 17145
61 18036 17685
62 17346 15917
63 31601 12246
64 32546 11436
65 30996 12285
66 33514 10905
67 34499 11677
68 34830 10827
69 29403 11745
70 30375 11151
71 31274 10530
72 30618 9990
73 10602 3120
74 11385 2115
75 13000 1350
76 12379 1687
77 12089 2835
78 9369 1620
79 9112 2205
80 11972 3645
81 11259 4455
82 31515 8977
83 32764 6975
84 33274 8019
85 34570 6345
86 34063 8640
87 32103 7830
88 31617 8019
89 32580 8865
90 32562 9450
91 33813 5142
92 34769 5535
93 33561 6525
94 34637 7290
95 35046 8100
96 32386 4860
97 32778 4590
98 31927 4860
99 31556 6345
100 30132 4995
101 29937 5481
102 30002 5751
103 30620 7177
104 29592 6480
105 29775 8073
106 30159 8370
107 28761 6682
108 29106 5940
109 30888 4590
110 30159 14445
111 31135 14535
112 30888 17955
113 29990 17752
114 30720 16470
115 31266 17955
116 31962 17091
117 32076 16281
118 30125 16402
119 31077 16470
120 6672 13866
121 5886 13365
122 7661 14107
123 8069 14907
124 6952 15660
125 8847 15075
126 9077 15687
127 8202 16470
128 9369 16402
129 7569 17145
130 4630 17415
131 5531 16700
132 4466 15563
133 6037 17739
134 6905 17550
135 3613 16470
136 5663 14985
137 5143 14040
138 21735 3240
139 22377 3375
140 22851 6435
141 23200 4185
142 22752 5265
143 22053 4887
144 22963 4387
145 24023 6075
146 23841 5625
147 23995 1716
148 22014 6165
149 23544 4860
150 22909 3780
151 23724 3015
152 22608 2655
153 21870 2205
154 24988 5265
155 26082 5085
156 27723 4425
157 27726 5481
158 26141 5805
159 27567 6255
160 28863 5265
161 25920 4725
162 26897 3220
163 25687 1917
164 27351 2115
165 26622 2385
166 27594 2025
167 25129 3297
168 24583 4860
169 24813 4545
170 24426 4005
171 29254 4657
172 2826 5535
173 2119 5670
174 2529 4905
175 4050 5805
176 1822 4185
177 5593 7875
178 6562 3220
179 8841 4335
180 7538 2457
181 8262 2970
182 8577 3375
183 7375 1755
184 6516 1485
185 5240 2049
186 5242 4590
187 7286 4300
188 3935 4662
189 4133 3203
190 7164 5682
191 7020 6255
192 6312 6735
193 6374 7290
194 7293 8119
195 8626 5400
196 8142 6495
197 15948 13005
198 16356 12231
199 18946 13866
200 17016 13027
201 17530 14830
202 18306 15120
203 16860 13815
204 16389 14715
205 18235 12771
206 17837 11646
207 19086 13338
208 19764 13905
209 19053 16245
210 20099 15035
211 19372 15795
212 20334 15987
213 23064 16132
214 22203 15915
215 20453 17103
216 18589 17010
217 19048 17583
218 21874 16924
219 21816 17820
220 31711 13230
221 31029 13635
222 30415 13770
223 32337 13635
224 34690 14895
225 34782 15660
226 34101 16200
227 32239 15004
228 33314 14317
229 33831 12420
230 33939 13331
231 34447 13995
232 34970 13149
233 34789 12285
234 32305 12420
235 25677 11610
236 25377 14216
237 25855 12069
238 25434 12825
239 26676 17955
240 26608 13398
241 28728 10989
242 28086 10462
243 28035 11430
244 27054 11259
245 26281 11205
246 23554 17361
247 24328 16682
248 26138 15421
249 26260 17361
250 25002 17415
251 24084 14940
252 24633 15390
253 14265 9045
254 14239 14931
255 14260 13635
256 15453 14175
257 14806 11907
258 15277 13140
259 16017 9990
260 15903 9450
261 15678 10935
262 12670 9977
263 11328 10485
264 13689 11038
265 12987 12825
266 13662 11947
267 12514 12285
268 27867 14637
269 27459 13005
270 27540 13567
271 27054 16605
272 27896 16362
273 28959 16527
274 28336 15255
275 28998 17145
276 29128 14535
277 29532 15471
278 28734 13702
279 10168 16571
280 9612 17955
281 10152 17415
282 11739 16686
283 13500 17190
284 12571 17631
285 12510 15015
286 12928 14101
287 13450 15255
288 10287 14175
289 10145 13702
290 11174 14522
291 10005 15293
292 11253 15417
293 10729 12386
294 13486 13230
295 11282 13210
296 10867 11475
297 9342 12015
298 9450 12555
299 18637 2912
300 20254 5850
301 20887 5670
302 20396 3567
303 19575 2066
304 29133 1845
305 19656 5130
306 30577 2580
307 28998 2775
308 31936 1845
309 31527 2475
310 31002 1620
311 31377 3510
312 32373 3645
313 29530 3694
314 20697 2873
315 20425 1620
316 17733 3645
317 17968 4320
318 18677 3847
319 19703 4320
320 13462 3582
321 13617 2745
322 15608 3362
323 14370 3982
324 14080 5400
325 15410 5535
326 15592 3195
327 14629 2272
328 15795 2430
329 13689 1350
330 18396 1665
331 16632 4522
332 16710 2085
333 16912 3051
334 14887 7121
335 13858 7617
336 13257 5805
337 12787 7479
338 12960 6777
339 12177 5226
340 11256 5633
341 10060 5751
342 9733 5130
343 16260 7155
344 15994 7911
345 16983 6030
346 17192 7155
347 18162 7695
348 18063 5565
349 17928 6210
350 18994 5670
351 19299 6291
352 18900 7065
353 14796 19263
354 14892 19263
355 14028 19263
356 9420 42
357 9324 42
358 9228 42
359 15372 19263
360 15468 19263
361 36567 12396
362 31596 19263
363 14508 19263
364 13836 19263
365 23916 19263
366 7884 19263
367 22476 42
368 9804 19263
369 24492 42
370 8364 19263
371 21900 42
372 26796 42
373 17676 19263
374 13740 19263
375 21708 42
376 9132 19263
377 26892 42
378 23244 42
379 25644 19263
380 15660 42
381 22956 42
382 9612 42
383 8268 42
384 15468 42
385 28908 42
386 28524 42
387 10092 42
388 26988 42
389 7692 19263
390 10668 42
391 27276 42
392 8748 19263
393 17580 19263
394 22764 19263
395 25740 42
396 30636 19263
397 23052 19263
398 27468 42
399 7788 19263
400 12396 19263
401 28332 42
402 22764 42
403 11244 19263
404 28140 42
405 9708 42
406 22188 42
407 17964 19263
408 22380 19263
409 28044 42
410 22284 42
411 36567 9900
412 22092 19263
413 23148 19263
414 8940 42
415 22380 42
416 29676 42
417 26412 42
418 11820 42
419 36567 9996
420 7884 42
421 24684 42
422 27852 42
423 30828 42
424 8844 42
425 17100 42
426 22956 19263
427 9036 19263
428 36567 11052
429 12012 42
430 18060 42
431 8940 19263
432 15084 19263
433 26508 42
434 10380 42
435 10860 42
436 28236 42
437 9612 19263
438 27564 42
439 23148 42
440 8460 42
441 10188 42
442 22476 19263
443 36567 9228
444 21996 42
445 9324 19263
446 27084 42
447 27660 42
448 9804 42
449 36567 12972
450 21804 42
451 17484 19263
452 18156 19263
453 27372 42
454 10284 42
455 8748 42
456 21420 42
457 9036 42
458 28716 19263
459 8844 19263
460 24588 42
461 27948 42
462 10572 42
463 10092 19263
464 42 10476
465 9900 42
466 8652 42
467 22572 19263
468 25740 19263
469 21804 19263
470 11052 42
471 26700 42
472 11916 42
473 22860 42
474 22668 42
475 23244 19263
476 26604 42
477 9420 19263
478 9516 42
479 22092 42
480 28428 42
481 9228 19263
482 23052 42
483 27180 42
484 10956 42
485 17004 42
486 11148 19263
487 9996 42
488 29580 42
489 8076 19263
490 27756 42
491 8364 42
492 8460 19263
493 22572 42
494 21516 42
495 10764 42
496 10476 42
497 20748 42
498 21324 42
499 21612 42
500 8556 19263
501 8556 42
502 10284 19263
503 26316 19263
504 22860 19263
505 22668 19263
506 9132 42
507 23340 19263
508 13932 19263
509 7980 19263
510 15276 19263
511 7500 19263
512 7308 42
513 7596 19263
514 30828 19263
515 30924 19263
516 42 4140
517 36567 12300
518 9516 19263
519 9708 19263
