0 24953 13669
1 1539 5535
2 43497 1485
3 1539 3915
4 48627 12555
5 21249 24705
6 14823 24435
7 47420 21465
8 40669 21857
9 46926 21395
10 32473 20076
11 44320 11137
12 44982 9585
13 46467 8505
14 44058 12555
15 45579 11359
16 33087 20012
17 48537 15795
18 11041 5995
19 10881 7778
20 12492 7125
21 8485 7926
22 7275 6583
23 5616 4725
24 7107 7290
25 9645 5625
26 7985 5535
27 6849 3645
28 48042 16065
29 8464 4590
30 9018 3982
31 48126 15435
32 8181 2455
33 5891 1755
34 22234 24705
35 23772 18435
36 23564 17029
37 25837 18459
38 23193 15615
39 26622 21465
40 26365 15910
41 27144 16875
42 25353 16103
43 26301 13875
44 24992 14641
45 25277 13527
46 39232 23675
47 40083 24165
48 44109 24345
49 7452 20770
50 37662 23871
51 6990 23676
52 5167 23976
53 5206 22500
54 6192 21130
55 4050 24232
56 21634 15110
57 21999 13419
58 20959 16527
59 20594 24367
60 21381 17445
61 23722 12595
62 22140 10147
63 24741 10729
64 22592 11475
65 38779 21426
66 23625 14445
67 39740 8052
68 40554 9585
69 41987 7744
70 7101 10395
71 6730 11730
72 2774 11137
73 4358 11452
74 6517 10449
75 4561 13254
76 3488 12528
77 2929 12217
78 2403 12825
79 37921 20655
80 19421 24111
81 19008 24570
82 18581 22923
83 18371 21195
84 3600 8400
85 17320 20250
86 17410 22725
87 16753 21127
88 15471 22082
89 11623 21195
90 12402 19935
91 12058 21735
92 1647 17212
93 11731 20790
94 12447 24435
95 14132 20674
96 16328 23760
97 14361 22772
98 12328 23728
99 12906 22622
100 36831 23740
101 45909 18090
102 46046 19780
103 44706 16875
104 46062 17775
105 48618 19305
106 46240 16929
107 47391 18155
108 44384 18919
109 33345 15592
110 35860 22387
111 28254 23295
112 30561 21268
113 29324 22839
114 29281 21870
115 29646 24030
116 29385 22695
117 29440 20493
118 27887 21812
119 2383 21901
120 3921 23220
121 1827 19305
122 2475 24289
123 3940 21313
124 3701 19485
125 4909 20025
126 4603 23625
127 34580 18562
128 35926 19048
129 45120 24063
130 34162 17341
131 36929 18427
132 31883 15626
133 34566 23375
134 27984 15338
135 36117 16418
136 28801 14045
137 27661 13230
138 28896 16368
139 30461 16443
140 30784 16065
141 34412 16065
142 32058 11700
143 33480 12510
144 30685 13095
145 32595 14985
146 36165 14985
147 33043 6869
148 33000 4905
149 31914 5625
150 31437 6615
151 34280 5487
152 31779 4111
153 33974 3469
154 33388 1917
155 47296 11166
156 47282 6035
157 19963 15457
158 18189 12825
159 18045 12645
160 17617 13567
161 19375 13705
162 20832 12323
163 20160 11340
164 20115 18255
165 19359 16807
166 18913 15768
167 18130 14985
168 21262 3510
169 22678 3021
170 21416 2079
171 24113 3915
172 21384 1215
173 24674 2115
174 24134 5149
175 46515 5898
176 48289 7155
177 47297 19642
178 48519 13770
179 46917 6204
180 41806 10908
181 41480 12912
182 39366 13601
183 43240 13837
184 48600 9315
185 38225 12420
186 39015 12015
187 39333 12123
188 38596 11745
189 3637 17355
190 2774 14040
191 6102 16470
192 2686 17685
193 2409 15187
194 4276 15605
195 3321 13365
196 47682 11846
197 42592 23535
198 33840 6660
199 43867 17800
200 43274 17111
201 41188 18919
202 41267 20452
203 40732 19321
204 39516 23123
205 46278 24165
206 43203 20847
207 43827 19710
208 45630 21195
209 2220 2902
210 9636 18360
211 11168 19133
212 12062 18258
213 9767 16852
214 11444 16913
215 7143 15765
216 8545 15847
217 32818 1215
218 30055 6345
219 30219 6277
220 28725 6941
221 28798 8471
222 30308 5265
223 28724 4570
224 27379 3105
225 28584 2790
226 27594 2385
227 27142 2256
228 27081 1350
229 26778 3591
230 40439 17415
231 39784 16173
232 40731 16605
233 41924 17415
234 38655 16065
235 40804 15332
236 47574 24030
237 46237 2340
238 47550 8235
239 47344 23625
240 27972 18225
241 9766 22550
242 9244 19791
243 10214 20992
244 9868 24435
245 7317 18045
246 6096 18745
247 8181 19485
248 48231 4365
249 48631 5400
250 41080 2457
251 40440 4965
252 39210 5130
253 43103 2201
254 40718 6271
255 42174 4215
256 42483 6291
257 43272 4050
258 41994 4635
259 44624 8235
260 43933 7335
261 42970 8755
262 44880 3915
263 44845 5457
264 2064 7866
265 4108 6300
266 3122 3895
267 48591 4995
268 2852 4577
269 1566 6210
270 3453 2047
271 41491 22592
272 4560 3055
273 4050 8831
274 6323 8775
275 5259 9693
276 5241 5145
277 5634 7365
278 36213 2128
279 29358 17715
280 30148 17523
281 30510 18999
282 28714 20137
283 27850 19845
284 37797 1665
285 18027 8919
286 18907 7185
287 19335 9855
288 17139 11153
289 16065 8424
290 14937 9045
291 14094 8505
292 17235 7605
293 28004 20979
294 27315 20340
295 26793 20025
296 16853 12501
297 16529 14075
298 15031 13635
299 16647 16398
300 17555 17868
301 18711 19143
302 14969 15710
303 13875 18651
304 12982 16850
305 15375 18096
306 11567 15288
307 11916 15615
308 16218 19935
309 13743 15390
310 35052 6345
311 35140 6210
312 37214 6639
313 37485 5355
314 38691 5872
315 37434 8145
316 36750 9247
317 43294 1215
318 44698 1485
319 34884 1485
320 32025 22160
321 45483 24319
322 33561 24367
323 33755 21330
324 25947 1305
325 30760 2771
326 41256 24300
327 30685 1620
328 30037 4320
329 22397 21365
330 23506 22491
331 20127 19886
332 20228 22132
333 18765 23355
334 21879 19305
335 22255 23484
336 23619 20007
337 24968 20790
338 25205 23649
339 26879 23188
340 36266 4671
341 38612 4185
342 31284 20295
343 35417 4185
344 36697 3699
345 38250 2835
346 35194 1755
347 39270 3333
348 41087 2092
349 40648 1755
350 45048 13842
351 46198 14782
352 44789 15390
353 43413 15039
354 43443 15768
355 44496 21870
356 32427 18360
357 20364 26029
358 42 3564
359 34860 42
360 33996 42
361 34668 42
362 34764 42
363 48300 26029
364 46860 26029
365 47148 26029
366 50100 18348
367 50100 13164
368 50100 17868
369 50100 16620
370 50100 14124
371 50100 13068
372 50100 3084
373 50100 12972
374 50100 17100
375 50100 12396
376 50100 18252
377 33516 42
378 33612 42
379 50100 17004
380 50100 17580
381 50100 11052
382 33324 42
383 33420 42
384 33900 42
385 50100 12204
386 50100 11820
387 50100 11436
388 32652 42
389 32940 42
390 32556 42
391 35820 26029
392 34476 42
393 34188 42
394 50100 3756
395 50100 6636
396 50100 5772
397 50100 8652
398 50100 7212
399 46188 42
400 50100 7596
401 45036 42
402 39564 42
403 50100 7020
404 50100 3564
405 50100 11724
406 50100 6444
407 50100 3948
408 50100 10092
409 50100 4812
410 50100 6348
411 50100 9324
412 50100 5196
413 50100 5100
414 50100 5388
415 50100 9132
416 50100 5292
417 50100 5676
418 50100 9228
419 43116 42
420 44172 42
421 45132 42
422 50100 9420
423 50100 4236
424 50100 4428
425 50100 6252
426 50100 5868
427 35148 42
428 36012 42
429 35916 42
430 35628 42
431 36300 42
432 36108 42
433 36396 42
434 43212 42
435 45708 42
436 36876 42
437 36684 42
438 36204 42
439 36780 42
440 42252 42
441 43308 42
442 45228 42
443 42348 42
444 40428 42
445 43404 42
446 45324 42
447 45804 42
448 35244 42
449 35340 42
450 36588 42
451 36492 42
452 42060 42
453 43500 42
454 30252 26029
455 32364 26029
456 48204 26029
457 48012 26029
458 47244 26029
459 47340 26029
460 47916 26029
461 47628 26029
462 34092 26029
463 47820 26029
464 47436 26029
465 33228 42
466 33900 26029
467 47532 26029
468 31500 26029
469 32940 26029
470 33708 26029
471 33324 26029
472 33516 26029
473 31788 26029
474 31884 26029
475 32076 26029
476 31980 26029
477 30732 26029
478 30636 26029
479 48108 26029
480 32460 26029
481 34668 26029
482 47724 26029
483 32460 42
484 31788 42
485 31884 42
486 31980 42
487 31596 42
488 30444 26029
489 2796 26029
490 26124 42
491 26220 42
492 27372 42
493 31500 42
494 30924 42
495 30348 42
496 29580 42
497 29964 42
498 30060 42
499 30828 42
500 30732 42
501 31692 42
502 28236 42
503 28332 42
504 28044 42
505 21420 42
506 21228 42
507 12396 26029
508 13836 26029
509 46764 26029
510 26412 42
511 27468 42
512 27660 42
513 18156 26029
514 18348 26029
515 35052 42
516 34956 42
517 21708 26029
518 50100 20364
519 38988 26029
520 38604 26029
521 26316 42
522 27084 42
523 26604 42
524 27564 42
525 19692 26029
526 40140 42
527 41388 42
528 22092 26029
529 21996 26029
530 50100 19980
531 50100 20172
532 38892 26029
533 38700 26029
534 28524 42
535 21804 26029
536 21132 42
537 27756 42
538 28428 42
539 21324 42
540 42 17580
541 42 16908
542 42 4812
543 42 4044
544 42 2604
545 41772 42
546 42828 42
547 20556 26029
548 20748 26029
549 2988 26029
550 2892 26029
551 46668 26029
552 27276 42
553 50100 15756
554 50100 15276
555 50100 14604
556 50100 18156
557 50100 14028
558 20268 26029
559 19116 26029
560 19212 26029
561 19020 26029
562 18924 26029
563 18828 26029
564 42 16812
565 46476 26029
566 26892 42
567 26796 42
568 26700 42
569 26988 42
570 43596 42
571 40044 42
572 42 2892
573 42 2988
574 42 2508
575 42 3276
576 42 2316
577 42 3372
578 20652 26029
579 46572 26029
580 46380 26029
581 46284 26029
582 40812 42
583 42 1068
584 42 1164
585 19500 26029
586 42 12972
587 42 4716
588 42 972
589 42 16716
590 8172 26029
591 31212 42
592 30156 42
593 17676 26029
594 50100 10476
595 43692 42
596 32556 26029
597 42 876
598 45516 26029
599 13644 26029
600 50100 6828
601 50100 4908
602 43788 26029
603 29772 42
604 20364 42
605 42 3084
606 42 4908
607 18060 26029
608 50100 10764
609 42 17004
610 50100 7500
611 42 14124
612 14028 26029
613 42 13356
614 50100 13452
615 21036 26029
616 30540 26029
617 35148 26029
618 42924 26029
619 24780 26029
620 28812 42
621 16524 26029
622 14508 26029
623 50100 11628
624 26508 42
625 17004 26029
626 27852 42
627 42 12492
628 50100 3468
629 27180 26029
630 29004 42
631 50100 10956
632 18636 26029
633 41484 26029
634 24876 26029
635 29676 42
636 50100 17196
637 39852 42
638 45900 42
639 42 1740
640 24972 26029
641 18540 26029
642 22284 42
643 13740 26029
644 42 1644
645 42 12780
646 50100 16140
647 42 15564
648 50100 12684
649 50100 10284
650 42 4524
651 42 13548
652 27852 26029
653 10188 26029
654 42156 26029
655 42 14892
656 50100 16812
657 30540 42
658 42 5388
659 28716 42
660 33132 26029
661 42 5196
662 20172 42
663 34092 42
664 10284 26029
665 42 3756
666 20652 42
667 43596 26029
668 29100 42
669 42 5772
670 42 11148
671 42 11436
672 42 5964
673 23436 26029
674 27948 26029
675 42 3468
676 50100 17292
677 20268 42
678 30252 42
679 30636 42
680 36204 26029
681 28620 42
682 14892 26029
683 42 3948
684 50100 3660
685 42 13836
686 8076 26029
687 31404 42
688 19980 26029
689 42 16140
690 50100 15660
691 42 13164
692 42 14604
693 42 5484
694 43788 42
695 27180 42
696 42924 42
697 42 10956
698 12876 26029
699 28908 42
700 33996 26029
701 40716 42
702 20748 42
703 42 15852
704 29868 42
705 50100 8940
706 50100 9612
707 16332 26029
708 20076 42
709 42 14220
710 36300 26029
711 17772 26029
712 42 13644
713 43884 42
714 31116 42
715 30348 26029
716 31308 42
717 21900 42
718 42 5004
719 27564 26029
720 42 14412
721 42 4428
722 29484 42
723 41292 42
724 19980 42
725 23916 42
726 15756 26029
727 30444 42
728 35724 42
729 42 2700
730 44172 26029
731 32652 26029
732 50100 12300
733 39276 42
734 27276 26029
735 42 14988
736 41964 26029
737 42 5100
738 22956 42
739 42 6060
740 42 9996
741 35436 26029
742 42 5868
743 25740 26029
744 42 10860
745 42 5676
746 16428 26029
747 32076 42
748 42 1836
749 22380 42
750 50100 11916
751 29196 42
752 42 2124
753 34284 42
754 42252 26029
755 32268 26029
756 43980 42
757 42 12204
758 17388 26029
759 14412 26029
760 42 1932
761 50100 4332
762 27756 26029
763 42 16236
764 40620 42
765 42 4140
766 27948 42
767 25068 26029
768 20556 42
769 39468 42
770 50100 9900
771 31116 26029
772 50100 16236
773 42 4236
774 50100 12780
775 42 2412
776 42 10092
777 23532 26029
778 10956 26029
779 50100 13260
780 41388 26029
781 42 15084
782 13356 26029
783 42 2796
784 42 16332
785 34380 42
786 15660 26029
787 42 3180
788 32364 42
789 32172 42
790 15948 26029
791 34572 42
792 43308 26029
793 13932 26029
794 42 12588
795 42 16044
796 35820 42
797 42 11532
798 42 5292
799 28140 42
800 22188 26029
801 42 4332
802 42 15180
803 14796 26029
804 28332 26029
805 17484 26029
806 13260 26029
807 15564 26029
808 50100 14412
809 17868 26029
810 42 13932
811 14700 26029
812 29292 42
813 42636 26029
814 42 10476
815 15468 26029
816 21228 26029
817 50100 12588
818 31020 42
819 29388 42
820 26892 26029
821 26124 26029
822 18444 26029
823 31212 26029
824 43404 26029
825 32268 42
826 26028 42
827 35532 42
828 42 11052
829 21996 42
830 3180 26029
831 42 16428
832 34476 26029
833 50100 3180
834 40908 26029
835 50100 3372
836 50100 6156
837 45804 26029
838 23340 26029
839 33036 26029
840 30924 26029
841 33420 26029
842 25836 26029
843 42 12684
844 44076 42
845 12972 26029
846 25164 26029
847 23820 26029
848 50100 16908
849 21132 26029
850 50100 6060
851 42 13452
852 26028 26029
853 28236 26029
854 42 1548
855 20844 26029
856 16236 26029
857 42 2220
858 39756 42
859 42 11820
860 31308 26029
861 16044 26029
862 42 15660
863 26316 26029
864 32172 26029
865 41580 42
866 45420 42
867 42 1260
868 16140 26029
869 50100 11244
870 41676 42
871 40908 42
872 44268 42
873 16908 26029
874 25260 26029
875 14124 26029
876 42 780
877 40332 42
878 41868 42
879 43116 26029
880 42 14316
881 12492 26029
882 50100 15852
883 50100 11340
884 27084 26029
885 13548 26029
886 42 2028
887 13164 26029
888 42 1356
889 31404 26029
890 50100 17388
891 50100 8076
892 40524 42
893 42 17100
894 41964 42
895 42 4620
896 32748 26029
897 17292 26029
898 42 15276
899 50100 7404
900 50100 7788
901 42540 26029
902 8556 26029
903 42 5580
904 42 13068
905 15372 26029
906 41484 42
907 27660 26029
908 42 3852
909 30828 26029
910 42 14028
911 44364 42
912 34956 26029
913 14220 26029
914 42 10764
915 41196 42
916 50100 7980
917 42348 26029
918 23628 26029
919 12684 26029
920 42 13740
921 13452 26029
922 44652 26029
923 42 10380
924 50100 7692
925 42 1452
926 14316 26029
927 42156 42
928 50100 13836
929 42 17388
930 20460 26029
931 17964 26029
932 21900 26029
933 32844 26029
934 50100 12012
935 39372 42
936 42 17196
937 50100 9036
938 42 3660
939 44460 42
940 42 15756
941 50100 6540
942 42 7020
943 42 14796
944 23916 26029
945 17196 26029
946 39660 42
947 12780 26029
948 50100 8844
949 17100 26029
950 42 12300
951 42 14508
952 25548 26029
953 42 12396
954 40812 26029
955 42 12012
956 45516 42
957 50100 16524
958 43020 26029
959 23724 26029
960 42 6156
961 26220 26029
962 50100 20076
963 50100 8172
964 42 16620
965 8364 26029
966 33612 26029
967 41004 42
968 15852 26029
969 44556 42
970 18732 26029
971 50100 9996
972 39948 42
973 50100 10860
974 50100 10380
975 42540 42
976 42 12876
977 26700 26029
978 40236 42
979 15180 26029
980 28044 26029
981 42636 42
982 16620 26029
983 33228 26029
984 42 6636
985 42 8556
986 42828 26029
987 42 8748
988 42 11916
989 42060 26029
990 12588 26029
991 42 12108
992 50100 7884
993 42 11724
994 44652 42
995 42732 42
996 41100 42
997 42 13260
998 42 8268
999 31020 26029
1000 50100 17964
1001 46092 42
1002 50100 10572
1003 9612 26029
1004 42 15468
1005 44844 42
1006 31692 26029
1007 50100 9516
1008 50100 5580
1009 35244 26029
1010 21516 26029
1011 50100 3276
1012 8268 26029
1013 44748 42
1014 43980 26029
1015 50100 14220
1016 41772 26029
1017 20940 26029
1018 45996 26029
1019 26988 26029
1020 42 6924
1021 42 14700
1022 16812 26029
1023 50100 10188
1024 42 15372
1025 42 17292
1026 45996 42
1027 50100 9708
1028 42 8844
1029 14604 26029
1030 50100 5484
1031 21324 26029
1032 14988 26029
1033 39180 42
1034 19596 26029
1035 42 10572
1036 42 7308
1037 44940 42
1038 31596 26029
1039 24300 26029
1040 15276 26029
1041 42 10668
1042 19308 26029
1043 42 10284
1044 50100 9804
1045 19788 26029
1046 13068 26029
1047 45612 42
1048 42 15948
1049 50100 10668
1050 42 11628
1051 42 16524
1052 44076 26029
1053 47052 26029
1054 15084 26029
1055 42444 42
1056 20076 26029
1057 17580 26029
1058 50100 11532
1059 50100 20268
1060 20172 26029
1061 50100 13548
1062 42 17484
1063 34860 26029
1064 16716 26029
1065 39084 26029
1066 45228 26029
1067 38796 26029
1068 39276 26029
1069 39180 26029
1070 45132 26029
1071 45420 26029
1072 44940 26029
1073 45612 26029
1074 39948 26029
1075 44364 26029
1076 44844 26029
1077 44268 26029
1078 43212 26029
1079 42732 26029
1080 40620 26029
1081 50100 18060
1082 40428 26029
1083 50100 15084
1084 39852 26029
1085 40332 26029
1086 44556 26029
1087 39564 26029
1088 39756 26029
1089 39660 26029
1090 40140 26029
1091 40236 26029
1092 41292 26029
1093 41100 26029
1094 41196 26029
1095 40716 26029
1096 41004 26029
1097 43692 26029
1098 43500 26029
1099 41676 26029
1100 43884 26029
1101 41868 26029
1102 41580 26029
1103 42444 26029
1104 50100 16044
1105 40524 26029
1106 50100 15180
1107 43020 42
1108 50100 14796
1109 50100 14988
1110 50100 15564
1111 50100 17676
1112 50100 17484
1113 50100 15948
1114 50100 17772
1115 50100 14316
1116 50100 16428
1117 50100 12492
1118 42 6252
1119 50100 16716
1120 50100 13356
1121 50100 12876
1122 50100 15468
1123 50100 14700
1124 50100 13932
1125 50100 14508
1126 50100 14892
1127 50100 15372
1128 39468 26029
1129 42 6540
1130 45036 26029
1131 39372 26029
1132 45324 26029
1133 40044 26029
1134 44748 26029
1135 44460 26029
1136 46188 26029
1137 46092 26029
1138 45900 26029
1139 38220 26029
1140 42 6444
1141 45708 26029
1142 38508 26029
1143 38412 26029
1144 37164 26029
1145 37932 26029
1146 37356 26029
1147 38316 26029
1148 38124 26029
1149 37836 26029
1150 37644 26029
1151 37452 26029
1152 37548 26029
1153 37740 26029
1154 38028 26029
1155 36588 26029
1156 36780 26029
1157 37068 26029
1158 36972 26029
1159 36876 26029
1160 37260 26029
1161 36684 26029
1162 35916 26029
1163 36396 26029
1164 36492 26029
1165 35628 26029
1166 35532 26029
1167 35724 26029
1168 46956 26029
1169 36012 26029
1170 36108 26029
1171 9900 26029
1172 34188 26029
1173 35340 26029
1174 34284 26029
1175 34380 26029
1176 35052 26029
1177 34764 26029
1178 33804 26029
1179 34572 26029
1180 50100 13644
1181 50100 11148
1182 42 6348
1183 50100 16332
1184 50100 13740
1185 50100 12108
1186 50100 5004
1187 50100 4524
1188 50100 5964
1189 50100 4716
1190 50100 4044
1191 50100 8748
1192 50100 6924
1193 50100 8364
1194 50100 8556
1195 50100 3852
1196 50100 4140
1197 50100 7308
1198 50100 7116
1199 50100 8268
1200 50100 8460
1201 50100 6732
1202 50100 4620
