0 25689 12368
1 24597 24165
2 6669 1755
3 26590 23907
4 27741 5223
5 28361 24242
6 4995 19425
7 31090 5535
8 28769 3416
9 28598 3712
10 26381 6727
11 3775 21397
12 4860 21498
13 1705 22185
14 2457 21465
15 2153 18562
16 2833 19092
17 3785 19791
18 2017 19992
19 4632 18687
20 25119 7200
21 26001 5805
22 29349 24300
23 47768 2959
24 45211 3735
25 46098 3227
26 46326 1755
27 47709 4840
28 28360 7053
29 33459 6367
30 28353 22376
31 28252 22761
32 37805 10233
33 38265 9382
34 38898 10215
35 36730 10091
36 35196 9893
37 36136 9207
38 35434 8640
39 39910 9544
40 41202 9720
41 38151 11745
42 38010 11097
43 36388 11301
44 36828 11907
45 27648 21600
46 28856 21633
47 23605 21853
48 25917 17562
49 27218 19092
50 24979 18931
51 27839 16359
52 28093 17658
53 28938 17865
54 26514 20250
55 4322 17226
56 4552 17901
57 2514 15626
58 3857 15795
59 2297 17020
60 13203 7560
61 19386 22113
62 4009 5400
63 4707 3047
64 4313 4820
65 3839 3136
66 5571 6197
67 5602 2047
68 16680 7317
69 6363 3195
70 2412 5535
71 18547 22916
72 17167 22500
73 16854 10867
74 18967 23760
75 12042 6615
76 25275 23007
77 5493 8625
78 4050 8273
79 25580 22313
80 2226 9143
81 1787 7116
82 5197 7695
83 2621 7695
84 3897 7204
85 4117 8910
86 17101 23770
87 15822 1485
88 16308 1755
89 17266 5670
90 16146 23220
91 14958 7209
92 16109 6075
93 12830 6129
94 19467 17280
95 18194 17498
96 18130 16065
97 18374 19742
98 17230 19755
99 14566 6097
100 19572 18298
101 19440 18945
102 18720 24705
103 16375 17550
104 20790 20925
105 15774 24030
106 21674 7695
107 20331 17145
108 17676 24435
109 46619 14052
110 46860 15851
111 40934 12137
112 46305 11205
113 48051 16958
114 41850 12231
115 40743 11070
116 45522 10727
117 42282 13174
118 44104 12487
119 43217 11822
120 41499 10260
121 43256 10287
122 40479 14818
123 39420 13567
124 42012 15111
125 42211 15687
126 39771 12960
127 47064 17381
128 39159 12227
129 39541 11340
130 23206 15660
131 21181 14985
132 20493 15390
133 22319 14350
134 21330 14580
135 23868 14040
136 21972 13185
137 24285 15255
138 25454 15088
139 20970 16245
140 24388 17120
141 21705 16886
142 23046 17260
143 21587 23821
144 21903 23017
145 23427 24210
146 11198 16002
147 8923 19575
148 10644 20925
149 8098 17732
150 12510 17010
151 10332 18409
152 11718 17415
153 11972 18528
154 9979 19845
155 12006 20160
156 6682 19305
157 7517 19305
158 8539 19266
159 9849 18675
160 47648 19035
161 48402 18435
162 48593 19710
163 46188 18723
164 45505 17415
165 44796 17453
166 42521 8183
167 20166 23915
168 47844 8154
169 47444 9045
170 46435 7007
171 46881 6197
172 45722 9067
173 44914 7749
174 44555 6316
175 41413 7027
176 44865 4680
177 11772 24705
178 21100 24165
179 10659 4374
180 19458 22365
181 8856 2349
182 7425 2565
183 8019 1575
184 19670 14686
185 10480 3295
186 8499 4028
187 11731 4455
188 9768 5355
189 11577 3105
190 19503 3825
191 19507 2205
192 16659 2217
193 20722 1890
194 16706 3487
195 17735 2126
196 18294 3825
197 17293 4320
198 19122 4972
199 17951 5303
200 13062 4293
201 14877 4815
202 15707 3307
203 14802 3336
204 13814 2465
205 16038 1215
206 39078 7740
207 36933 6171
208 38124 7965
209 38253 4815
210 39385 6129
211 39884 5049
212 35313 7155
213 35282 5701
214 32670 24705
215 34305 22899
216 21669 20423
217 20798 19372
218 22176 19755
219 23154 19626
220 23355 20565
221 22959 18135
222 33363 23625
223 40257 24435
224 4783 13021
225 36406 24165
226 5537 11597
227 6063 13095
228 5730 15545
229 6874 14681
230 3717 14355
231 5809 14310
232 7823 15120
233 7182 13455
234 7119 14175
235 34182 24435
236 34968 23505
237 36331 23251
238 36902 24367
239 35829 24570
240 32674 8347
241 31560 9135
242 32794 10017
243 33178 9045
244 33129 9585
245 35973 22905
246 17074 13095
247 20142 12015
248 20418 12690
249 18768 12825
250 18058 14242
251 33085 6858
252 36382 24570
253 3169 22761
254 30956 6869
255 7879 23060
256 7857 24219
257 7033 24097
258 5928 23835
259 4052 23490
260 31455 6480
261 7803 20790
262 7699 21710
263 5828 22082
264 31590 5940
265 6574 20385
266 6507 21330
267 31355 7803
268 31140 21980
269 32419 22255
270 29953 8289
271 19921 6300
272 21594 5805
273 21411 6480
274 21672 8795
275 22329 8325
276 20898 7425
277 21981 7309
278 23193 6045
279 24666 5670
280 20763 3240
281 21744 4149
282 20463 4395
283 23749 4779
284 23087 3375
285 22512 1971
286 32445 22995
287 2727 13138
288 1782 14242
289 2028 10761
290 2907 10215
291 2796 11655
292 40041 24570
293 41688 2025
294 41715 2295
295 41559 4485
296 42241 3395
297 39903 3267
298 39744 2430
299 31585 23801
300 44542 2835
301 43321 3456
302 42594 5550
303 40203 24300
304 39204 24435
305 10189 8201
306 6736 6480
307 7360 8154
308 7638 7335
309 8643 7772
310 8102 8775
311 7068 5913
312 7659 9495
313 10077 9180
314 7542 10035
315 8298 10035
316 9000 9585
317 8479 6422
318 9126 6435
319 7411 5265
320 43761 22641
321 30186 24165
322 38935 23595
323 24556 9461
324 27435 10395
325 26086 12118
326 26505 8127
327 40752 23085
328 28004 8073
329 22045 9990
330 23833 11205
331 23881 7155
332 23906 8595
333 26244 13230
334 24880 9720
335 41877 21889
336 43308 16335
337 42129 18113
338 41846 16643
339 40806 20475
340 40968 17685
341 40189 16605
342 43110 19997
343 43632 20790
344 42251 19420
345 43717 18540
346 43375 17280
347 39501 20070
348 39888 18945
349 42741 21195
350 42336 22140
351 8784 21735
352 39841 22383
353 10189 24489
354 10450 22244
355 11382 23835
356 40581 22612
357 39042 21465
358 44833 24570
359 38157 20587
360 37215 21825
361 40881 23861
362 43124 24057
363 43618 24165
364 44304 14688
365 45690 23490
366 46572 23325
367 21222 10035
368 19376 11425
369 28710 3465
370 15444 10819
371 15768 11475
372 24323 22308
373 26911 3567
374 15487 9430
375 16176 8775
376 17485 11542
377 17253 11025
378 28620 4005
379 18884 9680
380 20289 9751
381 17790 8424
382 26919 4500
383 18236 6805
384 19743 7879
385 47766 22815
386 24363 2070
387 25461 3172
388 25320 3861
389 25557 2449
390 47125 22383
391 47614 19710
392 45121 20073
393 45320 14063
394 46976 20820
395 47398 10800
396 48451 21330
397 47514 11127
398 46372 21870
399 48654 10125
400 48550 10125
401 13608 22075
402 15210 22275
403 12217 21600
404 13861 20709
405 13189 23220
406 16527 21310
407 16150 20745
408 13848 19650
409 13149 18225
410 15106 20790
411 15066 18630
412 12325 20925
413 15282 19800
414 47805 14792
415 48066 12217
416 48586 12069
417 48226 13320
418 35397 2889
419 38137 1620
420 38637 2079
421 34052 2997
422 36505 2962
423 26901 23535
424 34929 3240
425 36149 1716
426 32793 2545
427 34654 1350
428 35847 1728
429 30415 2902
430 32265 3206
431 29814 2092
432 30604 4590
433 30865 1804
434 24988 1350
435 37357 1539
436 32406 1620
437 33520 1620
438 37651 1215
439 38299 1215
440 27162 1485
441 26061 1350
442 27202 4860
443 44172 26058
444 42 10764
445 20364 26058
446 9612 42
447 17772 26058
448 11244 26058
449 20364 42
450 45324 42
451 42 12972
452 50157 20940
453 39276 42
454 50157 20844
455 50157 9996
456 40428 26058
457 5004 26058
458 44844 42
459 50157 20268
460 50157 15948
461 45708 42
462 42 2700
463 42 2220
464 42 17868
465 46956 42
466 42 15564
467 46092 26058
468 13740 26058
469 10380 42
470 50157 20076
471 21708 42
472 42 14988
473 42636 26058
474 50157 14220
475 39468 26058
476 50157 24204
477 40428 42
478 14508 26058
479 14316 26058
480 21804 42
481 11820 42
482 6348 26058
483 42348 42
484 42 4524
485 50157 20556
486 38412 26058
487 39084 42
488 44460 26058
489 41196 26058
490 50157 23052
491 22092 42
492 21900 42
493 43212 42
494 44556 42
495 42 16236
496 38124 26058
497 12780 26058
498 42 3276
499 5484 26058
500 42 4428
501 42 5100
502 39756 42
503 40236 42
504 18924 26058
505 16332 26058
506 41964 42
507 19692 26058
508 41292 26058
509 15084 42
510 13644 42
511 38508 26058
512 25452 42
513 37740 26058
514 13452 26058
515 43788 42
516 45132 42
517 7788 42
518 22284 42
519 47340 42
520 50157 13068
521 13452 42
522 12684 42
523 39180 42
524 42 15180
525 6924 42
526 41004 26058
527 40524 42
528 10476 42
529 14892 26058
530 42 13452
531 42 13356
532 47724 26058
533 44076 26058
534 42 3852
535 42540 42
536 42 4044
537 40716 42
538 38892 42
539 50157 12780
540 20076 26058
541 28908 42
542 16140 42
543 39852 42
544 21420 26058
545 42 2316
546 43884 42
547 41772 42
548 22092 26058
549 47628 42
550 10572 42
551 24108 42
552 12396 26058
553 10860 42
554 40044 42
555 42636 42
556 42 2796
557 13068 26058
558 23916 42
559 45420 42
560 42 1644
561 42 14700
562 41292 42
563 46668 42
564 9420 26058
565 6828 42
566 15756 26058
567 27948 42
568 13644 26058
569 12972 42
570 50157 15276
571 25932 42
572 42 3948
573 16812 26058
574 42 3660
575 30060 26058
576 24684 26058
577 42 13260
578 44460 42
579 50157 8172
580 11724 42
581 42 3468
582 13260 26058
583 43596 42
584 22476 42
585 50157 20172
586 50157 10764
587 50157 15756
588 44940 42
589 50157 8940
590 37644 26058
591 42 2412
592 50157 15180
593 42 10860
594 29292 26058
595 42732 42
596 42 5676
597 42 4812
598 42156 42
599 42 2604
600 39372 26058
601 42 3372
602 11532 42
603 21324 26058
604 7692 42
605 42 3084
606 41868 42
607 42 13740
608 12204 42
609 50157 16236
610 43116 42
611 42828 42
612 23148 42
613 10764 42
614 12588 26058
615 6540 26058
616 42 2508
617 38028 26058
618 49068 26058
619 13836 26058
620 50157 8652
621 42 15660
622 43980 42
623 43884 26058
624 42 4908
625 44364 42
626 38220 26058
627 50157 14892
628 39948 42
629 11340 42
630 50157 8364
631 7308 42
632 28812 26058
633 39564 42
634 50157 16140
635 46188 42
636 15084 26058
637 42 15084
638 21036 26058
639 42924 42
640 17292 26058
641 42 16044
642 11916 42
643 4428 26058
644 13548 42
645 26124 26058
646 42828 26058
647 13356 26058
648 42 5580
649 42 14028
650 42 5964
651 12108 42
652 12876 42
653 20748 26058
654 29388 42
655 42 15372
656 40140 42
657 50157 16044
658 42 4236
659 21516 26058
660 15276 26058
661 15372 26058
662 12300 26058
663 42 15948
664 13548 26058
665 10956 42
666 42444 26058
667 42 4716
668 11148 26058
669 9900 42
670 42060 42
671 16236 26058
672 42444 42
673 41196 42
674 23628 42
675 37836 26058
676 9228 26058
677 14508 42
678 50157 12972
679 50157 19980
680 22956 42
681 12780 42
682 40812 42
683 42 15756
684 42 2892
685 12204 26058
686 50157 9324
687 42924 26058
688 43020 42
689 41772 26058
690 50157 8748
691 19116 42
692 41676 42
693 28716 42
694 50157 9516
695 50157 13932
696 42 17484
697 50157 15084
698 50157 13260
699 12300 42
700 42 2988
701 41388 42
702 6156 26058
703 50157 24396
704 44652 42
705 50157 23148
706 50157 21324
707 44268 42
708 50157 15852
709 42156 26058
710 11244 42
711 5868 42
712 16716 26058
713 7212 42
714 13164 42
715 22188 26058
716 12396 42
717 50157 14604
718 5580 26058
719 29196 26058
720 45036 42
721 26220 42
722 21036 42
723 38604 26058
724 44172 42
725 41484 42
726 11436 42
727 2892 26058
728 44748 42
729 42 16812
730 50157 12588
731 10284 42
732 6444 26058
733 44364 26058
734 7692 26058
735 7116 42
736 50157 8556
737 50157 8460
738 27660 42
739 40620 42
740 39276 26058
741 10956 26058
742 12972 26058
743 45612 26058
744 47916 42
745 40140 26058
746 21804 26058
747 20844 26058
748 50157 24300
749 42 15276
750 7020 42
751 14220 26058
752 42 5292
753 50157 14316
754 41580 42
755 39468 42
756 42 14796
757 15468 26058
758 24204 42
759 42 5484
760 10668 42
761 50157 20652
762 26316 26058
763 13068 42
764 9612 26058
765 40332 42
766 43692 42
767 13260 42
768 50157 11436
769 42 13164
770 10092 42
771 22188 42
772 15564 26058
773 24396 42
774 25740 26058
775 42 17964
776 42348 26058
777 9996 42
778 50157 9036
779 23340 42
780 50157 11148
781 4044 26058
782 6636 42
783 41100 42
784 43308 42
785 50157 15468
786 30156 26058
787 42 20076
788 42 15852
789 5100 26058
790 50157 20460
791 6732 42
792 42 5868
793 9708 26058
794 11148 42
795 50157 8844
796 17484 26058
797 7884 26058
798 42 3564
799 42 6060
800 42 13644
801 42252 26058
802 39756 26058
803 39372 42
804 14124 26058
805 50157 20364
806 42 5004
807 42 4332
808 21132 26058
809 42540 26058
810 42 4140
811 12684 26058
812 42 4620
813 6828 26058
814 42 5772
815 9132 26058
816 12012 42
817 42 13068
818 39852 26058
819 42 3756
820 23244 42
821 39660 42
822 44076 42
823 39180 26058
824 45900 26058
825 42 5196
826 37548 26058
827 23724 42
828 10380 26058
829 14700 26058
830 16524 42
831 21996 26058
832 50157 20748
833 43404 42
834 42 16332
835 32748 42
836 42732 26058
837 45228 42
838 50157 14124
839 40908 42
840 12492 26058
841 46764 26058
842 20172 26058
843 43500 42
844 42 1836
845 50157 13740
846 23820 26058
847 42 3180
848 42 12876
849 41868 26058
850 42 2124
851 42 15468
852 39564 26058
853 50157 11340
854 5388 26058
855 42 5388
856 13356 42
857 11628 42
858 31404 42
859 41004 42
860 14316 42
861 50157 23244
862 42252 42
863 10188 42
864 11052 42
865 41388 26058
866 14412 26058
867 43692 26058
868 38700 26058
869 50157 9132
870 7788 26058
871 13932 26058
872 50157 14700
873 14028 26058
874 40332 26058
875 40044 26058
876 40812 26058
877 12876 26058
878 38796 26058
879 41580 26058
880 12492 42
881 22572 26058
882 12588 42
883 41484 26058
884 9804 26058
885 15180 26058
886 24972 26058
887 23340 26058
888 24492 26058
889 24780 26058
890 25932 26058
891 25260 26058
892 25836 26058
893 25452 26058
894 25644 26058
895 25164 26058
896 26412 26058
897 26028 26058
898 24396 26058
899 22476 26058
900 17100 26058
901 22668 26058
902 17580 26058
903 24108 26058
904 23244 26058
905 23532 26058
906 24204 26058
907 22956 26058
908 24300 26058
909 23436 26058
910 24012 26058
911 23724 26058
912 27660 26058
913 26220 26058
914 26892 26058
915 26508 26058
916 26700 26058
917 26988 26058
918 27084 26058
919 27468 26058
920 26796 26058
921 27276 26058
922 29676 26058
923 28140 26058
924 27372 26058
925 28428 26058
926 29772 26058
927 29484 26058
928 29868 26058
929 29388 26058
930 28620 26058
931 29580 26058
932 29964 26058
933 27948 26058
934 16620 26058
935 27756 26058
936 28236 26058
937 28044 26058
938 28524 26058
939 28332 26058
940 27564 26058
941 27852 26058
942 28716 26058
943 29004 26058
944 26604 26058
945 27180 26058
946 29100 26058
947 28908 26058
948 18252 26058
949 19884 26058
950 20268 26058
951 14988 26058
952 16908 26058
953 17676 26058
954 18828 26058
955 50157 9420
956 16812 42
957 19404 26058
958 17964 26058
959 19212 26058
960 19020 26058
961 17004 26058
962 14604 26058
963 19596 26058
964 19980 26058
965 18636 26058
966 18540 26058
967 16236 42
968 15948 26058
969 18060 26058
970 18348 26058
971 11724 26058
972 18732 26058
973 17388 26058
974 19116 26058
975 17868 26058
976 20556 26058
977 19308 26058
978 16428 42
979 16140 26058
980 18444 26058
981 17196 26058
982 19788 26058
983 15852 26058
984 11340 26058
985 16044 26058
986 23148 26058
987 11820 26058
988 24588 26058
989 11052 26058
990 25068 26058
991 11532 26058
992 25548 26058
993 25356 26058
994 24876 26058
995 12108 26058
996 12012 26058
997 22380 26058
998 19500 26058
999 15660 42
1000 22764 26058
1001 13164 26058
1002 23628 26058
1003 18156 26058
1004 23916 26058
1005 22860 26058
1006 23052 26058
1007 11436 26058
1008 21612 26058
1009 20652 26058
1010 16332 42
1011 22284 26058
1012 11916 26058
1013 20940 26058
1014 21228 26058
1015 14796 26058
1016 11628 26058
1017 21708 26058
1018 21900 26058
1019 20460 26058
1020 15660 26058
1021 16428 26058
1022 32652 26058
1023 32460 26058
1024 42060 26058
1025 43116 26058
1026 33804 26058
1027 32940 26058
1028 33228 26058
1029 33132 26058
1030 34476 26058
1031 34572 26058
1032 16524 26058
1033 41100 26058
1034 44940 26058
1035 33420 26058
1036 41964 26058
1037 33516 26058
1038 45132 26058
1039 33996 26058
1040 34284 26058
1041 34380 26058
1042 40716 26058
1043 43980 26058
1044 33900 26058
1045 33708 26058
1046 34092 26058
1047 34956 26058
1048 37356 26058
1049 36780 26058
1050 37068 26058
1051 35724 26058
1052 35340 26058
1053 16716 42
1054 40620 26058
1055 35052 26058
1056 35148 26058
1057 35628 26058
1058 36108 26058
1059 35820 26058
1060 38892 26058
1061 36492 26058
1062 36588 26058
1063 36684 26058
1064 20172 42
1065 24300 42
1066 37260 26058
1067 31884 26058
1068 32076 26058
1069 31788 26058
1070 31500 26058
1071 31692 26058
1072 32172 26058
1073 32364 26058
1074 32268 26058
1075 47628 26058
1076 31404 26058
1077 47532 26058
1078 45996 26058
1079 31020 26058
1080 48396 26058
1081 47244 26058
1082 46572 26058
1083 31212 26058
1084 30828 26058
1085 31980 26058
1086 30924 26058
1087 31596 26058
1088 31308 26058
1089 30636 26058
1090 30732 26058
1091 30540 26058
1092 30252 26058
1093 30348 26058
1094 30444 26058
1095 31116 26058
1096 34860 26058
1097 35916 26058
1098 35436 26058
1099 44844 26058
1100 43212 26058
1101 43596 26058
1102 43308 26058
1103 43020 26058
1104 36012 26058
1105 36204 26058
1106 21420 42
1107 39948 26058
1108 40908 26058
1109 40236 26058
1110 39660 26058
1111 38988 26058
1112 36396 26058
1113 39084 26058
1114 36300 26058
1115 45228 26058
1116 45324 26058
1117 20460 42
1118 37932 26058
1119 38316 26058
1120 36972 26058
1121 37452 26058
1122 37164 26058
1123 36876 26058
1124 32556 26058
1125 33036 26058
1126 33324 26058
1127 32748 26058
1128 32844 26058
1129 46956 26058
1130 45708 26058
1131 46860 26058
1132 35244 26058
1133 35532 26058
1134 34668 26058
1135 34764 26058
1136 34188 26058
1137 40524 26058
1138 33612 26058
1139 43404 26058
1140 43500 26058
1141 44748 26058
1142 43788 26058
1143 41676 26058
1144 46668 26058
1145 48012 26058
1146 45036 26058
1147 44268 26058
1148 20556 42
1149 47820 26058
1150 46188 26058
1151 48972 26058
1152 47148 26058
1153 47436 26058
1154 47340 26058
1155 48492 26058
1156 32940 42
1157 33228 42
1158 33420 42
1159 32844 42
1160 49356 26058
1161 21996 42
1162 33036 42
1163 47052 26058
1164 46380 26058
1165 45804 26058
1166 48108 26058
1167 49164 26058
1168 44556 26058
1169 20268 42
1170 49260 26058
1171 48876 26058
1172 46476 26058
1173 48300 26058
1174 48588 26058
1175 29292 42
1176 29004 42
1177 27372 42
1178 27180 42
1179 26892 42
1180 27084 42
1181 26508 42
1182 29868 42
1183 28524 42
1184 28620 42
1185 26412 42
1186 26796 42
1187 23052 42
1188 23532 42
1189 23820 42
1190 24012 42
1191 30828 42
1192 30636 42
1193 25740 42
1194 25548 42
1195 24780 42
1196 24492 42
1197 30732 42
1198 50157 11244
1199 50157 11052
1200 20652 42
1201 50157 10860
1202 50157 10668
1203 50157 10092
1204 50157 10572
1205 50157 10188
1206 50157 10284
1207 50157 10380
1208 35916 42
1209 36684 42
1210 35724 42
1211 20748 42
1212 50157 10476
1213 48204 26058
1214 48780 26058
1215 44652 26058
1216 45420 26058
1217 46284 26058
1218 45516 26058
1219 47916 26058
1220 48684 26058
1221 50157 14412
1222 21132 42
1223 50157 14508
1224 37068 42
1225 35148 42
1226 50157 13644
1227 50157 13356
1228 36972 42
1229 38316 42
1230 38412 42
1231 50157 13548
1232 50157 12396
1233 20844 42
1234 50157 12012
1235 50157 12204
1236 50157 12108
1237 50157 12492
1238 50157 11724
1239 50157 11820
1240 50157 11532
1241 50157 11916
1242 50157 14028
1243 50157 13452
1244 50157 13836
1245 50157 13164
1246 50157 12876
1247 50157 10956
1248 50157 11628
1249 50157 12684
1250 50157 12300
1251 21612 42
1252 35532 42
1253 33612 42
1254 34860 42
1255 22572 42
1256 21516 42
1257 33516 42
1258 34572 42
1259 37836 42
1260 38220 42
1261 34668 42
1262 34380 42
1263 34284 42
1264 36780 42
1265 38700 42
1266 22764 42
1267 34188 42
1268 33708 42
1269 33324 42
1270 36300 42
1271 37452 42
1272 34956 42
1273 36876 42
1274 37644 42
1275 36108 42
1276 35820 42
1277 38124 42
1278 36012 42
1279 33900 42
1280 34092 42
1281 35052 42
1282 35340 42
1283 36204 42
1284 37932 42
1285 37356 42
1286 24972 42
1287 30156 42
1288 30924 42
1289 25260 42
1290 25836 42
1291 38028 42
1292 32364 42
1293 21324 42
1294 31788 42
1295 20940 42
1296 37740 42
1297 34476 42
1298 33804 42
1299 38508 42
1300 30444 42
1301 30348 42
1302 23436 42
1303 31212 42
1304 29580 42
1305 30060 42
1306 26316 42
1307 30252 42
1308 25164 42
1309 24684 42
1310 31308 42
1311 31692 42
1312 22668 42
1313 22860 42
1314 50157 9228
1315 22380 42
1316 36492 42
1317 36396 42
1318 38604 42
1319 36588 42
1320 35436 42
1321 37548 42
1322 31596 42
1323 31980 42
1324 32172 42
1325 32460 42
1326 32556 42
1327 25068 42
1328 30540 42
1329 25644 42
1330 25356 42
1331 31116 42
1332 24588 42
1333 21228 42
1334 31500 42
1335 16620 42
1336 33132 42
1337 35244 42
1338 33996 42
1339 37164 42
1340 37260 42
1341 38796 42
1342 35628 42
1343 38988 42
1344 32268 42
1345 31884 42
1346 32076 42
1347 32652 42
1348 34764 42
1349 24876 42
1350 31020 42
1351 28428 42
1352 28332 42
1353 28812 42
1354 26700 42
1355 26604 42
1356 27756 42
1357 26988 42
1358 26124 42
1359 29964 42
1360 28236 42
1361 28140 42
1362 29100 42
1363 27852 42
1364 29196 42
1365 26028 42
1366 29772 42
1367 29676 42
1368 27276 42
1369 28044 42
1370 27564 42
1371 27468 42
1372 29484 42
