Cluster 0: [1086, 1087, 1088, 1089, 1090, 1091, 1092, 1093, 1094, 1095, 1096, 1097, 1098, 1099, 1100, 1101, 1102, 1103, 1104, 1105, 1106, 1107, 1108, 1109, 1110, 1111, 1112, 1113, 1114, 1115, 1116, 1117, 1118, 1119, 1120, 1121, 1122, 1123, 1124, 1125, 1126, 1127, 1128, 1129, 1130, 1131, 1132, 1133, 1134, 1135, 1136, 1137, 1138, 1139, 1140, 1141, 1142, 1143, 1144, 1145, 1146, 1147, 1148, 1149, 1150, 1151, 1152, 1153, 1154, 1155, 1156, 1157, 1158, 1159, 1160, 1161, 1162, 1163, 1164, 1165, 1166, 1167, 1168, 1169, 1170, 1171, 1172, 1173, 1174, 1175, 1176, 1177, 1178, 1179, 1180, 1181, 1182, 1184, 1185, 1186, 1187, 1188, 1189, 1190, 1191, 1192, 1193, 1194, 1195, 1196, 1197, 1198, 1199, 1200, 1201, 1202, 1203, 1204, 1205, 1206, 1207, 1208, 1209, 1210, 1211, 1212, 1213, 1214, 1215, 1216, 1217, 1218, 1219, 1220, 1221, 1222, 1223, 1224, 1225, 1226, 1227, 1228, 1229, 1230, 1231, 1232, 1233, 1234, 1235, 1236, 1237, 1238, 1239, 1240, 1241, 1242, 1243, 1244, 1245, 1246, 1247, 1248, 1249, 1250, 1251, 1252, 1253, 1254, 1255, 1256, 1257, 1258, 1259, 1260, 1261, 1262, 1263, 1264, 1265, 1266, 1267, 1268, 1269, 1270, 1271, 1272, 1273, 1274, 1275, 1276, 1277, 1278, 1279, 1280, 1281, 1282, 1283, 1284, 1285, 1286, 1287, 1288, 1289, 1290, 1291, 1292, 1293, 1294, 1295, 1296, 1297, 1298, 1299, 1300, 1301, 1302, 1303, 1304, 1305, 1306, 1307, 1308, 1309, 1310, 1311, 1312, 1313, 1314, 1315, 1316, 1317, 1318, 1319, 1320, 1321, 1322, 1323, 1324, 1325, 1326, 1327, 1328, 1329, 1330, 1331, 1332, 1333, 1334, 1335, 1336, 1337, 1358, 1400, 1428, 1430, 1431, 1432, 1433, 1448, 1449, 1452, 1453, 1479, 1485, 1497, 1509, 1532, 1546, 1574, 1592, 1601, 1610, 1619, 1628, 1635, 1646, 1688, 1714, 1734, 1757, 1763, 1766, 1767, 1796, 1803, 1824, 1827, 1832, 1836, 1856, 1857, 1858, 1876, 1877, 1882, 1885, 1913, 1920, 1925, 1937, 1981, 1986, 1993, 2003, 2055, 2065, 2116, 2135, 2150, 2160, 2162, 2189, 2197, 2198, 2208, 2210, 2213, 2214, 2215, 2216, 2217, 2230, 2232, 2254, 2274, 2297, 2335, 2357, 2370, 2371, 2376, 2401, 2405, 2413, 2419, 2429, 2430, 2433, 2434, 2442, 2443, 2444, 2446, 2447, 2448, 2449, 2450, 2451, 2452, 2453, 2454, 2455, 2456, 2457, 2463, 2487, 2510, 2524, 2531, 2535, 2544, 2564, 2583, 2601, 2661, 2667, 2679, 2687, 2709, 2718, 2784, 2785, 2786, 2788, 2832, 2834, 2839, 2849, 2856, 2857, 2868, 2873, 2877, 2900, 2916, 2942, 2991, 2996, 3006, 3007, 3020, 3021, 3022, 3035, 3043, 3044, 3060, 3061, 3064, 3066, 3089, 3091, 3092, 3095, 3133, 3141, 3142, 3143, 3148, 3150, 3179, 3204, 3228, 3245, 3246, 3253, 3262, 3272, 3276, 3279, 3281, 3284, 3285, 3286, 3287, 3288, 3292, 3293, 3301, 3302, 3303, 3318, 3348, 3360, 3361, 3362, 3462, 3472, 3473, 3496, 3499, 3529, 3530, 3568, 3580, 3681, 3699, 3710, 3718, 3723, 3783, 3820, 3828, 3835, 3848, 3881, 3896, 3911, 3912, 3913, 3916, 3919, 3949, 3983, 3984, 3991, 4010, 4036, 4037, 4052, 4060, 4078, 4079, 4080, 4081, 4132, 4145, 4153, 4155, 4200, 4276, 4280, 4297, 4298, 4299, 4300, 4301, 4302, 4303, 4304, 4324, 4364, 4365, 4395, 4400, 4401, 4405, 4406, 4420, 4421, 4422, 4423, 4429, 4445, 4446, 4450, 4452, 4461, 4465, 4466, 4504, 4528, 4532, 4535, 4543, 4576, 4584, 4585, 4590, 4592, 4597, 4615, 4616, 4619, 4620, 4640, 4646, 4647, 4648, 4649, 4650, 4663, 4667, 4676, 4723, 4730, 4732, 4741, 4759, 4760, 4761, 4767, 4783, 4879, 4900, 4935, 4937, 4951, 5018, 5022, 5023, 5028, 5042, 5043, 5080, 5089, 5092, 5099, 5102, 5110, 5111, 5112, 5116, 5121, 5148, 5155, 5172, 5186]
Cluster 1: [1183]
Cluster 2: [1338, 1339, 1340, 1352, 1353, 1354, 1355, 1356, 1357, 1359, 1360, 1361, 1362, 1363, 1364, 1365, 1476, 1587, 1588, 1589, 1590, 1591, 1593, 1594, 1595, 1596, 1597, 5182, 5183, 5184, 5185]
Cluster 3: [1341, 1342, 1343, 1344, 1345, 1346, 1347, 1348, 2648, 4936, 4938, 4939, 4940, 4941, 4942, 4943, 4946, 5000, 5011, 5012, 5013, 5071, 5149]
Cluster 4: [1349]
Cluster 5: [1350, 1351]
Cluster 6: [1366, 1367, 1368, 1369, 1370, 1371, 1372, 1373, 1374, 1375, 1376, 1378, 1379]
Cluster 7: [1377, 1380, 1381, 1382, 1387, 1393, 1394, 1401, 1403, 1404, 1408, 1411, 1412, 1413, 1414, 1415, 1416, 1419, 1420, 1421, 1422]
Cluster 8: [1383, 1384, 1385, 1386, 1388, 1389, 1390, 1391, 1392, 1395]
Cluster 9: [1396, 1397, 1398, 1399, 1402]
Cluster 10: [1405, 1406, 1407, 1409, 1410]
Cluster 11: [1417, 1418, 1423, 1424, 1425, 1426]
Cluster 12: [1427, 1429]
Cluster 13: [1434, 1435, 1436, 1437, 1438, 1439, 1440, 1441, 1442, 1443, 1444, 1446, 1447]
Cluster 14: [1445, 1450, 1451, 1454, 1455, 1456, 1457, 1458, 1459, 1460, 1461]
Cluster 15: [1462, 1463, 1464, 1465, 1466, 1467, 1468, 1469, 1474, 1475]
Cluster 16: [1470, 1471, 1472, 1473, 1486, 1487, 1488, 1491, 1492]
Cluster 17: [1477, 1478, 1480, 1481, 1482, 1483, 1484, 1489, 1490, 5187]
Cluster 18: [1493, 1494, 1495, 1496, 1498, 1499, 1500, 1501, 1502, 1504, 1513, 1514, 1515, 1516]
Cluster 19: [1503, 1505, 1506, 1507, 1508, 1510, 1511, 1512, 1517, 1553]
Cluster 20: [1518, 1519, 1520]
Cluster 21: [1521, 1522, 1523, 1524, 1525, 1526, 1527, 1528, 1529, 1530, 1531, 1539, 1542, 1543, 1544, 1545, 1547, 1548, 1549, 1550, 1551]
Cluster 22: [1533, 1534, 1535, 1536, 1537, 1538]
Cluster 23: [1540, 1541]
Cluster 24: [1552, 1581, 1582, 1583]
Cluster 25: [1554, 1586]
Cluster 26: [1555, 1556, 1557, 1558, 1559, 1560]
Cluster 27: [1561, 1562, 1563, 1564, 1565, 1566, 1567, 1568, 1569, 1570, 1571, 1572, 1573, 1575, 1576, 1577, 1578, 1579, 1580, 1584, 1585]
Cluster 28: [1598, 1599, 1603, 1604, 1605, 1606, 1607, 1608, 1609, 1614, 1615]
Cluster 29: [1600, 1611, 1612, 1613, 1616, 1617, 1618, 1645, 1647, 1648, 1649, 1650, 1651, 1652, 1657, 1660, 1661, 1662, 1663, 1664, 1665, 1666, 1667, 1668, 1669, 1670, 1671, 1672, 1673, 1674]
Cluster 30: [1602, 1620, 1677, 1678, 1679, 1695, 1756, 1758, 1819, 1826, 1886, 1887, 1889, 1890, 1901, 1902, 1903, 1904, 1905, 1906, 1907, 1908, 1909, 1918, 2015, 2016, 2017, 2018, 2019]
Cluster 31: [1621, 1622, 1623, 1624, 1625, 1653, 1654, 1675]
Cluster 32: [1626, 1627, 1629, 1630, 1631, 1632, 1633, 1634, 1636, 1637, 1638, 1639, 1640, 1641, 1642, 1643, 1644]
Cluster 33: [1655, 1656, 1658, 1659]
Cluster 34: [1676, 1888, 1899, 1910, 1911, 1912, 1914, 1977, 2081, 3817, 3818, 3819, 4399, 4554, 4706, 4825, 4898, 4925, 4926, 4927, 4928, 4929, 4930, 4931, 4932, 4933, 4934]
Cluster 35: [1680, 1681, 1682, 1683, 1684, 1685, 1689, 1690, 1691, 1692, 1693, 1694, 1696, 1697, 1698, 1699, 1700, 1744, 1745]
Cluster 36: [1686, 1687]
Cluster 37: [1701, 1702, 1703, 1704, 1705, 1706, 1707, 1708, 1711, 1713, 1715, 1716, 1717, 1718, 1719, 1720, 1721, 1722, 1723, 1724, 1725]
Cluster 38: [1709, 1710, 1712, 1726, 1727, 1728, 1729, 1730, 1731, 1732, 1733, 1735, 1736, 1737, 1738, 1739, 1748, 1749]
Cluster 39: [1740, 1741, 1742, 1743, 1746, 1747, 1750, 1751, 1752, 1753, 1754, 1755]
Cluster 40: [1759, 1760, 1761, 1762, 1764, 1765, 1768, 1769, 1770, 1771, 1772, 1820, 1821, 1822, 1823]
Cluster 41: [1773, 1774, 1775, 1776, 1804, 1805, 1806, 1807, 1808, 1809, 1810, 1811, 1812, 1813, 1814, 1815, 1816, 1817, 1818]
Cluster 42: [1777, 1778, 1779, 1780, 1781, 1782, 1783, 1784, 1785, 1786, 1787]
Cluster 43: [1788, 1789]
Cluster 44: [1790, 1791, 1792, 1793, 1794, 1795, 1797, 1798, 1799, 1800, 1801, 1802]
Cluster 45: [1825, 1828, 1870, 1871, 1872, 1873, 1874, 1875]
Cluster 46: [1829, 1830, 1831, 1834, 1835, 1837]
Cluster 47: [1833, 1840, 1841, 1842, 1843, 1844, 1845, 1846, 1847, 1848, 1864, 1878, 1879, 1880, 1881, 1883, 1884]
Cluster 48: [1838, 1839]
Cluster 49: [1849, 1850, 1851, 1852, 1853, 1854, 1855]
Cluster 50: [1859, 1860, 1861, 1862, 1863, 1865, 1866, 1867, 1868, 1869]
Cluster 51: [1891, 1892]
Cluster 52: [1893, 1894, 1895, 1896, 1897, 1898, 4396]
Cluster 53: [1900, 2352, 2354, 2355, 2356, 2615, 2616, 2617, 2618, 2619, 2620, 3821, 3918, 4159, 4325, 4394]
Cluster 54: [1915, 1916, 1917, 1921, 1978, 2083, 2084, 2085, 2086, 2087, 2088, 2089, 2090, 2091, 2093, 2094, 2095]
Cluster 55: [1919, 1979, 1980]
Cluster 56: [1922, 1927, 1928, 1929, 1930, 1931, 1932, 1933, 1934, 1938, 1939, 1940, 1941, 1942, 1947, 1994, 1999, 2000, 2007, 2008]
Cluster 57: [1923, 1924, 1926, 1935, 1936, 1943, 1944, 1945, 1946, 1948, 1949, 1950, 1951, 1952, 1968, 1969, 1970]
Cluster 58: [1953, 1954, 1955, 1956, 1957, 1958]
Cluster 59: [1959, 1960, 1961, 1962, 1963, 1964, 1965, 1966, 1967]
Cluster 60: [1971, 1972, 1985, 2001, 2002, 2004, 2005, 2006, 2009, 2010, 2011, 2012, 2013, 2014]
Cluster 61: [1973, 1974, 1975, 1982, 1987, 1988, 1989, 1990, 1991, 1992, 1995, 1996, 1997, 1998]
Cluster 62: [1976, 1983, 1984]
Cluster 63: [2020, 2027, 2028, 2029, 2030, 2031, 2032, 2033, 2034, 2035, 2036, 2037, 2038, 2039, 2040, 2041, 2042, 2043, 2044, 2045, 2046, 2047, 2048, 2061, 2062, 2071]
Cluster 64: [2021, 2022, 2023, 2024, 2025, 2026]
Cluster 65: [2049, 2050, 2051, 2052, 2053, 2054, 2056, 2059, 2060, 2077]
Cluster 66: [2057, 2058, 2063, 2064, 2066, 2067, 2068, 2069, 2070, 2072, 2073, 2074, 2075, 2078]
Cluster 67: [2076, 2079, 2080, 2082]
Cluster 68: [2092, 2207, 2351, 2353, 2458, 2566, 2621, 2622, 3371, 3525, 3592, 3594, 3656, 3749, 3753, 3914, 3915, 3917]
Cluster 69: [2096, 2097, 2098, 2102, 2103, 2104, 2105, 2106, 2107, 2108, 2109, 2110, 2111, 2112, 2113, 2114, 2115, 2117, 2118, 2175]
Cluster 70: [2099, 2100, 2101, 2158, 2159, 2161, 2163, 2164, 2165, 2172, 2173]
Cluster 71: [2119, 2120, 2121, 2122, 2123, 2124, 2125, 2126, 2151, 2153, 2155, 2156, 2157]
Cluster 72: [2127, 2128, 2129, 2131, 2132, 2174, 2176, 2177, 2178, 2179, 2180, 2181, 2182, 2183, 2184, 2185, 2186, 2188]
Cluster 73: [2130, 2133, 2134, 2136, 2137, 2138, 2139, 2140, 2141, 2142, 2143, 2144, 2145, 2146, 2147, 2148, 2149, 2152, 2154, 2187]
Cluster 74: [2166, 2167, 2168, 2169, 2170, 2171]
Cluster 75: [2190, 2191, 2192, 2193, 2194, 2195, 2196, 2199, 2200, 2201, 2202, 2203, 2204]
Cluster 76: [2205, 2212, 2218, 2253, 2269, 2270, 2271]
Cluster 77: [2206, 2211]
Cluster 78: [2209, 2219, 2220, 2221, 2222, 2223, 2224, 2225, 2231, 2238, 2239, 2240, 2241, 2242, 2243, 2244, 2245, 2255]
Cluster 79: [2226, 2227, 2228, 2229, 2233, 2234, 2235, 2236, 2237]
Cluster 80: [2246, 2247, 2248, 2249, 2250, 2251, 2252, 2256, 2257, 2258, 2259, 2260, 2261, 2262, 2263, 2264, 2265, 2266, 2267, 2268]
Cluster 81: [2272, 2273, 2300, 2301, 2302, 2303, 2304, 2305, 2306, 2308, 2309, 2312, 2313, 2314, 2315, 2317]
Cluster 82: [2275, 2276, 2277, 2278, 2279, 2280]
Cluster 83: [2281, 2316, 2318, 2319, 2320, 2321, 2322, 2323, 2324, 2325, 2326]
Cluster 84: [2282, 2283, 2284, 2285, 2286, 2287, 2288, 2289, 2290, 2291, 2292, 2293, 2294, 2295, 2307, 2310, 2311]
Cluster 85: [2296, 2298, 2299, 2347, 2348]
Cluster 86: [2327, 2328, 2329, 2330, 2331, 2332, 2333, 2336, 2337, 2338, 2343, 2344, 2345, 2346, 2349, 2350]
Cluster 87: [2334, 2339, 2340, 2341, 2342]
Cluster 88: [2358, 2363, 2365, 2366, 2367, 2368, 2369, 2372, 2373, 2374, 2375, 2377, 2378, 2379, 2380, 2381, 2390, 2391, 2392, 2393, 2394, 2395, 2396, 2397, 2398, 2399, 2400, 2410]
Cluster 89: [2359, 2360, 2361, 2362, 2364]
Cluster 90: [2382, 2383, 2384, 2385, 2386, 2387, 2388, 2389]
Cluster 91: [2402, 2403, 2404, 2406, 2407, 2408, 2409, 2411, 2412, 2414, 2415, 2416, 2417, 2418, 2420, 2421, 2422, 2423, 2424, 2425, 2426, 2445]
Cluster 92: [2427, 2428]
Cluster 93: [2431, 2432]
Cluster 94: [2435, 2436, 2437, 2438, 2439, 2440, 2441]
Cluster 95: [2459, 2460, 2467, 2472, 2473, 2474, 2475, 2491, 2492, 2525, 2526, 2527, 2528, 2529, 2530, 2532, 2546, 2547, 2548]
Cluster 96: [2461, 2462, 2464, 2468, 2522, 2523]
Cluster 97: [2465, 2466, 2511, 2512, 2513, 2514, 2515, 2516, 2517, 2518, 2519, 2520, 2521]
Cluster 98: [2469, 2470, 2471]
Cluster 99: [2476, 2477, 2478, 2479, 2480, 2481, 2482, 2483, 2484, 2485, 2486, 2488, 2489, 2490, 2493, 2494, 2495, 2496, 2497, 2498, 2499, 2500, 2501, 2502, 2506, 2507]
Cluster 100: [2503, 2504, 2505, 2508, 2509]
Cluster 101: [2533, 2534, 2536, 2537, 2538, 2539, 2540, 2541, 2542, 2543, 2545]
Cluster 102: [2549, 2597]
Cluster 103: [2550, 2551, 2552, 2553, 2558, 2559, 2598, 2599, 2600, 2603, 2605, 2606, 2607, 2613, 2614]
Cluster 104: [2554, 2555, 2556, 2557, 2560, 2561, 2562, 2563, 2565, 2567, 2574, 2575, 2576, 2577, 2578, 2579, 2580, 2581, 2582]
Cluster 105: [2568, 2569, 2570, 2571, 2572, 2573]
Cluster 106: [2584, 2585, 2586, 2587, 2588, 2589, 2590, 2591, 2592, 2594, 2595, 2596]
Cluster 107: [2593, 2602, 2604, 2608, 2609, 2610, 2611, 2612]
Cluster 108: [2623, 2624, 2625, 2626, 2627, 2628, 2630, 2631, 2636]
Cluster 109: [2629, 2637, 2656, 2793]
Cluster 110: [2632, 2633, 2634, 2635, 2638, 2639, 2642, 2643, 2644, 2645, 2649, 2650, 2651, 2652, 2669, 2670, 2671, 2672, 2674, 2705, 2706, 2707, 2708, 2710, 2742, 2777, 2778, 2779, 2780, 2783]
Cluster 111: [2640, 2641, 2646, 2647, 2655, 2657, 2658, 2659, 2660, 2662, 2663, 2664, 2665, 2666, 2668, 2855, 3524, 3593]
Cluster 112: [2653, 2654]
Cluster 113: [2673]
Cluster 114: [2675, 2676, 2681]
Cluster 115: [2677, 2678, 2680, 2682, 2683, 2684, 2685, 2686, 2688, 2689, 2690, 2691, 2692, 2693, 2694, 2695, 2696, 2697, 2698, 2699]
Cluster 116: [2700, 2701, 2702, 2703, 2704]
Cluster 117: [2711, 2715, 2716, 2717]
Cluster 118: [2712, 2713, 2714, 2730, 2761, 2762, 2763, 2764, 2765, 2766, 2767, 2768, 2770, 2771, 2772, 2773, 2774, 2775, 2776]
Cluster 119: [2719, 2723, 2746, 2747, 2748, 2749, 2750, 2751, 2752, 2753, 2754, 2755, 2756, 2757, 2758, 2759, 2760, 2769]
Cluster 120: [2720, 2721, 2722, 2724, 2725, 2726, 2727, 2728, 2729, 2731, 2732, 2733, 2734, 2735, 2736, 2737, 2738, 2739, 2740, 2741, 2743, 2744, 2745]
Cluster 121: [2781, 2782, 2858, 2871, 2872, 2874, 2875, 2876, 2878, 2880, 2881, 2882, 2883, 2884, 2885]
Cluster 122: [2787, 2789, 2790, 2791, 2792, 2794, 2795, 2796, 2797, 2798, 2799, 2800, 2801, 2802, 2803, 2804, 2805, 2806, 2807, 2808, 2809, 2810, 2811, 2812, 2813, 2814, 2815, 2816, 2818, 2819, 2854]
Cluster 123: [2817, 2820, 2821, 2822, 2823]
Cluster 124: [2824, 2825, 2826, 2827, 2828, 2829, 2830, 2831, 2833, 2835, 2836, 2837, 2838, 2840, 2841, 2842, 2843, 2844, 2845, 2846, 2847, 2848, 2850, 2851, 2852, 2853]
Cluster 125: [2859, 2860, 2861, 2862, 2863, 2864, 2865, 2866, 2867, 2869, 2870, 2879]
Cluster 126: [2886, 2887, 2888, 2889, 2890, 2891, 2892, 2893, 2894, 2895, 2896, 2897, 2898, 2901, 2903, 2906, 2908, 2909, 2910, 2911, 2912, 2914, 2915, 2917, 2919, 2920, 2921, 2924]
Cluster 127: [2899]
Cluster 128: [2902, 2905, 2983]
Cluster 129: [2904, 2982, 2997, 2998, 2999, 3000]
Cluster 130: [2907, 2913, 2922, 2923, 2925, 2926, 2927, 2928, 2929, 2930, 2932, 2933, 2934, 2951, 2952, 2953, 2954, 2955, 2956, 2957, 2958, 2959, 2960, 2961, 2962, 2963, 2964, 2965, 2966, 2967, 2968, 2969, 2970, 2974, 2975, 2976, 2977, 2995]
Cluster 131: [2918, 3001, 3002, 3003]
Cluster 132: [2931, 2943, 2944, 2945, 2946, 2947, 2948, 2949, 2950]
Cluster 133: [2935, 2936, 2937, 2938, 2939, 2940, 2941]
Cluster 134: [2971, 2972, 2973, 2978, 2979, 2980, 2981]
Cluster 135: [2984, 2985, 2986, 2987, 2988, 2989, 2990]
Cluster 136: [2992, 2993, 2994]
Cluster 137: [3004, 3005, 3109, 3110, 3111, 3112, 3113]
Cluster 138: [3008, 3081, 3082, 3083, 3084, 3085, 3086, 3087, 3098, 3099, 3100, 3101, 3102, 3103, 3104, 3105, 3106]
Cluster 139: [3009, 3010, 3011, 3012, 3013, 3014, 3015, 3016, 3017, 3018, 3019, 3028, 3029, 3050, 3051, 3052, 3053, 3062, 3063, 3097, 3107]
Cluster 140: [3023, 3024, 3025, 3026, 3027, 3030, 3031, 3032, 3033, 3034]
Cluster 141: [3036, 3037, 3038, 3039, 3040, 3041, 3042, 3045, 3046, 3047, 3048, 3049, 3065]
Cluster 142: [3054, 3055, 3056, 3057]
Cluster 143: [3058, 3059]
Cluster 144: [3067, 3068, 3069, 3070, 3071, 3072, 3073, 3074, 3075, 3076, 3077, 3078, 3079, 3080, 3088, 3090, 3093, 3094, 3096]
Cluster 145: [3108, 3160]
Cluster 146: [3114, 3115, 3116, 3131, 3132, 3134, 3135, 3136, 3137, 3138, 3152, 3153, 3154, 3161, 3162, 3163, 3164, 3165, 3166, 3167, 3171, 3190, 3191, 3193, 3194, 3195, 3196]
Cluster 147: [3117, 3118, 3119, 3120, 3125, 3126, 3127, 3128, 3130, 3139, 3140, 3168, 3169, 3170]
Cluster 148: [3121, 3122, 3123, 3124, 3129, 3144, 3145, 3146, 3147, 3192]
Cluster 149: [3149, 3151, 3155, 3156, 3157, 3158, 3159]
Cluster 150: [3172, 3173, 3181, 3182, 3183, 3184, 3185, 3186, 3187, 3188, 3189]
Cluster 151: [3174, 3175, 3176, 3177, 3178, 3180]
Cluster 152: [3197, 3198, 3199, 3200, 3254, 3255, 3256, 3257, 3258, 3263, 3280, 3282, 3283, 3294, 3351]
Cluster 153: [3201, 3202, 3203, 3205, 3206, 3207, 3208, 3210, 3219, 3220, 3221, 3222, 3223, 3224]
Cluster 154: [3209, 3233, 3234, 3370]
Cluster 155: [3211, 3212, 3213, 3214, 3215, 3216, 3217, 3218, 3229, 3230, 3231, 3232, 3235, 3236, 3237, 3238, 3239, 3240, 3241, 3242, 3243, 3244, 3247, 3248, 3249, 3250, 3251, 3252]
Cluster 156: [3225, 3226, 3227]
Cluster 157: [3259, 3260, 3261, 3264, 3265, 3266, 3267, 3268, 3269, 3270, 3271, 3277, 3278, 3349, 3350]
Cluster 158: [3273, 3274, 3275]
Cluster 159: [3289, 3290, 3291]
Cluster 160: [3295, 3296, 3298, 3299, 3300, 3304, 3305, 3306, 3307, 3308, 3309, 3310, 3311, 3312, 3313, 3314, 3315, 3316, 3319, 3320, 3321, 3322, 3323, 3324, 3329, 3330, 3331, 3332, 3352, 3354, 3355, 3356, 3357, 3358, 3359, 3363, 3369]
Cluster 161: [3297, 3337, 3338]
Cluster 162: [3317, 3345, 3346, 3347]
Cluster 163: [3325, 3326, 3327, 3328, 3333, 3334, 3335, 3336, 3339, 3340, 3341, 3342, 3343, 3344]
Cluster 164: [3353, 3364, 3365, 3366, 3367, 3368]
Cluster 165: [3372, 3380, 3399, 3400, 3401, 3402, 3403, 3404, 3405, 3406, 3407, 3408, 3409, 3410, 3415, 3421, 3422, 3423, 3424, 3457]
Cluster 166: [3373, 3374, 3375, 3376, 3377, 3378, 3379, 3392, 3395, 3396]
Cluster 167: [3381, 3382, 3383, 3384, 3385, 3386, 3387, 3388, 3389, 3390, 3391, 3393, 3394, 3419, 3420, 3474, 3475, 3476, 3477, 3478, 3479, 3480, 3481, 3482, 3483, 3488, 3489]
Cluster 168: [3397, 3398, 3430, 3431, 3432, 3433, 3434, 3435, 3436, 3437, 3438, 3439, 3440, 3441, 3442, 3443, 3444]
Cluster 169: [3411, 3412, 3413, 3414, 3445, 3446, 3447, 3448, 3449, 3450, 3451, 3452, 3453, 3454, 3455, 3456, 3458, 3471]
Cluster 170: [3416, 3417, 3418, 3425, 3426]
Cluster 171: [3427, 3428, 3429]
Cluster 172: [3459, 3460, 3493, 3494, 3495]
Cluster 173: [3461, 3466, 3467, 3468, 3469, 3470, 3484, 3485, 3486, 3487, 3490, 3491, 3492, 3510]
Cluster 174: [3463, 3464, 3465]
Cluster 175: [3497, 3498, 3500, 3501, 3502, 3503, 3504, 3505, 3506, 3507, 3508, 3509, 3511, 3512, 3513, 3514, 3516, 3517, 3518]
Cluster 176: [3515, 3519, 3520, 3521, 3522, 3523]
Cluster 177: [3526, 3527, 3553, 3554, 3560, 3564]
Cluster 178: [3528, 3589, 3590]
Cluster 179: [3531, 3532, 3533, 3534, 3535, 3536, 3537, 3538, 3539, 3540, 3541, 3542, 3543, 3544, 3545, 3546, 3547, 3548, 3549, 3550, 3551, 3552, 3555, 3556, 3557, 3558, 3559, 3579, 3585]
Cluster 180: [3561, 3562, 3563, 3565, 3566, 3567, 3569, 3570, 3571, 3572, 3573, 3574]
Cluster 181: [3575, 3576, 3577, 3578, 3581, 3582, 3583, 3584, 3586, 3587, 3588]
Cluster 182: [3591, 3657, 3658, 3747, 3748, 3750, 3751, 3752]
Cluster 183: [3595, 3596, 3597, 3598, 3659, 3660]
Cluster 184: [3599, 3600, 3601, 3602, 3653, 3654, 3655]
Cluster 185: [3603, 3610, 3611, 3612, 3613, 3614, 3615, 3616, 3629, 3630, 3631, 3632, 3633, 3634, 3635, 3636, 3637, 3638, 3639, 3640, 3641, 3642, 3643, 3644, 3645, 3646, 3647, 3648, 3649, 3650, 3651, 3652]
Cluster 186: [3604, 3605, 3606, 3607, 3608, 3609, 3617, 3618, 3619, 3620, 3621, 3622, 3623, 3624]
Cluster 187: [3625, 3626, 3627, 3628]
Cluster 188: [3661, 3688, 3689, 3690, 3691, 3692]
Cluster 189: [3662, 3663, 3664, 3665, 3666, 3667, 3668, 3669, 3670, 3671, 3672, 3673, 3674, 3675, 3676, 3717, 3719, 3720]
Cluster 190: [3677, 3678, 3679, 3680, 3682, 3683, 3684]
Cluster 191: [3685, 3686, 3687]
Cluster 192: [3693, 3694, 3695, 3700, 3701, 3702, 3703, 3704, 3705, 3706, 3707, 3708, 3709, 3711, 3712, 3713, 3714, 3715, 3716, 3721, 3722, 3724, 3725, 3726, 3727, 3728, 3729, 3731, 3732, 3733, 3734, 3735, 3737, 3739, 3740, 3741, 3742]
Cluster 193: [3696, 3697, 3698]
Cluster 194: [3730, 3736, 3738, 3743, 3744, 3745, 3746]
Cluster 195: [3754, 3755, 3756, 3757, 3758, 3759, 3782]
Cluster 196: [3760, 3761, 3762]
Cluster 197: [3763, 3764, 3765, 3766, 3767, 3768, 3769, 3770, 3771, 3772, 3773, 3774, 3778, 3779, 3780, 3781, 3784, 3785, 3793, 3794, 3798, 3799, 3800]
Cluster 198: [3775, 3776, 3777, 3807, 3808, 3812, 3813, 3814, 3815, 3816]
Cluster 199: [3786, 3787, 3788, 3789]
Cluster 200: [3790, 3791, 3792]
Cluster 201: [3795, 3796]
Cluster 202: [3797, 3801, 3802, 3803, 3804, 3805, 3806]
Cluster 203: [3809, 3810, 3811]
Cluster 204: [3822, 3824, 3847]
Cluster 205: [3823, 3825, 3826, 3827, 3829, 3830, 3839, 3840, 3841, 3842, 3843, 3844, 3845, 3846, 3894, 3895, 3910]
Cluster 206: [3831, 3832, 3833, 3834, 3836, 3837, 3838]
Cluster 207: [3849, 3850, 3851, 3863, 3864, 3865, 3866, 3867, 3868, 3869, 3870, 3875, 3876]
Cluster 208: [3852, 3853, 3854, 3855, 3856, 3857, 3858, 3859, 3860, 3861, 3862, 3871, 3872, 3873, 3874, 3877, 3878]
Cluster 209: [3879, 3880, 3882, 3883, 3884, 3885]
Cluster 210: [3886, 3889, 3890, 3891, 3892, 3893, 3909]
Cluster 211: [3887, 3888, 3897, 3898, 3899, 3900, 3901, 3902, 3903, 3904, 3905, 3906, 3907, 3908]
Cluster 212: [3920, 3921, 3922, 3923, 3924, 3925, 3926, 3927, 3928, 3929, 3930, 3931, 3932, 3933, 3942, 3959]
Cluster 213: [3934, 3935, 3936, 3937, 3938, 3939, 3940, 3941, 3943, 3944, 3945, 3946, 3947, 3948]
Cluster 214: [3950, 3951, 3952, 3953, 3954, 3957, 3964, 3965, 3966, 3967, 3968, 3969, 3970, 3971, 3974, 3975, 3976, 3977, 3978, 3979]
Cluster 215: [3955, 3956, 3958, 3960, 3961, 3962, 3963]
Cluster 216: [3972, 3973, 3980, 3981, 3982]
Cluster 217: [3985, 3986, 3987, 3988, 4003, 4006, 4007, 4008, 4009, 4012, 4013, 4014, 4015, 4016, 4017, 4018, 4019, 4020, 4021]
Cluster 218: [3989, 3990, 3992, 3993, 3994, 3995, 3996, 3997, 3998, 3999, 4000, 4001, 4002, 4004, 4005, 4011, 4035]
Cluster 219: [4022, 4023, 4024, 4025, 4026, 4027, 4028, 4029, 4030, 4031, 4032, 4033, 4034, 4043, 4044, 4062, 4064, 4076]
Cluster 220: [4038, 4039, 4040, 4041, 4042, 4045, 4046, 4047, 4048, 4049, 4050]
Cluster 221: [4051, 4053, 4054, 4055, 4056, 4057, 4059]
Cluster 222: [4058, 4061, 4063, 4065, 4066, 4067, 4068, 4069, 4070, 4071, 4072, 4073, 4074, 4075]
Cluster 223: [4077, 4107, 4108, 4109, 4110, 4111, 4112, 4113, 4114, 4115, 4116, 4117, 4121, 4122, 4123, 4124, 4125, 4126, 4127, 4128, 4129, 4138, 4139]
Cluster 224: [4082, 4083, 4084, 4085, 4086, 4087, 4088, 4089, 4090, 4091, 4092, 4093, 4094, 4095, 4096, 4097, 4098, 4099, 4100, 4101, 4102, 4103, 4151]
Cluster 225: [4104, 4105, 4106]
Cluster 226: [4118, 4119, 4120, 4130, 4131, 4133, 4134, 4135, 4136, 4140, 4142, 4143, 4144, 4146, 4147, 4148, 4149, 4150, 4152, 4154, 4156, 4157, 4158]
Cluster 227: [4137, 4141]
Cluster 228: [4160, 4161, 4162, 4163, 4164, 4165, 4166, 4168, 4169, 4170, 4171, 4172, 4173, 4174, 4175, 4176, 4177, 4178, 4179, 4180, 4181, 4182, 4183, 4184, 4185, 4186, 4187, 4188, 4189, 4190, 4191, 4192, 4193, 4194, 4195, 4196, 4197, 4198, 4199, 4214, 4215, 4216, 4217, 4218]
Cluster 229: [4167]
Cluster 230: [4201, 4202, 4203, 4204, 4205, 4206, 4207, 4208, 4209, 4210, 4211, 4212, 4213]
Cluster 231: [4219, 4220, 4221, 4281, 4282, 4283, 4284]
Cluster 232: [4222, 4223, 4224, 4225, 4226, 4227, 4232, 4233, 4236, 4237, 4238, 4239, 4247, 4248, 4249, 4250, 4251, 4252, 4253, 4254, 4255, 4256, 4257, 4258, 4289]
Cluster 233: [4228, 4229, 4230, 4242, 4259, 4260, 4261, 4262, 4263]
Cluster 234: [4231, 4234, 4235, 4240, 4241, 4285]
Cluster 235: [4243, 4244, 4245, 4246, 4264, 4265, 4266, 4267, 4270, 4271]
Cluster 236: [4268, 4269]
Cluster 237: [4272, 4273, 4274, 4275, 4311, 4312, 4313, 4314, 4315, 4316, 4317, 4318, 4319, 4320, 4321, 4322, 4323]
Cluster 238: [4277, 4286, 4287, 4288, 4290, 4291, 4292, 4293, 4294, 4295, 4296]
Cluster 239: [4278, 4279]
Cluster 240: [4305, 4306, 4307, 4326, 4327]
Cluster 241: [4308, 4309, 4310]
Cluster 242: [4328, 4329, 4330]
Cluster 243: [4331, 4332, 4333, 4334, 4335, 4336, 4337, 4338, 4339, 4340, 4341, 4347, 4348, 4349, 4350, 4351, 4352, 4353, 4354, 4355, 4356, 4357, 4360]
Cluster 244: [4342, 4343, 4344, 4345, 4346]
Cluster 245: [4358, 4359, 4361, 4381, 4382, 4383, 4384, 4385, 4386, 4387, 4388]
Cluster 246: [4362, 4363, 4366, 4367, 4368, 4369, 4373, 4374, 4375, 4376, 4377, 4378, 4379, 4380, 4391, 4392, 4393]
Cluster 247: [4370, 4371, 4372]
Cluster 248: [4389, 4390]
Cluster 249: [4397, 4398, 4520, 4521, 4522, 4523, 4524, 4525, 4526, 4527, 4529, 4530, 4531, 4533, 4534]
Cluster 250: [4402, 4407, 4408, 4409, 4410, 4411, 4412, 4413, 4414, 4415, 4416, 4417, 4418, 4419, 4428]
Cluster 251: [4403, 4404, 4490, 4491, 4492, 4493, 4494, 4495, 4496, 4497, 4498, 4499, 4500, 4502]
Cluster 252: [4424, 4425, 4426, 4427, 4435, 4436, 4437, 4438, 4439, 4440, 4441, 4442, 4459, 4473, 4474, 4475]
Cluster 253: [4430, 4431, 4432, 4433, 4434]
Cluster 254: [4443, 4444, 4447, 4448, 4449, 4458, 4460]
Cluster 255: [4451, 4453, 4454, 4455, 4456, 4457, 4462, 4463, 4464]
Cluster 256: [4467, 4468, 4469, 4470, 4471, 4472, 4476, 4477, 4478, 4479, 4480, 4483, 4484, 4485, 4486, 4487, 4488, 4489]
Cluster 257: [4481, 4482, 4501, 4503, 4505, 4506, 4507, 4508, 4509, 4510, 4511, 4512, 4513, 4514, 4515, 4516, 4517, 4518, 4519]
Cluster 258: [4536, 4537, 4550, 4551, 4552, 4553, 4555, 4556, 4557, 4558, 4559, 4560, 4561, 4562, 4563, 4564, 4565, 4566, 4567, 4670]
Cluster 259: [4538, 4539, 4540, 4541, 4542, 4544, 4545, 4546, 4547, 4548, 4549]
Cluster 260: [4568, 4569, 4570, 4571, 4572, 4573, 4574, 4575, 4577, 4578, 4579, 4580, 4581]
Cluster 261: [4582, 4704, 4705, 4728, 4729, 4798]
Cluster 262: [4583, 4586, 4587, 4589]
Cluster 263: [4588, 4623, 4624, 4630, 4631, 4632, 4633, 4634, 4635, 4636, 4637, 4638, 4639, 4641, 4642, 4643, 4644]
Cluster 264: [4591, 4593, 4594, 4595, 4596, 4598, 4609, 4610, 4611, 4612, 4613, 4614]
Cluster 265: [4599, 4600, 4601, 4602, 4603, 4604, 4605, 4606, 4607, 4608]
Cluster 266: [4617, 4618, 4621, 4622, 4625, 4626, 4627, 4628, 4629, 4645]
Cluster 267: [4651, 4652, 4653, 4654, 4655, 4656, 4658, 4668]
Cluster 268: [4657, 4659, 4660, 4661, 4662, 4664, 4665, 4666, 4669, 4671, 4672, 4673, 4674]
Cluster 269: [4675, 4677, 4679, 4681, 4685, 4688, 4689, 4690, 4691, 4692, 4693, 4694, 4695, 4696, 4697, 4698, 4699, 4700, 4701, 4702, 4703]
Cluster 270: [4678, 4680, 4682, 4683, 4684, 4686, 4687]
Cluster 271: [4707, 4708, 4711, 4712, 4715, 4716, 4718, 4720, 4722, 4724, 4725, 4726, 4727]
Cluster 272: [4709, 4710]
Cluster 273: [4713, 4714]
Cluster 274: [4717]
Cluster 275: [4719, 4733, 4734, 4735, 4736, 4737, 4738, 4739, 4740, 4742, 4751, 4752, 4753, 4754, 4755, 4756, 4757, 4758]
Cluster 276: [4721, 4769, 4775, 4776, 4778, 4779, 4780, 4781, 4782, 4784, 4785, 4786, 4787, 4788, 4797]
Cluster 277: [4731, 4743, 4777, 4789, 4790, 4791, 4792, 4793, 4794, 4799, 4800, 4805, 4806, 4807, 4808, 4809, 4810, 4811, 4812, 4813, 4814, 4815, 4816, 4817, 4818, 4819, 4820]
Cluster 278: [4744, 4745, 4746, 4747, 4748, 4749, 4750]
Cluster 279: [4762, 4763, 4764, 4765, 4766, 4768, 4770, 4771, 4772, 4773, 4774]
Cluster 280: [4795, 4796, 4801, 4802, 4803, 4804]
Cluster 281: [4821, 4822, 4823, 4824]
Cluster 282: [4826, 4827, 4828, 4837, 4838, 4856, 4873, 4874, 4875, 4876, 4877, 4878, 4880, 4883, 4884, 4885, 4886, 4887, 4888]
Cluster 283: [4829, 4831, 4832, 4918, 4919, 4921, 4922, 4923, 4924]
Cluster 284: [4830, 4833, 4901, 4908, 4916, 4917, 4920]
Cluster 285: [4834, 4835, 4836, 4839, 4840, 4841, 4842, 4843, 4844, 4845, 4846, 4847, 4848, 4849, 4850, 4851, 4852, 4853, 4854, 4855, 4857]
Cluster 286: [4858, 4859, 4860, 4861, 4862, 4863, 4864, 4865, 4868, 4869, 4870, 4871, 4872, 4881, 4882]
Cluster 287: [4866, 4867]
Cluster 288: [4889, 4890, 4891, 4892, 4893]
Cluster 289: [4894, 4895, 4896, 4899]
Cluster 290: [4897, 4902, 4903, 4904, 4905, 4906, 4907, 4909, 4910, 4911, 4912, 4913, 4914, 4915]
Cluster 291: [4944, 4945, 4947]
Cluster 292: [4948, 4950, 4952, 4953, 4954, 4955, 4956, 4957, 4958, 4959, 4960, 4961, 4962, 4963, 4964, 4965, 4966, 4967, 4977]
Cluster 293: [4949, 4998, 4999, 5001, 5002, 5003, 5004, 5005, 5006, 5008, 5009]
Cluster 294: [4968, 4976, 4983, 4987, 4990, 4992, 4993, 4994, 4995, 4996, 4997, 5007, 5010]
Cluster 295: [4969, 4970, 4971, 4972, 4973, 4974, 4975, 4978]
Cluster 296: [4979, 4980, 4981, 4982, 4984, 4985, 4986, 4988, 4989, 4991]
Cluster 297: [5014, 5015, 5016, 5017, 5019, 5020, 5021, 5041]
Cluster 298: [5024, 5027, 5117, 5118, 5120, 5124, 5131, 5132, 5133, 5134, 5137, 5138, 5140, 5141, 5142, 5143, 5144, 5145, 5147]
Cluster 299: [5025, 5026]
Cluster 300: [5029, 5030, 5051, 5057, 5058, 5059, 5060, 5061, 5062, 5063, 5064, 5065, 5066, 5067, 5068, 5069, 5070, 5074, 5075, 5076, 5077, 5078, 5079, 5081, 5082, 5083, 5084, 5085, 5086, 5087, 5150]
Cluster 301: [5031, 5032, 5033, 5034, 5035, 5036, 5037, 5038, 5039, 5040, 5045, 5046]
Cluster 302: [5044, 5047, 5048, 5049, 5050, 5052, 5053, 5054, 5055, 5056]
Cluster 303: [5072, 5073]
Cluster 304: [5088, 5090, 5091, 5093, 5094, 5095, 5096, 5097, 5098, 5100, 5101, 5106]
Cluster 305: [5103, 5104, 5105, 5107, 5108, 5109, 5113, 5114, 5115]
Cluster 306: [5119, 5122, 5123, 5125, 5126, 5127, 5128, 5129, 5130, 5146]
Cluster 307: [5135, 5136, 5151, 5152]
Cluster 308: [5139, 5174, 5175, 5176, 5177, 5178, 5179, 5180, 5181]
Cluster 309: [5153, 5154, 5168, 5169, 5170, 5171, 5173]
Cluster 310: [5156, 5157, 5158, 5159, 5160, 5161, 5162, 5163, 5164, 5165, 5166, 5167]
Cluster 311: [5]
Cluster 312: [6]
Cluster 313: [7]
Cluster 314: [8]
Cluster 315: [9]
Cluster 316: [10]
Cluster 317: [11]
Cluster 318: [12]
Cluster 319: [13]
Cluster 320: [14]
Cluster 321: [16]
Cluster 322: [17]
Cluster 323: [18]
Cluster 324: [19]
Cluster 325: [20]
Cluster 326: [21]
Cluster 327: [22]
Cluster 328: [23]
Cluster 329: [24]
Cluster 330: [25]
Cluster 331: [26]
Cluster 332: [27]
Cluster 333: [28]
Cluster 334: [29]
Cluster 335: [30]
Cluster 336: [31]
Cluster 337: [32]
Cluster 338: [33]
Cluster 339: [34]
Cluster 340: [35]
Cluster 341: [36]
Cluster 342: [37]
Cluster 343: [38]
Cluster 344: [39]
Cluster 345: [40]
Cluster 346: [41]
Cluster 347: [42]
Cluster 348: [43]
Cluster 349: [44]
Cluster 350: [45]
Cluster 351: [46]
Cluster 352: [47]
Cluster 353: [48]
Cluster 354: [49]
Cluster 355: [50]
Cluster 356: [51]
Cluster 357: [52]
Cluster 358: [53]
Cluster 359: [54]
Cluster 360: [55]
Cluster 361: [56]
Cluster 362: [57]
Cluster 363: [58]
Cluster 364: [60]
Cluster 365: [61]
Cluster 366: [62]
Cluster 367: [63]
Cluster 368: [64]
Cluster 369: [65]
Cluster 370: [66]
Cluster 371: [67]
Cluster 372: [68]
Cluster 373: [69]
Cluster 374: [71]
Cluster 375: [72]
Cluster 376: [73]
Cluster 377: [74]
Cluster 378: [75]
Cluster 379: [76]
Cluster 380: [77]
Cluster 381: [78]
Cluster 382: [79]
Cluster 383: [80]
Cluster 384: [82]
Cluster 385: [83]
Cluster 386: [84]
Cluster 387: [85]
Cluster 388: [86]
Cluster 389: [87]
Cluster 390: [88]
Cluster 391: [89]
Cluster 392: [90]
Cluster 393: [91]
Cluster 394: [93]
Cluster 395: [94]
Cluster 396: [95]
Cluster 397: [100]
Cluster 398: [101]
Cluster 399: [103]
Cluster 400: [104]
Cluster 401: [105]
Cluster 402: [111]
Cluster 403: [136]
Cluster 404: [137]
Cluster 405: [165]
Cluster 406: [173]
Cluster 407: [175]
Cluster 408: [176]
Cluster 409: [216]
Cluster 410: [217]
Cluster 411: [218]
Cluster 412: [220]
Cluster 413: [221]
Cluster 414: [235]
Cluster 415: [261]
Cluster 416: [262]
Cluster 417: [264]
Cluster 418: [265]
Cluster 419: [278]
Cluster 420: [281]
Cluster 421: [297]
Cluster 422: [298]
Cluster 423: [331]
Cluster 424: [332]
Cluster 425: [333]
Cluster 426: [340]
Cluster 427: [344]
Cluster 428: [345]
Cluster 429: [350]
Cluster 430: [353]
Cluster 431: [354]
Cluster 432: [357]
Cluster 433: [358]
Cluster 434: [380]
Cluster 435: [381]
Cluster 436: [390]
Cluster 437: [391]
Cluster 438: [395]
Cluster 439: [397]
Cluster 440: [406]
Cluster 441: [407]
Cluster 442: [408]
Cluster 443: [410]
Cluster 444: [411]
Cluster 445: [418]
Cluster 446: [419]
Cluster 447: [422]
Cluster 448: [423]
Cluster 449: [424]
Cluster 450: [425]
Cluster 451: [426]
Cluster 452: [427]
Cluster 453: [430]
Cluster 454: [442]
Cluster 455: [443]
Cluster 456: [445]
Cluster 457: [447]
Cluster 458: [450]
Cluster 459: [454]
Cluster 460: [455]
Cluster 461: [459]
Cluster 462: [460]
Cluster 463: [461]
Cluster 464: [467]
Cluster 465: [470]
Cluster 466: [471]
Cluster 467: [505]
Cluster 468: [506]
Cluster 469: [508]
Cluster 470: [509]
Cluster 471: [553]
Cluster 472: [554]
Cluster 473: [555]
Cluster 474: [581]
Cluster 475: [582]
Cluster 476: [601]
Cluster 477: [605]
Cluster 478: [628]
Cluster 479: [685]
Cluster 480: [696]
Cluster 481: [750]
Cluster 482: [753]
Cluster 483: [754]
Cluster 484: [755]
Cluster 485: [756]
Cluster 486: [757]
Cluster 487: [758]
Cluster 488: [759]
Cluster 489: [760]
Cluster 490: [761]
Cluster 491: [762]
Cluster 492: [764]
Cluster 493: [765]
Cluster 494: [766]
Cluster 495: [767]
Cluster 496: [768]
Cluster 497: [769]
Cluster 498: [770]
Cluster 499: [771]
Cluster 500: [772]
Cluster 501: [773]
Cluster 502: [775]
Cluster 503: [776]
Cluster 504: [777]
Cluster 505: [778]
Cluster 506: [779]
Cluster 507: [780]
Cluster 508: [781]
Cluster 509: [782]
Cluster 510: [783]
Cluster 511: [784]
Cluster 512: [786]
Cluster 513: [787]
Cluster 514: [788]
Cluster 515: [789]
Cluster 516: [790]
Cluster 517: [791]
Cluster 518: [792]
Cluster 519: [793]
Cluster 520: [794]
Cluster 521: [795]
Cluster 522: [796]
Cluster 523: [797]
Cluster 524: [798]
Cluster 525: [799]
Cluster 526: [800]
Cluster 527: [801]
Cluster 528: [802]
Cluster 529: [803]
Cluster 530: [804]
Cluster 531: [805]
Cluster 532: [806]
Cluster 533: [807]
Cluster 534: [808]
Cluster 535: [809]
Cluster 536: [810]
Cluster 537: [811]
Cluster 538: [812]
Cluster 539: [813]
Cluster 540: [814]
Cluster 541: [815]
Cluster 542: [816]
Cluster 543: [817]
Cluster 544: [819]
Cluster 545: [820]
Cluster 546: [821]
Cluster 547: [822]
Cluster 548: [823]
Cluster 549: [824]
Cluster 550: [825]
Cluster 551: [826]
Cluster 552: [827]
Cluster 553: [828]
Cluster 554: [830]
Cluster 555: [831]
Cluster 556: [832]
Cluster 557: [833]
Cluster 558: [834]
Cluster 559: [835]
Cluster 560: [836]
Cluster 561: [837]
Cluster 562: [838]
Cluster 563: [839]
Cluster 564: [841]
Cluster 565: [842]
Cluster 566: [843]
Cluster 567: [844]
Cluster 568: [845]
Cluster 569: [846]
Cluster 570: [847]
Cluster 571: [848]
Cluster 572: [849]
Cluster 573: [850]
Cluster 574: [852]
Cluster 575: [853]
Cluster 576: [854]
Cluster 577: [855]
Cluster 578: [856]
Cluster 579: [857]
Cluster 580: [858]
Cluster 581: [859]
Cluster 582: [860]
Cluster 583: [861]
Cluster 584: [864]
Cluster 585: [865]
Cluster 586: [866]
Cluster 587: [867]
Cluster 588: [868]
Cluster 589: [869]
Cluster 590: [870]
Cluster 591: [871]
Cluster 592: [872]
Cluster 593: [873]
Cluster 594: [875]
Cluster 595: [876]
Cluster 596: [877]
Cluster 597: [878]
Cluster 598: [879]
Cluster 599: [880]
Cluster 600: [881]
Cluster 601: [882]
Cluster 602: [883]
Cluster 603: [884]
Cluster 604: [886]
Cluster 605: [887]
Cluster 606: [888]
Cluster 607: [889]
Cluster 608: [890]
Cluster 609: [891]
Cluster 610: [892]
Cluster 611: [893]
Cluster 612: [894]
Cluster 613: [895]
Cluster 614: [897]
Cluster 615: [898]
Cluster 616: [899]
Cluster 617: [900]
Cluster 618: [901]
Cluster 619: [902]
Cluster 620: [903]
Cluster 621: [904]
Cluster 622: [905]
Cluster 623: [906]
Cluster 624: [908]
Cluster 625: [909]
Cluster 626: [910]
Cluster 627: [911]
Cluster 628: [912]
Cluster 629: [913]
Cluster 630: [914]
Cluster 631: [915]
Cluster 632: [916]
Cluster 633: [917]
Cluster 634: [919]
Cluster 635: [920]
Cluster 636: [921]
Cluster 637: [922]
Cluster 638: [923]
Cluster 639: [924]
Cluster 640: [925]
Cluster 641: [926]
Cluster 642: [927]
Cluster 643: [928]
Cluster 644: [930]
Cluster 645: [931]
Cluster 646: [932]
Cluster 647: [933]
Cluster 648: [934]
Cluster 649: [935]
Cluster 650: [936]
Cluster 651: [937]
Cluster 652: [938]
Cluster 653: [939]
Cluster 654: [941]
Cluster 655: [942]
Cluster 656: [943]
Cluster 657: [944]
Cluster 658: [945]
Cluster 659: [946]
Cluster 660: [947]
Cluster 661: [948]
Cluster 662: [949]
Cluster 663: [950]
Cluster 664: [952]
Cluster 665: [953]
Cluster 666: [954]
Cluster 667: [955]
Cluster 668: [956]
Cluster 669: [957]
Cluster 670: [958]
Cluster 671: [959]
Cluster 672: [960]
Cluster 673: [961]
Cluster 674: [963]
Cluster 675: [964]
Cluster 676: [965]
Cluster 677: [966]
Cluster 678: [967]
Cluster 679: [968]
Cluster 680: [969]
Cluster 681: [970]
Cluster 682: [971]
Cluster 683: [972]
Cluster 684: [975]
Cluster 685: [976]
Cluster 686: [977]
Cluster 687: [978]
Cluster 688: [979]
Cluster 689: [980]
Cluster 690: [981]
Cluster 691: [982]
Cluster 692: [983]
Cluster 693: [984]
Cluster 694: [986]
Cluster 695: [987]
Cluster 696: [988]
Cluster 697: [989]
Cluster 698: [990]
Cluster 699: [991]
Cluster 700: [992]
Cluster 701: [993]
Cluster 702: [994]
Cluster 703: [995]
Cluster 704: [997]
Cluster 705: [998]
Cluster 706: [999]
Cluster 707: [1000]
Cluster 708: [1001]
Cluster 709: [1002]
Cluster 710: [1003]
Cluster 711: [1004]
Cluster 712: [1005]
Cluster 713: [1006]
Cluster 714: [1008]
Cluster 715: [1009]
Cluster 716: [1010]
Cluster 717: [1011]
Cluster 718: [1012]
Cluster 719: [1013]
Cluster 720: [1014]
Cluster 721: [1015]
Cluster 722: [1016]
Cluster 723: [1017]
Cluster 724: [1019]
Cluster 725: [1020]
Cluster 726: [1021]
Cluster 727: [1022]
Cluster 728: [1023]
Cluster 729: [1024]
Cluster 730: [1025]
Cluster 731: [1026]
Cluster 732: [1027]
Cluster 733: [1028]
Cluster 734: [1030]
Cluster 735: [1031]
Cluster 736: [1032]
Cluster 737: [1033]
Cluster 738: [1034]
Cluster 739: [1035]
Cluster 740: [1036]
Cluster 741: [1037]
Cluster 742: [1038]
Cluster 743: [1039]
Cluster 744: [1041]
Cluster 745: [1042]
Cluster 746: [1043]
Cluster 747: [1044]
Cluster 748: [1045]
Cluster 749: [1046]
Cluster 750: [1047]
Cluster 751: [1048]
Cluster 752: [1049]
Cluster 753: [1050]
Cluster 754: [1052]
Cluster 755: [1053]
Cluster 756: [1054]
Cluster 757: [1055]
Cluster 758: [1056]
Cluster 759: [1057]
Cluster 760: [1058]
Cluster 761: [1059]
Cluster 762: [1060]
Cluster 763: [1061]
Cluster 764: [1063]
Cluster 765: [1064]
Cluster 766: [1065]
Cluster 767: [1066]
Cluster 768: [1067]
Cluster 769: [1068]
Cluster 770: [1069]
Cluster 771: [1070]
Cluster 772: [1071]
Cluster 773: [1072]
Cluster 774: [1074]
Cluster 775: [1075]
Cluster 776: [1076]
Cluster 777: [1077]
Cluster 778: [1078]
Cluster 779: [1079]
Cluster 780: [1080]
Cluster 781: [1081]
Cluster 782: [1082]
Cluster 783: [1083]
