0 44740 26043
1 90276 12796
2 8352 17795
3 9931 15906
4 5954 14854
5 9599 19535
6 13158 17160
7 8069 12555
8 8733 18517
9 11803 22524
10 9538 22225
11 88997 10718
12 22091 12342
13 82428 9117
14 13140 20470
15 6664 20493
16 11413 21195
17 55266 11381
18 50405 12312
19 57895 10591
20 27271 6982
21 30124 7733
22 31567 11481
23 32841 7791
24 35748 1552
25 25990 15511
26 24172 9142
27 25544 11385
28 53151 9483
29 49611 9639
30 23265 13620
31 20493 12042
32 20466 15147
33 23563 23297
34 26270 28034
35 17071 25077
36 22270 34374
37 28715 34805
38 26286 35836
39 24433 39015
40 19915 28196
41 18931 23292
42 51175 8181
43 21581 32973
44 20542 20925
45 52025 23097
46 22697 20019
47 16559 17913
48 19285 18429
49 17141 20539
50 27927 19267
51 16569 16605
52 15543 19080
53 16102 20169
54 48333 14925
55 47174 12510
56 36157 2889
57 37697 3688
58 34087 2632
59 40673 4241
60 37122 7026
61 42502 2565
62 39791 1653
63 43961 21257
64 44952 8797
65 41458 19598
66 54814 24346
67 50665 4995
68 61059 7112
69 62357 3510
70 55959 3089
71 53983 5106
72 57248 7621
73 51311 2252
74 48039 3105
75 40929 8040
76 42643 3321
77 39353 10400
78 44828 10615
79 44547 4954
80 42906 5711
81 47960 7342
82 64962 5847
83 66348 9150
84 68282 3823
85 69408 1395
86 71956 4608
87 65889 2887
88 68250 7500
89 64283 1923
90 63558 8032
91 59610 3026
92 55671 28764
93 60416 13831
94 90862 7551
95 53338 27624
96 53339 15628
97 53807 13871
98 54739 19927
99 53885 18708
100 51066 20137
101 57603 17018
102 58229 12615
103 55107 12456
104 56585 11558
105 60192 14085
106 55740 20241
107 55300 10665
108 70933 25052
109 48095 20561
110 45922 15098
111 48458 17242
112 60887 20829
113 47338 17685
114 47091 22082
115 49594 16425
116 38838 18058
117 37730 15286
118 37625 14150
119 41520 15039
120 49219 29660
121 37333 18173
122 39185 14121
123 33639 15846
124 40732 11407
125 36711 16395
126 33037 5751
127 48162 26649
128 34027 20423
129 33044 18540
130 24074 5313
131 29139 4564
132 25967 3057
133 50908 32630
134 32422 3389
135 26275 19699
136 26910 22750
137 58194 30478
138 37525 21335
139 29811 16856
140 57496 26092
141 59942 32438
142 47967 23107
143 61345 18061
144 80182 22900
145 77908 23915
146 75389 20709
147 77699 21543
148 48541 36887
149 85437 28894
150 85500 32967
151 88634 31320
152 87686 38621
153 87754 35220
154 84228 42600
155 83657 40830
156 82680 34527
157 82404 38693
158 79125 34380
159 15550 25940
160 18023 27967
161 18990 33059
162 14134 28143
163 56668 32768
164 18361 40095
165 17793 38786
166 14613 43342
167 16181 40459
168 92610 21340
169 19857 39615
170 8164 41647
171 9128 36253
172 14699 34926
173 12234 26291
174 14425 36805
175 10412 27388
176 53079 38895
177 20639 40442
178 21838 38345
179 7168 31379
180 11121 31425
181 9020 27362
182 8611 25551
183 12967 31306
184 17221 31511
185 9967 29689
186 17166 33723
187 20388 30837
188 15598 33807
189 11220 34957
190 10342 32821
191 11718 33129
192 7477 40756
193 2580 34617
194 9266 43450
195 12245 40606
196 12813 45842
197 21878 42579
198 52683 41647
199 14506 44029
200 19755 42615
201 20076 44499
202 24472 42984
203 23020 44793
204 59781 11152
205 40778 44077
206 37716 44080
207 35243 45225
208 52029 39339
209 31575 45777
210 37496 46488
211 40563 43458
212 38111 40670
213 43936 37005
214 51007 41082
215 34909 43605
216 31707 41835
217 92528 12301
218 28115 42222
219 27328 44989
220 28573 39879
221 30378 37369
222 33512 39157
223 36034 36108
224 92291 23711
225 37304 36192
226 40482 35779
227 55200 40230
228 42311 32885
229 37993 24808
230 36397 21976
231 40947 23644
232 42760 25399
233 38172 20198
234 33561 23841
235 29321 31321
236 34540 31647
237 35156 28282
238 89852 11397
239 31607 26337
240 45185 44624
241 42833 46073
242 47779 41172
243 70490 22259
244 61090 27212
245 65751 25437
246 67520 21593
247 61732 32285
248 66594 29012
249 68347 17479
250 53075 36572
251 65791 32125
252 62323 31810
253 68397 33615
254 72441 23225
255 72711 25677
256 69930 29241
257 75646 24729
258 68462 25778
259 69305 33311
260 93187 18328
261 52778 34373
262 77996 11961
263 78272 8235
264 74403 8245
265 73156 10301
266 77923 4647
267 56079 35730
268 84062 11224
269 80347 9065
270 69791 19035
271 67813 20135
272 66275 15882
273 73242 14106
274 72990 12947
275 73288 16351
276 68084 11170
277 70949 12173
278 73064 3532
279 62906 16051
280 63497 12036
281 57745 43018
282 60229 46131
283 90626 12593
284 60688 42991
285 54813 45649
286 59962 39560
287 68458 39929
288 59267 37867
289 58096 36675
290 57654 43155
291 61791 35374
292 62073 33939
293 78943 43200
294 66984 35145
295 65184 34290
296 65188 33648
297 51211 44971
298 81216 46575
299 58015 41059
300 76496 4219
301 76916 45225
302 71713 38823
303 64364 40079
304 64466 37057
305 64105 43635
306 65242 45507
307 69180 44978
308 73779 45811
309 72253 45045
310 75226 30369
311 78592 36934
312 79996 39227
313 75000 34906
314 72576 32670
315 70395 33098
316 71162 30154
317 71764 36595
318 79110 30137
319 81877 31245
320 75848 27655
321 71095 28440
322 14533 16335
323 8705 13172
324 4509 13590
325 9762 14189
326 15654 13710
327 10954 16015
328 12906 11965
329 14421 10545
330 6241 11941
331 15369 11677
332 51468 48387
333 44076 48387
334 49836 48387
335 20556 42
336 94816 972
337 94816 24492
338 94816 23820
339 94816 22572
340 94816 22668
341 94816 22188
342 94816 21132
343 94816 21900
344 94816 23724
345 94816 3660
346 44940 48387
347 94816 5100
348 94816 5772
349 94816 16812
350 94816 5964
351 94816 6252
352 94816 6828
353 94816 15564
354 94816 7308
355 94816 8172
356 94816 13548
357 24108 42
358 94816 13836
359 94816 7212
360 94816 12396
361 94816 14508
362 94816 13644
363 94816 14220
364 94816 14316
365 94816 14412
366 94816 15180
367 94816 13932
368 48300 48387
369 94816 12588
370 94816 13740
371 94816 14124
372 94816 15276
373 94816 8364
374 94816 12492
375 94816 14796
376 94816 8460
377 94816 14604
378 94816 14700
379 63276 48387
380 94816 6060
381 94816 6156
382 94816 6636
383 94816 6540
384 94816 15660
385 94816 7404
386 94816 12684
387 94816 12780
388 94816 13260
389 94816 13356
390 51276 48387
391 94816 13452
392 94816 8556
393 94816 14028
394 94816 12876
395 94816 13164
396 94816 13068
397 94816 14892
398 94816 7596
399 76140 42
400 76236 42
401 45228 48387
402 75180 42
403 76044 42
404 55500 48387
405 49836 42
406 51276 42
407 50028 48387
408 40524 42
409 14988 48387
410 24588 42
411 21804 42
412 5676 48387
413 94816 44556
414 81996 42
415 42 17004
416 94816 34380
417 94816 42732
418 55404 48387
419 9132 48387
420 94816 9036
421 35148 48387
422 68364 42
423 94816 36396
424 94816 9132
425 94816 41484
426 62412 42
427 10476 42
428 52812 48387
429 54540 48387
430 58380 42
431 12780 42
432 11436 48387
433 23724 48387
434 94816 9324
435 42 6348
436 94816 12972
437 42 43692
438 23628 42
439 81708 42
440 49356 48387
441 42 42636
442 94816 40332
443 34188 48387
444 94816 33708
445 65772 42
446 41580 42
447 94816 27852
448 94816 39948
449 4044 48387
450 50220 42
451 55596 48387
452 72492 48387
453 86028 42
454 40140 42
455 42 27372
456 55404 42
457 7116 48387
458 12492 48387
459 78924 48387
460 94816 10572
461 42 16140
462 40428 42
463 3948 48387
464 42924 42
465 42 21804
466 94816 9228
467 33228 48387
468 12492 42
469 88620 48387
470 16908 48387
471 82092 48387
472 57324 42
473 42 24396
474 29772 48387
475 41196 42
476 94816 41100
477 85164 48387
478 94816 30156
479 21900 42
480 25068 42
481 28908 42
482 94816 10092
483 36780 48387
484 40236 42
485 94816 8652
486 94816 11724
487 45036 42
488 42 5964
489 45036 48387
490 45804 42
491 4908 48387
492 6444 42
493 6252 48387
494 8556 42
495 34380 42
496 12972 42
497 29868 48387
498 94816 9900
499 42 37836
500 42 34572
501 94816 9516
502 30252 48387
503 94816 45036
504 60396 48387
505 17484 42
506 20652 42
507 34092 48387
508 23052 42
509 76044 48387
510 69996 48387
511 50124 48387
512 37644 48387
513 94816 41388
514 6348 48387
515 94816 11916
516 42 20652
517 32172 42
518 43212 48387
519 42 24492
520 42 21900
521 23820 48387
522 82092 42
523 23916 42
524 22188 42
525 94816 33132
526 16044 42
527 48300 42
528 78444 42
529 41964 48387
530 15372 42
531 62124 42
532 65580 42
533 7308 42
534 94816 1452
535 8940 42
536 49932 42
537 78348 42
538 39468 42
539 94816 41772
540 36396 48387
541 71532 42
542 16332 42
543 42 43020
544 42 18252
545 17388 42
546 42252 42
547 10956 48387
548 45132 48387
549 9900 42
550 80076 42
551 36300 48387
552 10092 42
553 18156 42
554 94816 31980
555 21996 42
556 21324 48387
557 42 35436
558 55212 42
559 10284 48387
560 85836 42
561 42 36204
562 43596 48387
563 42 9228
564 61452 48387
565 68940 42
566 20172 48387
567 83724 42
568 57612 42
569 42 37548
570 82380 42
571 23340 42
572 42 15276
573 47532 48387
574 42 36972
575 18828 42
576 66444 48387
577 83532 42
578 42 29964
579 94816 7788
580 44844 42
581 15468 42
582 53388 42
583 6348 42
584 36012 48387
585 12108 48387
586 21228 42
587 37452 48387
588 94816 9708
589 9708 42
590 42 14028
591 62028 42
592 42 21228
593 48588 48387
594 82668 42
595 55212 48387
596 65100 48387
597 72396 48387
598 6636 48387
599 55116 48387
600 10956 42
601 53388 48387
602 42 43596
603 42 40332
604 9036 48387
605 20460 42
606 36204 48387
607 28332 48387
608 94816 35052
609 68268 42
610 50508 48387
611 78252 42
612 61932 42
613 13164 42
614 12108 42
615 50412 42
616 24972 42
617 36108 48387
618 39564 42
619 13740 48387
620 9516 48387
621 9324 48387
622 34284 42
623 42 13932
624 48396 42
625 26700 42
626 26220 42
627 28908 48387
628 94816 10956
629 55020 48387
630 10188 42
631 7212 42
632 55308 48387
633 7788 48387
634 56364 42
635 44172 42
636 94816 31020
637 41484 48387
638 75276 48387
639 56556 42
640 54924 48387
641 39276 42
642 27084 42
643 62508 48387
644 94816 1836
645 60300 42
646 59628 42
647 25356 42
648 62220 42
649 67692 48387
650 94816 42636
651 35916 48387
652 94816 32844
653 40812 48387
654 94816 8844
655 94816 12204
656 78636 48387
657 7116 42
658 86508 48387
659 16236 42
660 39756 42
661 7980 48387
662 52236 48387
663 40620 48387
664 12588 42
665 42 4524
666 94816 33612
667 9996 42
668 39180 42
669 94816 27564
670 26796 48387
671 68844 42
672 94816 30348
673 54060 48387
674 36300 42
675 69516 42
676 24012 48387
677 78732 48387
678 9324 42
679 21612 42
680 20940 42
681 21516 48387
682 60108 48387
683 39852 42
684 54732 48387
685 8364 48387
686 23820 42
687 42 4716
688 19980 48387
689 84012 42
690 8844 42
691 19020 42
692 94816 40716
693 94816 31500
694 94816 9420
695 74796 48387
696 14988 42
697 57132 42
698 69804 42
699 12972 48387
700 6540 48387
701 10284 42
702 27468 42
703 42 22860
704 94816 10860
705 8940 48387
706 54636 48387
707 42 34668
708 94816 10380
709 11628 42
710 24684 42
711 80076 48387
712 43404 42
713 54828 48387
714 42 3756
715 42 21324
716 94816 12108
717 43500 42
718 94816 40908
719 22092 42
720 94816 35244
721 94816 12012
722 22476 42
723 26508 42
724 60012 48387
725 89292 42
726 23724 42
727 7212 48387
728 35820 48387
729 43500 48387
730 94816 9612
731 94816 40812
732 65868 42
733 42 38316
734 73164 48387
735 71436 48387
736 42 31500
737 42 17292
738 60300 48387
739 8844 48387
740 39372 42
741 57900 42
742 35052 48387
743 12876 48387
744 42 18156
745 14028 42
746 17004 48387
747 15660 42
748 94816 44364
749 13164 48387
750 11820 48387
751 50412 48387
752 42 4620
753 65196 48387
754 42 4044
755 22380 42
756 18732 42
757 71724 48387
758 57036 42
759 42 16428
760 56748 42
761 12300 42
762 54252 48387
763 42 39372
764 38796 48387
765 60684 48387
766 13260 48387
767 42 38028
768 42 36780
769 42 28332
770 11820 42
771 11724 48387
772 16812 42
773 49740 48387
774 94816 41868
775 42 16332
776 9132 42
777 11052 48387
778 44652 48387
779 65292 48387
780 94816 31788
781 84300 42
782 17964 42
783 42 34860
784 20172 42
785 45612 42
786 69228 42
787 24012 42
788 76716 48387
789 34284 48387
790 69612 48387
791 5868 48387
792 30636 42
793 62508 42
794 59916 48387
795 50892 48387
796 94816 33804
797 86412 48387
798 56460 42
799 28524 42
800 94816 10284
801 63372 48387
802 42 15468
803 42 2892
804 7404 48387
805 94816 35148
806 29388 42
807 41196 48387
808 35724 42
809 42 17196
810 43308 48387
811 94816 8940
812 94816 41580
813 94816 11340
814 84588 42
815 65964 48387
816 65964 42
817 51372 48387
818 11916 48387
819 75660 48387
820 94816 34188
821 94816 34668
822 94816 35532
823 15852 42
824 12684 42
825 48204 42
826 7500 48387
827 69516 48387
828 50988 48387
829 74700 48387
830 42 39276
831 72588 48387
832 80460 42
833 72300 48387
834 26604 42
835 84108 48387
836 20076 42
837 42 3852
838 14892 48387
839 22956 48387
840 47916 48387
841 11724 42
842 42 29772
843 28140 42
844 75852 48387
845 66348 42
846 19404 42
847 94816 34284
848 56940 42
849 70188 48387
850 51084 48387
851 38316 48387
852 19020 48387
853 42 6060
854 83436 42
855 4332 48387
856 60108 42
857 94816 25836
858 94816 11148
859 94816 12300
860 57996 42
861 84876 42
862 46380 48387
863 4524 42
864 17100 48387
865 88812 42
866 57804 42
867 88332 42
868 21036 42
869 5004 48387
870 7020 48387
871 8556 48387
872 35052 42
873 35724 48387
874 12204 42
875 54444 48387
876 94816 10668
877 43884 42
878 94816 10476
879 94816 39852
880 12684 48387
881 14700 42
882 10476 48387
883 94816 40044
884 42 23436
885 49740 42
886 81612 42
887 94816 40236
888 56556 48387
889 94816 24108
890 79596 48387
891 42 21708
892 6636 42
893 8268 48387
894 26412 42
895 79692 48387
896 10380 42
897 94816 31692
898 94816 9804
899 94816 8748
900 42 37356
901 11244 42
902 42 19884
903 50316 42
904 22668 42
905 94816 34860
906 42348 42
907 53196 42
908 17292 42
909 8076 48387
910 10860 48387
911 68556 48387
912 20460 48387
913 85452 42
914 78540 48387
915 57420 42
916 67308 42
917 44748 48387
918 42 26700
919 26124 48387
920 34476 48387
921 94816 42252
922 15948 42
923 22860 42
924 9900 48387
925 24204 48387
926 67020 42
927 61548 42
928 54348 48387
929 69900 48387
930 8460 48387
931 6252 42
932 60204 48387
933 94816 34764
934 22956 42
935 72972 42
936 42 25356
937 94816 10764
938 94816 33516
939 49356 42
940 3756 48387
941 11340 42
942 84204 42
943 25644 42
944 88716 42
945 94816 40620
946 7308 48387
947 26316 42
948 17196 48387
949 42 5196
950 30156 42
951 42156 42
952 7692 48387
953 22572 48387
954 94816 42828
955 10668 42
956 12876 42
957 14124 48387
958 94816 27084
959 7788 42
960 40524 48387
961 94816 11052
962 69132 48387
963 74316 42
964 55788 48387
965 42 36300
966 21420 48387
967 42 2796
968 94816 39756
969 94816 39660
970 57228 42
971 57708 42
972 49644 42
973 35628 48387
974 5388 48387
975 67404 48387
976 82284 48387
977 34476 42
978 62700 42
979 79788 48387
980 68748 48387
981 42 5100
982 94816 11628
983 61548 48387
984 29484 48387
985 42 2412
986 42 40236
987 89004 48387
988 74220 42
989 94816 25452
990 10860 42
991 4428 48387
992 26028 42
993 9804 42
994 21612 48387
995 40044 42
996 61740 48387
997 42 4428
998 6924 48387
999 13260 42
1000 22572 42
1001 94816 39564
1002 36108 42
1003 61068 48387
1004 6828 42
1005 56268 42
1006 50316 48387
1007 83148 42
1008 94816 41196
1009 8748 48387
1010 34092 42
1011 11436 42
1012 94816 39372
1013 56844 48387
1014 27948 42
1015 43980 42
1016 23148 42
1017 19980 42
1018 74124 42
1019 8652 48387
1020 65484 42
1021 14412 48387
1022 34188 42
1023 94816 32652
1024 94816 11532
1025 13068 48387
1026 61644 42
1027 56364 48387
1028 46476 48387
1029 94816 44460
1030 94816 10188
1031 85260 42
1032 83340 42
1033 16140 48387
1034 43692 48387
1035 94816 33228
1036 22284 42
1037 51852 48387
1038 42 13164
1039 43788 42
1040 9036 42
1041 94816 34092
1042 5868 42
1043 10764 42
1044 86604 48387
1045 42 30540
1046 94816 11436
1047 12396 42
1048 42 14508
1049 41004 42
1050 43404 48387
1051 21324 42
1052 42 35532
1053 94816 42156
1054 72876 42
1055 56844 42
1056 12588 48387
1057 32556 42
1058 75372 48387
1059 94816 31212
1060 39948 42
1061 53580 48387
1062 42 23820
1063 11916 42
1064 12012 42
1065 77580 42
1066 16140 42
1067 64044 42
1068 24780 48387
1069 82572 42
1070 20748 42
1071 33324 48387
1072 23436 42
1073 40620 42
1074 94816 32748
1075 94816 11820
1076 31116 42
1077 88908 48387
1078 74028 42
1079 6060 48387
1080 6444 48387
1081 65004 48387
1082 53292 42
1083 94816 40140
1084 49644 48387
1085 94816 34956
1086 42 34764
1087 33708 42
1088 94816 11244
1089 42 37644
1090 32844 42
1091 94816 39276
1092 85548 48387
1093 94816 40428
1094 81516 48387
1095 46284 48387
1096 42 16236
1097 49068 42
1098 62604 42
1099 42 34956
1100 42 37932
1101 94816 35436
1102 37644 42
1103 81612 48387
1104 82764 48387
1105 71148 48387
1106 43116 48387
1107 43692 42
1108 15756 42
1109 81036 48387
1110 42 37740
1111 41676 42
1112 55308 42
1113 20364 42
1114 11244 48387
1115 88332 48387
1116 42 43308
1117 40332 42
1118 42 38412
1119 72492 42
1120 83628 42
1121 45900 42
1122 94816 39468
1123 23244 42
1124 12012 48387
1125 94816 24588
1126 94816 42444
1127 10572 48387
1128 42 28236
1129 79884 42
1130 20268 42
1131 42 17100
1132 94816 7884
1133 94816 33900
1134 3852 48387
1135 23532 42
1136 42 7212
1137 11532 42
1138 68844 48387
1139 54156 48387
1140 94816 29772
1141 58860 42
1142 54156 42
1143 42 38220
1144 86412 42
1145 36876 48387
1146 42 9132
1147 42 15084
1148 94816 40524
1149 5964 42
1150 53868 48387
1151 7884 48387
1152 38220 48387
1153 35148 42
1154 26220 48387
1155 6828 48387
1156 46956 42
1157 42 36108
1158 56652 42
1159 94816 22764
1160 22764 42
1161 69036 48387
1162 79116 48387
1163 94816 9996
1164 80940 42
1165 56460 48387
1166 26892 48387
1167 42 28428
1168 94816 34572
1169 5964 48387
1170 62316 42
1171 83052 42
1172 42 23724
1173 45420 48387
1174 94816 33996
1175 41772 42
1176 94816 41676
1177 16524 42
1178 6732 48387
1179 7596 48387
1180 94816 41004
1181 94816 34476
1182 94816 39180
1183 86892 48387
1184 35532 48387
1185 66156 48387
1186 86796 48387
1187 42 26508
1188 9228 48387
1189 86316 48387
1190 39660 42
1191 86124 42
1192 67596 48387
1193 82668 48387
1194 24876 48387
1195 49932 48387
1196 87084 42
1197 9420 48387
1198 42 19212
1199 8172 48387
1200 26124 42
1201 94816 30252
1202 94816 30828
1203 42 38124
1204 31212 42
1205 51564 48387
1206 45324 48387
1207 57516 42
1208 37356 48387
1209 61836 42
1210 86700 48387
1211 94816 41292
1212 27564 42
1213 42 4236
1214 33996 42
1215 61836 48387
1216 21228 48387
1217 74604 48387
1218 94816 21228
1219 94816 23628
1220 94816 21516
1221 94816 23052
1222 94816 21612
1223 94816 22956
1224 94816 23340
1225 94816 21420
1226 94816 24396
1227 94816 21324
1228 46188 48387
1229 94816 22476
1230 94816 22380
1231 94816 6924
1232 94816 17772
1233 94816 4908
1234 75852 42
1235 94816 2988
1236 94816 3180
1237 94816 2508
1238 94816 2892
1239 46860 48387
1240 73452 42
1241 94816 24684
1242 75948 42
1243 75756 42
1244 94816 17868
1245 94816 4812
1246 94816 4044
1247 94816 21996
1248 94816 22284
1249 94816 23148
1250 53964 48387
1251 94816 23436
1252 94816 21708
1253 94816 23244
1254 94816 7116
1255 94816 16140
1256 94816 16236
1257 94816 16620
1258 94816 6732
1259 94816 7980
1260 94816 15468
1261 37740 48387
1262 94816 6348
1263 74796 42
1264 74508 42
1265 74604 42
1266 74412 42
1267 74892 42
1268 94816 20076
1269 94816 19980
1270 94816 1068
1271 94816 19788
1272 49548 48387
1273 94816 19884
1274 94816 19692
1275 94816 20364
1276 94816 22860
1277 94816 20460
1278 94816 22092
1279 94816 20268
1280 94816 20172
1281 94816 20556
1282 94816 20652
1283 72204 48387
1284 29004 42
1285 94816 20748
1286 94816 3564
1287 94816 24300
1288 94816 24204
1289 94816 17484
1290 94816 2316
1291 94816 18732
1292 94816 1164
1293 94816 18540
1294 94816 2220
1295 35436 48387
1296 94816 2124
1297 73260 42
1298 73548 42
1299 58188 48387
1300 58476 48387
1301 57996 48387
1302 58284 48387
1303 58380 48387
1304 94816 4716
1305 94816 4428
1306 53676 48387
1307 94816 2796
1308 94816 18444
1309 94816 15948
1310 94816 15756
1311 94816 4140
1312 94816 3468
1313 94816 3084
1314 94816 1932
1315 94816 1740
1316 94816 20940
1317 43020 48387
1318 94816 19596
1319 94816 1260
1320 73740 42
1321 94816 1356
1322 94816 1548
1323 94816 19500
1324 94816 5868
1325 94816 16908
1326 94816 5580
1327 94816 5676
1328 53772 48387
1329 94816 5388
1330 94816 17100
1331 94816 17292
1332 94816 17580
1333 94816 18156
1334 94816 3756
1335 94816 4236
1336 94816 3372
1337 94816 3276
1338 94816 2412
1339 24204 42
1340 94816 4524
1341 94816 3948
1342 94816 1644
1343 94816 2028
1344 94816 19404
1345 94816 23532
1346 94816 21036
1347 94816 21804
1348 94816 24012
1349 94816 23916
1350 44364 48387
1351 94816 20844
1352 94816 15084
1353 94816 7692
1354 94816 16428
1355 94816 16332
1356 94816 7020
1357 94816 17004
1358 94816 16524
1359 94816 6444
1360 94816 16716
1361 47820 48387
1362 94816 14988
1363 94816 8268
1364 94816 15372
1365 94816 16044
1366 94816 8076
1367 94816 7500
1368 94816 19020
1369 94816 18828
1370 94816 18924
1371 94816 18636
1372 21420 42
1373 94816 19116
1374 94816 19212
1375 94816 19308
1376 94816 5196
1377 94816 17196
1378 94816 5484
1379 94816 17388
1380 94816 17676
1381 94816 4332
1382 94816 3852
1383 49452 48387
1384 94816 4620
1385 94816 5292
1386 94816 2700
1387 94816 18060
1388 94816 15852
1389 94816 2604
1390 94816 18348
1391 94816 17964
1392 94816 18252
1393 94816 5004
