0 27607 14865
1 40617 2265
2 27590 26530
3 28274 15358
4 28785 26595
5 42984 1755
6 42142 3090
7 30117 5718
8 35001 13790
9 26997 1978
10 13191 1997
11 40187 21773
12 40796 23845
13 41922 21984
14 12523 3307
15 14027 4039
16 16125 2117
17 15462 1485
18 16105 3047
19 55698 6736
20 46026 2041
21 55282 4262
22 52464 6831
23 15546 4599
24 13532 2385
25 35577 21951
26 36856 24040
27 38476 23287
28 38709 25245
29 34766 24966
30 36108 25965
31 36376 20192
32 34611 20385
33 34013 20992
34 35056 19305
35 20737 4704
36 37947 21568
37 18766 2970
38 4236 13500
39 53085 3606
40 21210 1967
41 4236 14715
42 4325 10422
43 4878 9315
44 4257 11902
45 7753 13733
46 6381 12465
47 6327 14985
48 8977 12352
49 9769 14085
50 8730 11025
51 8626 11610
52 20313 1652
53 31455 6730
54 24858 5682
55 25438 3834
56 23349 5867
57 27648 4522
58 22673 24705
59 24994 23813
60 25852 21519
61 24507 21285
62 25393 21127
63 26055 24627
64 23254 22116
65 19386 28755
66 13707 16284
67 2775 3525
68 56885 20452
69 55487 20200
70 8361 25245
71 54367 21527
72 10339 24398
73 9950 26065
74 8318 24115
75 5718 19516
76 55592 22632
77 7006 19642
78 5266 21845
79 5211 24030
80 52569 21600
81 44415 20250
82 45010 21431
83 43317 21555
84 45557 23853
85 45083 24772
86 44766 22995
87 16469 26318
88 14623 26676
89 14976 24975
90 18243 26535
91 15651 23085
92 10725 27675
93 13054 28125
94 12723 26730
95 43068 27405
96 44367 28215
97 45964 26495
98 25227 28275
99 27868 22299
100 30087 22762
101 32390 26575
102 33219 28485
103 45078 11812
104 46018 10997
105 45353 9242
106 29104 28448
107 13471 9170
108 10188 10305
109 11255 9797
110 11664 8582
111 12911 6674
112 11619 5805
113 15761 8505
114 15201 7965
115 14952 6993
116 14823 9990
117 12177 5332
118 39725 10023
119 42382 12673
120 42257 9632
121 39764 11475
122 48188 28048
123 49170 26464
124 49492 22495
125 49806 24255
126 48259 24666
127 47193 22507
128 6522 10796
129 6049 8640
130 2871 8595
131 5508 18135
132 5112 17745
133 4144 17145
134 2422 18911
135 7263 15727
136 6460 17723
137 7090 16667
138 4506 15903
139 5476 16089
140 3222 7253
141 2400 8556
142 33288 13912
143 34162 16934
144 36153 17655
145 33561 16065
146 35543 14359
147 47925 13095
148 49471 13492
149 50453 11952
150 47786 11829
151 28848 16520
152 28188 18225
153 28481 14663
154 27621 13365
155 49689 7335
156 47778 8949
157 46829 7458
158 48141 6142
159 48405 5751
160 46581 8167
161 51138 8235
162 49680 8707
163 48695 9747
164 9077 16560
165 9330 18587
166 7569 17910
167 11583 17595
168 10158 15795
169 43848 1665
170 10914 20250
171 11967 19912
172 11745 19305
173 2165 18036
174 1892 19231
175 37886 5450
176 36819 3769
177 35133 6197
178 20905 18726
179 3153 19737
180 19030 18982
181 17703 18675
182 4428 4361
183 3758 1755
184 5689 2056
185 20146 20040
186 54005 11993
187 54243 13932
188 52254 13005
189 6300 6306
190 6712 4806
191 4782 7097
192 49014 19987
193 46441 18456
194 46758 19872
195 46693 17793
196 45176 19359
197 2719 23458
198 2211 12848
199 2694 17550
200 15626 22140
201 14350 21114
202 17361 22032
203 15876 18990
204 16555 20052
205 16918 18441
206 14850 19035
207 15194 20047
208 56099 17645
209 56028 12632
210 55064 16434
211 2070 14310
212 49341 5475
213 49948 4442
214 49303 2572
215 42811 6191
216 32484 23751
217 32756 22015
218 41667 6968
219 32418 25011
220 40516 5046
221 43890 5535
222 39996 7335
223 22134 18711
224 1717 23625
225 42174 19035
226 42748 20122
227 41235 17347
228 41490 17685
229 42109 18117
230 43780 18270
231 20601 21857
232 12879 18063
233 11564 13539
234 12501 16160
235 13041 16875
236 13288 14760
237 12663 13905
238 10350 12240
239 23323 20031
240 56538 8640
241 54420 9670
242 21926 22995
243 52809 8817
244 52582 10435
245 50687 10040
246 51415 27920
247 52484 28369
248 55338 28137
249 53660 26460
250 1638 23565
251 37562 28593
252 37219 28620
253 35811 27315
254 37796 27742
255 4394 26946
256 7134 27454
257 4149 28260
258 6484 24736
259 50949 22342
260 52327 22622
261 51926 24634
262 50211 24885
263 39190 19315
264 37329 18282
265 39514 23490
266 40044 17607
267 44073 4545
268 45489 3847
269 46980 2970
270 46786 5088
271 45282 6615
272 44901 7587
273 51549 15439
274 52663 17280
275 51130 17667
276 53265 16011
277 13372 23355
278 12322 24810
279 7030 22797
280 6732 21195
281 9307 21925
282 10202 22815
283 7645 20812
284 37735 24502
285 19852 26787
286 19235 25380
287 18999 23715
288 20860 24899
289 21566 25380
290 7314 3063
291 8739 1875
292 8563 3743
293 9477 3195
294 19665 23085
295 9783 4185
296 40259 28499
297 43140 23085
298 41202 27765
299 41371 26498
300 39996 25785
301 44334 24840
302 43023 25369
303 42531 24840
304 51946 20432
305 53206 18868
306 43668 23355
307 51636 3885
308 52562 2016
309 54648 2205
310 53328 4320
311 26327 17740
312 27219 19755
313 27702 18090
314 52765 10707
315 56280 26141
316 54150 24743
317 55597 24648
318 21718 14952
319 20921 16938
320 20097 16138
321 22951 16890
322 33971 2601
323 56842 10549
324 56706 10732
325 38781 7965
326 38340 1485
327 34064 1627
328 32232 18968
329 30192 18145
330 23432 5009
331 30029 19901
332 20885 18200
333 20162 2902
334 7830 9315
335 10759 4860
336 11007 3555
337 24881 26438
338 24131 28462
339 22793 28323
340 9031 6456
341 22558 27270
342 10131 8133
343 19692 30217
344 58476 8556
345 38508 42
346 38604 42
347 38412 42
348 38028 42
349 37740 42
350 38124 42
351 36972 42
352 37548 42
353 36876 42
354 33516 42
355 33132 42
356 32940 42
357 33324 42
358 33708 42
359 34284 42
360 34092 42
361 33996 42
362 33612 42
363 33900 42
364 33804 42
365 34476 42
366 34188 42
367 33420 42
368 33228 42
369 34380 42
370 34956 42
371 35820 42
372 35244 42
373 35340 42
374 35148 42
375 34860 42
376 35724 42
377 35628 42
378 35436 42
379 35916 42
380 35052 42
381 33036 42
382 34572 42
383 34764 42
384 34668 42
385 35532 42
386 27852 42
387 23916 42
388 27084 42
389 23820 42
390 23436 42
391 23724 42
392 25356 42
393 23628 42
394 23148 42
395 58476 16620
396 21900 42
397 22764 42
398 25164 42
399 23052 42
400 26124 42
401 22380 42
402 22668 42
403 25260 42
404 24012 42
405 19404 42
406 20268 42
407 25740 42
408 20844 42
409 21420 42
410 21228 42
411 21612 42
412 22476 42
413 22188 42
414 21132 42
415 26316 42
416 20844 30217
417 19788 30217
418 20172 42
419 20556 30217
420 19884 30217
421 20172 30217
422 20364 30217
423 20460 30217
424 20940 30217
425 21228 30217
426 24108 30217
427 24012 30217
428 23820 30217
429 22092 30217
430 23148 30217
431 23724 30217
432 21804 30217
433 22764 30217
434 22284 30217
435 21708 30217
436 22860 30217
437 22956 30217
438 22380 30217
439 23244 30217
440 21324 30217
441 22572 30217
442 21420 30217
443 23628 30217
444 24396 30217
445 24588 30217
446 23916 30217
447 24780 30217
448 24492 30217
449 24972 30217
450 25068 30217
451 25452 30217
452 25836 30217
453 25932 30217
454 26124 30217
455 26988 30217
456 27276 30217
457 28620 42
458 28524 42
459 28332 42
460 26508 30217
461 26892 30217
462 25740 30217
463 24876 30217
464 28716 42
465 27852 30217
466 28428 42
467 28236 30217
468 27948 30217
469 28428 30217
470 27564 30217
471 28908 30217
472 29004 30217
473 26412 30217
474 26700 30217
475 26604 30217
476 28524 30217
477 28140 30217
478 29772 42
479 30156 42
480 29868 42
481 30252 42
482 30540 42
483 30636 42
484 29868 30217
485 29772 30217
486 30156 30217
487 29964 30217
488 31116 42
489 30444 42
490 30924 42
491 30348 42
492 26604 42
493 26412 42
494 26220 42
495 27756 42
496 25932 42
497 26508 42
498 27276 42
499 27468 42
500 25836 42
501 25644 42
502 27180 42
503 26028 42
504 27372 42
505 26796 42
506 49068 42
507 27660 42
508 26700 42
509 27564 42
510 9900 42
511 11436 42
512 16716 42
513 16524 42
514 16812 42
515 11628 42
516 16428 42
517 43692 42
518 12492 42
519 16236 42
520 12396 42
521 11724 42
522 12300 42
523 12204 42
524 11916 42
525 11820 42
526 12588 42
527 12684 42
528 46284 42
529 12780 42
530 13356 42
531 13164 42
532 13452 42
533 13260 42
534 12108 42
535 13644 42
536 13932 42
537 14028 42
538 14316 42
539 42156 42
540 14124 42
541 14508 42
542 13836 42
543 13548 42
544 14700 42
545 15372 42
546 14796 42
547 13740 42
548 15180 42
549 15084 42
550 14988 42
551 15276 42
552 11340 42
553 17100 42
554 17196 42
555 17004 42
556 17292 42
557 16332 42
558 12012 42
559 16908 42
560 16620 42
561 12972 42
562 16044 42
563 15852 42
564 16140 42
565 15468 42
566 15564 42
567 14892 42
568 15756 42
569 15660 42
570 15948 42
571 11532 42
572 11244 42
573 10956 42
574 10668 42
575 10092 42
576 18636 42
577 10572 42
578 18828 42
579 9996 42
580 11148 42
581 17388 42
582 17580 42
583 17676 42
584 17772 42
585 10764 42
586 11052 42
587 17484 42
588 25068 42
589 21324 42
590 10476 42
591 20460 42
592 20940 42
593 20556 42
594 21804 42
595 19692 42
596 19788 42
597 19884 42
598 21708 42
599 23340 42
600 20748 42
601 10188 42
602 20364 42
603 19980 42
604 19596 42
605 19308 42
606 20076 42
607 22092 42
608 26988 42
609 21036 42
610 22572 42
611 23244 42
612 10380 42
613 17964 42
614 18060 42
615 10860 42
616 17868 42
617 19500 42
618 19212 42
619 19020 42
620 21516 42
621 21996 42
622 24108 42
623 22284 42
624 25548 42
625 22860 42
626 20652 42
627 24876 42
628 18252 42
629 18348 42
630 18156 42
631 18444 42
632 18540 42
633 42 26028
634 18732 42
635 19116 42
636 18924 42
637 24204 42
638 24396 42
639 24780 42
640 24588 42
641 26892 42
642 25452 42
643 24972 42
644 24492 42
645 24300 42
646 23532 42
647 24684 42
648 22956 42
649 21996 30217
650 31020 42
651 14412 42
652 14604 42
653 37356 42
654 58476 9036
655 20268 30217
656 20652 30217
657 12876 42
658 45900 42
659 42444 42
660 20748 30217
661 14220 42
662 13068 42
663 10284 42
664 42348 42
665 11148 30217
666 33324 30217
667 11052 30217
668 58476 9132
669 42 8748
670 30828 42
671 30060 42
672 42 6828
673 42 18156
674 33420 30217
675 58476 12396
676 29964 42
677 30732 42
678 42 7020
679 42 8844
680 58476 20460
681 41004 30217
682 10956 30217
683 42 8172
684 42 8268
685 58476 12492
686 58476 12204
687 58476 12588
688 43788 42
689 42 6924
690 42 14604
691 33036 30217
692 33228 30217
693 58476 8652
694 32652 30217
695 42 8364
696 42 8460
697 42 8556
698 58476 12300
699 58476 19980
700 42444 30217
701 58476 11916
702 58476 20268
703 58476 20076
704 42 14220
705 12300 30217
706 42 22284
707 29676 30217
708 58476 15084
709 39468 30217
710 42 17484
711 46668 30217
712 58476 10860
713 45708 30217
714 42 17292
715 46764 30217
716 20076 30217
717 48876 42
718 58476 15948
719 44748 30217
720 48108 42
721 42 14028
722 42 13836
723 22188 30217
724 48780 42
725 42 16908
726 30732 30217
727 58476 15756
728 11244 30217
729 13068 30217
730 42 14796
731 46956 42
732 42 17004
733 44844 42
734 45516 30217
735 40524 30217
736 48588 30217
737 17868 30217
738 58476 11724
739 4908 30217
740 13452 30217
741 47628 42
742 42 7884
743 48684 42
744 42 4908
745 48300 30217
746 42 16812
747 48492 42
748 42 13740
749 58476 15276
750 36012 30217
751 58476 12876
752 58476 20172
753 48972 30217
754 22668 30217
755 43788 30217
756 39756 42
757 58476 9804
758 58476 12684
759 58476 9996
760 42 9324
761 37068 30217
762 42 16716
763 42 5676
764 10668 30217
765 31500 30217
766 42 4812
767 26316 30217
768 42 10188
769 46860 42
770 18156 30217
771 46764 42
772 58476 14700
773 42252 30217
774 42 13932
775 45324 42
776 42 9420
777 36108 30217
778 47628 30217
779 18252 30217
780 49452 30217
781 12108 30217
782 43596 42
783 42 14124
784 46380 42
785 58476 13932
786 58476 9516
787 42 14700
788 42 14316
789 42 2028
790 44844 30217
791 42 9708
792 42 14412
793 58476 13164
794 42 13260
795 42 18540
796 42 9996
797 42 14508
798 42 7308
799 58476 14796
800 58476 11532
801 42 15084
802 5100 30217
803 42 17100
804 42 13548
805 18828 30217
806 48204 30217
807 46380 30217
808 24684 30217
809 42 13452
810 46092 42
811 23340 30217
812 42 13068
813 42 2604
814 42 1260
815 18540 30217
816 46668 42
817 42 7692
818 4812 30217
819 42 8652
820 47724 42
821 50508 42
822 9516 30217
823 18444 30217
824 47052 42
825 29580 30217
826 42 9804
827 39660 30217
828 11628 30217
829 42 16524
830 44268 42
831 15180 30217
832 45996 42
833 42 13644
834 11916 30217
835 42 1356
836 54252 42
837 48588 42
838 39564 42
839 42 16236
840 58476 13068
841 48396 42
842 12012 30217
843 42 1068
844 17100 30217
845 23532 30217
846 17772 30217
847 42 9516
848 40332 30217
849 58476 9612
850 42 1452
851 42 4236
852 42 7500
853 17964 30217
854 58476 15180
855 44940 30217
856 18732 30217
857 42 17196
858 42 1644
859 46188 42
860 41100 42
861 42 5772
862 58476 21036
863 12204 30217
864 35052 30217
865 51660 30217
866 50892 42
867 13260 30217
868 54924 42
869 45036 30217
870 48012 30217
871 58476 26700
872 58476 14508
873 58476 10380
874 35724 30217
875 21516 30217
876 42 4428
877 45324 30217
878 42 15756
879 16140 30217
880 24204 30217
881 29100 30217
882 25164 30217
883 58476 17484
884 40236 30217
885 42 10092
886 45132 42
887 34380 30217
888 42 9900
889 42 15276
890 9228 30217
891 19596 30217
892 42 2796
893 42348 30217
894 40620 42
895 45804 42
896 42 13164
897 41868 42
898 40428 42
899 49068 30217
900 45420 30217
901 39180 42
902 58476 9900
903 42 9612
904 13356 30217
905 42 16620
906 42 12972
907 58476 11628
908 49644 42
909 23436 30217
910 58476 10572
911 19020 30217
912 11532 30217
913 58476 14892
914 42 2892
915 42 972
916 58476 8076
917 36204 30217
918 42 2316
919 25644 30217
920 18348 30217
921 58476 13548
922 42 19596
923 46860 30217
924 45612 30217
925 48972 42
926 42 14892
927 58476 14412
928 42 1932
929 19212 30217
930 46476 42
931 46284 30217
932 46092 30217
933 11724 30217
934 33132 30217
935 42 13356
936 19404 30217
937 47820 42
938 42 3180
939 19500 30217
940 42 16140
941 42 1164
942 18924 30217
943 10572 30217
944 22476 30217
945 41196 42
946 58476 10764
947 42 5580
948 45228 30217
949 42 15948
950 42 4140
951 43692 30217
952 58476 15852
953 24300 30217
954 42 4332
955 42252 42
956 42 19500
957 42 16428
958 42 17388
959 39852 30217
960 45708 42
961 42 14988
962 49548 42
963 16524 30217
964 4716 30217
965 42 20076
966 19980 30217
967 44460 42
968 42 16044
969 13932 30217
970 21900 30217
971 45132 30217
972 38508 30217
973 33996 30217
974 42 4044
975 18636 30217
976 42 3372
977 46572 30217
978 46572 42
979 42 876
980 42 1740
981 37740 30217
982 34092 30217
983 42 19212
984 41676 30217
985 45900 30217
986 58476 12012
987 45516 42
988 42 6636
989 58476 12972
990 58476 12108
991 42 16332
992 42 4716
993 9996 30217
994 45804 30217
995 46956 30217
996 58476 24780
997 21132 30217
998 48204 42
999 42 3852
1000 48300 42
1001 18060 30217
1002 46476 30217
1003 45996 30217
1004 40332 42
1005 44652 42
1006 41580 42
1007 42540 42
1008 48012 42
1009 43404 42
1010 43500 42
1011 44748 42
1012 43308 42
1013 42636 42
1014 43884 42
1015 43212 42
1016 42732 42
1017 40236 42
1018 40812 42
1019 58476 9324
1020 41292 42
1021 41964 42
1022 41004 42
1023 42924 42
1024 47532 42
1025 43980 42
1026 41772 42
1027 40908 42
1028 43116 42
1029 45228 42
1030 58476 14988
1031 47148 42
1032 43020 42
1033 42828 42
1034 44076 42
1035 47916 42
1036 44364 42
1037 41676 42
1038 44556 42
1039 44172 42
1040 41388 42
1041 39852 42
1042 39660 42
1043 47436 42
1044 40044 42
1045 40524 42
1046 45036 42
1047 40140 42
1048 41484 42
1049 47340 42
1050 44940 42
1051 40716 42
1052 39276 42
1053 45612 42
1054 39468 42
1055 39372 42
1056 42060 42
1057 39948 42
1058 47244 42
1059 45420 42
1060 58476 4140
1061 58476 3852
1062 58476 4236
1063 58476 4332
1064 32460 30217
1065 58476 5100
1066 58476 5292
1067 58476 5196
1068 31596 30217
1069 33516 30217
1070 31212 30217
1071 31116 30217
1072 31404 30217
1073 33612 30217
1074 42 3756
1075 42 3084
1076 42 2988
1077 42 3948
1078 42 3660
1079 42 3564
1080 42 3468
1081 42 3276
1082 42 1836
1083 42 2700
1084 42 780
1085 42 1548
1086 42 2220
1087 42 2124
1088 42 2412
1089 42 2508
1090 42 4620
1091 42 6732
1092 42 9036
1093 42 4524
1094 42 9228
1095 42 8940
1096 42 7596
1097 27084 30217
1098 21612 30217
1099 27660 30217
1100 25260 30217
1101 27372 30217
1102 26028 30217
1103 21036 30217
1104 28812 30217
1105 28716 30217
1106 28620 30217
1107 28044 30217
1108 27468 30217
1109 27756 30217
1110 28332 30217
1111 26796 30217
1112 25548 30217
1113 26220 30217
1114 23052 30217
1115 27180 30217
1116 25356 30217
1117 30540 30217
1118 30348 30217
1119 31308 30217
1120 30924 30217
1121 31020 30217
1122 30828 30217
1123 30636 30217
1124 30252 30217
1125 29484 30217
1126 29292 30217
1127 30444 30217
1128 29388 30217
1129 29196 30217
1130 30060 30217
1131 42 7980
1132 42 8076
1133 42 5100
1134 42 5484
1135 42 7404
1136 42 9132
1137 42 5004
1138 42 7788
1139 42 7116
1140 42 6444
1141 42 7212
1142 42 5868
1143 42 6156
1144 42 5388
1145 42 5196
1146 42 6348
1147 42 6540
1148 42 6252
1149 42 5964
1150 42 6060
1151 58476 3948
1152 42 5292
1153 42 15852
1154 42 10284
1155 42 10380
1156 42 17580
1157 42 17676
1158 42 17772
1159 42 17868
1160 42 17964
1161 42 18060
1162 58476 4044
1163 42 18252
1164 42 18348
1165 42 18444
1166 42 18636
1167 42 18732
1168 42 18828
1169 42 18924
1170 42 19020
1171 42 19116
1172 42 19308
1173 42 19404
1174 42 19692
1175 42 19788
1176 42 19884
1177 42 19980
1178 42 20172
1179 42 20268
1180 42 20364
1181 42 20460
1182 42 20556
1183 42 20652
1184 42 20748
1185 42 20844
1186 42 20940
1187 42 21036
1188 42 21132
1189 42 21228
1190 42 21324
1191 42 21420
1192 42 21516
1193 42 21612
1194 42 21708
1195 42 21804
1196 42 15372
1197 42 12492
1198 42 12396
1199 42 11052
1200 42 11148
1201 42 10860
1202 42 15468
1203 42 10668
1204 42 15564
1205 42 10764
1206 42 21900
1207 42 21996
1208 42 22092
1209 42 22188
1210 42 22380
1211 42 22476
1212 42 22572
1213 42 22668
1214 42 12876
1215 42 12780
1216 42 15180
1217 42 12684
1218 42 11628
1219 42 12300
1220 42 12012
1221 42 12108
1222 42 12204
1223 42 11916
1224 42 11724
1225 42 11532
1226 42 11436
1227 42 11820
1228 42 11340
1229 42 22764
1230 42 22860
1231 42 22956
1232 42 11244
1233 42 12588
1234 42 10956
1235 42 23052
1236 42 23148
1237 42 23244
1238 42 23340
1239 42 23436
1240 42 23532
1241 42 23628
1242 42 23724
1243 32940 30217
1244 42 23820
1245 42 23916
1246 42 24012
1247 42 24108
1248 42 24204
1249 42 24300
1250 42 24396
1251 42 24492
1252 42 24588
1253 42 24684
1254 32844 30217
1255 42 24780
1256 42 24876
1257 42 10572
1258 42 24972
1259 42 25068
1260 42 25164
1261 42 15660
1262 42 10476
1263 42 25260
1264 42 25356
1265 33708 30217
1266 42 25452
1267 42 25548
1268 42 25644
1269 42 25740
1270 42 25836
1271 38028 30217
1272 36972 30217
1273 37356 30217
1274 36876 30217
1275 38316 30217
1276 58476 20364
1277 37452 30217
1278 38412 30217
1279 37932 30217
1280 38220 30217
1281 38124 30217
1282 33804 30217
1283 33900 30217
1284 34284 30217
1285 34476 30217
1286 37164 30217
1287 36588 30217
1288 37644 30217
1289 37260 30217
1290 37548 30217
1291 35916 30217
1292 35148 30217
1293 35436 30217
1294 37836 30217
1295 34860 30217
1296 36492 30217
1297 42 25932
1298 36684 30217
1299 36396 30217
1300 36780 30217
1301 36300 30217
1302 35532 30217
1303 35340 30217
1304 34956 30217
1305 34668 30217
1306 35820 30217
1307 34188 30217
1308 34572 30217
1309 34764 30217
1310 35628 30217
1311 35244 30217
1312 32748 30217
1313 31692 30217
1314 31788 30217
1315 32364 30217
1316 32556 30217
1317 31980 30217
1318 31884 30217
1319 32268 30217
1320 32076 30217
1321 32172 30217
1322 58476 14028
1323 58476 14220
1324 58476 13644
1325 58476 16524
1326 58476 15468
1327 39372 30217
1328 38604 30217
1329 38700 30217
1330 38892 30217
1331 38988 30217
1332 38796 30217
1333 39084 30217
1334 39180 30217
1335 39276 30217
1336 58476 15660
1337 39564 30217
1338 39756 30217
1339 39948 30217
1340 40044 30217
1341 40140 30217
1342 40428 30217
1343 40620 30217
1344 40716 30217
1345 40812 30217
1346 40908 30217
1347 58476 12780
1348 19308 30217
1349 58476 13260
1350 58476 13356
1351 58476 14604
1352 58476 14124
1353 58476 16236
1354 58476 13836
1355 58476 15564
1356 58476 9228
1357 58476 15372
1358 58476 16044
1359 19116 30217
1360 58476 13452
1361 58476 13740
1362 58476 16332
1363 58476 16428
1364 58476 11820
1365 58476 9420
1366 58476 14316
1367 58476 16140
1368 58476 10284
1369 58476 10188
1370 10860 30217
1371 58476 10092
1372 58476 11340
1373 58476 11436
1374 58476 9708
1375 58476 10668
1376 58476 10956
1377 58476 11244
1378 58476 11052
1379 58476 11148
1380 58476 10476
