0 40602 19902
1 5421 13584
2 17035 29792
3 45316 19159
4 15194 32090
5 51503 18328
6 12297 30811
7 12091 32890
8 51714 18675
9 52332 16629
10 48625 16655
11 49902 18663
12 17587 28395
13 51579 14760
14 16179 28545
15 19368 27135
16 46612 18333
17 34868 21577
18 29234 14917
19 30591 35235
20 29430 22196
21 22574 35532
22 29950 25476
23 30267 28274
24 30081 31905
25 32985 28269
26 32743 32127
27 31810 33750
28 35326 36855
29 27485 36916
30 30845 35842
31 27859 27512
32 29531 31522
33 28458 35775
34 30456 38083
35 25936 21757
36 27678 19235
37 25462 5147
38 27204 16830
39 17778 32394
40 38520 1845
41 39492 3221
42 4456 8019
43 37704 4545
44 47885 22687
45 1863 9135
46 50466 27039
47 48165 24410
48 46779 36885
49 53579 35325
50 39703 29295
51 3321 9703
52 3236 6885
53 42533 31893
54 43502 33874
55 41370 28137
56 2376 8167
57 43276 26865
58 45598 24705
59 43225 23702
60 45490 22050
61 64143 27163
62 66385 27748
63 61123 25183
64 58570 39285
65 67401 25942
66 49743 4675
67 55431 29430
68 54324 18996
69 47353 2315
70 48647 2025
71 61634 18861
72 34728 1552
73 57348 30970
74 55284 38790
75 62396 22456
76 58642 27374
77 59957 20344
78 51527 34931
79 49874 33186
80 50439 30041
81 48006 32344
82 45984 37047
83 61750 7047
84 62320 9258
85 45333 7458
86 47388 1983
87 47362 5577
88 50735 3617
89 44770 2970
90 46917 8915
91 43843 5108
92 42586 2541
93 42295 1215
94 49072 1552
95 30922 4503
96 31587 2398
97 35000 2552
98 34686 1485
99 34856 3535
100 3783 3358
101 60567 1930
102 57180 3501
103 59526 3270
104 64542 3275
105 65970 1575
106 12288 10852
107 15509 13392
108 26376 33165
109 14305 12755
110 10519 13829
111 23122 2232
112 9970 3969
113 11315 7470
114 9513 10084
115 10773 1995
116 12163 5512
117 9495 4335
118 3224 7347
119 22253 7327
120 12348 1575
121 2132 5368
122 49838 12956
123 48321 13710
124 49815 12039
125 32756 5535
126 58995 14134
127 61759 13527
128 60617 12555
129 62070 14393
130 61109 11171
131 62991 24066
132 55942 11252
133 6704 1988
134 7057 3456
135 6034 14295
136 2187 18147
137 7526 18036
138 76416 5535
139 74007 3847
140 76226 2408
141 77502 4314
142 50776 13468
143 48479 10530
144 47652 11340
145 52008 6345
146 53889 13056
147 53842 3581
148 54987 5158
149 53254 3982
150 8149 14886
151 57261 7738
152 51449 8920
153 52019 5778
154 58353 5472
155 57086 9819
156 2988 11677
157 32814 21366
158 36509 21465
159 35574 22987
160 5568 14112
161 36864 19745
162 33305 25089
163 29630 7762
164 31212 10237
165 32586 7041
166 36093 6402
167 20167 4538
168 6693 8919
169 22513 2820
170 15067 6635
171 15541 5373
172 13966 4008
173 13680 1838
174 16609 2835
175 18680 2199
176 12078 3988
177 11974 2925
178 23896 6030
179 26750 1282
180 27457 4725
181 29262 2143
182 7072 5840
183 68769 23608
184 69570 26257
185 70295 22127
186 71521 24637
187 72811 23100
188 70732 23697
189 9218 7437
190 77701 21171
191 76014 21030
192 75636 24149
193 74695 22815
194 74221 19076
195 69382 17627
196 71427 18747
197 72835 20709
198 71076 3234
199 67982 1721
200 71064 4860
201 68580 3285
202 73993 1845
203 17438 9621
204 66259 35702
205 65388 36774
206 68377 31445
207 65678 31573
208 19906 9961
209 21911 10641
210 69003 37683
211 70131 34483
212 71963 36822
213 74003 38318
214 67516 38711
215 70274 39082
216 1528 17631
217 60455 33633
218 63191 36893
219 55904 34196
220 58954 32535
221 57759 32119
222 57855 34996
223 56390 37206
224 54223 37758
225 19323 7605
226 52493 38323
227 56391 22883
228 56709 26151
229 62739 38825
230 59454 39447
231 72396 9450
232 17152 38322
233 35568 16144
234 15268 37597
235 22029 38313
236 21627 39285
237 38203 15950
238 3349 33345
239 2899 31154
240 2268 29349
241 74090 27213
242 73977 29900
243 33159 16284
244 74915 26318
245 34938 18036
246 75288 28861
247 77553 28382
248 75073 31995
249 77154 31169
250 31010 17155
251 71298 7593
252 74328 8329
253 74251 6379
254 30476 18613
255 33660 11199
256 35792 12327
257 34657 14161
258 31627 14158
259 38581 9870
260 37023 8222
261 35590 8865
262 2987 16416
263 1944 14175
264 2226 14685
265 4477 19929
266 7132 21765
267 4157 23108
268 2551 20655
269 20675 17487
270 12623 36995
271 14429 38272
272 4355 27540
273 24538 17853
274 24792 14750
275 23235 12031
276 49380 38102
277 48485 37786
278 44884 28917
279 21268 30843
280 47277 35145
281 44341 33578
282 38476 38570
283 23939 24545
284 50846 31081
285 47688 28051
286 26568 25245
287 44965 27735
288 47043 31619
289 22941 27964
290 43559 35086
291 41391 34935
292 39326 35472
293 36929 38139
294 45030 38145
295 25693 27891
296 34653 39159
297 33239 37192
298 40896 38160
299 52654 30395
300 54058 28732
301 52779 36909
302 55167 31117
303 54687 33105
304 52094 36526
305 20403 37908
306 60633 30858
307 62751 33214
308 43240 11595
309 62773 30659
310 60570 35835
311 65329 29781
312 71928 29565
313 61962 27405
314 20649 28905
315 61153 37816
316 60162 38880
317 57147 38282
318 58905 38115
319 75081 35292
320 72472 32592
321 77051 33544
322 77544 36279
323 75359 10940
324 77317 8452
325 76778 13272
326 76650 12508
327 53298 23509
328 51968 25515
329 34492 31235
330 17215 37665
331 53535 24815
332 53550 27333
333 55074 26876
334 8613 35480
335 11005 37881
336 11083 38790
337 7886 37904
338 9870 38937
339 38384 24451
340 39291 22035
341 38107 22599
342 40456 25040
343 39484 20115
344 40350 12850
345 38261 13392
346 42139 18936
347 18666 31275
348 41979 16166
349 43262 13504
350 16789 35550
351 37101 26223
352 37813 27202
353 36291 29232
354 37933 29941
355 35415 28833
356 35980 27236
357 35424 32265
358 35320 35070
359 37094 33993
360 32393 36148
361 38826 38880
362 18833 35837
363 22934 35572
364 20763 31774
365 24978 35606
366 23050 33281
367 25157 30638
368 77558 18097
369 77576 16412
370 74251 14721
371 76010 16848
372 71421 15615
373 73985 16759
374 40419 5610
375 43725 8147
376 14963 35177
377 25497 10069
378 27695 12622
379 26865 11818
380 27910 10665
381 29303 10208
382 29777 13131
383 17868 42
384 20556 42
385 41004 40822
386 31020 42
387 26700 42
388 67020 42
389 58668 40822
390 58380 40822
391 21324 40822
392 42 29100
393 42 17484
394 42 18540
395 14316 40822
396 42 24876
397 50028 40822
398 49932 40822
399 49740 40822
400 24972 42
401 49452 40822
402 49644 40822
403 47340 40822
404 47244 40822
405 51468 40822
406 51564 40822
407 46188 40822
408 56460 40822
409 56748 40822
410 23820 42
411 58284 40822
412 45996 40822
413 46092 40822
414 45900 40822
415 45804 40822
416 60108 40822
417 51180 40822
418 50988 40822
419 36972 40822
420 26796 40822
421 10380 42
422 37164 40822
423 37260 40822
424 37548 40822
425 38316 40822
426 38124 40822
427 37356 40822
428 40524 40822
429 38028 40822
430 37932 40822
431 37068 40822
432 42 12492
433 20844 40822
434 42 17676
435 42 17868
436 39948 40822
437 37836 40822
438 36108 42
439 39180 42
440 41196 42
441 41292 42
442 41004 42
443 42 7980
444 20460 40822
445 22092 42
446 22188 42
447 42 11724
448 42 11628
449 57900 42
450 42 876
451 42 1260
452 42 8076
453 42 17772
454 41484 42
455 43980 42
456 46188 42
457 42444 42
458 42924 42
459 12492 42
460 42 8172
461 23052 40822
462 42 29196
463 42 14220
464 42 18060
465 42 17964
466 14604 40822
467 42 24972
468 42 24780
469 58380 42
470 33420 42
471 20844 42
472 11724 42
473 38220 40822
474 38604 40822
475 38508 40822
476 38412 40822
477 41388 42
478 43500 40822
479 44268 42
480 44076 42
481 45900 42
482 27660 42
483 67116 42
484 43404 40822
485 12396 42
486 42 1644
487 42 1356
488 27948 42
489 42 6252
490 42 18444
491 42 12396
492 42 12300
493 25068 42
494 23724 42
495 25164 42
496 28908 42
497 28812 42
498 29868 40822
499 29964 40822
500 33132 40822
501 26796 42
502 33420 40822
503 39372 42
504 39084 42
505 38796 42
506 38892 42
507 46476 40822
508 44268 40822
509 29388 42
510 79686 20748
511 54636 40822
512 54540 40822
513 55692 40822
514 56364 40822
515 56172 40822
516 49548 40822
517 28716 42
518 45132 40822
519 45612 40822
520 44940 40822
521 44748 40822
522 34572 42
523 30348 42
524 30444 42
525 64332 42
526 29196 42
527 64428 42
528 42 13644
529 20748 42
530 20652 42
531 12588 42
532 12300 42
533 12108 42
534 11244 42
535 29100 42
536 24684 42
537 29196 40822
538 52716 42
539 52908 42
540 38700 42
541 38604 42
542 33996 42
543 29004 40822
544 68652 40822
545 66252 40822
546 65868 40822
547 68556 40822
548 70380 40822
549 70188 40822
550 28140 42
551 69996 40822
552 23148 40822
553 21228 40822
554 42 29868
555 28044 42
556 37164 42
557 23244 42
558 23532 42
559 23436 42
560 23340 42
561 32556 42
562 48300 40822
563 48204 40822
564 48012 40822
565 46668 40822
566 46380 40822
567 43308 40822
568 39852 40822
569 32460 42
570 39564 40822
571 52428 40822
572 52524 40822
573 51276 40822
574 79686 29772
575 79686 29676
576 56940 40822
577 56076 40822
578 55980 40822
579 79686 11628
580 31980 42
581 42 6348
582 42 12204
583 20364 40822
584 47724 40822
585 47628 40822
586 31596 42
587 33036 40822
588 32940 40822
589 46572 40822
590 45516 40822
591 58092 40822
592 58188 40822
593 19980 42
594 55884 40822
595 55788 40822
596 30828 42
597 57036 42
598 56844 42
599 59436 42
600 63660 42
601 64044 42
602 63756 42
603 63852 42
604 24780 42
605 26604 42
606 30732 42
607 69324 40822
608 69420 40822
609 53100 40822
610 52908 40822
611 53484 40822
612 53292 40822
613 52044 40822
614 52140 40822
615 51756 40822
616 33804 42
617 20076 42
618 51852 40822
619 58476 40822
620 22956 40822
621 42 29772
622 11244 40822
623 23148 42
624 23052 42
625 23628 42
626 50508 40822
627 48396 40822
628 43212 40822
629 43020 40822
630 43596 40822
631 39468 40822
632 37740 40822
633 37644 40822
634 28620 42
635 52332 40822
636 57036 40822
637 29676 40822
638 29772 40822
639 66828 42
640 67404 40822
641 29484 42
642 67308 40822
643 53388 40822
644 51948 40822
645 51660 40822
646 52236 40822
647 50700 40822
648 52620 40822
649 17580 40822
650 17676 40822
651 56940 42
652 27372 42
653 59532 42
654 59628 42
655 67212 40822
656 14508 40822
657 42060 40822
658 41964 40822
659 67116 40822
660 52716 40822
661 42 18252
662 54540 42
663 42 18348
664 19980 40822
665 20076 40822
666 17292 40822
667 17388 40822
668 38988 40822
669 39084 40822
670 42 18156
671 24396 40822
672 24492 40822
673 26412 40822
674 26316 40822
675 26124 40822
676 29580 40822
677 45708 40822
678 57996 40822
679 55308 40822
680 55404 40822
681 57708 40822
682 57612 40822
683 42732 42
684 57516 40822
685 59724 42
686 59820 42
687 59916 42
688 60012 42
689 55596 40822
690 50124 40822
691 50220 40822
692 45420 40822
693 42060 42
694 42156 42
695 42252 42
696 58092 42
697 58284 42
698 42 13356
699 31788 40822
700 42 13164
701 10188 42
702 42 17580
703 54252 42
704 54444 42
705 54348 42
706 52812 42
707 66252 42
708 66732 40822
709 66444 40822
710 66540 40822
711 53004 40822
712 21132 40822
713 42 29580
714 42 29676
715 42 15468
716 42 15372
717 42 18924
718 14124 40822
719 42 25836
720 42 25932
721 49260 40822
722 79686 13740
723 79686 13932
724 79686 14124
725 55212 40822
726 17196 40822
727 38796 40822
728 39756 40822
729 38700 40822
730 32364 40822
731 24300 40822
732 40524 42
733 40716 42
734 40812 42
735 55116 40822
736 57804 40822
737 79686 20652
738 43884 42
739 43500 42
740 43308 42
741 43404 42
742 44364 42
743 57996 42
744 39564 42
745 42 13548
746 42 13452
747 54732 42
748 70092 40822
749 39468 42
750 49356 40822
751 39276 40822
752 39180 40822
753 39372 40822
754 59436 40822
755 79686 14028
756 79686 13836
757 39276 42
758 39660 40822
759 32268 40822
760 54828 42
761 52812 40822
762 14220 40822
763 32460 40822
764 39660 42
765 32652 40822
766 42 15660
767 58572 40822
768 42 16044
769 54732 40822
770 63468 42
771 42 33996
772 26508 40822
773 57132 42
774 27564 42
775 45228 40822
776 42 14796
777 24876 42
778 20652 40822
779 21708 40822
780 31116 40822
781 64716 42
782 42828 42
783 30636 42
784 42156 40822
785 71532 40822
786 42 33900
787 41100 42
788 45036 40822
789 46860 42
790 32364 42
791 52620 42
792 62412 42
793 50124 42
794 50796 40822
795 48204 42
796 79686 27756
797 79686 9516
798 42 19116
799 21612 40822
800 23532 40822
801 36684 40822
802 79686 19788
803 66828 40822
804 79686 21804
805 58860 42
806 48108 42
807 60396 42
808 36396 42
809 77676 42
810 44652 40822
811 42 14508
812 34092 40822
813 44844 40822
814 18828 42
815 57708 42
816 58188 42
817 46284 40822
818 22572 42
819 79686 17004
820 44556 40822
821 79686 25836
822 15948 40822
823 78156 42
824 29292 42
825 64236 40822
826 44364 40822
827 35916 42
828 47244 42
829 42 20076
830 14028 40822
831 43116 40822
832 57324 40822
833 18252 40822
834 8460 42
835 36780 42
836 37452 40822
837 53196 40822
838 64044 40822
839 42 18828
840 45324 40822
841 79686 33996
842 8556 42
843 56556 40822
844 15756 40822
845 42636 42
846 27756 40822
847 28428 40822
848 49836 40822
849 30828 40822
850 66060 42
851 52332 42
852 55404 42
853 79686 9996
854 56844 40822
855 79686 22668
856 29484 40822
857 56268 40822
858 43212 42
859 79686 16428
860 30924 40822
861 52524 42
862 31020 40822
863 16908 42
864 29580 42
865 42 9324
866 10764 40822
867 38892 40822
868 34956 40822
869 58476 42
870 79686 6540
871 29388 40822
872 18732 42
873 36684 42
874 44460 40822
875 42 9516
876 39756 42
877 27372 40822
878 49164 40822
879 57228 42
880 61932 40822
881 42 15948
882 26220 40822
883 12780 40822
884 7404 42
885 30060 40822
886 28620 40822
887 40620 42
888 15948 42
889 16044 42
890 21036 40822
891 79686 26220
892 49452 42
893 27756 42
894 31884 42
895 21036 42
896 14508 42
897 79686 24684
898 45036 42
899 49356 42
900 21132 42
901 54060 42
902 79686 26508
903 41100 40822
904 24108 40822
905 40908 42
906 79686 14892
907 47532 42
908 15084 42
909 27852 42
910 12972 40822
911 79686 14700
912 32748 42
913 48108 40822
914 42 8268
915 29004 42
916 62124 40822
917 79686 20940
918 57420 40822
919 30252 40822
920 55980 42
921 45996 42
922 19308 40822
923 79686 29484
924 65388 42
925 21228 42
926 61356 40822
927 79686 28236
928 1932 40822
929 64236 42
930 57132 40822
931 79686 23724
932 53100 42
933 42 21036
934 42 22476
935 32172 40822
936 43788 42
937 64140 42
938 19596 40822
939 79686 12108
940 42 26412
941 42 1164
942 66348 42
943 19500 40822
944 61260 40822
945 61836 40822
946 79686 29964
947 43692 42
948 24204 40822
949 55788 42
950 9132 40822
951 31596 40822
952 65676 42
953 56172 42
954 42 34380
955 55596 42
956 42 21132
957 79686 29292
958 43596 42
959 68268 40822
960 53580 42
961 79686 27276
962 79686 25164
963 62796 40822
964 55692 42
965 66444 42
966 64524 42
967 72204 42
968 42 22380
969 43884 40822
970 44076 40822
971 34572 40822
972 26316 42
973 2028 40822
974 42 8364
975 42 27468
976 70380 42
977 42 26604
978 72780 42
979 79686 23436
980 26700 40822
981 42 972
982 42 1452
983 62892 40822
984 79686 29868
985 29100 40822
986 77580 42
987 54156 42
988 11340 40822
989 54924 42
990 61452 40822
991 27180 40822
992 26604 40822
993 42 1068
994 42 1548
995 53772 42
996 8364 42
997 33900 42
998 79686 27180
999 79686 9228
1000 6540 42
1001 16716 40822
1002 42 24396
1003 25932 42
1004 42 20844
1005 19116 40822
1006 51372 40822
1007 42 19884
1008 65292 42
1009 42 20172
1010 53388 42
1011 53292 42
1012 20172 40822
1013 53484 42
1014 34668 42
1015 42 22764
1016 42 21516
1017 67596 42
1018 53676 42
1019 42 26508
1020 79686 8652
1021 8268 42
1022 12108 40822
1023 42 13260
1024 79686 9420
1025 59724 40822
1026 51948 42
1027 42 21612
1028 33708 40822
1029 55500 42
1030 65964 42
1031 35340 42
1032 2124 40822
1033 53004 42
1034 63948 42
1035 30444 40822
1036 55020 40822
1037 26220 42
1038 16812 40822
1039 54924 40822
1040 46092 42
1041 27276 40822
1042 46284 42
1043 42540 42
1044 42348 42
1045 42 15756
1046 42 15852
