0 18652 12666
1 35474 18083
2 20837 6345
3 20000 6277
4 19892 5197
5 26638 18562
6 20786 4725
7 1656 12915
8 20409 3753
9 2836 12315
10 3402 11205
11 3240 13635
12 4623 13575
13 4698 12690
14 8132 13689
15 7403 12987
16 8856 14445
17 6420 14085
18 7164 13725
19 6293 11556
20 6242 10719
21 6645 12622
22 7902 12195
23 28290 18117
24 27405 18900
25 21492 1755
26 21708 1485
27 21114 1215
28 21681 1215
29 29997 17685
30 20952 1485
31 22194 1215
32 22221 1485
33 12593 15872
34 12231 14403
35 11556 14985
36 11009 13432
37 13100 13473
38 10962 15345
39 14418 13581
40 14154 14242
41 13770 12757
42 13019 12339
43 13542 15945
44 13324 15390
45 14337 15255
46 14478 16470
47 15106 16031
48 15343 17709
49 15363 18630
50 13473 17280
51 14067 17175
52 31519 17853
53 36594 16065
54 31590 18765
55 32751 17820
56 31620 16875
57 28467 17595
58 30471 11595
59 21942 18765
60 36891 17010
61 21186 7785
62 20101 8640
63 19791 10125
64 20520 10395
65 22729 9805
66 19642 9720
67 20648 8977
68 21498 8370
69 22622 8466
70 21991 10260
71 23040 10305
72 23148 11025
73 24372 18495
74 27681 1890
75 28296 14580
76 29379 12747
77 29818 14445
78 29797 9146
79 30709 13797
80 30817 15052
81 28704 10819
82 2619 1575
83 3402 1755
84 3442 2295
85 2074 2663
86 1773 1485
87 1512 2025
88 1836 2970
89 5076 3780
90 5427 3915
91 4738 4590
92 4124 4387
93 3300 4320
94 2781 2970
95 3840 3375
96 1728 4545
97 2559 3969
98 3663 2565
99 1323 3105
100 35607 5157
101 36900 4500
102 33174 8775
103 32031 8325
104 29939 8620
105 30544 7887
106 30361 9450
107 31480 7036
108 32922 7560
109 30285 7065
110 36666 11655
111 35312 10780
112 31221 9855
113 32701 9990
114 33723 9720
115 34600 9315
116 35568 10035
117 32744 10631
118 31644 10575
119 30969 10845
120 35775 6210
121 21009 16335
122 36018 7020
123 21114 18765
124 19099 18495
125 18279 18495
126 19031 17453
127 19872 17145
128 22680 17955
129 21667 17280
130 22369 18090
131 21093 15997
132 20709 15525
133 8456 7587
134 11940 4050
135 12024 5175
136 11020 7410
137 11037 5319
138 7893 5715
139 8202 6453
140 8892 6345
141 9882 5191
142 37327 6210
143 8361 5265
144 1836 5400
145 9969 8876
146 8766 8595
147 9090 8505
148 10935 7290
149 12875 7290
150 11925 8505
151 30148 3750
152 28080 1620
153 26662 3780
154 27999 1215
155 27925 3915
156 28890 4995
157 29734 5843
158 31133 5535
159 31014 4455
160 31716 4095
161 29295 1677
162 29441 2680
163 30895 2449
164 31495 1417
165 31963 2520
166 27965 4455
167 27357 2463
168 28044 2835
169 36837 5445
170 3526 8961
171 4789 8181
172 4766 10053
173 34566 7728
174 2139 9045
175 2338 10449
176 3220 10317
177 6596 7965
178 5130 7695
179 6648 7357
180 7776 6615
181 7006 6615
182 6271 9241
183 7899 10202
184 7003 9909
185 6311 17043
186 7895 15547
187 7826 17330
188 7620 18630
189 5879 15930
190 13122 18900
191 12652 18252
192 12726 18585
193 9936 12150
194 9273 12765
195 9632 13500
196 9481 14940
197 10887 14850
198 36403 8312
199 35838 8595
200 36409 9450
201 36517 9990
202 37116 9495
203 37003 8910
204 36760 6615
205 37215 8055
206 33898 17100
207 36009 9135
208 36891 7605
209 28469 17337
210 28651 15660
211 30969 15930
212 30138 16335
213 28873 17313
214 32551 18171
215 30222 18765
216 30645 19035
217 37080 6975
218 9133 17646
219 9784 18191
220 36517 10800
221 11151 16791
222 11194 17388
223 11286 18495
224 10458 18495
225 10415 16222
226 36801 10395
227 34338 7533
228 20587 17145
229 24624 19035
230 22224 15370
231 23139 15030
232 23925 13736
233 24294 13581
234 22221 16065
235 22671 13967
236 21726 13365
237 20940 14205
238 35834 17469
239 34006 8100
240 16948 11282
241 18552 11475
242 19710 12690
243 19561 12082
244 17459 14348
245 18378 13455
246 16537 14715
247 17509 12757
248 17767 17029
249 16218 16245
250 16641 18495
251 16794 17415
252 16848 15795
253 18522 14310
254 18579 15255
255 19487 14445
256 19311 15255
257 19242 16155
258 19962 15795
259 16213 15255
260 24804 11970
261 23427 11655
262 32373 16335
263 30258 15615
264 27675 14850
265 23976 17172
266 24774 16185
267 25029 17091
268 27472 15390
269 27033 13719
270 25578 13905
271 25934 14943
272 25506 12465
273 25821 12915
274 27023 12588
275 27148 12015
276 28323 13095
277 25816 11565
278 24478 9990
279 25765 10689
280 26730 11745
281 25117 9585
282 16524 12622
283 16038 12150
284 15957 12645
285 15379 12825
286 16240 13725
287 15669 13905
288 14198 11677
289 14882 11907
290 15183 10260
291 15327 11475
292 15457 11070
293 14195 10732
294 24930 8100
295 24418 8707
296 20979 15930
297 21288 12064
298 20601 18495
299 23013 12195
300 36406 17901
301 22477 11745
302 32702 5643
303 33351 5130
304 33952 5265
305 32580 1485
306 33345 1485
307 32818 2025
308 33097 4050
309 33426 3105
310 32683 3510
311 34722 2463
312 35703 1755
313 35699 2619
314 36147 3699
315 34826 3543
316 36954 3150
317 37260 6885
318 35910 4995
319 33258 6507
320 5090 18182
321 4455 17212
322 6124 18720
323 2693 17887
324 3136 18630
325 2209 17768
326 3282 15370
327 4104 16470
328 2443 16740
329 3285 16695
330 1908 16605
331 3834 15795
332 1741 15120
333 2943 16155
334 34803 18495
335 34036 18711
336 3915 6615
337 5292 4905
338 6750 4823
339 5391 6975
340 6687 6435
341 3896 6241
342 5815 6129
343 4785 5805
344 3355 5303
345 2430 7605
346 3906 7155
347 1512 4995
348 37098 18900
349 31981 15255
350 32308 14661
351 34398 15255
352 33480 13500
353 33557 14946
354 33075 15795
355 30773 11880
356 31735 12015
357 31244 11475
358 32071 13545
359 31964 12791
360 33075 12825
361 17725 4095
362 16966 4860
363 18646 3969
364 17377 3321
365 17758 2796
366 15957 2835
367 16038 1215
368 19467 1215
369 18360 1215
370 18970 2025
371 18504 1575
372 19872 1620
373 20196 1215
374 26568 16200
375 26453 17145
376 28545 10192
377 29758 9945
378 27310 9112
379 29641 11205
380 27297 10305
381 30807 11205
382 27099 8415
383 27561 10575
384 28198 11373
385 26878 18225
386 27519 17280
387 27378 18495
388 19048 4590
389 34295 12339
390 34749 11925
391 33468 11822
392 34215 11340
393 35267 14483
394 36321 12700
395 37173 13581
396 36954 14805
397 34857 18630
398 35244 15480
399 34600 13365
400 35289 13432
401 34060 14040
402 36321 15255
403 20255 2565
404 19075 1215
405 21465 2295
406 5845 2025
407 7209 1431
408 7938 1755
409 5278 1215
410 21026 2092
411 4414 1485
412 3834 1485
413 6647 2295
414 7789 2025
415 5553 2835
416 5157 2727
417 7182 3105
418 6284 3645
419 8406 3375
420 19260 3375
421 18819 5400
422 17100 42
423 14892 42
424 33420 20298
425 24684 20298
426 20268 20298
427 14796 42
428 38638 10956
429 21036 20298
430 30444 20298
431 38638 9804
432 4140 42
433 32364 42
434 4236 42
435 33996 20298
436 17484 20298
437 18924 20298
438 32460 42
439 34092 20298
440 36300 20298
441 3948 42
442 29004 42
443 32268 42
444 38638 14508
445 27756 42
446 38638 10476
447 28428 42
448 28716 42
449 24588 20298
450 32844 20298
451 27948 42
452 18828 20298
453 27468 42
454 27852 42
455 10668 42
456 28044 42
457 16716 42
458 42 11724
459 42 11628
460 24780 20298
461 32460 20298
462 33036 20298
463 21996 20298
464 16620 42
465 28236 42
466 30828 42
467 5196 42
468 42 8652
469 21900 20298
470 14604 42
471 5292 42
472 5100 42
473 5004 42
474 42 8844
475 42 8460
476 42 8940
477 14700 42
478 42 4524
479 42 3276
480 22380 42
481 21996 42
482 21420 42
483 22284 42
484 20460 42
485 20652 42
486 42 3372
487 31020 20298
488 31980 20298
489 30060 20298
490 29772 20298
491 28236 20298
492 27948 20298
493 26796 20298
494 30540 20298
495 27180 20298
496 27660 20298
497 28140 20298
498 28428 20298
499 28044 20298
500 21804 42
501 22188 42
502 21708 42
503 22092 42
504 21132 42
505 21900 42
506 20172 42
507 20556 42
508 20268 42
509 20364 42
510 19980 42
511 20076 42
512 21324 42
513 20748 42
514 21612 42
515 20844 42
516 20940 42
517 21036 42
518 21516 42
519 21228 42
520 24108 20298
521 36108 20298
522 19020 20298
523 19404 20298
524 19212 20298
525 20460 20298
526 20940 20298
527 19308 20298
528 17964 20298
529 21132 20298
530 42 5004
531 27276 20298
532 3660 20298
533 37452 20298
534 34476 20298
535 12012 20298
536 28524 20298
537 29004 20298
538 38638 12012
539 38638 11052
540 30252 20298
541 42 8076
542 42 4140
543 23916 20298
544 42 5580
545 14412 20298
546 29676 20298
547 42 5196
548 42 9036
549 38638 11724
550 37740 20298
551 24300 20298
552 18156 20298
553 42 7308
554 32364 20298
555 32748 20298
556 42 6348
557 42 11532
558 16908 20298
559 42 6828
560 23148 20298
561 15468 20298
562 42 10764
563 17100 20298
564 8460 20298
565 29964 20298
566 38638 10764
567 42 6924
568 28620 20298
569 38638 10860
570 19116 20298
571 14124 20298
572 38638 2316
573 42 8556
574 42 10668
575 20748 20298
576 8652 20298
577 24972 20298
578 21228 20298
579 13932 20298
580 38638 5004
581 42 9900
582 28812 20298
583 34572 20298
584 42 10188
585 17772 20298
586 14796 20298
587 38638 5196
588 31404 20298
589 28716 20298
590 20844 20298
591 20556 20298
592 18636 20298
593 31884 20298
594 38638 7980
595 42 3852
596 25260 20298
597 42 6636
598 14604 20298
599 9996 20298
600 23244 20298
601 7692 20298
602 42 9708
603 42 10380
604 42 7692
605 42 7500
606 28908 20298
607 38638 11916
608 42 8364
609 19884 20298
610 29484 20298
611 28332 20298
612 38638 2988
613 42 10572
614 29196 20298
615 42 9324
616 27756 20298
617 19692 20298
618 38638 11532
619 29580 20298
620 7404 20298
621 22956 20298
622 32268 20298
623 42 10092
624 20172 20298
625 38638 11436
626 42 9132
627 16812 20298
628 42 6444
629 38638 11628
630 42 9228
631 17196 20298
632 42 11148
633 42 5388
634 8844 20298
635 38638 11340
636 38638 5484
637 42 9996
638 7500 20298
639 42 9612
640 30156 20298
641 42 11052
642 14508 20298
643 42 11244
644 27852 20298
645 42 7116
646 24492 20298
647 42 7404
648 42 5772
649 17004 20298
650 14316 20298
651 31500 20298
652 8556 20298
653 42 8748
654 17580 20298
655 17868 20298
656 42 8268
657 25644 20298
658 27468 20298
659 42 9420
660 8940 20298
661 42 2988
662 34284 20298
663 42 1548
664 38638 10092
665 32172 20298
666 42 7788
667 42 9804
668 11532 20298
669 10188 20298
670 20652 20298
671 42 4908
672 20076 20298
673 19500 20298
674 17676 20298
675 42 6540
676 18348 20298
677 38638 1932
678 22668 20298
679 8364 20298
680 18444 20298
681 42 16236
682 38638 4140
683 22860 20298
684 16428 20298
685 14220 20298
686 42 10476
687 38638 10284
688 18540 20298
689 42 7980
690 42 7596
691 16236 20298
692 25548 20298
693 17388 20298
694 42 12204
695 21324 20298
696 30636 20298
697 35340 20298
698 42 11436
699 30348 20298
700 8748 20298
701 18252 20298
702 18060 20298
703 23436 20298
704 38638 11244
705 38638 10188
706 29388 20298
707 31212 20298
708 9324 20298
709 36204 20298
710 42 7884
711 38638 11820
712 6732 20298
713 42 10284
714 23628 20298
715 17292 20298
716 42 7020
717 19788 20298
718 31788 20298
719 21420 20298
720 42 10860
721 35628 20298
722 42 5484
723 42 3180
724 42 1644
725 22092 20298
726 42 10956
727 42 11340
728 38638 5580
729 42 6732
730 20364 20298
731 38638 11148
732 38638 12300
733 19596 20298
734 42 9516
735 42 8172
736 14892 20298
737 42 5292
738 42 7212
739 29292 20298
740 14700 20298
741 13356 20298
742 29100 20298
743 38638 14412
744 19980 20298
745 31596 20298
746 37644 20298
747 37836 20298
748 33804 20298
749 33612 20298
750 33516 20298
751 37356 20298
752 35532 20298
753 35724 20298
754 35916 20298
755 35052 20298
756 36876 20298
757 37068 20298
758 37260 20298
759 35820 20298
760 36396 20298
761 34764 20298
762 34668 20298
763 35244 20298
764 34188 20298
765 33708 20298
766 35148 20298
767 32556 20298
768 35436 20298
769 33228 20298
770 34956 20298
771 36492 20298
772 33132 20298
773 36972 20298
774 37548 20298
775 36684 20298
776 37164 20298
777 32940 20298
778 18732 20298
779 26892 20298
780 33900 20298
781 36588 20298
782 34380 20298
783 26028 20298
784 31308 20298
785 27372 20298
786 29868 20298
787 27564 20298
788 26220 20298
789 26316 20298
790 26988 20298
791 31692 20298
792 26700 20298
793 25932 20298
794 26508 20298
795 26412 20298
796 32076 20298
797 27084 20298
798 26124 20298
799 31116 20298
800 25452 20298
801 25836 20298
802 30924 20298
803 30828 20298
804 32652 20298
805 30732 20298
806 36780 20298
807 26604 20298
808 33324 20298
809 38638 6924
810 36012 20298
811 24876 20298
812 25068 20298
813 25740 20298
814 34860 20298
815 21516 20298
816 21708 20298
817 21612 20298
818 21804 20298
819 25164 20298
820 38638 7116
821 25356 20298
822 24012 20298
823 23724 20298
824 22284 20298
825 22476 20298
826 22188 20298
827 22380 20298
828 23532 20298
829 23820 20298
830 23340 20298
831 42 15180
832 23052 20298
833 22764 20298
834 22572 20298
835 24396 20298
836 24204 20298
837 38638 4236
838 38638 4908
839 38638 4812
840 38638 4332
841 38638 4620
842 38638 4428
843 38638 4716
844 38638 4524
845 38638 5772
846 38638 5964
847 38638 6732
848 38638 6060
849 38638 6444
850 38638 6252
851 38638 5388
852 38638 5676
853 38638 5292
854 38638 7596
855 38638 6828
856 38638 7692
857 38638 7788
858 38638 8268
859 38638 8172
860 38638 8076
861 38638 8844
862 38638 9516
863 38638 9132
864 38638 9036
865 38638 9612
866 38638 9900
867 38638 9420
868 38638 8940
869 38638 8748
870 38638 6636
871 38638 7884
872 38638 8460
873 38638 9996
874 38638 9324
875 38638 9228
876 38638 7500
877 38638 7404
878 38638 7020
879 38638 7212
880 38638 7308
881 38638 8364
882 38638 8652
883 38638 8556
884 38638 9708
885 38638 10380
886 38638 10668
887 38638 10572
888 38638 6156
889 38638 5868
890 38638 5100
891 38638 6540
892 38638 6348
