0 20667 9924
1 37611 1215
2 1269 9855
3 22761 1485
4 1539 13365
5 1269 17685
6 33723 19305
7 29558 19237
8 28275 19102
9 27024 15275
10 28263 11853
11 29916 1620
12 27939 10192
13 32178 4789
14 29259 10485
15 31464 3375
16 30240 12555
17 28201 17190
18 27198 16560
19 26352 9372
20 27706 14835
21 29421 13365
22 25704 16797
23 28946 9535
24 25488 14625
25 27344 13593
26 24575 18603
27 26388 13410
28 28909 8271
29 25499 11998
30 26473 18765
31 26662 18022
32 28320 13878
33 28498 6036
34 24444 17505
35 25363 16065
36 28134 19305
37 24570 10935
38 35053 12323
39 35128 14459
40 36324 11835
41 38515 11475
42 35316 12937
43 33450 14547
44 33638 16301
45 23256 2655
46 37638 14850
47 34392 16893
48 30705 19305
49 23604 4500
50 31522 18495
51 33520 17887
52 29386 3213
53 31977 16335
54 31369 12972
55 31459 16290
56 26028 2745
57 33105 13837
58 31725 15075
59 30699 14175
60 25546 6988
61 32737 12690
62 30955 15120
63 28545 17212
64 22828 7290
65 29322 18495
66 28458 18495
67 28233 1485
68 28485 17685
69 30182 16103
70 30366 17643
71 30699 17745
72 27270 18630
73 23544 1755
74 27270 1485
75 24354 1485
76 28836 19575
77 29079 19305
78 15764 12863
79 27729 2025
80 25488 1215
81 26676 1485
82 31753 4482
83 25021 3606
84 25709 4416
85 25318 6075
86 26389 2025
87 22243 5490
88 21708 6750
89 14838 17385
90 15503 16389
91 36056 4674
92 33480 8055
93 23922 1485
94 31215 7798
95 34091 2497
96 18822 2642
97 20685 3857
98 19332 3825
99 19953 2538
100 11728 6129
101 23384 8694
102 21897 3645
103 22149 3420
104 24436 8109
105 33588 6516
106 23695 7101
107 21559 15930
108 23280 15795
109 23493 10698
110 23058 1215
111 22140 1215
112 22248 1620
113 19143 1485
114 19224 1215
115 20142 1755
116 18184 2025
117 19899 2025
118 31077 1647
119 12467 3375
120 16942 5535
121 12835 7965
122 13532 2781
123 14580 9585
124 16707 2133
125 29664 6075
126 16578 9153
127 13034 8977
128 11124 8955
129 29669 4030
130 28606 5130
131 13915 7101
132 15295 1620
133 15444 1485
134 34672 6390
135 36519 6176
136 15241 7222
137 37692 6885
138 27594 3262
139 36434 3915
140 37811 5149
141 15912 5715
142 38441 5670
143 18392 4725
144 15096 5457
145 12190 7695
146 12420 7245
147 13116 6465
148 9293 7211
149 13628 4860
150 9855 7188
151 36591 2865
152 15721 4035
153 16773 6615
154 17928 4095
155 17091 4725
156 3944 6939
157 7109 5945
158 36625 1755
159 36621 2205
160 4583 6412
161 10863 1305
162 2214 6345
163 4459 9231
164 3033 8453
165 2278 13257
166 2950 13017
167 1701 12285
168 3442 10260
169 3672 11860
170 2619 10485
171 4302 18855
172 1660 18630
173 6921 18945
174 3402 18900
175 4011 16357
176 2750 18225
177 5806 16045
178 5413 15525
179 8211 16095
180 6846 18255
181 8064 18045
182 6890 17415
183 5747 17337
184 3975 18360
185 5616 19305
186 2592 16875
187 38340 7155
188 6588 19575
189 8910 19305
190 7830 19035
191 3780 19305
192 6237 19575
193 33260 2256
194 5953 19170
195 16029 12645
196 14150 13969
197 18402 11745
198 20126 15000
199 38461 7560
200 18135 14895
201 19938 13125
202 17434 11907
203 13154 5535
204 21519 19170
205 19224 19170
206 15867 11745
207 18375 14085
208 20160 11925
209 33102 1485
210 19089 10935
211 15255 9450
212 11151 9000
213 11950 10017
214 12206 8883
215 15471 8865
216 14323 8842
217 32582 2227
218 12366 1755
219 13716 7965
220 9952 12285
221 11463 10485
222 11252 12970
223 12818 13432
224 11380 18630
225 10415 10976
226 12116 18225
227 10525 16050
228 9045 17685
229 9770 18070
230 10449 19440
231 6291 12015
232 13608 19575
233 12825 16875
234 9477 19575
235 15511 15120
236 15844 17554
237 11664 16335
238 11718 1215
239 29349 1215
240 17874 19575
241 14409 11835
242 14886 12285
243 16372 19305
244 18837 19485
245 18138 19035
246 13311 19035
247 13500 19372
248 17847 17685
249 17010 19575
250 14859 19305
251 14307 17685
252 13083 14885
253 11442 16983
254 11144 15592
255 10449 19001
256 9685 15679
257 13779 12285
258 9180 16065
259 12366 19305
260 11745 19575
261 12906 18090
262 20856 15795
263 26541 7965
264 22302 19440
265 22788 19575
266 23989 19237
267 24349 18315
268 22179 15475
269 20785 18274
270 21762 19575
271 23158 17361
272 20845 16913
273 23769 13889
274 22680 18765
275 24597 14625
276 25623 19170
277 22120 13659
278 21645 15885
279 21289 12420
280 3216 1832
281 3051 2902
282 3861 3780
283 4212 2160
284 12123 5535
285 11637 1890
286 3678 3172
287 5773 2910
288 6702 2193
289 5865 4835
290 7947 4095
291 7101 3645
292 8145 3915
293 11133 2745
294 8346 2449
295 10627 4789
296 13419 2241
297 9756 3915
298 8275 1957
299 4365 3645
300 9540 1575
301 8279 5633
302 12271 4050
303 8667 1215
304 7506 1215
305 9666 1215
306 38604 42
307 38124 42
308 42 17868
309 4812 20914
310 12396 42
311 27468 42
312 37740 42
313 8268 42
314 42 9996
315 31404 20914
316 37548 42
317 42 9420
318 13452 42
319 42 17100
320 11148 20914
321 18156 20914
322 39870 16524
323 39870 7884
324 32460 20914
325 42 5484
326 39870 5100
327 39870 16044
328 39870 13644
329 14220 42
330 30252 42
331 42 780
332 18060 42
333 42 8364
334 16620 42
335 42 9132
336 11436 42
337 35244 42
338 4140 20914
339 39870 7980
340 20940 20914
341 31884 42
342 5580 20914
343 5964 42
344 39870 3852
345 42 16908
346 39870 13068
347 7500 20914
348 7980 20914
349 38412 42
350 32940 20914
351 25164 20914
352 37836 42
353 39870 8364
354 39870 20076
355 30924 20914
356 36876 42
357 32172 42
358 31212 42
359 30444 42
360 30732 42
361 32460 42
362 31404 42
363 31788 42
364 31116 42
365 27276 42
366 26988 42
367 27372 42
368 26700 42
369 28428 42
370 34860 42
371 36684 42
372 18444 42
373 19116 42
374 24012 42
375 11052 42
376 10956 42
377 11148 42
378 42 17484
379 26412 42
380 17964 42
381 23436 20914
382 17196 42
383 14508 42
384 19308 42
385 38028 42
386 28524 42
387 27948 42
388 25548 42
389 23340 42
390 25356 42
391 30636 42
392 26028 42
393 26124 42
394 14892 42
395 15180 42
396 15276 42
397 15468 42
398 18540 42
399 19212 42
400 30828 42
401 19020 42
402 18732 42
403 32940 42
404 32844 42
405 29964 20914
406 27084 20914
407 29676 20914
408 29484 20914
409 15756 42
410 23148 42
411 10572 42
412 10668 42
413 11340 20914
414 1356 20914
415 15660 20914
416 22956 42
417 15564 20914
418 13260 20914
419 11724 20914
420 11916 20914
421 24876 20914
422 22188 42
423 42 972
424 42 876
425 23628 20914
426 30732 20914
427 39870 14316
428 39870 14892
429 26508 20914
430 26604 20914
431 21420 42
432 29868 20914
433 29292 20914
434 28908 20914
435 29100 20914
436 29196 20914
437 29004 20914
438 32652 42
439 37644 42
440 33996 42
441 14028 20914
442 15180 20914
443 5484 20914
444 22188 20914
445 21804 20914
446 22380 20914
447 24588 20914
448 31308 20914
449 28620 20914
450 34476 42
451 12780 42
452 1164 20914
453 17388 20914
454 15084 20914
455 31212 20914
456 31116 20914
457 28716 20914
458 28428 20914
459 19884 42
460 14412 42
461 19500 42
462 17292 42
463 32556 42
464 32268 42
465 33324 42
466 33420 42
467 33516 42
468 30540 42
469 21804 42
470 27756 42
471 24396 42
472 23436 42
473 3180 20914
474 12876 20914
475 11532 20914
476 21708 20914
477 21900 20914
478 5292 20914
479 5196 20914
480 16044 20914
481 15372 20914
482 12300 20914
483 12204 20914
484 6252 20914
485 17100 20914
486 16908 20914
487 16812 20914
488 13452 20914
489 39870 7788
490 6444 20914
491 13836 20914
492 22284 20914
493 22476 20914
494 24300 20914
495 9900 42
496 9708 42
497 28332 20914
498 28044 20914
499 23724 20914
500 39870 7692
501 30828 20914
502 39870 9516
503 39870 11916
504 39870 11244
505 39870 10956
506 22860 42
507 22668 42
508 19692 42
509 19788 42
510 19404 42
511 27852 20914
512 34764 42
513 19500 20914
514 18924 20914
515 19212 20914
516 19596 20914
517 6156 20914
518 13740 42
519 13836 42
520 8460 20914
521 10572 20914
522 22380 42
523 7884 20914
524 3948 20914
525 9228 20914
526 8268 20914
527 8364 20914
528 23340 20914
529 5772 20914
530 5388 20914
531 1068 20914
532 6540 20914
533 13932 20914
534 2700 20914
535 9708 20914
536 7788 20914
537 9900 20914
538 23244 20914
539 7020 20914
540 11244 20914
541 14604 20914
542 12972 20914
543 14124 20914
544 14412 20914
545 13548 20914
546 2316 20914
547 4044 20914
548 14700 20914
549 16524 20914
550 12684 20914
551 10860 20914
552 8172 20914
553 24684 20914
554 25644 20914
555 23532 20914
556 25548 20914
557 8844 42
558 28140 20914
559 27756 20914
560 39870 11340
561 23052 20914
562 39870 12012
563 39870 10764
564 19596 42
565 33612 42
566 1260 20914
567 3276 20914
568 6060 20914
569 6924 20914
570 3756 20914
571 3084 20914
572 22092 42
573 9804 20914
574 3852 20914
575 1452 20914
576 8652 20914
577 2988 20914
578 5004 20914
579 2892 20914
580 2124 20914
581 16236 20914
582 16716 20914
583 21996 42
584 16428 20914
585 2796 20914
586 25836 20914
587 8652 42
588 8748 42
589 28236 20914
590 31020 20914
591 8748 20914
592 6348 20914
593 22284 42
594 12684 42
595 14604 42
596 1932 20914
597 16332 42
598 29964 42
599 21324 20914
600 21516 20914
601 28812 20914
602 1548 20914
603 28044 42
604 12780 20914
605 1644 20914
606 9036 20914
607 21420 20914
608 2220 20914
609 6636 20914
610 9996 20914
611 876 20914
612 1836 20914
613 10188 20914
614 28236 42
615 5676 20914
616 5868 20914
617 42 15564
618 4908 20914
619 11916 42
620 11820 42
621 17772 20914
622 18540 20914
623 18732 20914
624 27852 42
625 18252 20914
626 18828 20914
627 24108 20914
628 24012 20914
629 24492 20914
630 24204 20914
631 9804 42
632 9516 42
633 7980 42
634 7692 42
635 29580 42
636 30444 20914
637 30252 20914
638 31020 42
639 28812 42
640 29004 42
641 29292 42
642 28620 42
643 32364 42
644 6732 20914
645 29484 42
646 11724 42
647 11628 42
648 18348 20914
649 18060 20914
650 17964 20914
651 10668 20914
652 9612 42
653 9228 42
654 9420 42
655 9324 42
656 30636 20914
657 17484 42
658 28332 42
659 30060 42
660 28716 42
661 29388 42
662 13164 20914
663 11820 20914
664 9612 20914
665 12588 20914
666 23916 20914
667 23820 20914
668 38508 42
669 8364 42
670 42 10668
671 42 8556
672 42 10380
673 34572 42
674 17676 42
675 42 10476
676 17100 42
677 35532 42
678 16812 42
679 31308 42
680 39870 12972
681 32364 20914
682 18636 42
683 33420 20914
684 39870 8652
685 33132 20914
686 15564 42
687 18828 42
688 35340 42
689 42 11916
690 39870 10188
691 39870 7308
692 17676 20914
693 21132 20914
694 12396 20914
695 35820 42
696 4140 42
697 29388 20914
698 9036 42
699 39870 20172
700 25740 42
701 42 10188
702 13740 20914
703 2508 20914
704 20652 42
705 7404 20914
706 19308 20914
707 14988 42
708 17004 42
709 6828 20914
710 14508 20914
711 25836 42
712 17772 42
713 16236 42
714 37260 42
715 42 14508
716 9324 20914
717 39870 4044
718 39870 19980
719 5868 42
720 5484 42
721 31500 20914
722 29676 42
723 36204 20914
724 42 16044
725 35724 42
726 27468 20914
727 33900 42
728 20460 20914
729 42 8460
730 24684 42
731 25260 20914
732 19884 20914
733 29772 42
734 39870 15852
735 22956 20914
736 5580 42
737 42 9804
738 5772 42
739 21036 20914
740 24108 42
741 16428 42
742 21036 42
743 39870 10572
744 30348 42
745 12300 42
746 20844 20914
747 37068 42
748 22764 20914
749 4716 42
750 42 11436
751 24780 20914
752 2028 20914
753 5676 42
754 16140 42
755 33900 20914
756 39870 14700
757 7692 20914
758 19020 20914
759 17868 42
760 4428 42
761 36972 42
762 4812 42
763 42 8748
764 17580 42
765 15372 42
766 972 20914
767 34284 20914
768 36396 42
769 42 5772
770 21612 20914
771 42 8268
772 32748 42
773 18156 42
774 42 13164
775 14124 42
776 34092 42
777 5100 42
778 39870 6060
779 19404 20914
780 25932 20914
781 42 9228
782 39870 6156
783 42 14892
784 35436 42
785 34668 42
786 4524 42
787 8940 20914
788 5964 20914
789 15084 42
790 24300 42
791 33228 42
792 35148 42
793 14028 42
794 42 11052
795 39870 7404
796 21228 42
797 39870 11628
798 27372 20914
799 4716 20914
800 15948 42
801 42 12300
802 32748 20914
803 39870 16428
804 5004 42
805 34956 20914
806 39870 7500
807 14700 42
808 14796 42
809 42 7788
810 25740 20914
811 35244 20914
812 39870 8268
813 42 17388
814 39870 8172
815 42 15468
816 27564 42
817 39870 7596
818 39870 11436
819 9996 42
820 14220 20914
821 16908 42
822 3660 20914
823 15660 42
824 42 17004
825 42 12492
826 23532 42
827 18348 42
828 10764 42
829 13932 42
830 19116 20914
831 39870 12204
832 39870 14796
833 30060 20914
834 42 9900
835 39870 8844
836 11052 20914
837 29100 42
838 39870 9612
839 27948 20914
840 10860 42
841 31692 20914
842 16524 42
843 39870 14124
844 42 15276
845 10380 42
846 21996 20914
847 35916 20914
848 16044 42
849 18924 42
850 34476 20914
851 42 6444
852 31596 20914
853 16716 42
854 42 15852
855 42 16524
856 42 7884
857 42 6732
858 21228 20914
859 17388 42
860 35916 42
861 4908 42
862 15852 42
863 39870 10668
864 14316 42
865 42 8076
866 13644 42
867 13068 20914
868 39870 13164
869 13548 42
870 33132 42
871 4620 42
872 7596 20914
873 42 9516
874 42 4908
875 39870 11532
876 35052 20914
877 7212 20914
878 17196 20914
879 26796 20914
880 39870 8076
881 31692 42
882 18252 42
883 42 3564
884 21516 42
885 34860 20914
886 25452 42
887 39870 13356
888 17484 20914
889 10476 20914
890 39870 12492
891 39870 14988
892 32076 42
893 36108 42
894 42 2700
895 39870 10284
896 42 2508
897 12012 20914
898 35532 20914
899 36204 42
900 39870 13548
901 42 12684
902 4428 20914
903 30156 42
904 39870 15660
905 34284 42
906 8556 20914
907 42 13740
908 26604 42
909 17580 20914
910 42 16428
911 23724 42
912 39870 11052
913 10092 20914
914 29868 42
915 24780 42
916 21708 42
917 20364 42
918 42 6348
919 2604 20914
920 7308 20914
921 4332 20914
922 8844 20914
923 24972 42
924 36012 42
925 29196 42
926 20460 42
927 42 11532
928 24972 20914
929 8076 20914
930 42 13548
931 37932 42
932 42 5868
933 42 12108
934 42 17196
935 23052 42
936 28908 42
937 39870 11724
938 12492 20914
939 21324 42
940 23628 42
941 42 12012
942 31980 20914
943 23148 20914
944 36780 42
945 32076 20914
946 26508 42
947 22476 42
948 38316 42
949 32652 20914
950 4524 20914
951 39870 15948
952 9420 20914
953 39870 9708
954 39870 9996
955 17868 20914
956 26988 20914
957 25260 42
958 12108 20914
959 21612 42
960 38220 42
961 15948 20914
962 9516 20914
963 23916 42
964 4236 20914
965 39870 13932
966 39870 12876
967 39870 11820
968 39870 12684
969 7116 20914
970 15468 20914
971 37356 42
972 35820 20914
973 34764 20914
974 24396 20914
975 39870 16236
976 39870 15276
977 20748 42
978 39870 6252
979 29772 20914
980 42 12780
981 24876 42
982 42 11148
983 13644 20914
984 26892 42
985 42 13836
986 14316 20914
987 20268 42
988 36108 20914
989 36492 42
990 31788 20914
991 3564 20914
992 39870 13836
993 20076 42
994 30924 42
995 21900 42
996 32844 20914
997 42 7404
998 15276 20914
999 20940 42
1000 42 14700
1001 39870 15372
1002 28140 42
1003 42 16332
1004 25068 42
1005 35052 42
1006 32268 20914
1007 37452 42
1008 11436 20914
1009 33036 20914
1010 19692 20914
1011 33036 42
1012 42 6924
1013 27084 42
1014 22764 42
1015 16140 20914
1016 42 13068
1017 39870 8460
1018 39870 9804
1019 20844 42
1020 2412 20914
1021 9132 20914
1022 31884 20914
1023 16332 20914
1024 26796 42
1025 42 7020
1026 42 5676
1027 39870 8940
1028 39870 8748
1029 39870 12780
1030 42 17676
1031 33708 20914
1032 33516 20914
1033 39870 3948
1034 39870 15180
1035 37164 42
1036 32172 20914
1037 10284 20914
1038 14892 20914
1039 4620 20914
1040 26700 20914
1041 42 9612
1042 23820 42
1043 42 12972
1044 25356 20914
1045 27660 20914
1046 34956 42
1047 42 2316
1048 42 14604
1049 24492 42
1050 35724 20914
1051 26412 20914
1052 780 20914
1053 36300 42
1054 11628 20914
1055 35628 42
1056 42 11628
1057 25932 42
1058 36588 42
1059 23244 42
1060 13356 20914
1061 42 2796
1062 39870 16332
1063 42 14796
1064 20748 20914
1065 42 15756
1066 34380 42
1067 33804 42
1068 20172 42
1069 29580 20914
1070 10764 20914
1071 42 9324
1072 22092 20914
1073 15756 20914
1074 1740 20914
1075 22668 20914
1076 39870 14604
1077 42 2604
1078 19788 20914
1079 42 1932
1080 25644 42
1081 42 13260
1082 26316 42
1083 22860 20914
1084 34188 20914
1085 42 1836
1086 39870 14220
1087 16620 20914
1088 20556 20914
1089 42 2124
1090 18636 20914
1091 26220 42
1092 39870 10380
1093 39870 15564
1094 3372 20914
1095 42 10956
1096 17004 20914
1097 25452 20914
1098 20556 42
1099 27180 42
1100 34188 42
1101 33708 42
1102 39870 9036
1103 25164 42
1104 14796 20914
1105 33228 20914
1106 42 10092
1107 42 13356
1108 42 14124
1109 39870 12396
1110 3468 20914
1111 22572 42
1112 21132 42
1113 42 14412
1114 24588 42
1115 27660 42
1116 31500 42
1117 14988 20914
1118 42 10284
1119 39870 8556
1120 5100 20914
1121 42 10572
1122 17292 20914
1123 31980 42
1124 39870 13740
1125 33996 20914
1126 19980 42
1127 10380 20914
1128 18444 20914
1129 10956 20914
1130 39870 10860
1131 31596 42
1132 24204 42
1133 42 13644
1134 42 5964
1135 36012 20914
1136 42 3084
1137 42 10764
1138 15852 20914
1139 42 5100
1140 42 11820
1141 42 2412
1142 42 7308
1143 42 19020
1144 42 18636
1145 42 1644
1146 42 2220
1147 39870 12108
1148 42 1452
1149 42 4044
1150 39870 2700
1151 39870 2508
1152 27564 20914
1153 42 6540
1154 42 6156
1155 20268 20914
1156 39870 14412
1157 42 16716
1158 39870 16140
1159 42 1164
1160 34668 20914
1161 39870 1164
1162 42 17772
1163 42 8652
1164 39870 7020
1165 42 12204
1166 35340 20914
1167 42 7116
1168 39870 2028
1169 42 9036
1170 42 15372
1171 42 10860
1172 42 1356
1173 42 15084
1174 39870 9324
1175 39870 9228
1176 42 12588
1177 39870 12588
1178 39870 1260
1179 42 9708
1180 34572 20914
1181 39870 1932
1182 42 3468
1183 42 16236
1184 39870 15468
1185 42 1740
1186 42 7212
1187 42 12396
1188 42 2892
1189 42 17292
1190 20076 20914
1191 39870 9900
1192 42 8844
1193 42 4140
1194 42 1260
1195 42 6636
1196 39870 13452
1197 42 14988
1198 42 17580
1199 42 2028
1200 42 3372
1201 42 3180
1202 20652 20914
1203 39870 2124
1204 39870 1452
1205 39870 1548
1206 39870 1740
1207 42 2988
1208 39870 10092
1209 39870 9420
1210 42 1548
1211 42 5580
1212 39870 14028
1213 42 15180
1214 33804 20914
1215 39870 10476
1216 34092 20914
1217 32556 20914
1218 42 7500
1219 42 7596
1220 39870 12300
1221 42 16620
1222 35628 20914
1223 33324 20914
1224 27180 20914
1225 27276 20914
1226 42 8172
1227 35436 20914
1228 25068 20914
1229 42 14316
1230 42 11244
1231 26892 20914
1232 20172 20914
1233 35148 20914
1234 34380 20914
1235 42 13452
1236 42 1068
1237 42 15660
1238 42 14028
1239 33612 20914
1240 39870 15756
1241 42 13932
1242 42 16812
1243 39870 11148
1244 39870 14508
1245 42 6252
1246 26028 20914
1247 42 16140
1248 39870 9132
1249 39870 16812
1250 22572 20914
1251 42 11340
1252 28524 20914
1253 39870 1836
1254 42 8940
1255 42 7692
1256 42 6060
1257 42 15948
1258 39870 1644
1259 42 12876
1260 39870 13260
1261 42 14220
1262 42 6828
1263 39870 2604
1264 39870 1356
1265 42 3276
1266 42 7980
1267 39870 15084
1268 42 11724
1269 19980 20914
