0 51533 26800
1 22312 29854
2 40853 37353
3 27588 49707
4 27540 49545
5 25404 44132
6 32866 46829
7 22356 50085
8 76425 47233
9 29741 41101
10 30762 49298
11 45133 49815
12 47403 49072
13 48939 47715
14 43851 46329
15 44253 50355
16 51060 3963
17 44749 5338
18 38519 3328
19 50561 30387
20 46535 49410
21 22922 40089
22 49153 49410
23 42129 49185
24 27505 20615
25 35092 41869
26 29859 22830
27 26626 18810
28 37931 44047
29 42403 49950
30 40324 49950
31 24350 27381
32 36396 48200
33 38571 48800
34 91028 34349
35 79135 49121
36 17280 50355
37 17749 43630
38 17827 48513
39 16981 45990
40 15228 49950
41 19143 50220
42 44870 16326
43 10400 9507
44 47180 3762
45 48835 12591
46 23299 24235
47 12821 11176
48 11057 6377
49 9477 12234
50 9411 14448
51 10867 21395
52 33876 16155
53 12790 18660
54 25212 22648
55 16276 2657
56 21564 4185
57 18212 9070
58 21062 11902
59 24291 11577
60 19952 7523
61 16653 10620
62 21403 16883
63 16863 22338
64 21449 20623
65 21004 22926
66 2298 21699
67 17596 18842
68 18290 20520
69 11089 23374
70 31625 20609
71 61967 10562
72 54000 17280
73 44589 20155
74 67533 1552
75 53068 37530
76 50092 21072
77 48187 18263
78 48008 15068
79 50355 2385
80 58236 1695
81 45457 1701
82 52802 38929
83 48144 3948
84 66909 44240
85 50372 37733
86 77743 31957
87 57976 36908
88 64562 35755
89 65682 49905
90 60273 33622
91 55429 30955
92 41350 30537
93 50107 33879
94 45148 34470
95 38066 23572
96 52669 27626
97 36094 21238
98 51786 32535
99 47345 32150
100 47959 35793
101 58910 34606
102 47167 28740
103 67525 10246
104 63669 9031
105 66051 12363
106 42498 16268
107 68923 6222
108 61065 4293
109 33277 49882
110 68738 2747
111 65735 3181
112 52610 24273
113 41405 4504
114 76900 4607
115 41056 21357
116 74820 5640
117 73710 5093
118 44207 27000
119 20049 25312
120 41018 24216
121 76251 11337
122 74835 16043
123 77844 8904
124 72369 17116
125 72775 1923
126 77530 1620
127 72932 10817
128 41076 40738
129 74772 8723
130 71606 13095
131 73491 14403
132 80503 11105
133 78867 1845
134 83101 11315
135 84075 8629
136 43058 24788
137 41415 26055
138 80598 17530
139 45218 22243
140 67851 15660
141 84376 21255
142 93771 22545
143 86239 21722
144 88665 14884
145 93319 21511
146 90843 17946
147 84957 43194
148 86400 41249
149 88736 39565
150 36846 49995
151 76078 40253
152 32826 39825
153 48397 1755
154 79123 38178
155 72739 38922
156 73071 36675
157 73418 39055
158 69386 38725
159 44480 39385
160 82316 39136
161 81297 37025
162 83646 49995
163 84246 36126
164 41212 41010
165 41013 48026
166 74079 31005
167 87541 34742
168 87938 37881
169 86830 31749
170 57350 25416
171 77511 26795
172 63936 50085
173 65853 49653
174 62442 47233
175 78694 27729
176 70102 30476
177 50724 49905
178 65016 50085
179 65386 16960
180 69379 16269
181 73299 33777
182 63814 18246
183 34576 38710
184 63936 17469
185 75535 29430
186 72252 20698
187 71175 18702
188 69826 24902
189 66790 15756
190 63039 16497
191 54807 6793
192 64019 22410
193 46387 40968
194 71338 23037
195 63141 25596
196 68109 31036
197 66448 24413
198 63134 29828
199 59007 27383
200 59119 30861
201 19463 34920
202 30425 45461
203 46109 39150
204 74570 25577
205 83596 27143
206 90916 27135
207 88084 28080
208 80922 27022
209 94503 25999
210 90895 24382
211 94434 33444
212 92018 30213
213 77798 41715
214 80776 43941
215 85987 47844
216 74176 48830
217 83233 47241
218 65727 39808
219 71753 48571
220 67014 49737
221 73009 43278
222 71930 46180
223 69462 47898
224 70464 43929
225 62410 40663
226 70821 45598
227 76279 46226
228 61249 41526
229 32494 50085
230 53009 45142
231 64491 45549
232 12565 37910
233 59373 42885
234 56412 48484
235 57450 46073
236 56672 44409
237 60040 48286
238 54048 44041
239 51823 47804
240 50456 45309
241 63662 49072
242 55329 21465
243 32438 29603
244 37422 27681
245 60217 10676
246 56098 3893
247 60959 14619
248 33910 26523
249 54165 14000
250 57165 12332
251 57890 7425
252 50157 9669
253 53818 2208
254 38088 30834
255 32217 10726
256 40530 3989
257 31248 22212
258 45836 8737
259 41842 7846
260 40559 11169
261 43754 11775
262 38055 6533
263 27579 26561
264 26219 6798
265 27532 10952
266 30552 8108
267 30907 3508
268 36175 9285
269 35262 2115
270 33852 4805
271 36707 12890
272 39535 14492
273 27594 6435
274 29405 16923
275 51744 20257
276 51885 24480
277 53514 29025
278 46483 20992
279 28483 31296
280 49712 24705
281 44817 21294
282 46524 22646
283 23806 16952
284 48226 24705
285 15549 39581
286 48417 25515
287 31609 33483
288 59883 22326
289 59454 17775
290 32410 34778
291 27027 50085
292 16027 32905
293 7749 37000
294 5238 37305
295 9262 33535
296 7560 29160
297 18727 40575
298 12063 45840
299 13927 46705
300 29814 37253
301 28863 50355
302 24368 47385
303 20898 49680
304 24246 50085
305 24543 49815
306 29420 47549
307 31098 41607
308 27140 45282
309 26507 49212
310 22860 42
311 13260 42
312 59724 51570
313 15180 42
314 8652 51570
315 42 22188
316 42 19980
317 101182 13644
318 89004 51570
319 25164 51570
320 42 15276
321 42 23916
322 101182 13836
323 74124 42
324 47052 51570
325 61740 51570
326 66636 51570
327 53100 42
328 49836 42
329 29580 42
330 40524 42
331 26412 42
332 14316 51570
333 25068 51570
334 42 25164
335 46284 51570
336 54444 51570
337 88812 51570
338 63468 51570
339 51564 42
340 41484 42
341 34092 42
342 33324 42
343 56172 42
344 26892 51570
345 32460 51570
346 48108 42
347 17196 51570
348 11532 51570
349 47628 42
350 48876 42
351 101182 32076
352 61932 51570
353 74700 42
354 41292 42
355 43884 51570
356 42 38412
357 51756 42
358 16236 51570
359 13740 51570
360 42 15084
361 50700 51570
362 101182 19212
363 101182 33228
364 101182 28428
365 87852 51570
366 41772 42
367 41100 42
368 43788 42
369 56268 42
370 64908 42
371 30828 51570
372 42348 51570
373 21324 42
374 42 29388
375 66252 42
376 88044 42
377 101182 28908
378 101182 33612
379 44268 42
380 67980 51570
381 29196 42
382 101182 27852
383 60012 42
384 29868 51570
385 17676 51570
386 59916 51570
387 66156 51570
388 101182 13548
389 57708 51570
390 44076 42
391 101182 33132
392 69516 42
393 101182 26700
394 101182 26796
395 73452 51570
396 44364 42
397 56460 42
398 64332 42
399 39564 42
400 45612 51570
401 54348 51570
402 30252 51570
403 11628 51570
404 25260 51570
405 38412 51570
406 14124 51570
407 9804 51570
408 19692 51570
409 14988 51570
410 14412 42
411 42 14796
412 46956 51570
413 20940 42
414 14604 42
415 42 24684
416 30540 51570
417 42 24300
418 26316 42
419 65292 51570
420 66060 51570
421 101182 13740
422 78924 42
423 51276 51570
424 46764 51570
425 80748 51570
426 39180 42
427 56364 42
428 56844 42
429 56940 51570
430 35340 51570
431 42 32940
432 29388 51570
433 12588 51570
434 14508 42
435 30636 42
436 60108 51570
437 58284 51570
438 65964 51570
439 49164 51570
440 52332 51570
441 68556 42
442 81516 42
443 78828 42
444 101182 32364
445 69612 51570
446 30540 42
447 101182 25644
448 80556 51570
449 77388 42
450 39948 42
451 57036 42
452 39180 51570
453 42 15180
454 59820 51570
455 64908 51570
456 101182 23340
457 26316 51570
458 67596 51570
459 73836 51570
460 101182 32172
461 69516 51570
462 58668 51570
463 67692 42
464 80460 51570
465 54252 51570
466 60780 42
467 51180 42
468 42 29676
469 56364 51570
470 45516 42
471 45324 42
472 55404 42
473 60300 42
474 14892 51570
475 42 15372
476 42 14892
477 23052 42
478 18060 42
479 42 29580
480 57228 51570
481 67404 51570
482 73548 51570
483 79788 51570
484 68940 51570
485 76908 51570
486 53868 51570
487 54444 42
488 54252 42
489 35532 42
490 42 30060
491 44940 42
492 39468 42
493 36108 42
494 31020 42
495 56556 42
496 33996 42
497 43500 42
498 42 33900
499 19596 51570
500 26028 51570
501 42 30156
502 24972 51570
503 9132 51570
504 21420 51570
505 64236 51570
506 52236 51570
507 52140 51570
508 52044 51570
509 88140 42
510 101182 32268
511 71916 42
512 42 27276
513 54636 42
514 41004 42
515 41676 42
516 35052 42
517 57804 42
518 46188 42
519 71052 42
520 32652 51570
521 11916 51570
522 42 32268
523 33612 42
524 9708 51570
525 25836 51570
526 18348 51570
527 36012 51570
528 11532 42
529 49836 51570
530 63180 42
531 101182 32556
532 101182 34476
533 72972 51570
534 51468 51570
535 33804 42
536 58188 51570
537 59436 42
538 56940 42
539 40812 42
540 55980 42
541 46956 42
542 75948 42
543 42156 42
544 42 33708
545 11724 51570
546 35820 42
547 18636 51570
548 25740 51570
549 17772 42
550 21612 42
551 14700 42
552 11628 42
553 46092 42
554 63372 42
555 63084 42
556 67884 51570
557 34572 42
558 64620 51570
559 64428 42
560 65196 51570
561 65100 51570
562 61356 51570
563 80844 51570
564 72492 51570
565 57996 51570
566 41964 42
567 44460 42
568 35148 42
569 26220 42
570 31596 42
571 33420 42
572 41868 42
573 38028 51570
574 39276 51570
575 19404 51570
576 18444 42
577 52812 42
578 48396 42
579 33036 42
580 46572 42
581 28044 42
582 63564 51570
583 63276 42
584 64044 42
585 101182 31308
586 81228 51570
587 87276 51570
588 43980 42
589 33516 42
590 32460 42
591 56076 42
592 31116 42
593 29964 51570
594 11820 51570
595 29292 51570
596 38604 51570
597 19020 42
598 21420 42
599 42 17100
600 46380 42
601 32940 42
602 46476 42
603 27756 42
604 64716 51570
605 101182 31116
606 82764 51570
607 80364 51570
608 83340 51570
609 86316 51570
610 85932 51570
611 34668 42
612 32556 42
613 33228 42
614 15468 51570
615 29100 51570
616 45708 42
617 75084 51570
618 65196 42
619 63852 42
620 39372 42
621 35628 51570
622 16908 42
623 32748 42
624 25068 42
625 22956 42
626 76428 51570
627 55596 42
628 37164 42
629 9612 51570
630 36300 51570
631 23148 42
632 42 15468
633 52620 42
634 34764 42
635 101182 31404
636 64524 51570
637 55500 42
638 40620 42
639 32076 42
640 57612 42
641 19116 51570
642 30636 51570
643 24972 42
644 24588 42
645 50604 51570
646 34956 42
647 24876 42
648 49932 42
649 101182 31884
650 76236 42
651 66444 42
652 74988 51570
653 75756 51570
654 51180 51570
655 55020 42
656 43596 42
657 35244 42
658 42348 42
659 31980 42
660 31692 42
661 23532 42
662 46668 42
663 44652 42
664 45900 42
665 61644 51570
666 58092 51570
667 39276 42
668 28332 42
669 42636 42
670 54060 42
671 54348 42
672 45804 51570
673 23724 42
674 42 15564
675 15372 42
676 30828 42
677 54540 42
678 30348 42
679 28428 42
680 31884 42
681 34380 51570
682 29580 51570
683 16428 51570
684 21996 51570
685 11244 42
686 42 18540
687 46284 42
688 49452 42
689 101182 31596
690 28236 42
691 30924 42
692 42540 42
693 40236 42
694 30732 42
695 37644 51570
696 38220 51570
697 34572 51570
698 21228 51570
699 20748 42
700 42 16716
701 28140 42
702 13932 42
703 10668 42
704 48588 42
705 45804 42
706 101182 30252
707 101182 31500
708 101182 31212
709 101182 31020
710 101182 31788
711 56652 42
712 27948 42
713 54924 42
714 42732 42
715 42444 42
716 41196 42
717 19884 51570
718 26604 51570
719 20556 42
720 16812 42
721 22668 42
722 9324 42
723 25452 42
724 9228 42
725 45996 42
726 52332 42
727 101182 31692
728 63180 51570
729 57900 42
730 31404 42
731 41388 42
732 37932 42
733 29676 51570
734 27852 42
735 28044 51570
736 11436 51570
737 20076 42
738 17484 42
739 20172 42
740 22764 42
741 42 19500
742 42 19212
743 42 17292
744 45612 42
745 32172 42
746 44844 42
747 69228 51570
748 74892 51570
749 57420 42
750 57228 42
751 55884 42
752 57324 42
753 34956 51570
754 37356 51570
755 26412 51570
756 51084 51570
757 32268 42
758 20364 42
759 17004 42
760 47148 42
761 51468 42
762 49164 42
763 58284 42
764 55788 42
765 35916 42
766 42444 51570
767 19980 42
768 31788 42
769 19308 42
770 24492 42
771 18540 42
772 42 17388
773 42 16812
774 11724 42
775 42 17964
776 42 14988
777 49356 42
778 38124 42
779 40908 42
780 57132 42
781 44556 42
782 57516 42
783 17580 42
784 22476 42
785 20268 42
786 18732 42
787 22284 42
788 10284 42
789 42 17196
790 40716 42
791 12012 42
792 50412 42
793 28620 42
794 31308 42
795 31212 42
796 37644 42
797 37548 42
798 38316 42
799 37356 42
800 34860 42
801 40332 42
802 33132 42
803 53484 42
804 36012 42
805 57708 42
806 17676 42
807 18636 42
808 18348 42
809 11148 42
810 48492 42
811 52524 42
812 40044 42
813 50988 42
814 50316 42
815 51084 42
816 28524 42
817 29292 42
818 31500 42
819 47724 42
820 48204 42
821 50604 42
822 49644 42
823 40428 42
824 21804 42
825 14892 42
826 18924 42
827 8268 42
828 46764 42
829 50796 42
830 26028 42
831 47436 42
832 18828 42
833 15852 42
834 47532 42
835 14988 42
836 11340 42
837 51660 42
838 52428 42
839 46860 42
840 16620 42
841 18156 42
842 17868 42
843 21516 42
844 21708 42
845 47820 42
846 49740 42
847 48780 42
848 50220 42
849 50028 42
850 16524 42
851 16716 42
852 21900 42
853 17100 42
854 20460 42
855 19212 42
856 53004 42
857 20652 42
858 48684 42
859 51852 42
860 47244 42
861 25836 42
862 25932 42
863 42 26892
864 15948 42
865 15084 42
866 17196 42
867 50796 51570
868 52044 42
869 19116 42
870 16044 42
871 14796 42
872 22572 42
873 17388 42
874 18252 42
875 42 22092
876 51276 42
877 48300 42
878 49548 42
879 48972 42
880 51948 42
881 49068 42
882 45516 51570
883 42060 42
884 42 39852
885 90828 42
886 97068 42
887 42 41196
888 88236 51570
889 101182 7884
890 50124 42
891 101182 39276
892 101182 35916
893 42 42732
894 101182 8268
895 101182 10092
896 101182 40236
897 101182 9516
898 42 19884
899 42 20172
900 42 44364
901 44172 42
902 101182 6636
903 6924 42
904 101182 21132
905 42 41292
906 42 12396
907 96780 42
908 42 41004
909 101182 40332
910 101182 36300
911 101182 30924
912 58092 42
913 85644 51570
914 91884 42
915 42 41484
916 42 39180
917 96972 42
918 17292 42
919 42 40908
920 92172 42
921 42 20268
922 101182 15084
923 61260 51570
924 101182 42156
925 101182 9420
926 92364 51570
927 101182 39180
928 101182 36108
929 89676 42
930 96876 42
931 58956 51570
932 68364 51570
933 68556 51570
934 68844 51570
935 42 21900
936 54156 42
937 53868 42
938 53964 42
939 56748 51570
940 57420 51570
941 57996 42
942 61164 42
943 62220 42
944 62604 42
945 65004 42
946 42 21804
947 29388 42
948 29484 42
949 29868 42
950 29676 42
951 53388 42
952 34188 42
953 33612 51570
954 33996 51570
955 31404 51570
956 33228 51570
957 42 21516
958 33420 51570
959 74124 51570
960 74220 51570
961 74028 51570
962 75468 51570
963 81132 51570
964 82284 51570
965 82188 51570
966 79500 51570
967 67788 51570
968 42 21612
969 63852 51570
970 61836 51570
971 77676 51570
972 69708 51570
973 74604 51570
974 60972 51570
975 61548 51570
976 55692 42
977 101182 21804
978 101182 22092
979 15660 42
980 42 21708
981 101182 22188
982 78444 42
983 78348 42
984 78540 42
985 74988 42
986 75084 42
987 74892 42
988 75180 42
989 74796 42
990 74508 42
991 48012 42
992 74412 42
993 73836 42
994 56748 42
995 54828 42
996 43308 42
997 42924 42
998 43116 42
999 43404 42
1000 43212 42
1001 43020 42
1002 50892 42
1003 42828 42
1004 24876 51570
1005 37740 51570
1006 36588 51570
1007 27948 51570
1008 26988 51570
1009 42 40044
1010 42 39756
1011 42 39660
1012 32364 51570
1013 52716 42
1014 32940 51570
1015 28140 51570
1016 47724 51570
1017 51660 51570
1018 47532 51570
1019 42540 51570
1020 39756 51570
1021 42 17772
1022 42 17868
1023 25260 42
1024 50508 42
1025 52908 42
1026 30060 51570
1027 24780 51570
1028 24108 51570
1029 23916 51570
1030 25932 51570
1031 26700 51570
1032 26124 51570
1033 45036 51570
1034 54732 42
1035 51372 42
1036 47916 42
1037 41580 42
1038 31596 51570
1039 58860 51570
1040 53484 51570
1041 55116 51570
1042 54636 51570
1043 34188 51570
1044 33516 51570
1045 34764 51570
1046 46860 51570
1047 56460 51570
1048 62028 51570
1049 54060 51570
1050 53964 51570
1051 35820 51570
1052 36972 51570
1053 45708 51570
1054 26796 51570
1055 42 28812
1056 14508 51570
1057 39468 51570
1058 26508 51570
1059 42 29484
1060 59628 51570
1061 32844 42
1062 25740 42
1063 59532 51570
1064 59436 51570
1065 68460 51570
1066 101182 25452
1067 101182 25548
1068 39372 51570
1069 68652 51570
1070 61068 51570
1071 53676 42
1072 58188 42
1073 53196 42
1074 53580 42
1075 25548 42
1076 27372 42
1077 83244 42
1078 83340 42
1079 31308 51570
1080 39660 51570
1081 38892 51570
1082 16620 51570
1083 16716 51570
1084 26220 51570
1085 61452 51570
1086 53292 42
1087 53772 42
1088 81036 51570
1089 79692 51570
1090 22380 42
1091 38988 51570
1092 79308 51570
1093 79116 51570
1094 24012 51570
1095 27660 42
1096 26124 42
1097 59052 51570
1098 59148 51570
1099 59244 51570
1100 37164 51570
1101 26988 42
1102 39084 51570
1103 29772 42
1104 55308 42
1105 36780 51570
1106 59340 51570
1107 35052 51570
1108 35436 51570
1109 61548 42
1110 60972 42
1111 61452 42
1112 32268 51570
1113 39852 51570
1114 33324 51570
1115 27756 51570
1116 55212 42
1117 42252 42
1118 29484 51570
1119 42732 51570
1120 61164 51570
1121 30156 51570
1122 75564 51570
1123 74796 51570
1124 32844 51570
1125 42828 51570
1126 26508 42
1127 62028 42
1128 60492 42
1129 55116 42
1130 27084 51570
1131 30444 42
1132 21036 42
1133 21228 42
1134 24780 42
1135 33900 51570
1136 42 23532
1137 36684 51570
1138 35916 51570
1139 38700 51570
1140 47340 51570
1141 32748 51570
1142 33036 51570
1143 31500 51570
1144 47052 42
1145 37836 51570
1146 33132 51570
1147 30444 51570
1148 34092 51570
1149 38316 51570
1150 62796 51570
1151 35148 51570
1152 36876 51570
1153 34668 51570
1154 32172 51570
1155 34284 51570
1156 36108 51570
1157 30924 51570
1158 30348 51570
1159 31980 51570
1160 29964 42
1161 30252 42
1162 27180 51570
1163 27372 51570
1164 27276 51570
1165 22956 51570
1166 12876 51570
1167 12972 51570
1168 40044 51570
1169 12780 51570
1170 12684 51570
1171 42 28908
1172 42 29292
1173 42 29196
1174 42 34092
1175 42 34188
1176 42 30828
1177 14604 51570
1178 11340 51570
1179 39564 51570
1180 14796 51570
1181 17484 51570
1182 16908 51570
1183 15372 51570
1184 9516 51570
1185 11244 51570
1186 17964 51570
1187 23820 51570
1188 23724 51570
1189 21900 51570
1190 63564 42
1191 56652 51570
1192 28908 51570
1193 29004 51570
1194 27852 51570
1195 28812 51570
1196 29196 51570
1197 24204 51570
1198 24300 51570
1199 24588 51570
1200 24396 51570
1201 24108 42
1202 34284 42
1203 24492 51570
1204 27468 51570
1205 27564 51570
1206 27660 51570
1207 28716 51570
1208 35244 51570
1209 31788 51570
1210 34476 51570
1211 48300 51570
1212 41964 51570
1213 34380 42
1214 41676 51570
1215 41484 51570
1216 41388 51570
1217 55884 51570
1218 48780 51570
1219 48492 51570
1220 42060 51570
1221 41772 51570
1222 41580 51570
1223 40236 51570
1224 34476 42
1225 40332 51570
1226 40428 51570
1227 40524 51570
1228 14220 51570
1229 11148 51570
1230 20076 51570
1231 9036 51570
1232 19980 51570
1233 19212 51570
1234 14412 51570
1235 29772 51570
1236 16524 51570
1237 9420 51570
1238 21324 51570
1239 17100 51570
1240 10188 42
1241 9996 42
1242 42 15660
1243 42 16140
1244 27084 42
1245 42 16908
1246 37260 51570
1247 10092 42
1248 9804 42
1249 42 17484
1250 42 17580
1251 42 17676
1252 24300 42
1253 24204 42
1254 36204 51570
1255 24396 42
1256 25164 42
1257 37452 51570
1258 26604 42
1259 67308 42
1260 67500 42
1261 66924 42
1262 67596 42
1263 49260 42
1264 47436 51570
1265 42 23052
1266 52140 42
1267 47340 42
1268 36396 51570
1269 45420 42
1270 44748 42
1271 45228 42
1272 45132 42
1273 45036 42
1274 52236 42
1275 50700 42
1276 43692 42
1277 43884 42
1278 44652 51570
1279 56844 51570
1280 46668 51570
1281 24012 42
1282 23628 42
1283 23436 42
1284 39660 42
1285 39852 42
1286 34860 51570
1287 40140 42
1288 39756 42
1289 38508 42
1290 47148 51570
1291 38604 42
1292 23244 42
1293 23340 42
1294 42 19404
1295 42 19308
1296 42 19692
1297 42 19596
1298 42 19788
1299 42 20940
1300 42 20844
1301 47244 51570
1302 42 20556
1303 42 20460
1304 42 20748
1305 42 20652
1306 29004 42
1307 28716 42
1308 28908 42
1309 28812 42
1310 29100 42
1311 27564 42
1312 24684 42
1313 28332 51570
1314 27468 42
1315 27276 42
1316 27180 42
1317 25644 42
1318 20172 51570
1319 12396 51570
1320 11052 51570
1321 23148 51570
1322 22860 51570
1323 23052 51570
1324 28236 51570
1325 40812 51570
1326 40716 51570
1327 40620 51570
1328 40140 51570
1329 39948 51570
1330 37068 42
1331 36780 42
1332 36492 42
1333 36204 42
1334 36972 42
1335 13644 51570
1336 37260 42
1337 38700 42
1338 39084 42
1339 38796 42
1340 38892 42
1341 51372 51570
1342 50220 51570
1343 52428 51570
1344 49068 51570
1345 48588 51570
1346 32652 42
1347 48204 51570
1348 49452 51570
1349 56076 51570
1350 56172 51570
1351 56268 51570
1352 42252 51570
1353 42156 51570
1354 48876 51570
1355 48684 51570
1356 48972 51570
1357 32364 42
1358 77868 51570
1359 78348 51570
1360 78444 51570
1361 90444 51570
1362 90732 51570
1363 90540 51570
1364 90636 51570
1365 90348 51570
1366 90252 51570
1367 90156 51570
1368 10956 51570
1369 81708 51570
1370 81324 51570
1371 81516 51570
1372 81612 51570
1373 31116 51570
1374 31692 51570
1375 28428 51570
1376 57132 51570
1377 55980 51570
1378 55596 51570
1379 15084 51570
1380 56556 51570
1381 55692 51570
1382 55404 51570
1383 25356 51570
1384 25644 51570
1385 25548 51570
1386 25452 51570
1387 18444 51570
1388 12012 51570
1389 33804 51570
1390 42 39948
1391 46572 51570
1392 60876 51570
1393 60684 51570
1394 60588 51570
1395 60780 51570
1396 60300 51570
1397 60204 51570
1398 19500 51570
1399 18732 51570
1400 20460 51570
1401 42 32460
1402 10860 51570
1403 17772 51570
1404 17004 51570
1405 16044 51570
1406 13836 51570
1407 17292 51570
1408 18540 51570
1409 42 29772
1410 28620 51570
1411 28524 51570
1412 10764 51570
1413 38508 51570
1414 37548 51570
1415 65292 42
1416 50124 51570
1417 51564 51570
1418 38796 51570
1419 33708 51570
1420 32076 51570
1421 37068 51570
1422 32556 51570
1423 16236 42
1424 12492 51570
1425 38124 51570
1426 36492 51570
1427 30732 51570
1428 31020 51570
1429 31212 51570
1430 35724 51570
1431 82476 51570
1432 81420 51570
1433 80940 51570
1434 31884 51570
1435 12204 51570
1436 35532 51570
1437 74700 51570
1438 68268 51570
1439 68172 51570
1440 68076 51570
1441 67692 51570
1442 65004 51570
1443 63660 51570
1444 64140 51570
1445 58572 51570
1446 12108 51570
1447 58764 51570
1448 38028 42
1449 36876 42
1450 36588 42
1451 36684 42
1452 64716 42
1453 62700 42
1454 61356 42
1455 62988 42
1456 63660 42
1457 12300 51570
1458 60396 42
1459 72684 51570
1460 41292 51570
1461 40908 51570
1462 41004 51570
1463 41100 51570
1464 41196 51570
1465 41868 51570
1466 42636 51570
1467 47820 51570
1468 15852 51570
1469 49644 51570
1470 48108 51570
1471 20844 42
1472 21132 42
1473 22188 42
1474 22092 42
1475 21996 42
1476 37740 42
1477 57804 51570
1478 37932 51570
1479 24684 51570
1480 57612 51570
1481 54924 51570
1482 55308 51570
1483 55212 51570
1484 10668 51570
1485 22764 51570
1486 45228 51570
1487 30060 42
1488 30156 42
1489 17580 51570
1490 21036 51570
1491 15276 51570
1492 10572 51570
1493 15756 51570
1494 15660 51570
1495 13548 51570
1496 16140 51570
1497 22380 51570
1498 9324 51570
1499 8940 51570
1500 23436 51570
1501 19020 51570
1502 44076 51570
1503 43788 51570
1504 44748 51570
1505 13260 51570
1506 21612 51570
1507 22572 51570
1508 10476 51570
1509 23628 51570
1510 43596 51570
1511 43500 51570
1512 20940 51570
1513 43404 51570
1514 43308 51570
1515 43020 51570
1516 45996 51570
1517 43212 51570
1518 42924 51570
1519 44556 51570
1520 44172 51570
1521 44460 51570
1522 44364 51570
1523 21132 51570
1524 44268 51570
1525 53004 51570
1526 43116 51570
1527 18060 51570
1528 14028 51570
1529 17868 51570
1530 10380 51570
1531 20364 51570
1532 20748 51570
1533 13932 51570
1534 16140 42
1535 81804 51570
1536 9900 42
1537 42 15756
1538 42 16044
1539 42 17004
1540 25356 42
1541 23916 42
1542 23820 42
1543 52908 51570
1544 55500 51570
1545 67116 42
1546 49356 51570
1547 52524 51570
1548 52620 51570
1549 52716 51570
1550 54540 51570
1551 51852 51570
1552 51948 51570
1553 46380 51570
1554 46188 51570
1555 46476 51570
1556 38412 42
1557 49260 51570
1558 57036 51570
1559 50892 51570
1560 50988 51570
1561 54828 51570
1562 54732 51570
1563 49548 51570
1564 38220 42
1565 50316 51570
1566 50508 51570
1567 50412 51570
1568 45900 51570
1569 26700 42
1570 26796 42
1571 26892 42
1572 53676 51570
1573 53100 51570
1574 53196 51570
1575 53292 51570
1576 68268 42
1577 42 21324
1578 42 21228
1579 45420 51570
1580 42 21036
1581 42 21132
1582 62412 42
1583 62124 42
1584 62508 42
1585 63756 42
1586 61836 42
1587 78156 42
1588 78252 42
1589 78636 42
1590 47628 51570
1591 66828 51570
1592 49740 51570
1593 49932 51570
1594 57516 51570
1595 57324 51570
1596 58764 42
1597 52812 51570
1598 70188 51570
1599 69036 51570
1600 69324 51570
1601 44940 51570
1602 69132 51570
1603 66924 51570
1604 63948 42
1605 62316 42
1606 61740 42
1607 62892 42
1608 57900 51570
1609 76716 51570
1610 44844 51570
1611 72876 51570
1612 45132 51570
1613 72780 51570
1614 63948 51570
1615 64044 51570
1616 64332 51570
1617 64428 51570
1618 63756 51570
1619 64812 51570
1620 75372 51570
1621 75180 51570
1622 75276 51570
1623 45324 51570
1624 58476 51570
1625 58380 51570
1626 36300 42
1627 36396 42
1628 88908 51570
1629 89100 51570
1630 69708 42
1631 69900 42
1632 69804 42
1633 35340 42
1634 50028 51570
1635 35436 42
1636 60492 51570
1637 60396 51570
1638 60012 51570
1639 66732 51570
1640 46092 51570
1641 35724 42
1642 35628 42
1643 33900 42
1644 33708 42
1645 16428 42
1646 47916 51570
1647 55788 51570
1648 70476 51570
1649 70572 51570
1650 70380 51570
1651 81900 51570
1652 86028 51570
1653 86124 51570
1654 86220 51570
1655 78156 51570
1656 78060 51570
1657 48012 51570
1658 70668 51570
1659 68748 51570
1660 69996 51570
1661 70092 51570
1662 69804 51570
1663 69420 51570
1664 48396 51570
1665 60204 42
1666 38988 42
1667 37836 42
1668 37452 42
1669 42 24012
1670 19596 42
1671 19788 42
1672 19692 42
1673 19884 42
1674 19500 42
1675 42 18348
1676 42 25068
1677 42 24876
1678 42 24972
1679 43980 51570
1680 42 24780
1681 42 22764
1682 42 21420
1683 59148 42
1684 64524 42
1685 65100 42
1686 53580 51570
1687 53388 51570
1688 51756 51570
1689 53772 51570
1690 43692 51570
1691 55020 51570
1692 54156 51570
1693 58956 42
1694 59820 42
1695 58668 42
1696 60588 42
1697 42 21996
1698 19404 42
1699 17964 42
1700 42 18828
1701 18924 51570
1702 42 20364
1703 14220 42
1704 13068 42
1705 12108 42
1706 12204 42
1707 42 16524
1708 42 16620
1709 42 15852
1710 42 15948
1711 42 28332
1712 22188 51570
1713 42 19116
1714 42 18444
1715 9708 42
1716 42 18732
1717 42 18924
1718 8748 51570
1719 20844 51570
1720 10284 51570
1721 23532 51570
1722 22092 51570
1723 15948 51570
1724 62604 51570
1725 62220 51570
1726 62316 51570
1727 62124 51570
1728 62412 51570
1729 62508 51570
1730 62700 51570
1731 62892 51570
1732 23244 51570
1733 76044 51570
1734 9132 42
1735 76140 51570
1736 83532 51570
1737 83628 51570
1738 83724 51570
1739 83436 51570
1740 42 27180
1741 64140 42
1742 58572 42
1743 58860 42
1744 59340 42
1745 42 16236
1746 18828 51570
1747 21708 51570
1748 21804 51570
1749 16332 51570
1750 20556 51570
1751 8844 51570
1752 15180 51570
1753 15564 51570
1754 10188 51570
1755 18156 51570
1756 59532 42
1757 42 16332
1758 17388 51570
1759 21516 51570
1760 13452 51570
1761 62988 51570
1762 60684 42
1763 67404 42
1764 67212 42
1765 59628 42
1766 59916 42
1767 68364 42
1768 42 16428
1769 68172 42
1770 14316 42
1771 14124 42
1772 69228 42
1773 69132 42
1774 75852 51570
1775 69996 42
1776 77964 51570
1777 78252 51570
1778 70284 51570
1779 15756 42
1780 69900 51570
1781 14028 42
1782 62796 42
1783 61932 42
1784 42 22956
1785 59052 42
1786 60876 42
1787 13836 42
1788 13740 42
1789 42 18252
1790 15276 42
1791 20268 51570
1792 20652 51570
1793 63084 51570
1794 63276 51570
1795 63372 51570
1796 67020 51570
1797 71148 51570
1798 101182 22668
1799 101182 22476
1800 22476 51570
1801 15468 42
1802 10092 51570
1803 13356 51570
1804 16812 51570
1805 65388 51570
1806 22284 51570
1807 9996 51570
1808 22668 51570
1809 42 29100
1810 64236 42
1811 61260 42
1812 15564 42
1813 61644 42
1814 42 23724
1815 42 31596
1816 42 23820
1817 42 31500
1818 59724 42
1819 58380 42
1820 19308 51570
1821 9228 51570
1822 23340 51570
1823 13644 42
1824 65484 51570
1825 65580 51570
1826 67020 42
1827 67500 51570
1828 42 22860
1829 13548 42
1830 64812 42
1831 59244 42
1832 64620 42
1833 58476 42
1834 13452 42
1835 65676 51570
1836 65772 51570
1837 65868 51570
1838 14700 51570
1839 66252 51570
1840 66348 51570
1841 42 28716
1842 42 29004
1843 13164 51570
1844 42 19020
1845 13356 42
1846 63468 42
1847 9900 51570
1848 18252 51570
1849 13068 51570
1850 61068 42
1851 60108 42
1852 42 24204
1853 101182 22572
1854 66444 51570
1855 83436 42
1856 16332 42
1857 101182 22380
1858 86604 51570
1859 42 18636
1860 19788 51570
1861 42 22284
1862 42 20076
1863 66540 51570
1864 101182 20652
1865 101182 32460
1866 42 24108
