0 22134 11220
1 1932 6495
2 42183 10080
3 42970 10665
4 10375 17492
5 39306 13376
6 42214 9180
7 11070 20475
8 10813 15457
9 9515 16110
10 8838 15975
11 9486 13927
12 9423 14745
13 43159 4320
14 15030 16935
15 16203 17145
16 17091 17685
17 16569 15705
18 17758 16547
19 42696 10035
20 42827 16065
21 42735 14445
22 1780 4127
23 42031 12439
24 35434 16173
25 42943 6480
26 42808 9180
27 20304 11745
28 27247 15390
29 41229 13041
30 42930 11205
31 42438 12825
32 28714 21195
33 29286 21375
34 28593 21465
35 28822 21735
36 12119 12516
37 12744 13365
38 11138 11586
39 10005 12507
40 9945 10575
41 9522 11340
42 37463 17292
43 3395 2565
44 2511 13157
45 42241 17415
46 30016 9351
47 30564 20745
48 32238 20250
49 31428 20317
50 30852 4205
51 25326 2767
52 40421 18657
53 32620 21163
54 33534 21825
55 34128 22005
56 30483 21870
57 31374 21937
58 29983 21600
59 34265 20758
60 1518 14310
61 34492 21600
62 42595 17955
63 27502 20223
64 27297 21465
65 26689 21330
66 24688 4758
67 23166 4995
68 23675 3182
69 23868 3982
70 28252 20331
71 26915 20216
72 25787 19278
73 23814 19035
74 2021 5380
75 24664 19845
76 26137 3490
77 29376 1620
78 29070 1755
79 28225 3213
80 2200 4590
81 23328 1692
82 22437 1215
83 24529 2025
84 42288 20860
85 41545 21619
86 42930 19980
87 37619 21423
88 3866 2727
89 27211 14322
90 26460 13815
91 28518 15525
92 36312 20745
93 29088 14625
94 28333 17388
95 27144 18540
96 28206 18720
97 29592 17475
98 27358 16373
99 2241 14580
100 36459 21465
101 36000 21915
102 1440 9225
103 39391 21465
104 1914 11490
105 1899 9495
106 8208 10935
107 7826 11745
108 5697 11475
109 6765 12420
110 5292 11745
111 5874 13444
112 4676 12933
113 7045 14698
114 6669 15498
115 4014 11205
116 1680 15525
117 3618 10703
118 3807 12015
119 20549 12658
120 19433 13323
121 21591 13365
122 19062 14625
123 17109 11340
124 17379 12510
125 16605 12150
126 17328 14145
127 16674 14522
128 17628 13392
129 18558 12870
130 1498 8640
131 2910 11421
132 3243 6821
133 2633 10296
134 1633 2385
135 2538 10800
136 40059 6525
137 37584 7290
138 37116 5790
139 38433 7908
140 36510 8572
141 38452 6840
142 38897 5142
143 35808 5467
144 37158 4657
145 38556 5940
146 2583 12285
147 2761 7849
148 3093 8350
149 7247 18032
150 8968 18931
151 9342 19305
152 8352 17235
153 7863 16335
154 6274 16875
155 6196 16267
156 7425 22005
157 7425 19440
158 5008 7290
159 8653 9315
160 7554 9675
161 7735 10530
162 6885 9855
163 5922 8730
164 5157 8685
165 6309 8865
166 7146 8145
167 5238 9405
168 5256 10755
169 20182 15660
170 20839 16937
171 18927 15795
172 19345 17212
173 20790 14782
174 21222 15795
175 18751 16605
176 1404 7020
177 4293 5373
178 6012 21161
179 6117 19417
180 5022 18117
181 4914 18803
182 5091 20037
183 7320 20539
184 4581 5895
185 38812 18360
186 38704 19845
187 39347 19980
188 38326 19035
189 37489 18090
190 37557 19710
191 22531 20265
192 40374 19575
193 41042 18993
194 41674 18630
195 42498 19305
196 25051 21780
197 4538 1779
198 33547 17145
199 26325 22005
200 11345 19962
201 34689 18387
202 35199 17010
203 33817 18225
204 34063 16551
205 36487 17847
206 35601 18726
207 36171 19143
208 14026 11802
209 14401 10773
210 17763 19688
211 13195 12477
212 14975 14000
213 12299 16833
214 14073 15165
215 15572 15052
216 12060 14025
217 12983 14175
218 12785 16023
219 10611 19845
220 13419 17505
221 22712 19629
222 23511 21465
223 24304 15696
224 22689 16905
225 25528 21195
226 25588 17528
227 24705 16389
228 23328 16177
229 26343 17325
230 25222 15480
231 24718 21600
232 23071 20925
233 23783 20418
234 11772 18630
235 15475 19372
236 4347 21357
237 1788 20756
238 2639 21195
239 3310 20088
240 3780 19197
241 2310 19282
242 35896 13635
243 34033 15795
244 17075 4682
245 35289 13905
246 36612 12420
247 36443 16065
248 35740 15795
249 36679 14715
250 34978 14715
251 33728 13635
252 33621 14917
253 18117 2376
254 16880 1620
255 15737 2912
256 16848 20405
257 17793 1215
258 15368 4455
259 16902 3452
260 20998 2982
261 21768 1822
262 20381 4493
263 8478 1836
264 7794 4455
265 18603 4623
266 19568 3105
267 8255 2565
268 9313 5110
269 10256 2475
270 11529 1485
271 8710 3728
272 19912 1890
273 15950 20857
274 16834 6480
275 17998 6129
276 19251 5727
277 15717 10009
278 14576 9203
279 16335 9146
280 15879 11272
281 15636 12632
282 15832 11610
283 12081 2505
284 11178 2835
285 13392 5535
286 13905 5895
287 14442 4798
288 14379 3465
289 13038 3150
290 13778 1917
291 15133 1687
292 11115 4905
293 12501 4671
294 12438 4005
295 11210 3861
296 10597 5400
297 17267 19076
298 20425 18832
299 13277 21067
300 18549 18765
301 42768 12555
302 36927 11925
303 39838 13230
304 40077 12690
305 11550 20277
306 38731 12096
307 39051 14125
308 39948 14252
309 39008 13230
310 37388 13702
311 38032 14175
312 37945 11178
313 38769 9585
314 37719 9652
315 36720 10260
316 39956 9855
317 39973 11151
318 3591 16759
319 3295 17164
320 4925 16720
321 4469 15317
322 4384 14276
323 3631 13635
324 11340 19073
325 13273 18931
326 15876 18360
327 33769 11853
328 34550 11180
329 35559 12217
330 34630 10053
331 33333 9075
332 34718 8775
333 35886 11145
334 30996 10665
335 32222 10973
336 32356 11508
337 32265 10260
338 17658 18225
339 17489 19170
340 9188 20763
341 8802 20790
342 8626 21870
343 7974 21465
344 11326 21510
345 10967 9288
346 12476 10311
347 10931 7830
348 11790 9045
349 12930 8721
350 10334 8640
351 12360 7635
352 13594 8100
353 10782 10395
354 10368 7290
355 38912 16281
356 37656 16740
357 37962 15457
358 38205 15322
359 38205 17685
360 38884 17730
361 40144 16425
362 40311 17516
363 41184 17775
364 15066 21870
365 2635 1755
366 15660 21802
367 9720 22005
368 13816 20732
369 30257 15500
370 29340 13185
371 30649 13217
372 29754 13770
373 31887 13567
374 31277 14495
375 32253 15139
376 31792 16065
377 14310 21735
378 31977 3330
379 41214 8343
380 34558 2983
381 34322 3753
382 36770 2953
383 36011 2092
384 36598 1620
385 30087 18927
386 42943 7830
387 40640 7857
388 30846 17456
389 31131 16470
390 32232 17307
391 32782 17865
392 31330 19143
393 32334 19185
394 30240 1485
395 31286 2227
396 33561 1586
397 31362 1515
398 32062 2430
399 4019 3876
400 37071 1350
401 34965 1350
402 35874 1755
403 3071 4185
404 25447 1350
405 26430 1755
406 25866 4320
407 27310 3375
408 28386 1305
409 30669 1635
410 27351 1215
411 29700 2908
412 38439 6525
413 40599 8595
414 41890 10125
415 41589 8235
416 38326 1485
417 39208 2160
418 40537 2133
419 39933 3307
420 39069 1957
421 40698 1665
422 41391 6480
423 1575 1485
424 40095 3213
425 39852 2025
426 40738 3600
427 40851 4590
428 40311 5187
429 41161 5670
430 22109 18765
431 42018 4270
432 42447 2745
433 38218 5697
434 41634 3375
435 22437 22005
436 41040 2565
437 20747 20829
438 42210 6075
439 42602 5419
440 41823 5535
441 1613 5332
442 17887 22005
443 9409 21870
444 20277 21465
445 12069 21735
446 20998 21121
447 19339 21040
448 18147 21532
449 22207 21600
450 20155 18360
451 39352 17145
452 42552 16875
453 36999 16245
454 20466 19710
455 9132 23193
456 8844 23193
457 29388 42
458 29580 42
459 22188 42
460 30156 42
461 30060 42
462 30732 42
463 37740 42
464 30252 42
465 35628 42
466 31212 42
467 30348 42
468 30540 23193
469 30636 42
470 32652 42
471 31308 42
472 31596 42
473 32940 23193
474 32556 23193
475 32844 23193
476 33036 23193
477 31788 23193
478 33420 23193
479 35340 23193
480 33324 23193
481 33900 23193
482 35244 23193
483 30828 23193
484 31116 23193
485 31404 23193
486 32364 23193
487 32076 23193
488 32268 23193
489 30156 23193
490 32748 23193
491 35052 23193
492 34284 23193
493 34188 23193
494 33228 23193
495 34860 23193
496 34764 23193
497 33612 23193
498 34092 23193
499 33708 23193
500 33804 23193
501 33996 23193
502 44427 18060
503 44427 13356
504 34380 23193
505 44427 15084
506 44427 12780
507 44427 16524
508 44427 13452
509 44427 14604
510 44427 12396
511 29100 23193
512 27180 23193
513 27468 23193
514 26604 23193
515 27276 23193
516 26892 23193
517 26988 23193
518 27084 23193
519 23148 23193
520 22380 42
521 24108 42
522 23916 42
523 24012 42
524 24396 42
525 24780 42
526 24588 42
527 26220 23193
528 27372 23193
529 24684 42
530 26316 23193
531 26412 23193
532 26124 23193
533 27756 23193
534 25932 23193
535 26700 23193
536 23436 23193
537 22572 23193
538 28236 23193
539 24108 23193
540 28332 23193
541 24684 23193
542 24876 23193
543 25260 23193
544 27852 23193
545 23244 42
546 28620 42
547 22476 42
548 28524 42
549 24876 42
550 23532 42
551 28428 42
552 23340 42
553 23820 42
554 28236 42
555 28716 42
556 29004 42
557 28812 42
558 23052 42
559 28140 42
560 28332 42
561 24972 42
562 26988 42
563 23724 42
564 23436 42
565 23628 42
566 23148 42
567 22956 42
568 22860 42
569 22764 42
570 22572 42
571 22668 42
572 24300 42
573 24204 42
574 25164 42
575 25260 42
576 25068 42
577 24492 42
578 26796 42
579 38220 23193
580 44427 21324
581 38124 23193
582 44427 20076
583 44427 21132
584 44427 20748
585 44427 19980
586 44427 20172
587 44427 21036
588 38412 23193
589 44427 21420
590 44427 20844
591 44427 21228
592 44427 20940
593 44427 20652
594 44427 20556
595 44427 20460
596 44427 20364
597 37068 23193
598 36972 23193
599 36588 23193
600 36780 23193
601 36876 23193
602 37164 23193
603 37356 23193
604 35532 23193
605 36492 23193
606 36396 23193
607 35724 23193
608 35916 23193
609 35820 23193
610 35628 23193
611 35436 23193
612 42 2316
613 44427 16428
614 44427 14220
615 44427 12588
616 42 1740
617 9036 23193
618 7116 23193
619 42 16140
620 12300 23193
621 42 15564
622 42 14796
623 42 15372
624 7020 23193
625 9420 23193
626 42 876
627 42 2124
628 44427 16044
629 42 780
630 42 15468
631 42 15084
632 13932 23193
633 18348 42
634 15948 23193
635 27084 42
636 30252 23193
637 12492 23193
638 17868 42
639 44427 10188
640 44427 13260
641 43020 42
642 36876 42
643 13068 23193
644 11532 42
645 16332 23193
646 44427 15948
647 44427 11916
648 42060 42
649 44427 17868
650 25356 42
651 9132 42
652 14028 42
653 15084 23193
654 44427 11628
655 10668 42
656 11532 23193
657 44427 7404
658 42 15276
659 42 14892
660 44427 12012
661 5100 23193
662 33132 23193
663 41580 42
664 27660 23193
665 17676 42
666 42732 42
667 10860 23193
668 39948 42
669 12108 23193
670 16908 23193
671 44427 9804
672 18540 42
673 6924 23193
674 5196 23193
675 44427 9132
676 13836 42
677 44427 10092
678 26796 23193
679 25452 42
680 42348 42
681 41100 42
682 41292 42
683 18348 23193
684 18636 42
685 44427 15372
686 42 13068
687 44427 17196
688 44427 13836
689 8748 23193
690 9420 42
691 27948 23193
692 42 15180
693 7596 42
694 42 10572
695 12588 42
696 12684 42
697 36108 42
698 13836 23193
699 12876 23193
700 33516 42
701 44427 14988
702 44427 8748
703 42 12876
704 42 12780
705 12012 23193
706 27564 23193
707 40524 42
708 11916 23193
709 36012 42
710 41676 42
711 13932 42
712 18444 42
713 31500 23193
714 40812 42
715 42 12300
716 42 12684
717 21132 42
718 42 13740
719 14700 42
720 34668 23193
721 19404 42
722 33708 42
723 41004 42
724 10284 42
725 44427 12492
726 13260 23193
727 10476 42
728 12396 23193
729 9228 42
730 11628 23193
731 34476 23193
732 8844 42
733 17004 23193
734 44427 10284
735 9036 42
736 19596 42
737 19500 42
738 15660 42
739 8460 23193
740 41196 42
741 42444 42
742 9612 23193
743 7788 42
744 34572 23193
745 25548 42
746 12972 23193
747 44427 12300
748 11628 42
749 12204 23193
750 10380 42
751 14124 23193
752 9900 23193
753 44427 17964
754 44427 14412
755 17964 23193
756 40236 42
757 44427 13644
758 9324 42
759 12684 23193
760 18732 42
761 44427 14700
762 19116 42
763 10572 42
764 19212 42
765 44427 17004
766 17580 23193
767 42 16332
768 33516 23193
769 19020 42
770 42 15660
771 26508 23193
772 16524 23193
773 10956 23193
774 42 12972
775 22284 42
776 18924 42
777 12780 42
778 20076 42
779 8940 42
780 16236 23193
781 12492 42
782 13452 23193
783 42 10956
784 19308 42
785 44427 15756
786 18828 42
787 42 10668
788 42 1452
789 37260 23193
790 14988 23193
791 15468 23193
792 29772 42
793 19980 42
794 42252 42
795 34956 23193
796 44427 20268
797 35148 23193
798 44427 15468
799 42 2892
800 42 3084
801 42 2988
802 42 2220
803 42 2700
804 42 2796
805 42 2604
806 42 3180
807 42 2412
808 42 2508
809 42 1356
810 42 1932
811 42 1164
812 42 1836
813 42 1068
814 42 2028
815 42 1548
816 42 1644
817 42 972
818 42 1260
819 42 13548
820 42 3468
821 42 3756
822 42 4524
823 42 3660
824 42 3276
825 42 4908
826 42 5100
827 42 3564
828 42 4332
829 42 4236
830 42 4044
831 42 3852
832 42 4620
833 42 5196
834 42 5004
835 42 5292
836 42 3948
837 42 3372
838 42 5964
839 42 6060
840 42 6156
841 42 13644
842 42 13836
843 42 13932
844 42 14028
845 42 14124
846 42 14220
847 42 14316
848 42 14412
849 42 14508
850 42 14604
851 42 14700
852 42 14988
853 42 4812
854 42 4716
855 42 15756
856 42 4428
857 42 15852
858 42 15948
859 42 4140
860 42 16044
861 42 9516
862 42 9228
863 42 9612
864 42 11340
865 42 11244
866 42 11052
867 42 11628
868 42 9900
869 42 8940
870 42 9804
871 42 9708
872 42 13452
873 42 6924
874 42 11916
875 42 8556
876 42 12108
877 42 9420
878 42 9132
879 42 9036
880 42 11148
881 42 12492
882 42 7596
883 42 13356
884 42 12204
885 42 12012
886 42 8652
887 16620 23193
888 42 8460
889 42 9324
890 42 11532
891 42 8268
892 42 11436
893 42 8844
894 42 7116
895 42 9996
896 42 10284
897 42 10476
898 42 10188
899 42 10764
900 42 10092
901 42 10380
902 42 10860
903 42 12588
904 42 12396
905 42 13260
906 42 8748
907 42 7404
908 42 7788
909 42 7884
910 42 7692
911 42 7212
912 42 7020
913 42 13164
914 42 7980
915 42 8076
916 42 8172
917 42 8364
918 42 7308
919 42 6252
920 42 6444
921 42 7500
922 42 6348
923 42 6636
924 42 6540
925 42 6828
926 42 6732
927 42 5868
928 42 5772
929 42 5676
930 42 5388
931 42 5484
932 42 5580
933 24780 23193
934 24396 23193
935 24300 23193
936 28428 23193
937 28044 23193
938 24972 23193
939 28140 23193
940 25452 23193
941 25356 23193
942 25836 23193
943 10284 23193
944 11820 23193
945 19212 23193
946 9516 23193
947 16140 23193
948 19404 23193
949 24204 23193
950 24012 23193
951 23820 23193
952 11436 23193
953 23340 23193
954 23628 23193
955 25068 23193
956 25644 23193
957 25548 23193
958 25740 23193
959 26028 23193
960 25164 23193
961 23724 23193
962 23244 23193
963 23916 23193
964 23532 23193
965 11340 23193
966 14892 23193
967 5676 23193
968 20268 23193
969 10476 23193
970 7788 23193
971 18060 23193
972 17868 23193
973 6348 23193
974 20940 23193
975 6156 23193
976 7692 23193
977 9324 23193
978 17292 23193
979 21996 23193
980 22764 23193
981 23052 23193
982 21420 23193
983 7596 23193
984 13644 23193
985 11052 23193
986 13548 23193
987 6444 23193
988 12588 23193
989 21804 23193
990 9996 23193
991 6060 23193
992 18540 23193
993 6828 23193
994 16428 23193
995 10572 23193
996 14700 23193
997 10188 23193
998 17196 23193
999 8268 23193
1000 10380 23193
1001 11244 23193
1002 19884 23193
1003 10668 23193
1004 20748 23193
1005 18444 23193
1006 16716 23193
1007 11724 23193
1008 8556 23193
1009 10092 23193
1010 13740 23193
1011 18924 23193
1012 9804 23193
1013 14604 23193
1014 18252 23193
1015 22380 23193
1016 17772 23193
1017 19308 23193
1018 5388 23193
1019 15564 23193
1020 5580 23193
1021 15372 23193
1022 9228 23193
1023 7212 23193
1024 7404 23193
1025 14028 23193
1026 12780 23193
1027 8172 23193
1028 11148 23193
1029 7884 23193
1030 14508 23193
1031 5964 23193
1032 14796 23193
1033 17388 23193
1034 10764 23193
1035 15276 23193
1036 8076 23193
1037 17676 23193
1038 18828 23193
1039 15756 23193
1040 6636 23193
1041 9708 23193
1042 17484 23193
1043 13164 23193
1044 19500 23193
1045 19020 23193
1046 19980 23193
1047 7500 23193
1048 14412 23193
1049 6540 23193
1050 15852 23193
1051 35148 42
1052 32556 42
1053 32268 42
1054 32172 42
1055 31788 42
1056 37644 42
1057 31404 42
1058 37452 42
1059 37068 42
1060 33900 42
1061 33036 42
1062 34572 42
1063 36780 42
1064 33612 42
1065 37356 42
1066 34764 42
1067 35532 42
1068 35436 42
1069 34860 42
1070 36492 42
1071 34956 42
1072 35820 42
1073 35244 42
1074 44427 7788
1075 44427 7500
1076 44427 8268
1077 44427 17388
1078 37548 42
1079 34092 42
1080 35052 42
1081 34284 42
1082 30540 42
1083 30444 42
1084 31116 42
1085 31980 42
1086 37164 42
1087 32364 42
1088 32844 42
1089 37260 42
1090 32460 42
1091 44427 14892
1092 32076 42
1093 36588 42
1094 33228 42
1095 33804 42
1096 30924 42
1097 31692 42
1098 30828 42
1099 31020 42
1100 31884 42
1101 31500 42
1102 32748 42
1103 35340 42
1104 34476 42
1105 33420 42
1106 36972 42
1107 34668 42
1108 34380 42
1109 33132 42
1110 32940 42
1111 34188 42
1112 33996 42
1113 36684 42
1114 36396 42
1115 35916 42
1116 35724 42
1117 36204 42
1118 36300 42
1119 33324 42
1120 25740 42
1121 25932 42
1122 26604 42
1123 26412 42
1124 25644 42
1125 26124 42
1126 26028 42
1127 25836 42
1128 26508 42
1129 26316 42
1130 26220 42
1131 26892 42
1132 27372 42
1133 27564 42
1134 28044 42
1135 27948 42
1136 27852 42
1137 26700 42
1138 27468 42
1139 27180 42
1140 27660 42
1141 27276 42
1142 27756 42
1143 28908 42
1144 29100 42
1145 29676 42
1146 29964 42
1147 29292 42
1148 29196 42
1149 29484 42
1150 29868 42
1151 44427 9228
1152 44427 11148
1153 44427 7884
1154 44427 10764
1155 44427 9420
1156 44427 9324
1157 44427 11724
1158 44427 8364
1159 44427 10380
1160 44427 11532
1161 44427 8172
1162 44427 13068
1163 39180 42
1164 39372 42
1165 39276 42
1166 39660 42
1167 41388 42
1168 40140 42
1169 39468 42
1170 40428 42
1171 39564 42
1172 40620 42
1173 42156 42
1174 39852 42
1175 44427 9036
1176 44427 7020
1177 44427 7980
1178 44427 7308
1179 44427 6636
1180 39756 42
1181 42828 42
1182 42924 42
1183 42636 42
1184 41772 42
1185 42540 42
1186 41484 42
1187 40716 42
1188 40332 42
1189 41868 42
1190 40044 42
1191 41964 42
1192 40908 42
1193 44427 4908
1194 44427 5100
1195 44427 780
1196 44427 3852
1197 44427 3948
1198 44427 3660
1199 44427 3756
1200 44427 4044
1201 44427 1068
1202 44427 6060
1203 44427 5964
1204 44427 5484
1205 44427 5388
1206 44427 5004
1207 44427 4620
1208 22956 23193
1209 44427 876
1210 44427 1740
1211 44427 2124
1212 44427 2412
1213 44427 3276
1214 44427 2508
1215 44427 2796
1216 44427 2892
1217 44427 2700
1218 22476 23193
1219 44427 2988
1220 44427 3084
1221 44427 1260
1222 44427 1452
1223 44427 1356
1224 44427 1644
1225 44427 1548
1226 22668 23193
1227 44427 2220
1228 44427 2316
1229 44427 2604
1230 22860 23193
1231 44427 3180
1232 44427 1932
1233 44427 2028
1234 44427 3564
1235 44427 1164
1236 44427 972
1237 44427 3468
1238 44427 3372
1239 44427 1836
1240 44427 4428
1241 44427 5772
1242 44427 5868
1243 44427 5676
1244 44427 4812
1245 44427 5196
1246 44427 5580
1247 44427 5292
1248 44427 4236
1249 44427 4332
1250 44427 4524
1251 44427 4140
1252 18636 23193
1253 7308 23193
1254 8652 23193
1255 5868 23193
1256 19788 23193
1257 16812 23193
1258 20172 23193
1259 18732 23193
1260 20556 23193
1261 6732 23193
1262 15660 23193
1263 21324 23193
1264 5292 23193
1265 21612 23193
1266 20844 23193
1267 21132 23193
1268 22092 23193
1269 20652 23193
1270 6252 23193
1271 20364 23193
1272 19692 23193
1273 21900 23193
1274 5772 23193
1275 7980 23193
1276 8940 23193
1277 17100 23193
1278 20460 23193
1279 14220 23193
1280 22188 23193
1281 16044 23193
1282 22284 23193
1283 21708 23193
1284 19116 23193
1285 21516 23193
1286 21036 23193
1287 19596 23193
1288 44427 11820
1289 44427 17100
1290 44427 9996
1291 44427 15660
1292 44427 16620
1293 44427 12972
1294 20076 23193
1295 44427 9900
1296 44427 14028
1297 44427 9516
1298 44427 16908
1299 18156 23193
1300 14316 23193
1301 44427 11340
1302 13356 23193
1303 15180 23193
1304 44427 9708
1305 44427 15276
1306 44427 10476
1307 44427 14796
1308 21228 23193
1309 5484 23193
1310 44427 10860
1311 8364 23193
1312 44427 8556
1313 44427 8460
1314 44427 8652
1315 44427 8844
1316 44427 8940
1317 44427 16812
1318 44427 6252
1319 44427 7692
1320 44427 7116
1321 44427 9612
1322 44427 4716
1323 44427 6156
1324 44427 7212
1325 44427 7596
1326 44427 12876
1327 44427 13740
1328 44427 17772
1329 44427 15564
1330 24588 23193
1331 44427 17292
1332 44427 14508
1333 44427 11244
1334 44427 11052
1335 44427 14316
1336 44427 6348
1337 44427 6540
1338 44427 6828
1339 44427 16716
1340 44427 16140
1341 44427 6732
1342 44427 6444
1343 44427 6924
1344 44427 17484
1345 44427 17580
1346 44427 8076
1347 44427 16332
1348 42 11820
1349 44427 10956
1350 44427 12684
1351 44427 14124
1352 44427 15180
1353 44427 15852
1354 44427 12108
1355 44427 12204
1356 44427 10668
1357 44427 10572
1358 28524 23193
1359 42 11724
1360 24492 23193
1361 28620 23193
1362 28716 23193
1363 28812 23193
1364 28908 23193
1365 29004 23193
1366 32172 23193
1367 31884 23193
1368 32460 23193
1369 44427 13164
1370 32652 23193
1371 44427 11436
1372 44427 16236
1373 44427 13548
1374 44427 13932
1375 44427 17676
1376 30060 23193
1377 30444 23193
1378 30636 23193
1379 31020 23193
1380 30732 23193
1381 31596 23193
1382 31212 23193
1383 30924 23193
1384 31308 23193
1385 31980 23193
1386 31692 23193
1387 30348 23193
1388 29964 23193
1389 29868 23193
1390 29772 23193
1391 29484 23193
