0 37626 20078
1 65040 36708
2 75430 29976
3 38208 38075
4 77422 22905
5 77590 24647
6 77225 22699
7 8281 2985
8 11731 2193
9 10765 2503
10 5016 2872
11 66603 23841
12 66314 22942
13 68247 21456
14 70281 23305
15 1690 1647
16 55114 10620
17 55520 7680
18 54912 13210
19 53052 7155
20 13948 4053
21 14241 2045
22 73311 11356
23 4739 28450
24 2533 26905
25 4813 26452
26 12804 37912
27 11540 37145
28 53444 14833
29 55201 15066
30 53244 12285
31 52172 14091
32 52168 16163
33 66480 2784
34 47052 38292
35 5172 16875
36 3466 18040
37 63344 1957
38 2576 16335
39 45484 37611
40 66443 5276
41 3910 20631
42 6466 18981
43 2790 19665
44 19854 23343
45 21783 21958
46 21353 24694
47 42706 36697
48 18857 22737
49 29704 28264
50 33102 29049
51 33544 38057
52 31648 29182
53 31125 26772
54 32965 35025
55 72055 30432
56 73586 30715
57 72551 33456
58 14997 34359
59 15937 37308
60 13689 35550
61 14377 37687
62 26024 26209
63 24535 24583
64 52896 24960
65 55177 23790
66 52722 21960
67 54993 26240
68 71942 24238
69 73231 24975
70 73291 27045
71 48297 38019
72 76403 6742
73 73556 6984
74 75002 7929
75 49140 39195
76 11738 8640
77 11776 10051
78 14054 10633
79 14450 8883
80 2872 10265
81 4698 9075
82 36565 6300
83 38878 6408
84 34246 3027
85 37712 3474
86 38804 11319
87 37957 14152
88 40342 10187
89 77633 3618
90 76790 1656
91 73871 2929
92 76541 3692
93 75378 5427
94 53127 39195
95 44163 15849
96 42872 13089
97 40831 13403
98 44580 11272
99 35891 2450
100 31806 1957
101 33800 3969
102 63236 12314
103 65129 10400
104 65139 13922
105 49159 1485
106 5329 24115
107 2787 22861
108 48215 2238
109 24274 35707
110 23811 38178
111 59320 17575
112 56943 16783
113 55055 19447
114 53856 17574
115 53639 36896
116 54195 34455
117 56100 33819
118 42506 11691
119 76248 10782
120 77038 9026
121 17184 5305
122 18471 1913
123 19871 3325
124 18619 9601
125 2886 12597
126 21276 10057
127 19735 12370
128 16665 8235
129 26302 28111
130 27827 30021
131 25599 29873
132 68485 13750
133 69462 11932
134 15978 24543
135 41614 38063
136 15591 25888
137 17577 25647
138 19693 26966
139 15621 27443
140 50969 3076
141 41610 6393
142 41793 8676
143 42397 10161
144 61562 8080
145 63390 9153
146 63312 7665
147 64156 8190
148 62523 6052
149 2719 7057
150 75326 13494
151 75739 15637
152 77854 16807
153 2308 29683
154 3152 31054
155 42258 3687
156 39630 32553
157 39366 30297
158 37913 30281
159 36838 28206
160 34665 28353
161 59279 10489
162 59401 12360
163 62014 30525
164 63043 34247
165 63558 31838
166 61216 28050
167 64056 28913
168 7099 36760
169 9189 37948
170 36574 34856
171 35667 36825
172 41054 26365
173 42793 28406
174 40521 29550
175 69452 16567
176 69158 18126
177 71800 15336
178 49157 27450
179 43546 2921
180 46959 26655
181 24531 10002
182 23327 11589
183 65421 8350
184 67108 7669
185 64352 6653
186 67959 10125
187 3295 33975
188 50001 12328
189 49896 10607
190 48897 13871
191 45630 3123
192 37199 8296
193 36277 11508
194 35554 12186
195 36391 13670
196 36254 10462
197 70301 7986
198 71428 10462
199 55080 2930
200 53245 4565
201 54180 6135
202 76131 37651
203 73368 36656
204 21372 37870
205 30332 31034
206 29693 29295
207 32882 32704
208 33665 30876
209 34810 25562
210 33509 23517
211 8341 6450
212 64711 30297
213 65959 33476
214 68448 35167
215 61148 3051
216 64078 3229
217 6126 8145
218 5355 5829
219 63861 5355
220 30081 24061
221 29062 9990
222 30855 12447
223 28186 26952
224 30897 21975
225 40106 1659
226 17179 30236
227 18490 28320
228 15052 28991
229 21556 29241
230 22687 30701
231 22063 31770
232 20678 31185
233 17731 32149
234 13026 33381
235 15174 32234
236 13849 30172
237 22920 27648
238 20135 25717
239 7614 32633
240 9409 34609
241 11708 34666
242 46049 8891
243 44420 9777
244 45481 6369
245 45610 27740
246 45477 25809
247 43828 25857
248 29157 8734
249 30697 6422
250 32845 6765
251 30316 7940
252 26716 5658
253 27322 8607
254 26948 11028
255 57218 35987
256 50617 8002
257 51772 11812
258 52354 10309
259 70018 36085
260 9497 30317
261 74112 33660
262 11610 31788
263 10279 28253
264 58033 38418
265 30953 34796
266 31455 36675
267 29282 35431
268 28789 34197
269 27000 36585
270 28984 32838
271 60152 34055
272 55904 38436
273 30924 3888
274 31264 4710
275 32878 2661
276 29721 2865
277 57983 31827
278 58843 30659
279 59739 29295
280 8655 21089
281 5839 20577
282 8718 22937
283 10805 6036
284 14473 6469
285 33982 10074
286 33289 9105
287 30820 9855
288 11977 7560
289 20287 6249
290 22250 2542
291 22983 5295
292 24863 7522
293 22808 8640
294 21132 8739
295 22086 3321
296 67973 27618
297 67614 29087
298 71076 28161
299 68773 25318
300 8413 16225
301 8955 18432
302 11248 15147
303 9678 14008
304 60415 37045
305 56799 26112
306 58615 25740
307 57988 27621
308 33767 12839
309 58443 14302
310 61165 13851
311 61314 15174
312 61465 16725
313 57309 8736
314 58144 6819
315 59518 8613
316 59802 5546
317 60067 7232
318 58441 2835
319 75886 19056
320 72095 21350
321 73179 18268
322 73883 22663
323 72207 19517
324 69850 2318
325 70995 5303
326 68512 3813
327 33530 14271
328 43413 32054
329 46669 29760
330 41017 33785
331 54097 29391
332 51602 32026
333 51089 30230
334 53791 38822
335 8065 8298
336 8563 9958
337 10687 7627
338 77887 30953
339 47099 11475
340 46581 14395
341 47081 33375
342 47184 30529
343 9653 12357
344 6389 12547
345 7555 11637
346 7968 13668
347 77780 34155
348 10723 11205
349 4733 14677
350 2349 14962
351 63683 38604
352 63234 38626
353 58593 3162
354 60823 2217
355 22277 33206
356 21322 35235
357 18163 36777
358 18735 33849
359 19599 37755
360 24634 31841
361 27130 32945
362 4070 37592
363 26907 37692
364 29869 38232
365 26392 34830
366 27100 36315
367 28233 38925
368 70741 36683
369 47955 6460
370 50263 5664
371 44165 4226
372 68863 30604
373 70234 33561
374 67982 32880
375 70842 37289
376 73055 38931
377 70348 35167
378 77371 27841
379 71656 34171
380 28906 4370
381 76695 24412
382 26748 3012
383 61434 39195
384 25506 3780
385 29060 1805
386 25965 1734
387 23817 2430
388 52332 35304
389 49805 35189
390 21708 42
391 21804 42
392 54540 42
393 79327 36012
394 79327 27756
395 79327 35820
396 79327 35244
397 79327 28140
398 79327 30540
399 79327 29004
400 79327 28044
401 79327 31020
402 79327 28332
403 57324 40643
404 79327 28236
405 68364 40643
406 79327 19980
407 79327 25740
408 79327 26796
409 79327 25932
410 79327 22092
411 79327 22188
412 79327 20172
413 79327 20940
414 79327 21708
415 79327 21612
416 79327 26604
417 79327 26028
418 79327 26124
419 79327 21804
420 79327 26700
421 79327 26508
422 61356 40643
423 61068 40643
424 59436 42
425 61164 40643
426 62988 40643
427 62892 40643
428 61836 40643
429 62316 40643
430 62028 40643
431 61740 40643
432 63084 40643
433 63468 40643
434 64716 40643
435 53868 40643
436 64524 40643
437 64332 40643
438 64428 40643
439 63756 40643
440 79327 29868
441 79327 32268
442 79327 32172
443 79327 31596
444 79327 35340
445 79327 31500
446 79327 31788
447 79327 29964
448 79327 34956
449 79327 35148
450 79327 34188
451 62220 40643
452 79327 31116
453 79327 34764
454 79327 27372
455 79327 35724
456 79327 29772
457 79327 34476
458 79327 31404
459 79327 31692
460 79327 31212
461 79327 30636
462 79327 34092
463 79327 28812
464 79327 32076
465 79327 30156
466 42924 42
467 79327 30252
468 79327 29484
469 79327 29100
470 79327 34380
471 79327 29388
472 64140 40643
473 64908 40643
474 65292 40643
475 65388 40643
476 64812 40643
477 66444 40643
478 66156 40643
479 66348 40643
480 79327 21900
481 79327 26316
482 79327 20076
483 79327 27180
484 79327 21324
485 79327 20268
486 79327 27948
487 79327 29196
488 79327 22284
489 79327 22572
490 79327 22860
491 79327 24396
492 79327 23820
493 79327 23148
494 79327 23052
495 79327 23244
496 79327 23436
497 42 10956
498 79327 25068
499 79327 25164
500 79327 23724
501 79327 25260
502 79327 24972
503 79327 24780
504 79327 24204
505 79327 23916
506 79327 25548
507 79327 25644
508 79327 22380
509 79327 25356
510 79327 22476
511 79327 25452
512 79327 24588
513 79327 23532
514 79327 24684
515 79327 24876
516 79327 27276
517 79327 27660
518 27756 40643
519 79327 21420
520 79327 21228
521 79327 21132
522 79327 20556
523 79327 26220
524 79327 21996
525 3180 42
526 4332 42
527 4428 42
528 4716 42
529 57708 42
530 7980 42
531 4236 42
532 16044 42
533 13836 42
534 12588 42
535 10188 42
536 11532 42
537 14700 42
538 11724 42
539 7500 42
540 52236 40643
541 7692 42
542 7884 42
543 4044 42
544 7596 42
545 7788 42
546 4140 42
547 3756 42
548 8364 42
549 9996 42
550 8172 42
551 26220 42
552 3852 42
553 9900 42
554 10860 42
555 5292 42
556 8268 42
557 14124 42
558 10284 42
559 10476 42
560 13740 42
561 8076 42
562 26316 42
563 8460 42
564 3468 42
565 8940 42
566 8556 42
567 11148 42
568 10764 42
569 8748 42
570 42 1164
571 42 1068
572 5772 42
573 49068 40643
574 5388 42
575 6636 42
576 6732 42
577 6540 42
578 6924 42
579 42 7116
580 42 7020
581 5676 42
582 5580 42
583 6060 42
584 24972 40643
585 5868 42
586 5964 42
587 7116 42
588 5100 42
589 4524 42
590 7020 42
591 6252 42
592 6828 42
593 6348 42
594 5484 42
595 42 972
596 42 780
597 42 1452
598 7308 42
599 6444 42
600 6156 42
601 42 876
602 42 1356
603 42 1260
604 4620 42
605 42 10860
606 4908 42
607 5004 42
608 5196 42
609 42 7500
610 7404 42
611 4812 42
612 7212 42
613 3660 42
614 11340 42
615 11628 42
616 12972 42
617 3276 42
618 15564 42
619 12108 42
620 15756 42
621 10380 42
622 15852 42
623 12684 42
624 12396 42
625 11916 42
626 12780 42
627 15660 42
628 12012 42
629 11436 42
630 10956 42
631 15948 42
632 8652 42
633 9324 42
634 9036 42
635 9132 42
636 12492 42
637 9516 42
638 9612 42
639 9804 42
640 10092 42
641 3948 42
642 8844 42
643 9420 42
644 9228 42
645 9708 42
646 3564 42
647 3372 42
648 10572 42
649 11052 42
650 15276 42
651 15468 42
652 13644 42
653 13548 42
654 14796 42
655 15084 42
656 12300 42
657 15180 42
658 13452 42
659 13932 42
660 14604 42
661 10668 42
662 11244 42
663 14988 42
664 13164 42
665 13260 42
666 14316 42
667 14220 42
668 12876 42
669 13068 42
670 14892 42
671 15372 42
672 14412 42
673 14508 42
674 11820 42
675 12204 42
676 30732 42
677 14028 42
678 13356 42
679 30828 42
680 33420 42
681 62124 40643
682 33516 42
683 33612 42
684 25164 40643
685 42 10380
686 53772 42
687 52908 42
688 34380 40643
689 53964 40643
690 26028 42
691 30636 42
692 48780 40643
693 31596 42
694 33996 42
695 33804 42
696 42 11052
697 79327 16332
698 42 10476
699 24780 40643
700 48108 40643
701 57612 42
702 42 11436
703 42 11340
704 42 10764
705 25068 40643
706 25260 40643
707 42 10668
708 25452 40643
709 25932 40643
710 25740 40643
711 26220 40643
712 26412 40643
713 27084 40643
714 19404 42
715 51756 40643
716 29580 42
717 29484 42
718 29292 42
719 26124 40643
720 26028 40643
721 26796 40643
722 27660 40643
723 27564 40643
724 27276 40643
725 52620 40643
726 59340 42
727 53676 42
728 53580 42
729 53100 42
730 53004 42
731 53292 42
732 52620 42
733 51756 42
734 51660 42
735 66156 42
736 47340 40643
737 46860 40643
738 58860 40643
739 42 11148
740 59628 42
741 13740 40643
742 59532 42
743 13836 40643
744 22188 42
745 22092 42
746 43020 42
747 53676 40643
748 53580 40643
749 57996 42
750 57804 42
751 46764 40643
752 57900 40643
753 25356 42
754 25260 42
755 42 11244
756 11628 40643
757 25356 40643
758 42252 42
759 26508 40643
760 27372 40643
761 59724 42
762 53484 42
763 39852 42
764 21900 42
765 21996 42
766 29388 42
767 26604 40643
768 26700 40643
769 20652 42
770 21804 40643
771 34572 42
772 19596 40643
773 52812 42
774 21036 40643
775 40620 40643
776 70860 40643
777 20172 42
778 50700 40643
779 6636 40643
780 79327 20652
781 79327 39468
782 79327 13548
783 79327 22764
784 54444 42
785 25548 40643
786 51852 40643
787 12972 40643
788 47532 40643
789 68268 42
790 42 4332
791 38220 42
792 64620 42
793 30348 42
794 58668 42
795 64620 40643
796 28044 42
797 53196 42
798 32172 40643
799 42 15372
800 22764 40643
801 57612 40643
802 42 18348
803 42 8364
804 45900 40643
805 19500 40643
806 68460 42
807 32268 40643
808 20652 40643
809 79327 12684
810 42 28236
811 79327 8556
812 20844 40643
813 60396 42
814 25740 42
815 77676 42
816 68076 42
817 42 28812
818 79327 39180
819 22860 40643
820 79327 39372
821 50316 42
822 79327 18060
823 46956 40643
824 20556 42
825 79327 17676
826 27084 42
827 69324 42
828 26988 42
829 21900 40643
830 31692 40643
831 61356 42
832 49548 42
833 53388 42
834 32172 42
835 62220 42
836 24108 40643
837 36204 40643
838 17676 40643
839 79327 21516
840 35340 42
841 12492 40643
842 51564 42
843 49356 42
844 56460 42
845 42 8460
846 56844 42
847 79327 7020
848 60492 40643
849 65388 42
850 79327 39276
851 42 16524
852 79327 17580
853 79327 23340
854 61740 42
855 62124 42
856 55308 40643
857 38124 42
858 79327 20460
859 19980 42
860 58092 40643
861 79327 20748
862 79327 23628
863 22476 40643
864 54060 42
865 61260 40643
866 30252 42
867 42 9228
868 54156 40643
869 31788 40643
870 16812 40643
871 59244 40643
872 33132 42
873 39276 42
874 42 5772
875 42 15948
876 60972 40643
877 21132 42
878 42 19404
879 57420 42
880 30156 40643
881 45324 40643
882 14220 40643
883 50028 40643
884 33228 42
885 58284 42
886 56748 42
887 42 10572
888 62988 42
889 68172 42
890 20076 42
891 79327 27468
892 42 33996
893 20460 42
894 59148 40643
895 44364 42
896 32364 42
897 65676 42
898 69996 42
899 42 11820
900 79327 17388
901 17772 40643
902 50892 40643
903 56652 42
904 33324 42
905 39468 42
906 69708 40643
907 52428 40643
908 55692 42
909 45516 42
910 42 9132
911 26316 40643
912 14892 40643
913 38028 42
914 57324 42
915 12204 40643
916 42 11724
917 23820 42
918 20268 42
919 34764 40643
920 55788 42
921 79327 7116
922 21516 42
923 42 18828
924 61932 40643
925 10860 40643
926 42 18060
927 14508 40643
928 27468 42
929 64716 42
930 52140 40643
931 11532 40643
932 38508 42
933 79327 34572
934 55884 42
935 42 8556
936 20748 40643
937 19884 40643
938 38412 42
939 42 20268
940 31116 40643
941 17868 40643
942 35436 42
943 35532 42
944 22668 40643
945 42 6444
946 63468 42
947 31596 40643
948 57036 42
949 42 9996
950 79327 33804
951 42 6540
952 54828 40643
953 49260 42
954 48492 42
955 63948 40643
956 37068 40643
957 79327 24012
958 56364 42
959 56940 42
960 26700 42
961 42 5676
962 15468 40643
963 42 20172
964 79327 13644
965 22284 40643
966 54156 42
967 79327 22668
968 56076 42
969 79327 13068
970 57132 42
971 56172 42
972 68652 42
973 23340 42
974 77580 42
975 27180 40643
976 42 20076
977 42 23820
978 56556 42
979 25068 42
980 12012 40643
981 42 8172
982 47916 42
983 56268 42
984 57228 42
985 44556 42
986 54348 42
987 42 13164
988 51276 42
989 34956 40643
990 31884 40643
991 55596 42
992 79327 24108
993 17484 40643
994 79327 14412
995 66060 42
996 36108 42
997 52716 40643
998 50124 42
999 27468 40643
1000 30156 42
1001 34764 42
1002 65484 42
1003 12396 40643
1004 53388 40643
1005 71532 42
1006 34860 40643
1007 25164 42
1008 24972 42
1009 21612 42
1010 20940 40643
1011 48492 40643
1012 53868 42
1013 32844 42
1014 55020 40643
1015 65868 42
1016 12300 40643
1017 26988 40643
1018 35148 40643
1019 48684 42
1020 42 33900
1021 15084 40643
1022 30540 42
1023 24876 40643
1024 42 22380
1025 79327 19116
1026 20364 42
1027 16524 40643
1028 48588 40643
1029 20268 40643
1030 45036 42
1031 79327 31980
1032 48684 40643
1033 57516 42
1034 42 8268
1035 42 6828
1036 42 21036
1037 25836 40643
1038 63660 42
1039 67308 42
1040 25644 40643
1041 62028 42
1042 20364 40643
1043 48876 40643
1044 48972 42
1045 79327 22956
1046 42156 42
1047 38220 40643
1048 79327 20844
1049 26892 40643
1050 36396 40643
1051 36684 40643
1052 79327 24300
1053 35724 42
1054 79327 16428
1055 36588 40643
1056 36876 42
1057 54828 42
1058 34668 40643
1059 17580 40643
1060 55980 42
1061 62316 42
1062 79327 25836
1063 53196 40643
1064 41964 40643
1065 79327 16620
1066 54732 40643
1067 42156 40643
1068 42060 40643
1069 54444 40643
1070 41868 40643
1071 52812 40643
1072 42732 40643
1073 44076 40643
1074 38316 40643
1075 38508 40643
1076 79327 16716
1077 39084 40643
1078 40428 40643
1079 40524 40643
1080 40812 40643
1081 40716 40643
1082 42252 40643
1083 42348 40643
1084 42636 40643
1085 42540 40643
1086 42444 40643
1087 79327 16524
1088 55692 40643
1089 41196 40643
1090 54540 40643
1091 41004 40643
1092 40908 40643
1093 41292 40643
1094 40236 40643
1095 38124 40643
1096 38700 40643
1097 38892 40643
1098 38988 40643
1099 39948 40643
1100 38412 40643
1101 40140 40643
1102 39756 40643
1103 39180 40643
1104 40332 40643
1105 39372 40643
1106 39660 40643
1107 40044 40643
1108 79327 24492
1109 39852 40643
1110 39564 40643
1111 38796 40643
1112 39468 40643
1113 38604 40643
1114 39276 40643
1115 37452 40643
1116 36876 40643
1117 36972 40643
1118 37356 40643
1119 37260 40643
1120 37164 40643
1121 35532 40643
1122 36012 40643
1123 36108 40643
1124 35916 40643
1125 36300 40643
1126 38028 40643
1127 37740 40643
1128 37932 40643
1129 45324 42
1130 37836 40643
1131 49836 40643
1132 45036 40643
1133 45804 40643
1134 45612 40643
1135 44940 40643
1136 50220 40643
1137 45132 40643
1138 45228 40643
1139 45420 40643
1140 49740 40643
1141 45516 40643
1142 42924 40643
1143 43116 40643
1144 43404 40643
1145 43212 40643
1146 43500 40643
1147 44652 40643
1148 43692 40643
1149 44172 40643
1150 44460 40643
1151 50508 40643
1152 44844 40643
1153 46092 40643
1154 47244 40643
1155 46380 40643
1156 44268 40643
1157 45996 40643
1158 45708 40643
1159 48300 40643
1160 46572 40643
1161 42 13068
1162 52908 40643
1163 42828 40643
1164 43308 40643
1165 51564 40643
1166 43980 40643
1167 43788 40643
1168 44364 40643
1169 44748 40643
1170 50988 40643
1171 50316 40643
1172 50604 40643
1173 49260 40643
1174 49644 40643
1175 49932 40643
1176 47820 40643
1177 47724 40643
1178 47628 40643
1179 49548 40643
1180 49452 40643
1181 49164 40643
1182 48204 40643
1183 46476 40643
1184 47148 40643
1185 46284 40643
1186 48012 40643
1187 48396 40643
1188 48972 40643
1189 47436 40643
1190 47916 40643
1191 47052 40643
1192 49356 40643
1193 44556 40643
1194 46668 40643
1195 51180 40643
1196 46188 40643
1197 51084 40643
1198 43884 40643
1199 51468 40643
1200 50796 40643
1201 51372 40643
1202 50412 40643
1203 50124 40643
1204 53292 40643
1205 53100 40643
1206 53004 40643
1207 51660 40643
1208 52524 40643
1209 51948 40643
1210 43020 40643
1211 43596 40643
1212 52044 40643
1213 52332 40643
1214 52428 42
1215 47820 42
1216 47532 42
1217 49164 42
1218 48204 42
1219 45132 42
1220 46860 42
1221 46284 42
1222 42 12012
1223 46668 42
1224 46476 42
1225 50412 42
1226 50892 42
1227 50604 42
1228 50796 42
1229 44844 42
1230 54252 42
1231 51948 42
1232 51084 42
1233 42 12972
1234 45420 42
1235 44268 42
1236 44652 42
1237 44748 42
1238 49932 42
1239 45996 42
1240 53964 42
1241 47052 42
1242 47340 42
1243 49740 42
1244 42 11628
1245 50988 42
1246 49068 42
1247 45804 42
1248 49836 42
1249 46092 42
1250 46188 42
1251 48108 42
1252 49644 42
1253 48012 42
1254 48876 42
1255 42 12108
1256 48780 42
1257 44940 42
1258 51852 42
1259 50508 42
1260 47628 42
1261 46764 42
1262 49452 42
1263 45900 42
1264 51180 42
1265 51468 42
1266 42 11916
1267 50700 42
1268 52332 42
1269 50220 42
1270 46380 42
1271 52716 42
1272 46956 42
1273 48300 42
1274 52140 42
1275 39180 42
1276 45612 42
1277 40524 42
1278 38988 42
1279 40236 42
1280 41868 42
1281 47436 42
1282 39660 42
1283 41580 42
1284 41484 42
1285 41964 42
1286 42636 42
1287 41388 42
1288 44460 42
1289 52236 42
1290 41772 42
1291 48396 42
1292 43212 42
1293 52524 42
1294 43404 42
1295 43596 42
1296 42060 42
1297 36492 42
1298 42444 42
1299 43788 42
1300 44076 42
1301 43116 42
1302 43884 42
1303 43692 42
1304 45708 42
1305 50028 42
1306 42540 42
1307 42732 42
1308 47724 42
1309 51276 40643
1310 54924 40643
1311 43980 42
1312 44172 42
1313 43500 42
1314 46572 42
1315 47244 42
1316 43308 42
1317 45228 42
1318 42828 42
1319 42348 42
1320 40812 42
1321 40908 42
1322 41004 42
1323 40620 42
1324 41100 40643
1325 41388 40643
1326 41484 40643
1327 55788 40643
1328 33708 42
1329 41676 40643
1330 54060 40643
1331 54348 40643
1332 53484 40643
1333 53772 40643
1334 41580 40643
1335 54252 40643
1336 41772 40643
1337 39372 42
1338 48588 42
1339 36588 42
1340 41676 42
1341 40332 42
1342 40428 42
1343 41100 42
1344 41196 42
1345 41292 42
1346 47148 42
1347 52044 42
1348 40716 42
1349 40044 42
1350 36684 42
1351 40140 42
1352 39564 42
1353 39948 42
1354 39756 42
1355 57036 40643
1356 56652 40643
1357 57804 40643
1358 57516 40643
1359 58284 40643
1360 57228 40643
1361 57132 40643
1362 57420 40643
1363 57996 40643
1364 59052 40643
1365 58956 40643
1366 55884 40643
1367 56844 40643
1368 58188 40643
1369 58380 40643
1370 58572 40643
1371 34092 42
1372 58476 40643
1373 58764 40643
1374 58668 40643
1375 56556 40643
1376 56940 40643
1377 56460 40643
1378 56172 40643
1379 56076 40643
1380 56268 40643
1381 56364 40643
1382 33900 42
1383 56748 40643
1384 59340 40643
1385 57708 40643
1386 55404 40643
1387 55212 40643
1388 54636 40643
1389 55116 40643
1390 55500 40643
1391 55596 40643
1392 55980 40643
1393 27180 42
1394 59820 40643
1395 59436 40643
1396 59532 40643
1397 59628 40643
1398 59724 40643
1399 59916 40643
1400 60012 40643
1401 60108 40643
1402 60204 40643
1403 60300 40643
1404 36780 42
1405 27276 42
1406 79327 30828
1407 79327 30732
1408 60396 40643
1409 60588 40643
1410 60684 40643
1411 79327 32556
1412 79327 30348
1413 79327 33324
1414 79327 33516
1415 79327 32364
1416 79327 28716
1417 79327 35628
1418 79327 30060
1419 79327 28428
1420 79327 29676
1421 79327 33996
1422 79327 35916
1423 79327 28524
1424 79327 29292
1425 79327 32844
1426 79327 34284
1427 79327 32940
1428 79327 31884
1429 79327 33228
1430 60780 40643
1431 60876 40643
1432 61452 40643
1433 61548 40643
1434 61644 40643
1435 62412 40643
1436 62508 40643
1437 62604 40643
1438 62700 40643
1439 62796 40643
1440 63180 40643
1441 63276 40643
1442 63372 40643
1443 63564 40643
1444 63660 40643
1445 63852 40643
1446 51372 42
1447 64044 40643
1448 64236 40643
1449 65004 40643
1450 65100 40643
1451 65196 40643
1452 65484 40643
1453 65580 40643
1454 65676 40643
1455 65772 40643
1456 65868 40643
1457 65964 40643
1458 66060 40643
1459 66252 40643
1460 66540 40643
1461 66636 40643
1462 66732 40643
1463 66828 40643
1464 79327 31308
1465 79327 28908
1466 79327 27852
1467 79327 28620
1468 79327 33708
1469 79327 29580
1470 79327 34860
1471 79327 32460
1472 79327 30444
1473 66924 40643
1474 79327 35532
1475 79327 35436
1476 79327 33036
1477 79327 30924
1478 79327 33420
1479 79327 33900
1480 79327 35052
1481 79327 32652
1482 79327 34668
1483 79327 32748
1484 79327 33612
1485 79327 33132
1486 67020 40643
1487 67116 40643
1488 67212 40643
1489 67308 40643
1490 67404 40643
1491 67500 40643
1492 67596 40643
1493 67692 40643
1494 67788 40643
1495 67884 40643
1496 67980 40643
1497 68076 40643
1498 68172 40643
1499 68268 40643
1500 79327 26412
1501 79327 21036
1502 79327 26892
1503 79327 26988
1504 79327 20364
1505 79327 27084
1506 79327 27564
