0 26701 15230
1 1593 9045
2 10665 28755
3 56989 12690
4 5283 8193
5 49486 5653
6 8323 10374
7 56949 8640
8 54785 14283
9 7994 7772
10 56500 17820
11 57267 17505
12 56232 10665
13 56610 14625
14 54033 18364
15 52654 17316
16 51699 18792
17 18562 20047
18 15851 20592
19 1549 19089
20 21105 28305
21 12546 18315
22 23139 24435
23 21582 20591
24 20364 22545
25 16887 22608
26 18125 24108
27 51871 21105
28 56754 15435
29 55893 20097
30 2535 11947
31 3436 12585
32 1890 10620
33 3782 14790
34 2291 16749
35 57267 15052
36 2988 9072
37 3658 6075
38 5632 6462
39 5130 9442
40 1363 5130
41 2147 4787
42 3487 4410
43 3388 6699
44 56328 15075
45 23927 23037
46 24738 25930
47 26805 25179
48 25177 26865
49 55643 12960
50 30404 25016
51 32449 25785
52 29190 25680
53 31214 23649
54 31532 28518
55 28423 28143
56 33528 28085
57 36446 28179
58 34738 27033
59 33496 26757
60 36473 26163
61 35337 21386
62 36752 20666
63 38696 21843
64 49632 18360
65 37918 21249
66 35283 25623
67 33690 22827
68 40532 22378
69 38201 28282
70 38547 22785
71 37250 24246
72 49728 21033
73 38646 24975
74 31511 15642
75 28321 15691
76 30153 16431
77 28933 13608
78 30964 14735
79 33174 16605
80 15670 23928
81 15781 24759
82 16286 25731
83 12822 20137
84 14203 19470
85 13325 2025
86 14931 2102
87 11698 1716
88 11846 2992
89 13299 4127
90 53755 20257
91 50518 19737
92 48547 19611
93 46584 4365
94 46723 26325
95 46234 26628
96 56675 9585
97 42005 28417
98 42663 28369
99 43470 28890
100 43443 27472
101 45913 28282
102 44433 28425
103 43151 26379
104 2738 21783
105 6822 22123
106 3255 18574
107 3421 20555
108 5568 20655
109 2430 17505
110 1485 23265
111 46942 23668
112 46779 25815
113 45125 22950
114 46939 21825
115 44968 25013
116 44922 27513
117 7615 25561
118 56088 8415
119 7803 27405
120 5701 27783
121 17988 28620
122 49716 17415
123 49251 15849
124 49783 14143
125 52105 13032
126 52162 14681
127 53410 15435
128 50397 12555
129 50706 16625
130 21780 1755
131 23427 1935
132 25012 2556
133 24607 5686
134 19841 4355
135 18205 3152
136 21234 26755
137 20139 2351
138 22531 1890
139 17264 4927
140 24897 8032
141 23060 8027
142 22609 5155
143 21093 6615
144 31133 1809
145 28278 3892
146 28256 2119
147 29707 6686
148 29673 3803
149 32137 3256
150 26746 4486
151 35326 2145
152 34081 5097
153 36799 5025
154 38522 1991
155 37306 3517
156 39987 1845
157 34444 7504
158 32331 7623
159 32853 9018
160 31753 5781
161 28887 5659
162 6446 23220
163 40705 2274
164 4742 24606
165 21342 24124
166 2284 24580
167 4904 23142
168 4078 26640
169 1965 27027
170 3426 27945
171 2113 26363
172 10096 12015
173 7881 13801
174 6885 13584
175 5454 11764
176 1782 9585
177 3271 10517
178 42579 2394
179 10512 4815
180 22621 26111
181 23976 27675
182 54411 3577
183 22595 28253
184 24157 28600
185 19813 27945
186 17928 25650
187 19267 24225
188 17268 26896
189 16767 28147
190 16108 28417
191 16308 29025
192 32309 10458
193 34134 12706
194 33616 11688
195 36428 11462
196 36585 10773
197 35079 13185
198 35541 13905
199 36468 12825
200 35544 9620
201 36753 7560
202 33435 9585
203 26683 9083
204 30397 10137
205 28548 9229
206 28199 7579
207 30118 8302
208 27712 11272
209 29349 11407
210 2506 2376
211 2403 3420
212 3517 1562
213 8695 3456
214 5089 3982
215 5515 2663
216 7992 5265
217 8201 5940
218 7096 1775
219 10463 25245
220 12535 25539
221 9658 27555
222 8316 28639
223 8170 27945
224 17374 1620
225 11223 6070
226 13895 7538
227 10374 8826
228 13941 6975
229 18184 8513
230 15962 4069
231 18441 7069
232 14899 5591
233 16517 2075
234 16271 10892
235 14137 13297
236 13057 10421
237 15083 9045
238 30309 18814
239 31588 18531
240 34906 18743
241 32036 20802
242 28701 22228
243 29349 25695
244 26090 20435
245 25893 27576
246 37971 16790
247 40212 17335
248 41172 19746
249 39134 19555
250 35346 16760
251 56875 6255
252 44641 1965
253 45086 1755
254 54752 22971
255 56347 21550
256 55110 2629
257 56413 18056
258 53630 5697
259 55339 5224
260 52306 4945
261 47001 27729
262 53502 3594
263 51958 23928
264 56901 4605
265 49479 22776
266 52012 22572
267 57073 23580
268 8971 19890
269 8293 18315
270 56652 24367
271 6801 19796
272 14883 25177
273 12926 27789
274 14677 25245
275 14367 22035
276 14866 23085
277 13682 24030
278 11124 28755
279 14545 27096
280 55507 25650
281 52362 25582
282 57159 24795
283 53456 25177
284 53063 27035
285 53649 27675
286 55540 27240
287 53581 28215
288 56335 28296
289 54788 28539
290 56808 26402
291 51778 8505
292 53793 7637
293 52161 6255
294 51032 10976
295 52618 11163
296 53860 11205
297 53088 9360
298 54108 9639
299 54904 8842
300 49322 24995
301 49942 26168
302 50860 28053
303 48312 25695
304 48057 28192
305 49059 27552
306 10522 21454
307 11813 22780
308 11151 18977
309 10791 23895
310 8609 22043
311 8739 23355
312 56835 17617
313 40206 6042
314 38823 4520
315 41326 6988
316 41575 8172
317 39287 9094
318 41317 9627
319 41433 4485
320 44101 6311
321 42615 6817
322 45765 6345
323 1998 8100
324 48883 3421
325 50539 4966
326 46990 4689
327 49639 6378
328 52077 2070
329 50072 2196
330 47756 6817
331 55795 10732
332 1431 6750
333 6132 16075
334 7577 16843
335 4072 7740
336 1431 14242
337 6300 14782
338 5865 17820
339 4476 17295
340 8996 15399
341 43012 24660
342 41712 26541
343 40558 27706
344 40632 25605
345 40547 28620
346 58698 19404
347 58698 14796
348 42 14316
349 27564 42
350 27756 42
351 27948 42
352 42 26796
353 42 13644
354 58698 24972
355 58698 24780
356 58698 5868
357 58698 9708
358 40236 30328
359 40332 30328
360 39564 30328
361 42 19596
362 42 19692
363 58698 9804
364 42 16716
365 41772 30328
366 42 19788
367 41868 30328
368 58698 20364
369 42 5484
370 42 5388
371 32844 30328
372 37164 30328
373 38796 42
374 38988 42
375 10956 42
376 58698 26412
377 42 19116
378 42 18828
379 20268 30328
380 42 14220
381 42 16428
382 5772 30328
383 58698 26796
384 41004 42
385 39372 30328
386 42 18444
387 42 18732
388 12204 30328
389 58698 26604
390 42 7884
391 42 7500
392 42 7596
393 58698 20076
394 11820 30328
395 36684 42
396 36492 42
397 58698 17868
398 58698 17484
399 48204 42
400 48108 42
401 42 5196
402 30156 30328
403 5868 30328
404 28908 42
405 38604 42
406 38508 42
407 58698 16524
408 42 7692
409 42 7788
410 58698 20172
411 36780 42
412 42 18924
413 42 19020
414 21324 30328
415 58698 15276
416 5676 30328
417 31884 30328
418 34572 42
419 58698 17772
420 42 17676
421 21228 30328
422 5964 30328
423 32076 30328
424 31980 30328
425 8172 30328
426 8076 30328
427 34668 42
428 19884 30328
429 16236 42
430 11916 30328
431 17292 42
432 8460 30328
433 16332 42
434 32844 42
435 29772 30328
436 16428 42
437 17100 42
438 14412 42
439 10668 30328
440 7692 30328
441 48684 42
442 16236 30328
443 48780 42
444 48876 42
445 19308 30328
446 42 13356
447 42 5004
448 42 5100
449 10764 30328
450 58698 18156
451 7212 30328
452 7884 30328
453 7596 30328
454 7788 30328
455 58698 15084
456 16716 42
457 16620 42
458 16812 42
459 42 15756
460 42 15852
461 42 15948
462 29388 30328
463 29292 30328
464 35532 30328
465 34188 30328
466 34860 30328
467 33036 30328
468 29004 42
469 28812 42
470 29100 42
471 7980 30328
472 8556 30328
473 8748 30328
474 17004 42
475 16524 42
476 16908 42
477 17196 42
478 42 19308
479 42 19212
480 58698 19116
481 58698 15180
482 58698 14700
483 42 14124
484 40812 30328
485 58698 12492
486 58698 17292
487 58698 15756
488 58698 14892
489 58698 16044
490 12012 30328
491 11724 30328
492 11244 30328
493 11628 30328
494 40716 30328
495 16620 30328
496 16332 30328
497 16524 30328
498 21132 42
499 11532 30328
500 10956 30328
501 11436 30328
502 58698 13740
503 27372 42
504 20076 30328
505 58698 26700
506 38700 42
507 58698 12684
508 58698 17388
509 42 5868
510 20364 42
511 21708 42
512 21612 42
513 38892 42
514 21228 42
515 42 8748
516 58698 26508
517 42 13932
518 42 14028
519 42 17484
520 42 17388
521 42 9132
522 43404 30328
523 43308 30328
524 42 17292
525 42 16812
526 42 6060
527 42 6252
528 42 7212
529 42 7020
530 42 6924
531 42 6636
532 45804 30328
533 45708 30328
534 58698 24684
535 58698 24876
536 40620 30328
537 40428 30328
538 45420 30328
539 42 22188
540 44268 42
541 20172 42
542 21804 42
543 31788 30328
544 58698 20652
545 12108 30328
546 26700 30328
547 42 21228
548 45612 30328
549 38028 30328
550 49644 42
551 33324 42
552 39468 30328
553 47532 42
554 42 12876
555 47052 42
556 58698 7020
557 23436 42
558 44844 42
559 17772 30328
560 46092 42
561 31692 30328
562 35628 30328
563 24972 30328
564 19500 30328
565 58698 19980
566 42 13548
567 25932 30328
568 58698 16812
569 24492 42
570 58698 13164
571 17580 30328
572 25932 42
573 42 17868
574 25836 30328
575 24876 42
576 47820 42
577 58698 9036
578 42 9420
579 40524 30328
580 49260 30328
581 42 8844
582 42 17196
583 48492 42
584 42 21324
585 23628 30328
586 39276 30328
587 40908 30328
588 45516 30328
589 44652 30328
590 11340 30328
591 58698 16428
592 42 13068
593 42 21900
594 42 8460
595 48588 42
596 28908 30328
597 39948 30328
598 22092 42
599 42 9516
600 42 16908
601 20652 42
602 52428 30328
603 35340 42
604 42 22284
605 7500 30328
606 58698 12588
607 25644 30328
608 42 18156
609 38988 30328
610 23532 30328
611 9228 30328
612 42 8364
613 41388 42
614 58698 6636
615 43884 30328
616 49260 42
617 42 5292
618 50220 30328
619 58698 18444
620 42 17004
621 50028 42
622 58698 7500
623 58698 7692
624 25548 30328
625 58698 5580
626 42 17772
627 26988 30328
628 45132 42
629 17388 30328
630 42 21708
631 42 21612
632 6636 30328
633 42 14892
634 15564 30328
635 49740 42
636 13548 30328
637 42 9804
638 49932 42
639 58698 23820
640 24684 42
641 45132 30328
642 58698 23244
643 42 16044
644 36876 42
645 42 18252
646 42 18060
647 36300 42
648 29388 42
649 58698 9132
650 45228 30328
651 51948 42
652 42 6828
653 6828 30328
654 58698 8844
655 37068 42
656 49836 42
657 42 23820
658 47148 42
659 26508 42
660 58698 4812
661 50124 30328
662 41580 30328
663 42 14700
664 42 14988
665 39660 42
666 26412 42
667 42 9900
668 46668 42
669 42 6732
670 42 8940
671 58698 11628
672 58698 18540
673 58698 5964
674 38604 30328
675 42 15276
676 47340 30328
677 42 13164
678 42 10380
679 24780 42
680 26796 42
681 44940 30328
682 44652 42
683 42 18636
684 58698 19212
685 22860 42
686 7116 30328
687 24588 42
688 47244 42
689 24396 42
690 58698 20268
691 50508 42
692 36588 42
693 12684 30328
694 47436 42
695 42 13740
696 29772 42
697 26316 42
698 47340 42
699 36492 30328
700 42 13452
701 34572 30328
702 42444 30328
703 41484 30328
704 58698 19020
705 42 6156
706 42 9996
707 46956 42
708 31404 30328
709 42 15372
710 51756 42
711 42 9324
712 42 15564
713 30348 42
714 9612 30328
715 42 8076
716 19980 42
717 31500 30328
718 47724 42
719 48396 42
720 26028 30328
721 25740 30328
722 42 16524
723 50028 30328
724 42 14796
725 58698 7404
726 42 18540
727 21516 42
728 42 1836
729 42 9612
730 42 10188
731 20076 42
732 47628 42
733 42 2508
734 7404 30328
735 42 24876
736 15852 30328
737 58698 16620
738 21420 42
739 42 9228
740 10860 30328
741 22764 42
742 42 16140
743 42 17964
744 35052 30328
745 39852 30328
746 58698 8460
747 42 21516
748 26220 42
749 21324 42
750 11148 30328
751 42 15180
752 42 16236
753 42 10284
754 42 3468
755 58698 11052
756 58698 7788
757 20268 42
758 23340 30328
759 33516 30328
760 42 9708
761 42 21420
762 42 19884
763 42 6348
764 58698 14988
765 41100 42
766 58698 11532
767 58698 10956
768 42 9036
769 45900 30328
770 58698 11148
771 58698 7980
772 42 18348
773 35244 30328
774 43788 30328
775 28044 30328
776 16428 30328
777 48300 42
778 42 10092
779 11052 30328
780 58698 26892
781 44748 42
782 42 14604
783 44748 30328
784 58698 12012
785 58698 12108
786 58698 12300
787 58698 12204
788 58698 13068
789 58698 6252
790 58698 6060
791 51948 30328
792 58698 6444
793 58698 6348
794 58698 6156
795 58698 17964
796 58698 18348
797 58698 15468
798 58698 17580
799 58698 12876
800 58698 13452
801 58698 12972
802 58698 15660
803 58698 17676
804 58698 16332
805 58698 18828
806 58698 13644
807 58698 14412
808 58698 16140
809 58698 17004
810 58698 15564
811 58698 13932
812 58698 14124
813 58698 15948
814 58698 17196
815 58698 14508
816 58698 18924
817 58698 17100
818 58698 9516
819 58698 9228
820 58698 8652
821 58698 8556
822 42 13836
823 58698 10668
824 58698 10860
825 58698 8268
826 58698 8172
827 58698 11340
828 58698 12396
829 58698 6828
830 58698 11820
831 58698 11724
832 58698 7596
833 58698 6732
834 58698 7308
835 58698 7884
836 58698 8076
837 58698 11436
838 58698 15372
839 58698 19308
840 58698 14220
841 58698 18636
842 58698 16236
843 58698 13548
844 58698 15852
845 58698 16716
846 58698 18060
847 58698 14604
848 58698 18732
849 58698 14316
850 58698 13260
851 58698 14028
852 58698 16908
853 42 16332
854 58698 13836
855 58698 13356
856 58698 18252
857 58698 12780
858 58698 10092
859 58698 10188
860 58698 8748
861 58698 9900
862 58698 10476
863 58698 9996
864 43596 30328
865 58698 10764
866 58698 10572
867 58698 9420
868 58698 8940
869 58698 11916
870 58698 6924
871 58698 6540
872 58698 7212
873 58698 7116
874 58698 8364
875 42 17100
876 58698 11244
877 40428 42
878 40332 42
879 40812 42
880 41484 42
881 41772 42
882 41292 42
883 41580 42
884 42828 42
885 42348 42
886 42 7116
887 42156 42
888 58698 9324
889 58698 10380
890 58698 10284
891 40524 42
892 40236 42
893 40140 42
894 40716 42
895 40620 42
896 40908 42
897 42 6540
898 41676 42
899 44556 42
900 46188 42
901 43404 42
902 45516 42
903 45420 42
904 45900 42
905 45612 42
906 43788 42
907 42636 42
908 42252 42
909 42540 42
910 41868 42
911 41964 42
912 42060 42
913 42444 42
914 42732 42
915 44076 42
916 44364 42
917 43884 42
918 44940 42
919 44172 42
920 45036 42
921 45804 42
922 43020 42
923 43500 42
924 45708 42
925 45996 42
926 45228 42
927 43692 42
928 43596 42
929 43980 42
930 45324 42
931 44460 42
932 58698 21612
933 50700 30328
934 58698 21708
935 58698 21804
936 58698 21516
937 58698 21420
938 58698 20940
939 58698 21324
940 58698 21036
941 58698 21228
942 58698 21132
943 58698 9612
944 42 16620
945 42 6444
946 21036 42
947 27468 42
