0 57392 27579
1 23048 18769
2 11490 5916
3 20814 10156
4 18741 14841
5 23882 14627
6 20043 13495
7 25084 42320
8 21178 4185
9 22770 11955
10 25676 15718
11 26992 20718
12 26206 21863
13 24624 3780
14 13726 5154
15 23000 7425
16 24739 1639
17 18108 4869
18 18105 2063
19 19008 10915
20 19533 12358
21 25677 10597
22 44687 13821
23 50909 11777
24 55999 7521
25 23193 1755
26 59970 21898
27 25285 1485
28 12873 13005
29 41296 3780
30 45990 1395
31 41716 16497
32 7670 15607
33 45715 19342
34 48861 17020
35 50749 1647
36 45150 9610
37 47945 6799
38 39813 7423
39 46039 2938
40 34506 1417
41 38034 2745
42 37226 10732
43 32699 5150
44 34205 8415
45 27130 53846
46 31534 18203
47 34982 14811
48 30192 12213
49 27703 11070
50 26505 8014
51 23445 4944
52 10377 13809
53 49588 5542
54 53514 4185
55 57819 9017
56 53433 8055
57 36321 56531
58 49834 7290
59 26571 3008
60 51834 2757
61 55812 2709
62 39069 14553
63 53638 1858
64 40347 17310
65 36711 19305
66 21779 2172
67 6957 11172
68 60084 3525
69 37295 2454
70 38262 19521
71 57583 2160
72 10293 10425
73 40143 12825
74 39951 17685
75 37674 15210
76 37960 17613
77 6768 18135
78 60367 5797
79 15840 1863
80 62240 3249
81 7205 44399
82 61209 5327
83 58665 2943
84 61587 7579
85 65133 2205
86 5059 9681
87 63261 5733
88 69633 28755
89 83859 22953
90 80792 19516
91 76781 24885
92 78228 24441
93 94964 48754
94 82740 19967
95 58619 15045
96 86942 21566
97 89907 23625
98 5331 13920
99 83872 13468
100 89728 12668
101 91618 18016
102 6288 7830
103 7648 6648
104 98978 17337
105 89105 5503
106 83298 3676
107 77913 9841
108 73050 13188
109 70013 23018
110 67239 19125
111 58202 36023
112 68296 36189
113 77259 31584
114 64866 42159
115 63669 32629
116 52500 38853
117 60364 28533
118 54907 31320
119 72585 4794
120 78835 47960
121 62735 53433
122 4302 20565
123 82319 30780
124 73989 27746
125 81040 52574
126 55081 53647
127 74451 35200
128 78543 34014
129 1938 27783
130 7431 19006
131 79592 21819
132 81003 26485
133 76003 21141
134 71737 21119
135 77881 14445
136 78617 26642
137 3731 20257
138 61136 19940
139 64487 18430
140 60384 10174
141 63356 12694
142 66290 11409
143 66310 17679
144 61155 11761
145 71719 16257
146 65080 29222
147 62307 44514
148 53993 14870
149 63167 10317
150 65235 8739
151 6900 30784
152 11122 28384
153 79480 16795
154 68124 11349
155 72617 18225
156 62296 17253
157 76035 17585
158 77273 37851
159 82466 24538
160 63537 15785
161 83900 26163
162 50577 23805
163 65773 26066
164 78122 17839
165 51838 27462
166 47331 24651
167 46175 24480
168 50268 28905
169 49250 26662
170 58407 24005
171 46790 28755
172 7698 23567
173 50679 21727
174 51882 17891
175 48660 20894
176 56374 26365
177 79885 27198
178 54855 26066
179 55708 23723
180 42953 21870
181 40932 21802
182 43156 24798
183 52169 24147
184 57715 52906
185 85739 39809
186 82083 34907
187 81952 36949
188 79350 36011
189 94171 36620
190 88499 33333
191 87847 43836
192 4703 31322
193 85907 32625
194 89578 30027
195 92166 31615
196 93842 33463
197 91630 43030
198 97957 50516
199 101717 41882
200 98137 36167
201 101320 48958
202 90143 54988
203 87760 51699
204 91282 51205
205 54658 18023
206 97895 53955
207 86508 50631
208 86268 53697
209 5292 24935
210 47874 55500
211 43731 54881
212 39575 52270
213 49442 53689
214 42793 43684
215 42661 38601
216 41964 40348
217 38914 41097
218 44956 38436
219 45412 40847
220 49226 45272
221 47383 42633
222 54955 42871
223 45146 40122
224 22153 46374
225 9020 37098
226 53028 47857
227 53003 50274
228 55559 51975
229 51027 55845
230 50607 51244
231 53000 47054
232 53211 45123
233 59378 43850
234 58161 47208
235 59065 52289
236 84095 45239
237 73735 41005
238 78556 40999
239 75647 44577
240 69754 46815
241 73555 52768
242 73267 56781
243 74565 56235
244 69240 52944
245 3417 36099
246 63878 50408
247 55755 39564
248 105833 23794
249 102353 26271
250 94532 22695
251 112572 25065
252 97836 25725
253 5195 39695
254 107106 18472
255 95771 13329
256 95012 8319
257 12790 43389
258 95873 3093
259 101318 3015
260 104751 7703
261 72134 9595
262 68446 7225
263 103224 12796
264 109289 10811
265 109258 12723
266 110099 14310
267 5491 50067
268 98968 30982
269 94646 26826
270 94783 28415
271 90054 28710
272 92695 29295
273 3636 46359
274 56670 38880
275 55760 40905
276 51413 39501
277 54018 44077
278 50793 34695
279 52935 49342
280 50071 37530
281 50936 33565
282 51864 31234
283 52979 26097
284 50923 29380
285 50689 27438
286 7297 48352
287 10285 49025
288 20979 56835
289 15939 40176
290 13586 37991
291 3029 31347
292 6069 36015
293 21520 50983
294 24859 56642
295 32335 56700
296 22923 56632
297 19863 55791
298 32680 56295
299 26497 56727
300 22369 56632
301 26464 54246
302 33951 54711
303 32917 50580
304 28007 48113
305 17380 2989
306 34608 47565
307 32640 39378
308 33939 43403
309 33985 37518
310 31309 29919
311 29459 36162
312 16608 25818
313 13717 22011
314 16326 30474
315 15709 28707
316 15175 20318
317 16291 14337
318 21762 23760
319 24869 22402
320 42 33324
321 42 33036
322 25740 58363
323 71244 58363
324 42 21900
325 63852 58363
326 25356 42
327 51180 58363
328 54252 42
329 74700 42
330 114767 11532
331 76524 42
332 26700 42
333 114767 18444
334 40332 42
335 33036 58363
336 77196 42
337 42 22380
338 95628 42
339 42 26412
340 59148 42
341 42 27180
342 57996 42
343 42 30732
344 72108 58363
345 40044 42
346 13356 42
347 47052 42
348 41580 58363
349 114767 25356
350 77580 58363
351 69708 42
352 31308 42
353 49644 42
354 74892 42
355 42 33132
356 40140 42
357 34860 58363
358 34764 42
359 24300 42
360 41868 42
361 89484 42
362 114767 27852
363 26220 42
364 66828 58363
365 27948 42
366 34092 42
367 57132 42
368 75756 42
369 69804 42
370 99852 58363
371 53676 58363
372 114767 18252
373 92460 58363
374 27180 58363
375 97740 42
376 23532 42
377 21324 42
378 40716 42
379 91788 58363
380 79884 58363
381 86988 58363
382 65580 42
383 75180 58363
384 60684 58363
385 71436 42
386 42 48012
387 42 42924
388 34380 58363
389 56652 42
390 62220 58363
391 101580 42
392 114767 34092
393 48108 42
394 102828 58363
395 31788 42
396 114767 9900
397 50028 42
398 40620 58363
399 47148 42
400 42 20364
401 26796 42
402 74508 58363
403 52716 58363
404 32364 58363
405 42 30444
406 31116 58363
407 26028 42
408 114767 30828
409 60588 58363
410 74412 42
411 42 20460
412 42 19692
413 74604 42
414 95532 58363
415 28140 42
416 101868 42
417 69900 58363
418 42 28140
419 42 24972
420 25548 42
421 71628 58363
422 42 20268
423 23148 42
424 28236 42
425 36588 58363
426 34668 58363
427 114767 31020
428 73548 42
429 44364 42
430 37260 42
431 69900 42
432 37548 42
433 42 40044
434 42 20172
435 74316 58363
436 28716 58363
437 114767 26220
438 34764 58363
439 83724 58363
440 53868 58363
441 42 12396
442 58380 58363
443 49740 42
444 55212 42
445 42 22188
446 55116 42
447 36588 42
448 70572 42
449 34188 58363
450 42 35052
451 75276 58363
452 42 34572
453 31692 42
454 41964 42
455 33516 42
456 42 19212
457 53868 42
458 36780 58363
459 64620 42
460 64428 42
461 57228 42
462 42 34668
463 47916 42
464 94476 58363
465 42252 58363
466 72204 58363
467 42 13356
468 114767 33708
469 103308 42
470 42 21516
471 27564 42
472 99756 58363
473 41484 42
474 54828 42
475 91596 58363
476 114767 19980
477 19308 42
478 8460 42
479 20940 42
480 114767 24972
481 60012 58363
482 79212 58363
483 83628 58363
484 42 35244
485 66252 58363
486 57708 58363
487 82476 42
488 52908 58363
489 8748 42
490 36972 42
491 86316 42
492 68844 58363
493 37356 42
494 37836 42
495 51756 42
496 42 29964
497 31500 42
498 114767 38124
499 42 45036
500 8652 42
501 60972 42
502 82188 58363
503 114767 30636
504 28332 42
505 28428 42
506 27660 42
507 114767 20076
508 57132 58363
509 31212 58363
510 26508 42
511 28716 42
512 35340 58363
513 50412 58363
514 65964 58363
515 28908 42
516 56748 58363
517 47628 42
518 36684 42
519 75084 58363
520 36876 42
521 65676 42
522 29676 58363
523 42 12300
524 42 19884
525 69516 42
526 95436 58363
527 58188 42
528 36780 42
529 42 37932
530 84396 58363
531 114767 21036
532 28524 42
533 42 23532
534 114767 28908
535 17388 42
536 59916 58363
537 59628 58363
538 52620 58363
539 79596 58363
540 84108 42
541 79308 58363
542 31020 42
543 31596 42
544 42 41772
545 42 24876
546 36492 42
547 30732 42
548 27180 42
549 80460 58363
550 65388 58363
551 18156 42
552 42 31788
553 59532 58363
554 72012 58363
555 86220 58363
556 42 24588
557 72300 58363
558 42 24108
559 46284 42
560 56844 58363
561 31980 58363
562 114767 16236
563 62700 42
564 37452 42
565 29004 58363
566 85644 58363
567 42 24684
568 55020 42
569 38796 42
570 28044 42
571 20748 42
572 26124 58363
573 66348 58363
574 58668 58363
575 26316 42
576 51852 58363
577 67980 58363
578 42 22476
579 42 42540
580 53772 42
581 102156 42
582 67212 58363
583 19116 42
584 21708 58363
585 42 37740
586 42 37548
587 42 37644
588 42 37836
589 42 28236
590 42 41484
591 42 41388
592 42 41196
593 42 40716
594 42 41100
595 42 41004
596 33996 42
597 42 39948
598 42 39852
599 42 32556
600 40044 58363
601 42 40908
602 42 41580
603 25068 58363
604 22764 58363
605 22668 58363
606 26604 58363
607 32172 58363
608 31884 58363
609 31692 58363
610 24204 58363
611 39756 58363
612 24876 58363
613 24972 58363
614 24780 58363
615 21228 58363
616 30348 58363
617 30444 58363
618 27660 58363
619 32268 42
620 38412 58363
621 24396 42
622 39948 58363
623 24684 42
624 26124 42
625 25644 42
626 25932 42
627 25836 42
628 23244 42
629 45420 42
630 45804 42
631 21804 42
632 21708 42
633 39852 58363
634 26988 42
635 42 24012
636 26892 42
637 42 23436
638 42 29868
639 20172 42
640 20364 42
641 19788 42
642 41388 42
643 54348 58363
644 19884 42
645 42060 42
646 20652 42
647 28812 42
648 55404 42
649 55500 42
650 38220 42
651 38412 42
652 38604 42
653 34668 42
654 36396 42
655 19500 42
656 35916 42
657 35724 42
658 39756 42
659 39276 42
660 39180 42
661 32940 42
662 33036 42
663 21132 42
664 21036 42
665 21420 42
666 42 32940
667 42348 42
668 21228 42
669 21516 42
670 32460 42
671 32364 42
672 31116 42
673 32652 42
674 39084 42
675 38700 42
676 33420 42
677 34188 42
678 42252 42
679 29388 42
680 29580 42
681 29484 42
682 33612 42
683 31212 42
684 31404 42
685 27564 58363
686 29676 42
687 25740 42
688 55596 42
689 42540 42
690 42 27948
691 42 27756
692 42 21036
693 42 19500
694 42 13452
695 8364 42
696 42 27468
697 42 20556
698 42 23628
699 42 26604
700 42444 42
701 42 37452
702 42 37164
703 42 37260
704 25836 58363
705 42 41292
706 42 41676
707 42 31020
708 42 31404
709 42 31308
710 45708 42
711 25452 58363
712 33708 58363
713 26700 58363
714 24300 58363
715 24492 58363
716 24588 58363
717 24684 58363
718 22572 58363
719 29484 58363
720 29772 58363
721 45132 42
722 38508 58363
723 23052 42
724 46092 42
725 45996 42
726 45516 42
727 43404 42
728 42 23724
729 20268 42
730 20076 42
731 19692 42
732 39564 42
733 19596 42
734 50604 42
735 50412 42
736 38028 42
737 38124 42
738 39372 42
739 39660 42
740 39948 42
741 71916 42
742 71532 42
743 25260 42
744 71628 42
745 33900 42
746 33324 42
747 33132 42
748 91884 42
749 89676 42
750 78924 42
751 90924 42
752 91308 42
753 91788 42
754 40620 42
755 84204 42
756 70956 42
757 71148 42
758 71244 42
759 71340 42
760 89580 42
761 90444 42
762 89772 42
763 90348 42
764 90060 42
765 40524 42
766 90252 42
767 90156 42
768 87852 42
769 86700 42
770 85740 58363
771 83532 58363
772 82668 58363
773 91596 42
774 91116 42
775 90828 42
776 42 38412
777 40428 42
778 90540 42
779 90636 42
780 90732 42
781 56460 42
782 56844 42
783 56940 42
784 57036 42
785 56748 42
786 70860 42
787 71724 42
788 41100 42
789 71820 42
790 96204 58363
791 97932 58363
792 96684 58363
793 96012 42
794 40236 42
795 88140 42
796 87180 42
797 58380 42
798 80556 42
799 47244 42
800 80844 42
801 78156 42
802 78540 42
803 78060 42
804 78444 42
805 77676 42
806 42828 42
807 64908 42
808 65100 42
809 65196 42
810 47436 42
811 65292 42
812 65388 42
813 70092 42
814 69996 42
815 43116 42
816 43212 42
817 41196 42
818 41772 42
819 57900 42
820 57804 42
821 47340 42
822 58476 42
823 58572 42
824 58284 42
825 72108 42
826 72300 42
827 72396 42
828 70188 42
829 70380 42
830 70764 42
831 70668 42
832 37740 42
833 70284 42
834 78636 42
835 67404 42
836 58668 42
837 42 27660
838 42 26796
839 42 26700
840 42 30924
841 42 30540
842 33324 58363
843 57420 42
844 22476 58363
845 23340 42
846 24492 42
847 50700 42
848 50796 42
849 72204 42
850 79692 58363
851 79788 58363
852 73356 42
853 65484 42
854 30444 42
855 73164 42
856 73260 42
857 114767 26316
858 114767 24204
859 114767 23724
860 114767 20172
861 79020 42
862 114767 20268
863 81804 58363
864 80364 58363
865 42924 42
866 81900 58363
867 73068 58363
868 74220 58363
869 65772 58363
870 65484 58363
871 65196 58363
872 65100 58363
873 57420 58363
874 57324 58363
875 60972 58363
876 27756 42
877 61164 58363
878 65292 58363
879 60876 58363
880 53292 58363
881 58284 58363
882 57996 58363
883 58188 58363
884 57612 58363
885 54732 58363
886 54540 58363
887 42 38124
888 42 20748
889 54828 58363
890 54060 58363
891 69996 58363
892 71052 58363
893 72684 58363
894 74412 58363
895 83052 58363
896 83820 58363
897 83244 58363
898 84492 58363
899 23148 58363
900 88332 58363
901 88428 58363
902 114767 34956
903 83436 58363
904 83340 58363
905 81996 58363
906 81516 58363
907 81612 58363
908 77868 58363
909 75564 58363
910 23052 58363
911 74124 58363
912 79980 58363
913 80076 58363
914 79500 58363
915 56364 58363
916 56268 58363
917 55980 58363
918 51084 42
919 50892 42
920 50796 58363
921 17004 42
922 66540 58363
923 58092 42
924 57708 42
925 62124 58363
926 62028 58363
927 67884 58363
928 67692 58363
929 67308 58363
930 66924 58363
931 19212 42
932 55308 58363
933 66444 58363
934 66636 58363
935 68460 58363
936 68268 58363
937 68172 58363
938 59244 58363
939 59724 58363
940 58572 58363
941 54156 58363
942 45612 42
943 55788 58363
944 55500 58363
945 64716 58363
946 43020 42
947 66924 42
948 74988 58363
949 46956 58363
950 46764 58363
951 46668 58363
952 65868 58363
953 45228 42
954 66060 42
955 87276 42
956 87660 42
957 70092 58363
958 70188 58363
959 71532 58363
960 75468 58363
961 20460 42
962 42 19116
963 65772 42
964 42156 42
965 65868 42
966 20844 42
967 42 10092
968 14988 42
969 22092 58363
970 42 30636
971 50508 42
972 114767 26892
973 114767 26988
974 114767 27084
975 69324 58363
976 87852 58363
977 89388 58363
978 64332 58363
979 57804 58363
980 57900 58363
981 58092 58363
982 49068 58363
983 71148 58363
984 82092 58363
985 82284 58363
986 52428 58363
987 82572 58363
988 80652 42
989 67020 58363
990 67404 58363
991 66732 58363
992 68364 58363
993 69132 58363
994 68652 58363
995 68076 58363
996 63948 58363
997 42 38220
998 47052 58363
999 67500 58363
1000 24780 42
1001 48876 58363
1002 78156 58363
1003 48972 58363
1004 26892 58363
1005 26796 58363
1006 26988 58363
1007 42 38316
1008 42 19020
1009 43404 58363
1010 13548 42
1011 42 20652
1012 42 20844
1013 42 20940
1014 11532 42
1015 42 31116
1016 42 31212
1017 42 33228
1018 25932 58363
1019 26028 58363
1020 43308 58363
1021 42 44268
1022 42 44364
1023 20364 58363
1024 23436 58363
1025 42 40812
1026 42 30060
1027 42 30348
1028 42 30156
1029 24396 58363
1030 33420 58363
1031 43308 42
1032 33516 58363
1033 26316 58363
1034 26508 58363
1035 21036 58363
1036 21132 58363
1037 30252 58363
1038 30156 58363
1039 21996 58363
1040 32172 42
1041 20556 42
1042 47724 42
1043 42 22956
1044 42 23340
1045 42 22572
1046 42 21996
1047 42 21324
1048 42 21420
1049 14028 42
1050 42 15468
1051 42 23052
1052 29868 42
1053 47820 42
1054 29772 42
1055 25164 42
1056 64236 58363
1057 42 22092
1058 14124 42
1059 23436 42
1060 42 23820
1061 42 24204
1062 42 23916
1063 42 24300
1064 24204 42
1065 42 29772
1066 42 29580
1067 42 29676
1068 19404 42
1069 39852 42
1070 41676 42
1071 41580 42
1072 37644 42
1073 26412 42
1074 33228 42
1075 24108 42
1076 31980 42
1077 26604 42
1078 32556 42
1079 32844 42
1080 32748 42
1081 35820 42
1082 34572 42
1083 34284 42
1084 34476 42
1085 25452 42
1086 48108 58363
1087 34380 42
1088 34956 42
1089 36108 42
1090 36300 42
1091 36204 42
1092 38892 42
1093 16044 42
1094 36012 42
1095 35628 42
1096 35532 42
1097 45900 58363
1098 35340 42
1099 35148 42
1100 35244 42
1101 30924 42
1102 30828 42
1103 29196 42
1104 29004 42
1105 29292 42
1106 27276 42
1107 27468 42
1108 22380 58363
1109 21900 42
1110 29964 42
1111 30252 42
1112 30156 42
1113 30060 42
1114 86412 58363
1115 86796 58363
1116 83148 58363
1117 87756 58363
1118 87276 58363
1119 87084 58363
1120 43980 42
1121 64140 58363
1122 27852 42
1123 42 19788
1124 13644 42
1125 13452 42
1126 42 27852
1127 42 22764
1128 42 22284
1129 22284 58363
1130 22188 58363
1131 43980 58363
1132 23532 58363
1133 42 30252
1134 27276 58363
1135 32268 58363
1136 25356 58363
1137 25260 58363
1138 25164 58363
1139 42 22668
1140 42 23244
1141 42 24492
1142 68940 58363
1143 40812 42
1144 41004 42
1145 32076 42
1146 30540 42
1147 27372 42
1148 38316 42
1149 38988 42
1150 59820 58363
1151 54636 58363
1152 58764 42
1153 54924 58363
1154 67308 42
1155 66636 42
1156 66828 42
1157 66540 42
1158 66732 42
1159 66444 42
1160 66252 42
1161 66156 42
1162 73548 58363
1163 73356 58363
1164 55020 58363
1165 73260 58363
1166 72780 58363
1167 72972 58363
1168 60108 42
1169 60012 42
1170 60204 42
1171 60492 42
1172 72012 42
1173 71052 42
1174 88524 42
1175 53580 58363
1176 88428 42
1177 88332 42
1178 79404 42
1179 79884 42
1180 79788 42
1181 79212 42
1182 79116 42
1183 72492 42
1184 72684 42
1185 91404 42
1186 53964 58363
1187 91500 42
1188 76812 42
1189 76716 42
1190 76620 42
1191 78732 42
1192 81324 42
1193 87564 42
1194 91692 42
1195 89964 42
1196 87948 42
1197 64428 58363
1198 87756 42
1199 81036 58363
1200 80748 58363
1201 81420 58363
1202 85356 58363
1203 82764 58363
1204 82956 58363
1205 82860 58363
1206 83916 58363
1207 84012 58363
1208 53484 58363
1209 84300 58363
1210 84204 58363
1211 80844 58363
1212 80652 58363
1213 80556 58363
1214 81132 58363
1215 80940 58363
1216 81228 58363
1217 81324 58363
1218 84108 58363
1219 42 37356
1220 55212 58363
1221 50604 58363
1222 50316 58363
1223 49932 58363
1224 50220 58363
1225 87660 58363
1226 86892 58363
1227 86700 58363
1228 86508 58363
1229 86604 58363
1230 86316 58363
1231 71340 58363
1232 85932 58363
1233 96300 58363
1234 96108 58363
1235 87468 42
1236 87372 42
1237 87084 42
1238 86988 42
1239 62124 42
1240 55692 58363
1241 80364 42
1242 80268 42
1243 59916 42
1244 55404 58363
1245 55596 58363
1246 63564 58363
1247 64908 58363
1248 64812 58363
1249 67116 58363
1250 81708 58363
1251 55884 58363
1252 69804 58363
1253 69708 58363
1254 69612 58363
1255 77388 42
1256 77580 42
1257 74892 58363
1258 74028 58363
1259 42 27564
1260 42 22860
1261 27084 58363
1262 65004 58363
1263 54444 58363
1264 82188 42
1265 66348 42
1266 73932 58363
1267 73740 58363
1268 72588 58363
1269 72972 42
1270 72876 42
1271 72780 42
1272 81420 42
1273 63756 58363
1274 85452 58363
1275 69420 58363
1276 70764 58363
1277 74700 58363
1278 74796 58363
1279 75372 58363
1280 77004 58363
1281 77772 58363
1282 77388 58363
1283 70284 58363
1284 78348 58363
1285 82380 58363
1286 82476 58363
1287 79020 58363
1288 71820 58363
1289 77964 58363
1290 70956 58363
1291 80268 58363
1292 79404 58363
1293 63372 58363
1294 70668 58363
1295 78636 58363
1296 59436 58363
1297 85836 58363
1298 86796 42
1299 114767 29772
1300 114767 29964
1301 114767 29868
1302 114767 30060
1303 114767 31212
1304 114767 31308
1305 87564 58363
1306 78060 58363
1307 87468 58363
1308 114767 31116
1309 89388 42
1310 81708 42
1311 81516 42
1312 81036 42
1313 80940 42
1314 80748 42
1315 80076 42
1316 80172 42
1317 78828 58363
1318 79596 42
1319 79692 42
1320 79308 42
1321 79500 42
1322 69516 58363
1323 68748 58363
1324 68556 58363
1325 66156 58363
1326 65580 58363
1327 65676 58363
1328 21324 58363
1329 78540 58363
1330 61548 58363
1331 61644 58363
1332 64044 58363
1333 64524 58363
1334 61836 58363
1335 61740 58363
1336 73452 42
1337 72588 42
1338 73068 42
1339 72876 58363
1340 78924 58363
1341 74988 42
1342 58860 42
1343 75084 42
1344 78252 42
1345 77292 42
1346 81612 42
1347 81228 42
1348 114767 30348
1349 78252 58363
1350 71724 58363
1351 67596 58363
1352 63468 58363
1353 78348 42
1354 77772 42
1355 77964 42
1356 42 23148
1357 72492 58363
1358 54252 58363
1359 67788 58363
1360 66060 58363
1361 70860 58363
1362 80460 42
1363 79980 42
1364 78828 42
1365 91212 42
1366 83916 42
1367 60300 42
1368 87180 58363
1369 69036 58363
1370 60396 42
1371 86124 58363
1372 91404 58363
1373 42 34956
1374 70476 58363
1375 23628 42
1376 86028 58363
1377 97932 42
1378 32076 58363
1379 42 27084
1380 42 31884
1381 42 35340
1382 88044 42
1383 24876 42
1384 12972 42
1385 48684 42
1386 56172 58363
1387 23724 42
1388 36684 58363
1389 70572 58363
1390 91212 58363
1391 114767 27660
1392 63660 58363
1393 30924 58363
1394 45036 42
1395 80172 58363
1396 42 38028
1397 95340 42
1398 60492 58363
1399 30828 58363
1400 86604 42
1401 30348 42
1402 58764 58363
1403 28620 42
1404 79116 58363
1405 24972 42
1406 42 34476
1407 114767 25452
1408 43500 58363
1409 114767 33996
1410 42 42348
1411 52716 42
1412 22284 42
1413 34572 58363
1414 21900 58363
1415 42 32268
1416 25068 42
1417 24588 42
1418 33804 58363
1419 24108 58363
1420 30636 42
1421 57036 58363
1422 48780 42
1423 34284 58363
1424 31884 42
1425 95724 58363
1426 35052 42
1427 42732 42
1428 21612 42
1429 26412 58363
1430 27084 42
1431 42 20076
1432 34476 58363
1433 26220 58363
1434 56076 58363
1435 55116 58363
1436 64620 58363
1437 78444 58363
1438 21420 58363
1439 42636 42
1440 42 25932
1441 114767 28428
1442 95532 42
1443 53772 58363
1444 91692 58363
1445 42 19596
1446 51372 58363
1447 53388 58363
1448 54924 42
1449 33900 58363
1450 41292 42
1451 74028 42
1452 91020 58363
1453 89868 42
1454 91116 58363
1455 19980 42
1456 33996 58363
1457 84876 42
1458 42 27276
1459 50124 58363
1460 42 24780
1461 57516 42
1462 40236 58363
1463 42 34380
1464 53964 42
1465 50508 58363
1466 37932 58363
1467 43692 58363
1468 114767 19500
1469 51468 42
1470 74604 58363
1471 39468 42
1472 58956 42
1473 42 27372
1474 35436 42
1475 73164 58363
1476 52140 58363
1477 34092 58363
1478 86892 42
1479 42 24396
1480 54348 42
1481 23820 42
1482 54444 42
1483 71916 58363
1484 42 28044
1485 42 31980
1486 72396 58363
1487 42 35628
1488 81132 42
1489 46188 42
1490 100524 58363
1491 55308 42
1492 46380 42
1493 78732 58363
1494 73644 58363
1495 36204 58363
1496 77196 58363
1497 50028 58363
1498 77868 42
1499 38508 42
1500 114767 32460
1501 43596 58363
1502 29868 58363
1503 91500 58363
1504 71436 58363
1505 69228 58363
1506 92556 58363
1507 45900 42
1508 91020 42
1509 89292 42
1510 36492 58363
1511 44748 58363
1512 73452 58363
1513 34860 42
1514 42 29004
1515 87372 58363
1516 73836 58363
1517 54732 42
1518 85548 58363
1519 82764 42
1520 52236 58363
1521 30636 58363
1522 114767 23916
1523 83820 42
1524 17100 42
1525 94764 58363
1526 37932 42
1527 114767 23820
1528 24012 58363
1529 70380 58363
1530 64812 42
1531 82572 42
1532 50700 58363
1533 37068 42
1534 70476 42
1535 74796 42
1536 33708 42
1537 40908 42
1538 114767 24012
1539 59340 58363
1540 114767 32364
1541 42 29484
1542 33804 42
1543 54636 42
1544 84012 42
1545 42 35820
1546 29100 42
1547 37164 42
1548 114767 38508
