0 23777 12834
1 9261 1485
2 13473 24435
3 31298 22756
4 2317 9570
5 3039 12622
6 32919 23205
7 2551 4069
8 1950 3345
9 1692 3915
10 3330 5207
11 3125 2970
12 3723 3975
13 33559 21937
14 47746 8073
15 40757 1630
16 46623 6939
17 16092 20325
18 15345 19275
19 15828 18075
20 14494 17820
21 17316 19665
22 43655 5308
23 43072 3799
24 42062 2818
25 27855 19125
26 28377 17550
27 29592 17505
28 42509 5959
29 28978 18945
30 30003 19890
31 30762 20875
32 29372 21433
33 32175 23985
34 29678 24003
35 7789 6412
36 7553 6210
37 7731 4937
38 8845 4212
39 10146 6093
40 9052 7641
41 7587 8100
42 46639 3580
43 46609 5445
44 44008 1755
45 44691 2850
46 46447 1739
47 45265 5940
48 18230 22488
49 19380 14121
50 18702 13725
51 41969 22304
52 20228 13263
53 19786 11947
54 20502 15806
55 20695 15097
56 16591 21825
57 5845 18495
58 4222 19413
59 7902 17955
60 6378 19793
61 8218 20385
62 4806 17235
63 5803 16938
64 7244 16183
65 37560 23801
66 37602 5445
67 37044 4210
68 38994 3567
69 39287 1917
70 37468 2085
71 12470 8711
72 12364 7461
73 13557 5747
74 12018 5535
75 35896 22612
76 14544 6520
77 12672 6255
78 22005 1215
79 22477 3780
80 16011 5400
81 22077 3037
82 23471 2295
83 24961 3172
84 24075 3969
85 21451 1350
86 19503 3691
87 19245 1728
88 18700 2227
89 21138 4050
90 24114 19475
91 22403 20925
92 22233 17991
93 22322 20250
94 39051 22657
95 39236 16011
96 38949 15048
97 38880 15885
98 41521 16728
99 42228 15795
100 43209 14175
101 44959 14310
102 44496 13287
103 44423 16524
104 42406 15003
105 35636 15293
106 36052 17160
107 35727 18157
108 38662 18363
109 37968 16740
110 41891 18396
111 9738 20385
112 9414 22445
113 7020 23074
114 8326 23733
115 9109 21357
116 11799 24300
117 12773 21714
118 11484 22005
119 13294 23123
120 11352 23305
121 9982 24126
122 10530 23625
123 37599 21822
124 39683 23861
125 37570 23355
126 30822 24087
127 36671 20925
128 29389 10395
129 30048 10125
130 28827 12150
131 29812 11340
132 29609 7933
133 27500 8951
134 27456 10245
135 26522 11994
136 25092 11025
137 26139 10968
138 24679 13152
139 35019 23277
140 35519 7768
141 34576 8289
142 36127 9191
143 36961 6804
144 38679 6653
145 38475 7641
146 19596 5739
147 20579 6939
148 21875 7492
149 23006 5191
150 22143 5028
151 5016 2151
152 6058 3948
153 6574 2214
154 6102 5721
155 42247 22815
156 43801 19802
157 42521 19420
158 46647 13695
159 22032 24435
160 22464 24435
161 22113 24165
162 24497 22145
163 24916 23737
164 22752 22329
165 23044 21397
166 25687 23188
167 25902 20790
168 26588 18967
169 26979 24165
170 28287 23985
171 28099 22559
172 27418 20490
173 26118 21375
174 43701 8521
175 46332 8848
176 45474 8325
177 45266 7425
178 42844 7650
179 43114 23610
180 34425 23850
181 41301 21546
182 18581 17600
183 20976 19346
184 19089 19089
185 20478 20877
186 20066 18279
187 19006 21957
188 18660 20616
189 20266 22167
190 16753 3003
191 17043 6968
192 17947 3452
193 17433 5107
194 40743 19878
195 45102 23865
196 45971 21075
197 4936 22140
198 46283 23795
199 46764 24030
200 3132 22095
201 6259 21375
202 1893 23625
203 3132 22503
204 3115 23895
205 4167 24030
206 5400 23481
207 5508 20745
208 47469 20992
209 47567 22747
210 47236 17590
211 47374 19201
212 31945 18323
213 33120 17248
214 31884 19575
215 46725 16605
216 32211 16257
217 47448 14085
218 47157 15412
219 13087 1735
220 34215 3595
221 13669 3278
222 35453 2038
223 35119 4945
224 11573 19507
225 13110 18417
226 13419 20025
227 9742 19010
228 9402 2025
229 10528 2082
230 40878 23220
231 13147 2490
232 31382 8437
233 31590 7047
234 32413 6838
235 29700 3915
236 33013 5535
237 15960 1716
238 30415 7425
239 30004 4410
240 30373 2761
241 32013 3395
242 32859 2531
243 30907 5191
244 45852 10057
245 10456 3609
246 44406 11775
247 45022 9990
248 46632 11351
249 42531 11070
250 43242 11445
251 43884 10215
252 43626 10125
253 15945 4377
254 14836 1620
255 9652 15390
256 16308 24198
257 17723 23535
258 41009 5600
259 40834 3510
260 40739 8273
261 41673 7335
262 40194 7155
263 8920 9261
264 39293 5119
265 39303 4635
266 8262 21587
267 3825 18495
268 3159 20610
269 17982 13027
270 16236 13215
271 17487 13590
272 14274 15255
273 16416 14355
274 15341 15237
275 16775 16375
276 18375 15679
277 17007 22095
278 1674 21330
279 2632 16571
280 28300 1866
281 26043 2115
282 27166 3617
283 1458 17820
284 27653 5049
285 25071 5484
286 20752 1782
287 24220 7270
288 28642 6105
289 26160 6639
290 27155 6930
291 24027 10384
292 1870 14003
293 2119 14580
294 25321 8627
295 22516 9281
296 21431 10827
297 22258 12150
298 2916 17527
299 28592 15708
300 26444 17132
301 24342 16360
302 25465 14760
303 1928 19136
304 1806 12397
305 3473 12227
306 1856 10057
307 2466 8550
308 1900 7830
309 1566 5535
310 1566 9495
311 8748 25669
312 21708 25669
313 21804 25669
314 22860 25669
315 23244 25669
316 9228 25669
317 10188 25669
318 13356 25669
319 18252 42
320 23628 42
321 32556 42
322 42 21804
323 49379 12396
324 30156 42
325 32556 25669
326 49379 15372
327 42 18156
328 32076 42
329 46188 25669
330 44364 25669
331 14700 25669
332 49379 13836
333 33612 42
334 8460 42
335 9324 25669
336 17484 42
337 33420 42
338 20460 25669
339 31692 42
340 42732 42
341 42 20556
342 49379 12684
343 42 17292
344 7020 42
345 19884 25669
346 21708 42
347 49379 23340
348 31308 42
349 42 20652
350 49379 14028
351 27948 25669
352 26988 25669
353 49379 12588
354 34092 42
355 31980 42
356 32940 42
357 21900 42
358 42 17100
359 20940 25669
360 33516 42
361 25548 42
362 18636 25669
363 20652 42
364 49379 10572
365 16524 42
366 49379 13260
367 30348 25669
368 18444 42
369 33036 42
370 49379 11436
371 49379 14508
372 49379 23532
373 29484 25669
374 26412 25669
375 24684 42
376 31884 42
377 49379 10860
378 33708 42
379 18348 42
380 15564 42
381 49379 10380
382 42 16908
383 17964 42
384 42 16812
385 42 972
386 17292 42
387 31500 42
388 42 15852
389 9612 42
390 18540 42
391 6924 25669
392 31212 42
393 49379 21612
394 10284 42
395 7404 42
396 49379 8940
397 49379 14700
398 18732 25669
399 33228 42
400 30732 42
401 17388 42
402 22572 42
403 32460 25669
404 7788 42
405 13836 25669
406 9420 42
407 32652 42
408 42 1740
409 19404 42
410 49379 15084
411 8844 25669
412 32748 42
413 7308 42
414 42 17004
415 42 16620
416 14988 42
417 16140 25669
418 42 3180
419 32844 42
420 8748 42
421 29004 42
422 9996 25669
423 9036 42
424 26028 25669
425 17100 42
426 17676 42
427 27372 42
428 26124 42
429 36300 42
430 49379 24876
431 31596 42
432 42 16716
433 9900 25669
434 16908 42
435 33996 42
436 39468 42
437 30444 25669
438 42 16524
439 49379 10764
440 8652 42
441 42 15564
442 14412 25669
443 32268 42
444 33324 42
445 16620 42
446 21036 25669
447 24012 42
448 49379 10668
449 24876 42
450 29292 42
451 42 13356
452 48588 25669
453 30636 42
454 42 16428
455 25068 42
456 42 17580
457 26220 42
458 44268 42
459 13932 25669
460 7500 42
461 28332 25669
462 49379 11340
463 42 1452
464 9132 42
465 13548 25669
466 14124 25669
467 15468 25669
468 19596 42
469 49379 9420
470 25644 42
471 17580 42
472 20364 25669
473 31500 25669
474 32172 42
475 49379 14316
476 49379 9132
477 28236 25669
478 49379 14892
479 30060 42
480 29772 25669
481 27468 42
482 42 3372
483 49379 13932
484 42 5772
485 14028 25669
486 19500 42
487 42 1548
488 28044 25669
489 16332 42
490 49379 23436
491 29676 25669
492 42 1644
493 42 15180
494 22572 25669
495 20748 25669
496 39276 42
497 42 6156
498 24780 42
499 49379 11532
500 8844 42
501 25836 42
502 49379 12492
503 42060 25669
504 29964 42
505 21996 25669
506 7212 42
507 21516 25669
508 42 18252
509 8940 42
510 49379 12780
511 14988 25669
512 42 15660
513 49379 9612
514 22860 42
515 42 1836
516 17772 42
517 31788 25669
518 31404 25669
519 7884 25669
520 23436 42
521 25260 42
522 30924 42
523 49379 22284
524 41580 25669
525 31404 42
526 7596 42
527 49379 15180
528 9324 42
529 13740 25669
530 28524 42
531 49379 13740
532 42 15948
533 42 15756
534 14316 25669
535 49379 9900
536 22476 42
537 21612 25669
538 13452 25669
539 49379 24684
540 42 16332
541 25164 42
542 49379 12876
543 20652 25669
544 19596 25669
545 7692 42
546 42 1260
547 25452 42
548 31788 42
549 17292 25669
550 42 15468
551 30156 25669
552 8076 42
553 42 16140
554 20844 25669
555 42 18924
556 42 17388
557 26124 25669
558 42 13068
559 20556 25669
560 18540 25669
561 21420 25669
562 24108 42
563 49379 14796
564 42 2220
565 14508 25669
566 22956 25669
567 28908 42
568 17868 42
569 24588 42
570 49379 10476
571 42 16236
572 35148 25669
573 42348 25669
574 49379 9228
575 25932 42
576 41484 42
577 34572 42
578 42 16044
579 7116 42
580 21900 25669
581 28140 25669
582 33132 42
583 27276 42
584 49379 23244
585 21612 42
586 49379 14220
587 16428 42
588 49379 11916
589 49379 10092
590 43500 25669
591 46668 25669
592 45420 25669
593 43980 25669
594 31308 25669
595 30732 25669
596 30828 25669
597 30924 25669
598 31116 25669
599 46092 25669
600 34284 25669
601 32748 25669
602 34188 25669
603 45036 25669
604 31980 25669
605 47532 25669
606 22764 25669
607 47148 25669
608 45900 25669
609 43884 25669
610 45708 25669
611 43596 25669
612 43404 25669
613 42252 25669
614 39948 25669
615 45132 25669
616 47628 25669
617 31596 25669
618 48492 25669
619 45228 25669
620 48396 25669
621 31692 25669
622 47820 25669
623 31212 25669
624 32940 25669
625 33996 25669
626 33900 25669
627 33516 25669
628 33708 25669
629 33804 25669
630 33420 25669
631 33036 25669
632 48204 25669
633 32364 25669
634 32652 25669
635 32844 25669
636 33132 25669
637 33612 25669
638 33228 25669
639 33324 25669
640 44268 25669
641 32268 25669
642 45516 25669
643 31884 25669
644 32172 25669
645 32076 25669
646 30060 25669
647 29580 25669
648 30252 25669
649 29964 25669
650 29868 25669
651 30540 25669
652 31020 25669
653 30636 25669
654 38700 25669
655 38604 25669
656 38892 25669
657 9516 25669
658 38028 25669
659 36396 25669
660 37836 25669
661 37932 25669
662 38220 25669
663 37548 25669
664 36204 25669
665 35916 25669
666 36108 25669
667 37452 25669
668 35628 25669
669 37068 25669
670 35340 25669
671 34764 25669
672 41772 25669
673 34572 25669
674 41196 25669
675 40716 25669
676 34668 25669
677 39180 25669
678 22380 25669
679 39276 25669
680 39852 25669
681 39660 25669
682 34956 25669
683 35052 25669
684 39084 25669
685 35436 25669
686 36780 25669
687 36588 25669
688 36684 25669
689 22092 25669
690 37260 25669
691 37356 25669
692 36300 25669
693 36492 25669
694 37164 25669
695 38124 25669
696 37740 25669
697 37644 25669
698 38508 25669
699 39372 25669
700 38316 25669
701 38412 25669
702 34092 25669
703 36972 25669
704 36876 25669
705 35532 25669
706 38796 25669
707 35724 25669
708 35820 25669
709 36012 25669
710 16140 42
711 38988 25669
712 34860 25669
713 39468 25669
714 34476 25669
715 42540 25669
716 34380 25669
717 40044 25669
718 35244 25669
719 45996 25669
720 44172 25669
721 20268 25669
722 45324 25669
723 49379 12012
724 49379 12108
725 49379 12300
726 49379 12204
727 46956 25669
728 44556 25669
729 44652 25669
730 44460 25669
731 40140 25669
732 39756 25669
733 39564 25669
734 41100 25669
735 41484 25669
736 41004 25669
737 40236 25669
738 46860 25669
739 42732 25669
740 42636 25669
741 40812 25669
742 42 20172
743 40908 25669
744 40620 25669
745 40524 25669
746 44748 25669
747 43692 25669
748 43788 25669
749 42924 25669
750 45612 25669
751 43116 25669
752 42444 25669
753 42 19980
754 41388 25669
755 41868 25669
756 41292 25669
757 43020 25669
758 42828 25669
759 43212 25669
760 41676 25669
761 42156 25669
762 41964 25669
763 43308 25669
764 21132 25669
765 45804 25669
766 44844 25669
767 48012 25669
768 48108 25669
769 47340 25669
770 46380 25669
771 44940 25669
772 46572 25669
773 46284 25669
774 47916 25669
775 24012 25669
776 47244 25669
777 48300 25669
778 46476 25669
779 46764 25669
780 47052 25669
781 47724 25669
782 47436 25669
783 44076 25669
784 40428 25669
785 40332 25669
786 21324 25669
787 49379 22764
788 49379 24492
789 49379 24588
790 49379 21036
791 49379 21324
792 49379 22380
793 49379 21996
794 49379 24780
795 49379 21804
796 49379 20748
797 49379 22092
798 49379 23916
799 49379 22860
800 49379 22188
801 49379 23820
802 49379 22476
803 49379 20844
804 49379 23724
805 49379 20556
806 49379 20940
807 49379 22668
808 49379 24300
809 49379 24012
810 49379 21132
811 49379 24396
812 49379 22956
813 49379 24108
814 49379 21420
815 49379 21516
816 49379 21900
817 49379 22572
818 49379 21708
819 49379 23052
820 49379 23628
821 49379 20460
822 49379 20364
823 49379 23148
824 49379 24204
825 49379 20076
826 49379 21228
827 49379 20652
828 49379 20172
829 49379 20268
830 49379 19980
831 49379 16236
832 49379 16428
833 49379 17292
834 49379 16812
835 49379 17100
836 49379 16620
837 49379 17196
838 49379 17676
839 49379 17004
840 49379 16332
841 49379 16716
842 49379 16524
843 49379 17388
844 49379 16908
845 49379 17772
846 49379 14412
847 49379 14604
848 49379 14988
849 49379 15468
850 49379 15660
851 49379 15564
852 49379 15756
853 12300 42
854 12780 42
855 14028 42
856 13836 42
857 13164 42
858 13356 42
859 13740 42
860 13260 42
861 12396 42
862 13548 42
863 14892 42
864 13452 42
865 14604 42
866 16716 42
867 12204 42
868 16812 42
869 12972 42
870 13068 42
871 10668 42
872 10764 42
873 10476 42
874 11052 42
875 9804 42
876 10188 42
877 10380 42
878 10956 42
879 10860 42
880 11148 42
881 11340 42
882 10092 42
883 9996 42
884 11244 42
885 12588 42
886 12492 42
887 14508 42
888 14124 42
889 17196 42
890 14316 42
891 15948 42
892 15372 42
893 15180 42
894 14796 42
895 15276 42
896 14700 42
897 22188 25669
898 9804 25669
899 12876 42
900 13932 42
901 17004 42
902 15084 42
903 13644 42
904 14220 42
905 11436 42
906 11916 42
907 8556 42
908 11532 42
909 10092 25669
910 11724 42
911 12012 42
912 11628 42
913 11820 42
914 12108 42
915 12684 42
916 9708 42
917 9228 42
918 9516 42
919 10572 42
920 9900 42
921 16044 42
922 15852 42
923 15660 42
924 15756 42
925 14412 42
926 15468 42
927 16236 42
928 16236 25669
929 18060 25669
930 15084 25669
931 42 6444
932 42 6252
933 42 9324
934 13644 25669
935 14604 25669
936 17100 25669
937 16908 25669
938 18156 25669
939 18252 25669
940 16428 25669
941 16332 25669
942 17964 25669
943 17868 25669
944 17772 25669
945 18444 25669
946 18348 25669
947 42 7212
948 42 8172
949 42 7500
950 9612 25669
951 42 7404
952 42 8076
953 42 6540
954 42 9708
955 42 6060
956 14796 25669
957 14892 25669
958 16812 25669
959 42 19884
960 42 19788
961 42 15276
962 42 17772
963 42 19020
964 15276 25669
965 14220 25669
966 15564 25669
967 42 3756
968 42 7020
969 42 6348
970 15660 25669
971 21516 42
972 42 21324
973 42 21420
974 42 12876
975 15372 25669
976 15948 25669
977 15756 25669
978 42 10668
979 15180 25669
980 15852 25669
981 17388 25669
982 19500 25669
983 16716 25669
984 16044 25669
985 16620 25669
986 42 21132
987 42 21228
988 42 20940
989 42 21036
990 17196 25669
991 16524 25669
992 17004 25669
993 19404 25669
994 17580 25669
995 17484 25669
996 17676 25669
997 42 19404
998 42 14028
999 42 19308
1000 42 14124
1001 42 20268
1002 42 13932
1003 42 14508
1004 22476 25669
1005 19308 25669
1006 42 14892
1007 42 6732
1008 42 18060
1009 42 14988
1010 42 18444
1011 42 18732
1012 42 18828
1013 42 18540
1014 42 18348
1015 42 18636
1016 20364 42
1017 42 14604
1018 42 6924
1019 42 10476
1020 42 11628
1021 42 9516
1022 42 12204
1023 42 20844
1024 42 21708
1025 42 13164
1026 42 14220
1027 20460 42
1028 42 19116
1029 42 13452
1030 42 13548
1031 42 20460
1032 42 13644
1033 42 13260
1034 42 20748
1035 42 14316
1036 42 14412
1037 42 15372
1038 20172 25669
1039 42 17868
1040 42 17196
1041 42 17484
1042 42 17676
1043 42 17964
1044 42 15084
1045 42 14796
1046 42 14700
1047 42 12972
1048 42 20364
1049 42 19212
1050 42 19596
1051 42 19500
1052 42 19692
1053 42 13836
1054 42 20076
1055 42 13740
1056 42 12396
1057 42 12012
1058 42 12780
1059 22668 25669
1060 42 21612
1061 42 21516
1062 42 12684
1063 42 5868
1064 42 9612
1065 42 11244
1066 42 11820
1067 42 12588
1068 42 12300
1069 42 12108
1070 20556 42
1071 42 12492
1072 42 7596
1073 42 9804
1074 42 5964
1075 42 8748
1076 42 7884
1077 42 7788
1078 42 9132
1079 42 8844
1080 42 8364
1081 20268 42
1082 42 9420
1083 42 9036
1084 42 5100
1085 42 4812
1086 42 2796
1087 42 8940
1088 42 7308
1089 42 10380
1090 42 10284
1091 42 8556
1092 42 8268
1093 42 7980
1094 42 9900
1095 42 8652
1096 42 6636
1097 42 11340
1098 42 10764
1099 42 10860
1100 42 8460
1101 42 7116
1102 19020 25669
1103 42 10092
1104 42 10572
1105 42 9996
1106 42 9228
1107 42 6828
1108 42 7692
1109 42 11724
1110 42 11532
1111 42 11436
1112 42 11148
1113 22284 25669
1114 18924 25669
1115 42 11052
1116 42 10956
1117 42 10188
1118 42 11916
1119 42 2124
1120 42 5484
1121 42 3564
1122 42 4236
1123 42 5292
1124 42 1932
1125 42 4716
1126 42 4620
1127 42 4044
1128 42 3276
1129 42 5580
1130 42 5388
1131 42 1068
1132 42 2028
1133 42 5196
1134 42 2892
1135 42 5004
1136 42 4140
1137 42 1164
1138 42 2988
1139 42 4428
1140 42 2700
1141 42 5676
1142 42 1356
1143 42 2604
1144 42 4332
1145 20172 42
1146 42 3660
1147 42 2508
1148 42 3084
1149 42 3468
1150 42 3852
1151 42 2412
1152 42 4908
1153 42 3948
1154 42 4524
1155 42 2316
1156 20076 42
1157 49379 8364
1158 49379 8172
1159 49379 8076
1160 39180 42
1161 39372 42
1162 39756 42
1163 39948 42
1164 40908 42
1165 49379 8652
1166 49379 8268
1167 19980 42
1168 49379 8748
1169 49379 8556
1170 8940 25669
1171 9420 25669
1172 9708 25669
