0 32404 16464
1 22653 1215
2 14823 31995
3 24003 28539
4 3081 16451
5 25182 2250
6 2294 17735
7 3892 14395
8 2628 19800
9 2943 15058
10 1898 14148
11 3844 17145
12 46718 31941
13 48047 30687
14 50488 30915
15 34954 8859
16 36983 7526
17 34743 3078
18 37420 8466
19 29691 1305
20 37071 12798
21 38328 11283
22 40326 12285
23 39660 9801
24 36657 10710
25 23085 31455
26 44879 4005
27 42849 3144
28 43392 1600
29 25956 17597
30 38352 26070
31 40777 25943
32 36560 28377
33 34326 31381
34 40158 27595
35 39767 24107
36 18090 30424
37 30700 26420
38 30304 27747
39 29214 27405
40 31941 31590
41 33267 24315
42 33937 25983
43 32646 25987
44 32472 23595
45 30832 24690
46 32391 22095
47 27900 2719
48 19710 2356
49 23344 1822
50 20912 3577
51 20634 4725
52 45908 2357
53 49157 1869
54 27108 27459
55 24766 27625
56 22514 27014
57 47400 3405
58 48363 3780
59 29355 1912
60 24655 6978
61 22982 7614
62 24606 4120
63 24134 8736
64 25922 5878
65 23277 5028
66 23565 8991
67 22680 9585
68 33162 27067
69 32451 28028
70 33089 29805
71 35112 29295
72 24172 29169
73 53919 23422
74 52155 22635
75 52741 25569
76 27546 21131
77 55419 25052
78 54621 25707
79 55478 22140
80 55977 23445
81 51641 21925
82 51994 24087
83 49883 25252
84 51451 26541
85 49104 23957
86 7060 27270
87 6212 29886
88 10452 28110
89 8163 27720
90 8890 28600
91 11033 28977
92 6765 31358
93 7575 29058
94 8586 30834
95 11043 30915
96 31036 31590
97 28968 30283
98 27368 31788
99 30127 31950
100 31185 30429
101 43701 27004
102 42295 27443
103 43544 24705
104 44912 25155
105 46836 21465
106 46101 23064
107 44877 21161
108 43756 22848
109 43510 21903
110 45680 19938
111 46008 18495
112 45247 8835
113 45621 10685
114 43704 9585
115 44172 7605
116 43488 10755
117 60679 7186
118 61241 5920
119 62515 9221
120 63279 7365
121 57996 9045
122 59489 9265
123 42083 9966
124 41382 13365
125 42323 13050
126 41580 11205
127 14794 31083
128 11635 10260
129 18195 31293
130 11543 13133
131 11944 11718
132 40862 19833
133 40578 20925
134 42741 23625
135 42040 22359
136 39864 22687
137 41477 24377
138 39625 21978
139 61216 13680
140 63012 13284
141 61308 15161
142 58104 2295
143 59428 3495
144 59742 1992
145 61425 1620
146 48334 5152
147 45738 5501
148 6639 18721
149 4815 18945
150 4665 19683
151 6215 20583
152 47286 3105
153 59329 26121
154 56916 25582
155 62784 27135
156 4269 29912
157 5695 28167
158 6732 26325
159 3899 28735
160 4444 31428
161 1895 29079
162 2400 31197
163 3393 30645
164 13932 30244
165 22431 10989
166 24178 11205
167 23092 12996
168 21235 12420
169 22081 14739
170 24228 14355
171 51866 27305
172 48864 28485
173 51514 29310
174 13970 10524
175 16036 11532
176 14907 9180
177 13591 2981
178 13149 4617
179 9063 5805
180 10379 6557
181 12672 6124
182 13776 7789
183 11472 8151
184 9845 8578
185 40358 3075
186 38623 4033
187 38361 3375
188 40019 4779
189 33921 7155
190 33103 6109
191 31078 5359
192 32865 4421
193 35418 6858
194 35961 5907
195 37071 5110
196 35912 4455
197 22395 7788
198 29979 12465
199 30762 16850
200 28672 14429
201 28748 13095
202 28658 15216
203 29214 16740
204 29895 17280
205 30761 14782
206 30655 12318
207 30636 13392
208 21100 11053
209 20819 14641
210 58536 21645
211 59865 21228
212 60336 21960
213 56862 23805
214 58219 23490
215 59373 20195
216 57579 21765
217 58036 19305
218 62775 21600
219 54504 20565
220 55898 20901
221 56088 21735
222 3940 21380
223 2405 22275
224 4047 23415
225 54825 9664
226 56628 9045
227 54312 8411
228 57351 10809
229 58788 10959
230 54147 11347
231 55611 10854
232 35895 31035
233 36801 31840
234 38101 30505
235 30312 10746
236 32550 10018
237 31168 7944
238 62317 2891
239 61695 4639
240 59543 5346
241 63249 2805
242 27436 25926
243 28512 24030
244 26179 23193
245 27607 21414
246 30323 22368
247 31301 21060
248 30036 20055
249 54874 30188
250 56208 31023
251 53258 31686
252 53813 28007
253 52839 30255
254 10469 31320
255 52461 2517
256 54856 1726
257 49793 4035
258 59514 29362
259 59016 28755
260 57212 28905
261 57593 31135
262 55458 26968
263 56891 26766
264 12750 31785
265 23052 8273
266 24651 23874
267 22629 23675
268 23290 25002
269 25105 25411
270 24408 26055
271 20574 24795
272 21373 25245
273 35664 17910
274 2950 9720
275 36900 20430
276 34653 20725
277 37278 22230
278 36062 22829
279 38077 18495
280 38601 21195
281 15221 7492
282 15555 6769
283 16993 8861
284 18413 6475
285 18996 8370
286 18095 10144
287 18616 1620
288 62372 19416
289 8803 5740
290 59919 17553
291 62883 17145
292 45433 29478
293 43714 29912
294 44454 31439
295 13601 12791
296 15381 13495
297 17545 13578
298 15459 16340
299 12476 15700
300 10392 16175
301 28737 10962
302 26962 7611
303 29012 8392
304 23463 5940
305 27073 4533
306 29183 5337
307 9714 3630
308 54892 3843
309 56580 5791
310 57231 2025
311 57723 5915
312 51802 6495
313 6416 24751
314 7085 23625
315 5569 22923
316 7377 23017
317 12285 2295
318 61304 31234
319 61510 32040
320 1660 10732
321 62876 29471
322 61497 28363
323 63679 28552
324 60925 29700
325 59130 27765
326 59961 28161
327 60176 28957
328 51780 4425
329 1521 9135
330 53120 4339
331 50454 5535
332 50994 7245
333 53538 6237
334 5238 9585
335 6790 5238
336 3489 7459
337 15816 5835
338 15237 4545
339 17254 3254
340 14749 3027
341 59104 13200
342 57981 12135
343 59742 12105
344 61652 11404
345 63158 10611
346 2520 11497
347 25856 10532
348 27108 12908
349 25145 13198
350 27318 16137
351 26577 14661
352 39761 7842
353 42826 7965
354 43368 6054
355 41611 5242
356 41069 6381
357 40721 8262
358 47903 26139
359 48060 27405
360 45985 26478
361 46722 27724
362 40241 30375
363 1809 26325
364 3538 26769
365 4619 26633
366 3681 24975
367 39649 32130
368 2339 25013
369 2507 27636
370 41751 28929
371 41943 31070
372 63108 22618
373 62174 23227
374 60600 23396
375 62564 25602
376 60201 24165
377 6571 2693
378 43056 31995
379 31686 3175
380 31073 1923
381 32841 2340
382 36694 2475
383 39429 28845
384 13608 2295
385 8069 6171
386 32190 15457
387 33624 15592
388 33466 13555
389 32175 14715
390 31833 12645
391 33378 12109
392 35194 15221
393 36372 14985
394 56829 16504
395 55223 18100
396 58639 14805
397 59004 15885
398 55692 14730
399 14593 1890
400 22477 29160
401 9151 26651
402 9995 25026
403 8971 22942
404 11809 26415
405 11003 1485
406 35689 26844
407 36317 25158
408 34070 23046
409 34949 23817
410 35736 28369
411 7452 1845
412 1773 3375
413 21010 5998
414 21542 7849
415 20940 9483
416 49401 10395
417 50299 9549
418 51736 9460
419 49745 7610
420 47834 9585
421 48874 9810
422 48042 7714
423 46639 7515
424 8852 2198
425 2649 5749
426 2097 3465
427 18878 25447
428 17177 26460
429 3246 4117
430 19323 29250
431 19593 27596
432 16003 24375
433 13812 27120
434 13103 24528
435 15591 27162
436 2091 4483
437 14001 22635
438 2445 12960
439 5526 1665
440 4259 1552
441 33996 33503
442 33132 33503
443 8460 33503
444 22860 42
445 42 9036
446 42 10764
447 42 876
448 42 13164
449 42 13260
450 42 12780
451 46572 33503
452 46380 33503
453 46476 33503
454 47532 33503
455 16140 42
456 48972 33503
457 41484 42
458 32748 33503
459 34668 42
460 34476 42
461 43212 42
462 41100 42
463 65047 10380
464 2124 33503
465 65047 20172
466 65047 13260
467 55692 33503
468 65047 24972
469 42 26220
470 65047 11532
471 27660 42
472 65047 17676
473 56556 33503
474 45516 42
475 4524 33503
476 2604 42
477 5484 42
478 32844 33503
479 65047 12108
480 8652 33503
481 65047 15564
482 38796 42
483 5196 33503
484 36012 33503
485 65047 14700
486 46284 42
487 14124 33503
488 52140 42
489 54540 33503
490 18828 42
491 65047 12780
492 43404 42
493 26028 33503
494 5772 33503
495 58380 33503
496 42 20268
497 57612 33503
498 32364 42
499 65047 13932
500 31692 33503
501 42540 42
502 2988 33503
503 37068 42
504 25356 33503
505 51948 42
506 34860 42
507 4812 33503
508 39180 42
509 42 2604
510 65047 20076
511 31596 33503
512 21132 42
513 38604 42
514 61740 42
515 50508 33503
516 65047 13068
517 56172 33503
518 49548 33503
519 36492 42
520 52332 42
521 65047 12396
522 65047 10284
523 42 1068
524 15084 33503
525 35820 33503
526 31404 33503
527 5580 33503
528 20556 42
529 33804 42
530 5388 33503
531 53292 33503
532 65047 12972
533 42 18348
534 35724 42
535 16044 42
536 41004 42
537 10284 33503
538 43020 42
539 25068 42
540 42252 42
541 65047 19980
542 42 16908
543 46284 33503
544 42 10668
545 18540 42
546 41772 33503
547 31884 33503
548 65047 15756
549 45612 42
550 13260 33503
551 39660 42
552 53004 42
553 24684 33503
554 6348 42
555 33228 33503
556 24876 42
557 41196 42
558 23724 42
559 58188 33503
560 28332 33503
561 42 17292
562 42 17100
563 38412 42
564 6540 42
565 29196 42
566 13548 42
567 19980 42
568 21324 33503
569 42 12396
570 26796 42
571 65047 22668
572 57324 33503
573 36780 42
574 42 18540
575 6636 33503
576 30348 42
577 12108 33503
578 5004 42
579 31788 33503
580 45036 33503
581 42 1644
582 58380 42
583 52908 42
584 5868 42
585 37356 42
586 40908 42
587 31020 33503
588 40140 33503
589 50796 42
590 42 25068
591 10380 33503
592 6444 42
593 65047 8652
594 42828 42
595 3468 33503
596 52236 42
597 42 17004
598 5868 33503
599 6540 33503
600 42 16140
601 40428 42
602 45132 42
603 12780 33503
604 6828 42
605 33804 33503
606 39468 33503
607 40140 42
608 65047 7116
609 30828 42
610 14892 33503
611 12684 33503
612 36588 42
613 65047 8556
614 13356 33503
615 21900 42
616 6444 33503
617 31500 33503
618 19308 33503
619 33324 33503
620 8076 42
621 65047 26700
622 41292 42
623 42 17196
624 45324 33503
625 5964 42
626 20844 33503
627 20172 33503
628 42 22476
629 44268 33503
630 18252 42
631 42 23244
632 39372 42
633 65047 8940
634 42 21708
635 65047 12204
636 40812 42
637 22668 42
638 14796 33503
639 44460 42
640 34764 42
641 61548 42
642 57804 33503
643 58476 33503
644 65047 14508
645 65047 7788
646 44940 33503
647 42 2892
648 50604 42
649 58572 33503
650 42 16812
651 40044 33503
652 65047 27084
653 30924 42
654 30444 42
655 24300 42
656 65047 24876
657 4620 42
658 45228 33503
659 14028 42
660 24204 42
661 24588 42
662 42 15852
663 24012 33503
664 10188 33503
665 9228 42
666 22476 42
667 39564 42
668 42 3084
669 36684 42
670 55116 33503
671 56940 33503
672 24492 42
673 65047 10956
674 65047 25068
675 42 15660
676 65047 21324
677 52332 33503
678 26796 33503
679 42 26124
680 5100 42
681 65047 15660
682 20556 33503
683 31788 42
684 5292 33503
685 65047 11340
686 3756 42
687 39948 42
688 31116 33503
689 31980 42
690 41388 42
691 24780 42
692 65047 10668
693 44652 33503
694 55596 33503
695 56844 33503
696 40524 42
697 65047 21612
698 13644 33503
699 38508 33503
700 65047 14316
701 8844 42
702 38028 33503
703 34188 42
704 36588 33503
705 42444 33503
706 39852 42
707 13740 33503
708 54636 33503
709 6348 33503
710 48972 42
711 42 23724
712 26988 33503
713 43500 42
714 16332 42
715 26316 33503
716 28716 42
717 42 18156
718 36972 42
719 42 19788
720 44268 42
721 30252 42
722 55788 33503
723 24396 33503
724 37164 42
725 16236 42
726 34572 42
727 11532 42
728 13548 33503
729 44172 42
730 4716 42
731 12972 33503
732 26508 33503
733 12012 33503
734 21516 42
735 6252 33503
736 13068 42
737 4428 33503
738 42 22092
739 26412 33503
740 35148 42
741 33996 42
742 65047 11436
743 56268 33503
744 29964 42
745 25068 33503
746 45420 33503
747 39468 42
748 43596 42
749 35628 33503
750 45036 42
751 45516 33503
752 12876 33503
753 57708 33503
754 5676 33503
755 56076 33503
756 40332 42
757 39276 42
758 52044 42
759 14028 33503
760 9804 33503
761 26988 42
762 1932 33503
763 57900 33503
764 65047 8268
765 6156 33503
766 29100 33503
767 53868 42
768 52908 33503
769 65047 13164
770 65047 12300
771 40812 33503
772 31308 33503
773 55980 33503
774 55884 33503
775 65047 25164
776 39756 42
777 21420 42
778 15372 42
779 41580 42
780 5964 33503
781 38796 33503
782 51660 42
783 32556 33503
784 51180 42
785 65047 16908
786 36876 42
787 43308 42
788 15468 33503
789 25932 42
790 23244 33503
791 65047 26988
792 47820 42
793 65047 17100
794 65047 6060
795 21612 42
796 7788 42
797 40236 42
798 42 13548
799 30252 33503
800 36396 42
801 57420 33503
802 6060 33503
803 65047 28524
804 35916 33503
805 44364 42
806 38124 33503
807 51756 42
808 40716 42
809 40620 42
810 34572 33503
811 40044 42
812 42 20652
813 65047 14028
814 65047 14604
815 37260 42
816 5484 33503
817 32652 33503
818 42 26028
819 33708 33503
820 6636 42
821 44172 33503
822 28236 42
823 65047 12012
824 9324 33503
825 25452 33503
826 25932 33503
827 26220 33503
828 27084 33503
829 27948 33503
830 27756 33503
831 27372 42
832 27660 33503
833 27564 33503
834 27468 33503
835 27180 33503
836 27372 33503
837 27276 33503
838 33516 33503
839 26892 33503
840 33036 33503
841 33612 33503
842 26700 33503
843 32940 33503
844 25548 33503
845 23436 33503
846 25740 33503
847 25164 33503
848 25836 33503
849 26124 33503
850 24780 33503
851 9228 33503
852 22476 33503
853 23052 33503
854 22668 33503
855 24300 33503
856 24588 33503
857 23148 33503
858 23724 33503
859 24204 33503
860 33900 33503
861 22092 33503
862 33420 33503
863 24108 33503
864 24876 33503
865 23340 33503
866 23628 33503
867 22380 33503
868 9708 33503
869 24972 42
870 25260 42
871 25548 42
872 25164 42
873 42 9900
874 19020 42
875 25452 42
876 23820 33503
877 17868 33503
878 25356 42
879 25644 42
880 25836 42
881 26028 42
882 8940 33503
883 23532 33503
884 21804 33503
885 18924 42
886 25644 33503
887 25260 33503
888 24492 33503
889 22188 33503
890 24972 33503
891 22284 33503
892 23916 33503
893 21516 33503
894 21036 33503
895 22956 33503
896 22860 33503
897 22572 33503
898 25740 42
899 27852 42
900 28140 42
901 28044 42
902 28332 42
903 27756 42
904 26220 42
905 26700 42
906 27084 42
907 26892 42
908 26508 42
909 26316 42
910 27276 42
911 27180 42
912 27564 42
913 27468 42
914 27948 42
915 28620 42
916 20076 42
917 28908 42
918 29100 42
919 29292 42
920 29676 42
921 29868 42
922 29484 42
923 29772 42
924 29580 42
925 28236 33503
926 26604 33503
927 42 9132
928 29004 33503
929 26604 42
930 26412 42
931 27852 33503
932 30924 33503
933 30828 33503
934 31212 33503
935 30732 33503
936 30636 33503
937 32364 33503
938 42 10092
939 32076 33503
940 32172 33503
941 30156 33503
942 30060 33503
943 30444 33503
944 29964 33503
945 29868 33503
946 28428 33503
947 28620 33503
948 29772 33503
949 19692 42
950 32268 33503
951 28524 33503
952 28812 33503
953 28908 33503
954 29484 33503
955 29676 33503
956 30348 33503
957 31980 33503
958 32460 33503
959 30540 33503
960 29388 33503
961 28140 33503
962 28044 33503
963 28716 33503
964 29580 33503
965 29292 33503
966 29196 33503
967 16236 33503
968 12204 33503
969 14316 33503
970 17580 33503
971 19404 33503
972 13068 33503
973 20460 33503
974 19884 33503
975 19692 33503
976 19020 33503
977 18732 33503
978 18828 33503
979 16812 33503
980 14700 33503
981 28428 42
982 35532 42
983 18636 33503
984 20364 33503
985 19500 33503
986 18924 33503
987 18540 33503
988 19596 33503
989 17292 33503
990 15564 33503
991 15660 33503
992 16620 33503
993 12588 42
994 14988 33503
995 11724 33503
996 20940 33503
997 21708 33503
998 21132 33503
999 20268 33503
1000 16044 33503
1001 20076 33503
1002 15948 33503
1003 10764 33503
1004 17964 42
1005 11820 33503
1006 17484 33503
1007 18444 33503
1008 18156 33503
1009 16908 33503
1010 16716 33503
1011 14220 33503
1012 17772 33503
1013 11628 33503
1014 17196 33503
1015 13836 33503
1016 15180 33503
1017 13164 33503
1018 12300 33503
1019 15852 33503
1020 15372 33503
1021 16524 33503
1022 14604 33503
1023 14412 33503
1024 12396 33503
1025 16428 33503
1026 17388 33503
1027 17004 33503
1028 8748 33503
1029 10860 33503
1030 11916 33503
1031 10092 33503
1032 13452 33503
1033 16140 33503
1034 15276 33503
1035 17964 33503
1036 22092 42
1037 22764 42
1038 22572 42
1039 22188 42
1040 22380 42
1041 12588 33503
1042 21708 42
1043 21804 42
1044 21996 42
1045 18060 42
1046 11340 33503
1047 20652 33503
1048 21228 42
1049 21036 42
1050 19980 33503
1051 20940 42
1052 11148 33503
1053 10956 33503
1054 8556 33503
1055 17100 33503
1056 42 10284
1057 21900 33503
1058 22284 42
1059 23052 42
1060 23436 42
1061 23532 42
1062 23340 42
1063 21996 33503
1064 21228 33503
1065 8844 33503
1066 22764 33503
1067 22956 42
1068 23244 42
1069 23148 42
1070 10572 33503
1071 19212 33503
1072 18348 33503
1073 9900 33503
1074 9612 33503
1075 11436 33503
1076 18060 33503
1077 14508 33503
1078 10668 33503
1079 18252 33503
1080 15756 33503
1081 12492 33503
1082 10476 33503
1083 11244 33503
1084 16332 33503
1085 11532 33503
1086 9132 33503
1087 11820 42
1088 21324 42
1089 9420 33503
1090 19788 33503
1091 17676 33503
1092 21420 33503
1093 9516 33503
1094 11052 33503
1095 20748 33503
1096 24012 42
1097 24108 42
1098 24396 42
1099 24684 42
1100 23628 42
1101 23820 42
1102 23916 42
1103 19116 33503
1104 9996 33503
1105 21612 33503
1106 42 10380
1107 42 10572
1108 42 10188
1109 34380 33503
1110 42 10476
1111 10284 42
1112 13164 42
1113 15180 42
1114 10764 42
1115 14508 42
1116 12780 42
1117 14700 42
1118 12012 42
1119 11052 42
1120 42 11628
1121 10572 42
1122 9324 42
1123 2988 42
1124 15276 42
1125 9708 42
1126 3276 42
1127 12876 42
1128 15948 42
1129 14220 42
1130 38700 42
1131 15852 42
1132 11148 42
1133 11340 42
1134 12492 42
1135 15468 42
1136 12684 42
1137 42 11052
1138 42 11148
1139 42 10956
1140 42 11436
1141 42 9420
1142 42 7884
1143 42 9804
1144 8940 42
1145 3564 42
1146 10668 42
1147 9804 42
1148 10860 42
1149 12300 42
1150 12396 42
1151 11436 42
1152 10476 42
1153 42 11532
1154 10380 42
1155 9996 42
1156 9900 42
1157 10188 42
1158 42 11916
1159 3180 42
1160 3084 42
1161 13836 42
1162 42 13356
1163 3372 42
1164 2700 42
1165 2796 42
1166 42 12876
1167 42 12684
1168 42 12108
1169 42 13452
1170 42 12972
1171 42 12588
1172 11628 42
1173 42 12492
1174 42 9708
1175 42 13068
1176 42 11724
1177 42 12204
1178 42 9516
1179 42 9612
1180 42 5004
1181 42 11340
1182 42 11244
1183 42 11820
1184 42 10860
1185 42 12012
1186 42 12300
1187 42 9996
1188 7308 42
1189 6156 42
1190 8268 42
1191 3948 42
1192 42 1740
1193 15084 42
1194 9036 33503
1195 3660 42
1196 14604 42
1197 15660 42
1198 10956 42
1199 15756 42
1200 15564 42
1201 42 9228
1202 42 8940
1203 42 8844
1204 42 9324
1205 13932 33503
1206 42 8748
1207 42 7980
1208 12204 42
1209 14316 42
1210 10092 42
1211 42 6540
1212 5388 42
1213 8748 42
1214 9132 42
1215 3468 42
1216 14412 42
1217 9516 42
1218 14892 42
1219 9612 42
1220 14796 42
1221 14124 42
1222 42 4908
1223 42 8652
1224 42 8172
1225 42 8364
1226 42 7596
1227 42 6444
1228 42 7212
1229 42 7116
1230 42 4812
1231 42 5580
1232 13356 42
1233 8652 42
1234 5772 42
1235 3852 42
1236 7980 42
1237 7500 42
1238 7692 42
1239 7404 42
1240 7212 42
1241 7596 42
1242 42 4716
1243 42 3468
1244 42 2124
1245 7116 42
1246 39660 33503
1247 6924 42
1248 6732 42
1249 4140 42
1250 7884 42
1251 6252 42
1252 6060 42
1253 7020 42
1254 13260 42
1255 13932 42
1256 13644 42
1257 39084 33503
1258 13740 42
1259 11244 42
1260 11916 42
1261 11724 42
1262 12972 42
1263 12108 42
1264 8364 42
1265 8556 42
1266 8460 42
1267 9036 42
1268 8172 42
1269 2892 42
1270 14988 42
1271 9420 42
1272 42 1164
1273 42 5676
1274 42 1548
1275 42 6060
1276 42 4044
1277 42 5292
1278 42 3180
1279 42 3564
1280 42 3756
1281 42 3372
1282 42 4236
1283 42 1452
1284 42 4140
1285 42 5388
1286 42 6252
1287 42 7308
1288 42 1836
1289 42 3852
1290 42 972
1291 42 7500
1292 42 8268
1293 42 6156
1294 42 7404
1295 42 3660
1296 42 2412
1297 42 2220
1298 13452 42
1299 42 8076
1300 42 7692
1301 42 7788
1302 42 4332
1303 42 4428
1304 42 2316
1305 42 5484
1306 42 5196
1307 42 4620
1308 42 2700
1309 42 3276
1310 42 780
1311 42 7020
1312 42 2796
1313 42 3948
1314 42 5868
1315 42 6828
1316 42 6636
1317 42 6924
1318 42 5772
1319 42 6732
1320 42 1260
1321 42 1932
1322 42 1356
1323 42 5964
1324 42 4524
1325 42 2988
1326 42 5100
1327 42 6348
1328 42 2508
1329 42 2028
1330 42 8460
1331 42 8556
1332 5580 42
1333 5676 42
1334 5196 42
1335 4236 42
1336 4044 42
1337 5292 42
1338 4812 42
1339 32748 42
1340 4332 42
1341 4524 42
1342 4428 42
1343 4908 42
1344 42 15372
1345 42 13644
1346 42 15468
1347 42 15564
1348 42 15756
1349 42 15948
1350 42 16044
1351 42 16236
1352 42 16332
1353 42 16428
1354 42 16524
1355 42 16620
1356 42 16716
1357 42 17388
1358 42 17484
1359 42 17580
1360 42 17676
1361 42 17772
1362 42 17868
1363 42 17964
1364 42 18060
1365 42 18252
1366 42 18444
1367 42 18636
1368 42 18732
1369 42 18828
1370 39564 33503
1371 42 18924
1372 42 19020
1373 42 19116
1374 42 19212
1375 42 19308
1376 42 19404
1377 42 19500
1378 42 19596
1379 42 14604
1380 42 15276
1381 42 15084
1382 42 19692
1383 42 19884
1384 42 19980
1385 42 20076
1386 42 14508
1387 42 13932
1388 42 14412
1389 42 14316
1390 42 14220
1391 38508 42
1392 42 15180
1393 42 14892
1394 42 14796
1395 42 14700
1396 42 14988
1397 42 13740
1398 42 13836
1399 42 14124
1400 42 14028
1401 42 20172
