0 8991 4185
1 7623 4185
2 5805 4725
3 6237 4995
4 8775 4995
5 8667 2835
6 3078 4995
7 2646 4185
8 2997 4185
9 3996 3915
10 3834 3645
11 6507 5805
12 6237 5805
13 5346 5535
14 5913 6075
15 4995 5535
16 5697 5535
17 3510 4455
18 3186 3645
19 3267 3375
20 4158 3375
21 4536 3375
22 4131 2295
23 4914 2295
24 5076 2835
25 4752 3105
26 4644 2025
27 4752 2565
28 5400 2835
29 5022 3375
30 4833 3645
31 4671 5265
32 5535 2565
33 6372 3105
34 3213 5265
35 6507 6345
36 6642 4995
37 6804 4725
38 7722 4455
39 6912 4185
40 7506 3645
41 8262 3645
42 8505 4455
43 5913 4455
44 6129 4725
45 6507 3645
46 6858 3915
47 6534 3915
48 4023 6075
49 8208 4455
50 7101 3915
51 7371 3915
52 2619 3375
53 2403 4185
54 1971 5535
55 3483 6345
56 4563 6615
57 5913 6615
58 7911 6885
59 8613 6345
60 7857 4725
61 6669 3105
62 4293 1485
63 3645 1755
64 6669 1485
65 7695 2295
66 5049 4725
67 6102 3915
68 5292 4725
69 7938 3645
70 4266 3645
71 4401 3105
72 5076 3105
73 5616 3645
74 5454 3375
75 5562 5265
76 8694 3105
77 8046 2835
78 8262 3105
79 6777 3645
80 5076 4995
81 4644 4725
82 1917 6885
83 3888 4455
84 5859 4995
85 3348 4185
86 3645 3915
87 3807 4185
88 4212 4725
89 4428 4185
90 8424 2835
91 7344 2835
92 3537 3375
93 8343 4725
94 8451 5265
95 5886 5805
96 6102 5535
97 6102 5265
98 4374 5265
99 3942 5535
100 3456 4995
101 3888 4995
102 4239 4995
103 3105 4455
104 3186 3105
105 2403 2835
106 1944 2565
107 2403 2565
108 2808 2295
109 2484 2295
110 7182 2295
111 6696 1215
112 7452 1215
113 7020 1755
114 5076 2565
115 5535 2295
116 7074 1215
117 3915 2565
118 2862 2565
119 3186 2295
120 2781 2025
121 2727 6615
122 1674 3915
123 2754 2835
124 3402 1755
125 2700 1485
126 5508 1215
127 3888 1215
128 4374 1755
129 4536 2295
130 4185 2025
131 4266 1215
132 3645 2295
133 3537 2565
134 3510 3105
135 3186 2565
136 3132 2835
137 3672 2835
138 4131 2835
139 4617 2835
140 6264 3375
141 5994 3645
142 5940 3105
143 5886 2565
144 6480 4725
145 7614 5265
146 2322 6615
147 7290 5265
148 7344 4725
149 7425 5805
150 7722 5535
151 7722 6615
152 7236 6075
153 7668 6075
154 6507 5265
155 6615 5535
156 7128 5535
157 7182 6615
158 6858 6615
159 7020 6345
160 5481 5805
161 5319 6075
162 5130 5805
163 5292 6885
164 6156 6615
165 5292 6345
166 4509 5535
167 4644 5805
168 4320 6885
169 4752 6345
170 4266 6345
171 3915 5805
172 4806 6075
173 3240 5805
174 3618 6075
175 3186 6075
176 4050 5265
177 3726 5265
178 2889 5535
179 2322 5265
180 1728 5535
181 2376 5805
182 2322 5535
183 2592 4725
184 2160 4185
185 3645 4725
186 3267 4725
187 2511 4455
188 2916 4725
189 2160 4725
190 2376 3915
191 2052 3915
192 3294 3915
193 2835 3915
194 2322 3375
195 2160 3645
196 4644 4995
197 8694 2295
198 9018 2295
199 9018 3105
200 9018 2835
201 4968 4185
202 6048 1755
203 5670 3915
204 5400 4455
205 7938 2565
206 7830 1215
207 7884 1755
208 8100 2295
209 6210 2025
210 6426 1485
211 6480 1755
212 6642 2295
213 4644 1215
214 5832 1215
215 5670 1485
216 4968 1215
217 4806 1755
218 6048 1485
219 5670 1755
220 5184 1755
221 6804 3375
222 7830 3375
223 7128 3645
224 7236 3375
225 8748 4455
226 8910 4725
227 8586 4725
228 9018 4995
229 8424 6615
230 8802 5805
231 7992 5805
232 8424 5805
233 6534 6615
234 6318 7425
235 6534 6885
236 6696 7425
237 6048 6885
238 5400 7425
239 5670 6885
240 5724 7425
241 3888 6885
242 4644 7425
243 4698 6885
244 3996 7155
245 3240 6615
246 2970 7425
247 2970 6885
248 3348 6885
249 2052 6345
250 1296 6345
251 1674 6345
252 1836 6615
253 1836 4185
254 1404 5265
255 1620 4725
256 1728 5265
257 1836 3375
258 1296 3915
259 1674 3645
260 1404 3375
261 2160 2295
262 8316 4995
263 5481 3105
264 4347 2565
265 3591 2025
266 6129 2295
267 6345 2565
268 4509 3915
269 2781 3645
270 2565 4995
271 2781 5265
272 3429 5535
273 4401 6075
274 5913 6345
275 6453 6075
276 6885 5805
277 8019 5265
278 8667 3645
279 7722 4185
280 7020 4455
281 8640 3375
282 4644 4455
283 7236 2565
284 7290 1485
285 2700 1755
286 3672 1485
287 6264 2835
288 7398 4995
289 7992 6345
290 7290 6885
291 5238 6615
292 3942 6615
293 2862 6345
294 1674 5805
295 1674 4455
296 2106 3105
297 8640 2565
298 5724 4185
299 8262 2025
300 6912 2025
301 4914 1485
302 5400 2025
303 7344 3105
304 8640 5535
305 8640 6075
306 7020 7155
307 5940 7155
308 4698 7155
309 3024 7155
310 2160 6075
311 1728 4995
312 1728 2835
313 10284 2700
314 6060 42
315 7884 42
316 6540 42
317 5868 42
318 5772 42
319 10284 3468
320 10284 3180
321 10284 5100
322 7404 8619
323 7020 8619
324 10284 4716
325 5292 8619
326 4236 8619
327 3276 8619
328 42 5772
329 42 4332
330 42 3948
331 42 4428
332 10284 2796
333 6732 42
334 42 3852
335 10284 5772
336 5388 42
337 5676 42
338 6348 8619
339 5772 8619
340 4524 8619
341 2988 8619
342 42 6348
343 42 5196
344 42 4044
345 7308 8619
346 10284 4332
347 10284 4236
348 10284 3372
349 42 4236
350 42 2604
351 6252 42
352 2508 42
353 4524 42
354 5100 42
355 10284 5004
356 10284 5484
357 10284 5676
358 5580 8619
359 4716 8619
360 4620 8619
361 42 5484
362 42 4716
363 42 3756
364 10284 4140
365 10284 4044
