0 10071 4725
1 8523 4725
2 6399 5265
3 6939 5535
4 9585 5265
5 8937 3375
6 2970 5265
7 3564 4725
8 3699 4455
9 4482 4185
10 4806 3915
11 6777 6075
12 6669 5805
13 5508 5805
14 6075 6345
15 5535 6075
16 5859 5805
17 3726 5265
18 3996 3915
19 3807 3645
20 4050 3645
21 4914 3645
22 4671 2565
23 5508 3105
24 5616 3375
25 5400 3645
26 4482 2295
27 4806 2835
28 5292 3375
29 5724 3645
30 5427 3915
31 6669 5265
32 5859 3105
33 6858 3105
34 3429 5535
35 6777 7155
36 6966 4995
37 7290 4995
38 7614 4995
39 7614 4455
40 8100 4455
41 8964 4455
42 9531 4995
43 6453 4995
44 2781 4455
45 6885 4455
46 7182 4455
47 7074 4725
48 5805 5265
49 8856 4995
50 8505 4995
51 8505 4455
52 2349 4185
53 2295 4455
54 2565 6075
55 3591 6615
56 4077 7155
57 6075 7425
58 8505 6885
59 8505 6345
60 8343 5535
61 7641 3915
62 5373 1755
63 3969 2025
64 7587 2295
65 8235 2565
66 5211 4725
67 6858 4185
68 6966 5265
69 9450 3105
70 4914 4185
71 4941 3375
72 5940 3375
73 6426 3915
74 6048 3915
75 6048 5535
76 9774 3105
77 8532 3105
78 9018 3105
79 7155 4185
80 5022 5265
81 5292 4455
82 2241 7695
83 4266 4995
84 5481 5265
85 3942 4725
86 4077 4185
87 4185 4455
88 4374 4725
89 4806 4725
90 9504 2835
91 8100 3105
92 4347 3915
93 9261 4995
94 8721 5805
95 5994 6075
96 6264 5805
97 6372 6075
98 4266 5535
99 4050 6075
100 3888 5535
101 3996 5805
102 4347 5805
103 3429 4995
104 3510 3375
105 3483 3105
106 3078 2835
107 2619 2835
108 3294 2565
109 2970 2565
110 7722 2565
111 7614 2025
112 7290 2565
113 6642 2025
114 6156 2565
115 6129 2835
116 7128 2025
117 4077 2565
118 3726 2565
119 3510 2835
120 3483 2295
121 2835 6885
122 3024 3375
123 3024 3105
124 3726 2025
125 3132 1755
126 6264 2025
127 5076 2025
128 5886 2025
129 5184 2835
130 5157 2565
131 5454 2025
132 4239 2835
133 4563 3375
134 4158 3375
135 3888 2835
136 3834 3375
137 4320 3105
138 4887 3105
139 6345 3105
140 7452 3375
141 7074 3915
142 7074 3375
143 6696 3375
144 7236 5535
145 8100 5535
146 2160 7155
147 7830 5805
148 7668 5535
149 7155 6075
150 7452 5805
151 8262 6615
152 7938 6615
153 7938 6345
154 7101 5805
155 6831 6615
156 7452 6615
157 8154 7155
158 7290 7155
159 7722 7155
160 5697 6345
161 5643 6615
162 5616 6885
163 5184 7155
164 6048 7155
165 5616 7155
166 4509 6345
167 4914 6885
168 4320 7155
169 4752 7155
170 4320 6885
171 4509 6075
172 4968 6075
173 2268 6615
174 3510 6345
175 3078 6345
176 4698 5805
177 3618 5805
178 2943 6075
179 2808 5805
180 1890 5805
181 2430 5535
182 2322 5805
183 2592 4995
184 2052 4455
185 4131 5265
186 3375 5265
187 3051 4725
188 3186 4455
189 2484 4725
190 2646 3645
191 2052 4185
192 3672 3915
193 3483 4185
194 2970 4185
195 2484 3915
196 6102 5265
197 9666 3375
198 9828 3645
199 9342 3915
200 9504 3645
201 5508 4725
202 6480 4455
203 6102 4455
204 5886 4995
205 7992 2295
206 8370 1215
207 8262 1755
208 8316 2295
209 6696 1755
210 6966 1215
211 6696 1485
212 7128 1755
213 4590 2025
214 6372 1215
215 5994 1215
216 4644 1215
217 5724 1755
218 6210 1755
219 6156 1485
220 5346 1215
221 7938 3645
222 8802 3915
223 8424 3915
224 8046 3915
225 9774 4995
226 9828 5265
227 9288 5535
228 9666 5535
229 8748 6615
230 9396 6075
231 8964 6345
232 9234 6615
233 7128 6885
234 6804 8235
235 6966 7695
236 7020 7965
237 6480 7425
238 6048 8235
239 5994 7965
240 6642 7965
241 4266 7425
242 4428 8235
243 4698 7425
244 4428 7965
245 3456 7155
246 3132 8235
247 3564 7695
248 3618 7425
249 2214 6345
250 1458 6345
251 1836 6345
252 1944 6615
253 2268 4995
254 1512 4995
255 1890 4995
256 2376 5265
257 2592 4185
258 1512 4185
259 1782 3645
260 2160 3645
261 2592 2565
262 8802 5265
263 6237 3645
264 5697 2565
265 4077 2295
266 5913 2295
267 6831 2565
268 4887 4455
269 3267 3915
270 2997 4995
271 2997 5535
272 3483 6075
273 4401 6615
274 6021 6885
275 6723 6885
276 6939 6345
277 8667 5535
278 9261 3375
279 8856 4725
280 7776 4725
281 8802 2835
282 4968 4995
283 7722 2835
284 6966 2295
285 3024 2025
286 4644 1755
287 7128 3645
288 7830 5265
289 8046 6075
290 7884 6885
291 5454 7425
292 3510 6885
293 2970 6615
294 1836 6075
295 1674 4725
296 1674 3915
297 8640 3645
298 6264 4725
299 8532 2025
300 7506 1485
301 4266 1485
302 5346 1485
303 8208 3375
304 9666 5805
305 9450 6885
306 7290 7425
307 6210 7695
308 4752 7695
309 2916 7425
310 2160 6885
311 1674 5265
312 2268 3375
313 11302 3756
314 11302 4428
315 8460 42
316 7116 42
317 6348 42
318 6252 42
319 11302 3852
320 11302 3180
321 11302 5484
322 11302 6540
323 7788 9433
324 11302 5196
325 5484 9433
326 4332 9433
327 42 6540
328 42 5964
329 42 4716
330 42 3756
331 42 4908
332 11302 2988
333 7212 42
334 42 3468
335 11302 6252
336 6156 42
337 6924 42
338 6924 9433
339 6060 9433
340 4428 9433
341 3180 9433
342 42 6636
343 42 5292
344 42 4236
345 42 6828
346 11302 4812
347 11302 4716
348 11302 3372
349 42 4620
350 42 2796
351 6732 42
352 3180 42
353 5484 42
354 6636 42
355 11302 5580
356 11302 6060
357 7500 9433
358 5868 9433
359 4812 9433
360 4908 9433
361 42 5772
362 42 4812
363 42 3948
364 11302 4620
365 11302 4524
