0 8127 4995
1 6021 3915
2 5103 6345
3 5643 5805
4 7425 6075
5 5670 3375
6 6210 3105
7 6561 3105
8 7020 3645
9 7452 3375
10 4509 5265
11 4563 4725
12 4374 3915
13 3375 4185
14 4023 3915
15 4725 3915
16 5292 3105
17 6966 3375
18 7317 3645
19 7992 3645
20 7884 3105
21 9585 3105
22 9504 2835
23 9234 2565
24 8478 2835
25 10098 3915
26 9936 2835
27 8910 2565
28 8154 2565
29 8073 3375
30 3915 2565
31 8505 2565
32 8316 4185
33 5481 2565
34 3321 4455
35 7830 4185
36 8154 5265
37 8154 6345
38 8208 5535
39 8478 5265
40 8802 5535
41 8761 6210
42 5859 4185
43 6291 3915
44 7857 4995
45 8100 4995
46 8478 4995
47 4131 3105
48 8802 5805
49 8505 5535
50 8505 6075
51 8019 2025
52 6453 2025
53 4833 2295
54 3807 2025
55 3375 2835
56 2619 3915
57 2997 4995
58 3591 5805
59 5751 5265
60 8829 1485
61 10719 2295
62 10557 4455
63 10935 3645
64 10017 5265
65 6939 4455
66 7776 3915
67 6156 4185
68 6642 6345
69 7614 3645
70 8667 3375
71 8694 3105
72 8100 2835
73 8316 3105
74 2916 2565
75 7506 6345
76 7722 6075
77 6804 6075
78 7749 4725
79 3456 1755
80 6696 4725
81 1971 2295
82 6588 4995
83 5103 4455
84 6480 3375
85 6615 3645
86 6723 3915
87 6372 4725
88 6588 4185
89 9180 6345
90 9126 5265
91 7155 3105
92 6129 5535
93 5751 4995
94 4104 4455
95 4320 4185
96 4482 4455
97 4860 3645
98 4266 3375
99 5292 3375
100 5562 3645
101 5211 3645
102 6075 3375
103 8316 3645
104 9261 4185
105 9288 4725
106 9261 4455
107 9234 4995
108 9558 4995
109 9666 5265
110 11178 3105
111 10854 2835
112 10692 3915
113 10368 3105
114 10125 3375
115 10800 3105
116 9747 3645
117 9774 3915
118 9396 3915
119 9639 4185
120 2511 1485
121 8370 4725
122 8748 4455
123 10584 4995
124 10260 4455
125 10800 1755
126 10746 2565
127 10368 2565
128 9990 3105
129 9909 2295
130 10422 2295
131 9045 3645
132 9207 3105
133 8802 2835
134 9396 3645
135 8640 3645
136 9342 3375
137 9153 2835
138 9261 2295
139 8586 1485
140 8208 2295
141 8154 1755
142 8964 1755
143 5346 4725
144 5346 5805
145 2376 1755
146 6048 5265
147 5292 4995
148 4455 5535
149 3996 5535
150 2484 5535
151 3672 5535
152 3240 5535
153 4185 4725
154 4185 4995
155 4266 5265
156 2808 5535
157 3348 4995
158 3240 5265
159 3753 4455
160 3861 4185
161 3672 3915
162 2862 3915
163 2970 4455
164 2916 4185
165 4077 3645
166 3672 3375
167 2646 3105
168 3726 3105
169 3294 3105
170 4833 3105
171 4266 2295
172 2754 2295
173 3240 2565
174 3186 2295
175 4536 3645
176 4698 3375
177 4833 2835
178 5184 2295
179 4374 1215
180 4590 2295
181 4482 2025
182 6264 2565
183 5832 1215
184 5481 3915
185 5535 2835
186 5751 3105
187 5940 2565
188 5940 2295
189 6804 2295
190 7290 1215
191 7506 3105
192 7425 2835
193 7668 2295
194 7236 2295
195 3618 2295
196 6318 6075
197 6318 6345
198 6534 5265
199 6642 5535
200 7452 4725
201 6966 4995
202 7074 4725
203 7182 4185
204 10260 5265
205 11340 5535
206 10962 5535
207 10422 5535
208 10584 3645
209 11664 3375
210 11664 3645
211 11178 3645
212 10800 4455
213 11610 4995
214 11286 4455
215 11124 4995
216 11070 2565
217 11664 2025
218 11286 2025
219 11394 2565
220 8694 2025
221 8262 1485
222 8316 2025
223 8532 1755
224 5724 6075
225 5724 6345
226 5022 5535
227 4968 5805
228 3834 6345
229 4320 6345
230 4266 5805
231 4320 6075
232 3672 4995
233 1890 4725
234 2376 4725
235 2430 4995
236 2538 4455
237 1998 3915
238 1998 4455
239 2376 3915
240 3132 2835
241 2160 2835
242 2268 3105
243 1890 3105
244 2484 2025
245 1944 1755
246 2862 1755
247 2970 1485
248 3942 2295
249 4698 1215
250 4968 2025
251 4050 2025
252 6372 2295
253 5508 1215
254 5562 1485
255 6048 1485
256 6696 2025
257 6426 1215
258 6480 1485
259 6804 1755
260 9612 4725
261 5670 5535
262 8667 2295
263 9639 2565
264 10179 4185
265 10179 3645
266 9801 4455
267 7263 3915
268 6885 2565
269 6021 2835
270 5049 2565
271 4563 2565
272 3537 3645
273 3267 3915
274 3375 4725
275 3861 5265
276 5751 4725
277 6183 5805
278 9774 6075
279 9558 5805
280 8046 5805
281 6966 5805
282 6318 4455
283 9612 5535
284 10962 3375
285 10368 4725
286 10368 2025
287 9450 1485
288 5130 5265
289 2970 5805
290 2430 5265
291 2106 4185
292 2970 3375
293 3186 2025
294 4590 1485
295 5832 2025
296 7398 2025
297 7344 5535
298 7560 4455
299 10692 5805
300 11448 3915
301 11448 4725
302 11394 2295
303 9882 1755
304 5022 6075
305 3618 6075
306 1728 4995
307 2538 3645
308 1890 3375
309 3348 1215
310 4752 1755
311 6048 1755
312 7290 1485
313 6828 7518
314 7020 7518
315 13078 5772
316 13078 3564
317 13078 4908
318 13078 2316
319 8652 42
320 7308 7518
321 5196 7518
322 42 5484
323 42 5292
324 5676 7518
325 42 3948
326 42 3084
327 42 2412
328 4236 42
329 5868 42
330 7404 42
331 6540 7518
332 9324 7518
333 13078 3180
334 8364 7518
335 4332 7518
336 13078 2124
337 8460 42
338 42 4620
339 42 4044
340 42 2892
341 42 1644
342 4428 42
343 5676 42
344 6540 42
345 8172 7518
346 8268 7518
347 8652 7518
348 6636 7518
349 6732 7518
350 13078 4812
351 13078 3276
352 13078 4332
353 13078 2220
354 9132 42
355 5292 7518
356 4428 7518
357 4236 7518
358 42 4236
359 42 3372
360 4524 42
361 4908 42
362 5964 42
363 7116 42
364 8748 7518
365 8844 7518
