0 6615 8235
1 4239 5805
2 4401 6075
3 4671 6075
4 4509 7695
5 5967 7425
6 5292 4185
7 6102 4185
8 5697 4185
9 5616 4995
10 5994 4995
11 3537 6345
12 3483 6075
13 3618 5265
14 3105 4995
15 3699 4995
16 3969 5265
17 4860 4455
18 6210 4455
19 6453 4455
20 6372 4995
21 6696 4725
22 8343 5535
23 9072 4725
24 8316 4725
25 7506 5265
26 8694 5535
27 8640 4725
28 8694 4455
29 7128 4725
30 6939 4995
31 3267 4185
32 7317 6075
33 6858 6345
34 4455 3645
35 2673 6345
36 4752 6345
37 5184 6615
38 4860 7425
39 5022 6885
40 5454 7425
41 5508 7695
42 5175 8235
43 4455 5805
44 5103 5805
45 5859 6615
46 4860 6615
47 5616 6615
48 2889 6615
49 5130 7695
50 4833 7965
51 4563 7965
52 7641 3105
53 6291 2835
54 4941 3375
55 3807 2835
56 2295 3915
57 2457 4455
58 2295 6615
59 2619 7155
60 4023 7155
61 7263 3915
62 9153 4455
63 9045 7155
64 9315 6075
65 7263 7425
66 5589 5535
67 5238 6075
68 5238 6345
69 6750 6885
70 6372 5265
71 6831 5265
72 7560 4995
73 7182 5265
74 7506 4725
75 4320 5265
76 6102 8505
77 6210 7695
78 6318 6885
79 6561 6615
80 2970 3375
81 5508 5265
82 3105 2295
83 4644 5265
84 4833 5805
85 5346 4455
86 5697 4455
87 5643 4725
88 5292 4995
89 5076 5265
90 6534 8505
91 6858 7695
92 6237 4725
93 4293 7425
94 4293 7155
95 2970 5535
96 3294 5535
97 3672 5535
98 4752 4725
99 3726 4725
100 4536 4185
101 4158 4455
102 4401 4725
103 6237 3915
104 7560 4185
105 7641 6345
106 7560 6615
107 8019 6615
108 7614 6885
109 7938 6885
110 7506 7695
111 10044 6075
112 9720 6075
113 9180 6345
114 8424 5265
115 8829 5805
116 9666 6345
117 7965 5535
118 7614 5805
119 7992 5805
120 8073 6075
121 2025 3105
122 7182 6615
123 7236 6885
124 8856 6885
125 8370 6885
126 10152 4725
127 9882 5265
128 9612 4995
129 8532 4995
130 9045 4995
131 10098 4995
132 8019 5265
133 7965 4725
134 7884 4185
135 8370 5805
136 7722 4455
137 8046 4995
138 8343 4455
139 8451 4185
140 7506 3645
141 6750 4455
142 7560 3915
143 7938 3915
144 3996 6345
145 3780 6615
146 2592 2835
147 4374 6345
148 4212 6615
149 3321 6615
150 3186 6885
151 1998 6885
152 2862 6885
153 2430 6885
154 3375 5805
155 3861 5805
156 2916 6075
157 1998 6345
158 2484 5805
159 2484 6075
160 3213 5265
161 2727 5265
162 2916 4725
163 2214 4455
164 2268 4995
165 2484 4725
166 3429 4455
167 3240 3915
168 1998 4185
169 2646 4185
170 2646 3915
171 3699 4185
172 3888 3915
173 3564 2835
174 3564 3645
175 3510 3375
176 4050 4725
177 4482 4455
178 4671 3915
179 5346 3375
180 5184 2565
181 5130 3105
182 5022 2835
183 6318 3375
184 5940 2835
185 4185 4185
186 4887 4185
187 5319 3915
188 5832 3915
189 5886 3375
190 7128 3645
191 7182 2835
192 6696 4185
193 6777 3915
194 7452 3375
195 7020 3375
196 4266 5535
197 6210 7965
198 6858 8505
199 6696 7425
200 6912 8235
201 5400 5805
202 5508 6885
203 5616 6075
204 5724 5805
205 7020 7425
206 7614 8505
207 7668 7965
208 7290 8235
209 8802 6615
210 10152 6885
211 9774 6885
212 9288 6885
213 8748 7425
214 9936 7695
215 9396 7965
216 8964 7965
217 9018 5535
218 9558 7425
219 9450 5805
220 9450 5265
221 6642 5535
222 9990 5805
223 6912 5805
224 6534 5805
225 4266 7695
226 4320 8235
227 3888 7425
228 3888 7695
229 2592 7425
230 4374 8505
231 3078 7965
232 2700 7965
233 2322 6345
234 1782 5535
235 2106 5805
236 1674 5805
237 1944 4995
238 1620 4995
239 2484 5535
240 2106 5535
241 2322 4185
242 1620 3375
243 2322 3375
244 2376 3645
245 3240 2835
246 3564 2025
247 3564 2295
248 3456 2565
249 4536 2835
250 4590 1755
251 4644 2025
252 4374 2565
253 5562 2835
254 5724 1755
255 5724 2025
256 5724 2565
257 6642 2835
258 6696 1755
259 6750 2295
260 7128 2565
261 7992 6345
262 3834 6885
263 7209 4455
264 8937 5265
265 8613 6345
266 8613 6075
267 7317 6345
268 5913 5265
269 6561 3645
270 5697 3645
271 4941 3645
272 3969 3645
273 2889 4455
274 2673 4995
275 2943 5805
276 3105 6345
277 4455 6885
278 6291 7425
279 5454 7965
280 5022 7155
281 6156 7155
282 4968 5535
283 7884 7425
284 9774 6615
285 8424 7155
286 9774 4455
287 8424 3645
288 3402 7155
289 1998 7155
290 1674 6615
291 1674 4725
292 1674 3915
293 3240 3105
294 4428 3105
295 5832 3105
296 7020 3105
297 6912 7965
298 5994 6345
299 7992 8235
300 9666 7155
301 9072 7695
302 9774 5535
303 6588 6075
304 3834 7965
305 2646 7695
306 1674 6075
307 1674 5265
308 1674 3645
309 2754 2565
310 4644 2295
311 5724 2295
312 6426 2565
313 6828 10456
314 5676 10456
315 7596 10456
316 11400 6828
317 11400 7596
318 11400 7404
319 11400 5676
320 6156 10456
321 42 6828
322 42 6732
323 42 5868
324 4332 10456
325 42 4620
326 42 3852
327 3564 42
328 4812 42
329 6060 42
330 7404 42
331 42 5292
332 6348 10456
333 11400 6060
334 11400 6636
335 4524 10456
336 11400 5004
337 11400 3660
338 42 5676
339 42 4908
340 42 3564
341 3660 42
342 4716 42
343 5964 42
344 6828 42
345 42 6924
346 4908 10456
347 5004 10456
348 6444 10456
349 5772 42
350 11400 6156
351 11400 5868
352 11400 6252
353 11400 5100
354 11400 3564
355 3852 10456
356 42 6540
357 42 5772
358 42 4812
359 42 4236
360 42 3948
361 5004 42
362 5868 42
363 7212 42
364 5100 10456
365 5388 10456
