0 6183 8235
1 4907 5535
2 3591 7155
3 4617 7695
4 7047 8235
5 4698 3105
6 5076 3105
7 5427 3105
8 5616 3645
9 5832 4185
10 3699 6345
11 3537 6075
12 3618 4995
13 3267 5265
14 3699 4725
15 4023 4995
16 4590 3375
17 5940 3645
18 6237 3645
19 5940 3915
20 5940 4455
21 7317 4185
22 7236 4995
23 6912 4995
24 5940 4995
25 7668 4185
26 6858 4455
27 6804 4725
28 6264 4995
29 6075 4725
30 5400 6075
31 7155 5535
32 7182 5805
33 4293 3105
34 2781 5535
35 4698 5805
36 5184 6615
37 5454 7425
38 5184 7155
39 4851 5445
40 4567 4000
41 5332 8235
42 4395 2349
43 5724 6210
44 4860 6615
45 5508 7695
46 5157 7695
47 4887 7695
48 7263 2025
49 5697 2025
50 3699 2025
51 2241 3375
52 3105 3645
53 2133 4455
54 2295 6075
55 2511 7155
56 3969 7155
57 5913 6345
58 8829 4995
59 8235 3105
60 7749 6075
61 8505 6885
62 5319 4725
63 7236 7695
64 6210 4185
65 6345 4455
66 6588 4995
67 5832 5535
68 6156 5265
69 7236 7425
70 7560 7965
71 7668 7695
72 2799 5265
73 5076 4185
74 4914 3915
75 4914 3645
76 5265 3645
77 5373 3915
78 5400 4185
79 4914 4455
80 8208 7155
81 7560 6615
82 5913 3375
83 5805 7695
84 4455 7425
85 3402 5535
86 3510 5805
87 3780 5535
88 4482 3645
89 3456 3645
90 3942 3105
91 3888 3375
92 4131 3645
93 4941 3375
94 6264 3375
95 7857 3645
96 8100 3645
97 8235 3375
98 8532 3645
99 8262 3915
100 8046 6615
101 8640 6345
102 7992 6075
103 8208 5805
104 7695 5535
105 8370 6075
106 7371 3915
107 7884 3915
108 7560 3645
109 7479 3105
110 7290 2835
111 7938 3105
112 7722 2835
113 8640 5265
114 8586 4995
115 8154 4725
116 7236 4455
117 7263 4725
118 8586 4725
119 6939 3375
120 6615 3645
121 6534 3915
122 7290 3375
123 6588 3375
124 7074 3645
125 6885 3915
126 6669 5265
127 6156 6345
128 6156 5805
129 6156 6075
130 4158 6345
131 4320 6885
132 4644 6885
133 3888 6885
134 3591 6615
135 3402 6345
136 2160 6885
137 3024 6885
138 3915 6075
139 4077 5805
140 3186 6075
141 2484 6615
142 2592 6075
143 2538 6345
144 3699 5265
145 3105 4995
146 3024 4725
147 2430 4455
148 2592 4995
149 2538 4725
150 3024 4185
151 2376 4185
152 2700 4185
153 2646 3645
154 4158 4185
155 2538 3105
156 2916 3105
157 2592 3375
158 3780 3645
159 3564 3375
160 3915 2835
161 4212 2295
162 3456 1755
163 3672 2565
164 3564 2295
165 5724 2295
166 5454 2025
167 4239 3375
168 4401 2835
169 4887 2835
170 5346 2835
171 5292 2295
172 7020 2295
173 6642 1755
174 6264 3105
175 6156 2295
176 6588 2295
177 6804 8235
178 6642 8505
179 6372 7695
180 6480 8235
181 5184 4995
182 5184 6075
183 5184 5805
184 5292 5535
185 8532 6615
186 9342 7155
187 9072 6615
188 8856 7155
189 8640 5805
190 9396 6345
191 9126 5805
192 8964 6345
193 8370 4185
194 9450 4725
195 9072 4725
196 8748 4185
197 8262 4995
198 9234 5265
199 9126 4995
200 8316 5265
201 6264 6885
202 6264 7425
203 6264 7155
204 6858 6885
205 4590 7965
206 4644 8235
207 3942 7965
208 4266 7965
209 2808 7155
210 3240 7695
211 2916 7425
212 2808 7965
213 2970 6345
214 1620 5535
215 1998 5805
216 2106 6345
217 2322 5535
218 1404 4995
219 1998 4995
220 2376 5265
221 1512 3375
222 1458 3915
223 1404 2565
224 2700 2565
225 3240 1215
226 3996 1215
227 4482 1755
228 4968 1215
229 6156 1755
230 5670 1215
231 6048 1215
232 6426 1215
233 8694 3375
234 6291 5535
235 7695 4455
236 6075 2565
237 4131 2565
238 3429 3105
239 3375 3915
240 2835 5265
241 4293 7155
242 6777 7695
243 5940 8505
244 5292 7965
245 5400 6885
246 7938 7425
247 4698 4725
248 7830 6885
249 7938 6345
250 8046 2565
251 8478 4455
252 6858 6345
253 3672 7425
254 1890 7155
255 1674 6615
256 1674 4725
257 2592 3915
258 1728 3105
259 3078 2025
260 5184 1755
261 6642 2025
262 6804 7965
263 5400 5265
264 9126 6885
265 9126 6075
266 9126 3915
267 8694 5535
268 7020 7155
269 3888 8235
270 2538 7695
271 1674 6075
272 1674 5265
273 1728 3645
274 2808 2835
275 3834 1485
276 5076 1485
277 6534 1485
278 6540 9886
279 5388 9886
280 10767 7020
281 10767 6156
282 10767 4812
283 10767 5292
284 6348 9886
285 7404 9886
286 4236 9886
287 42 6828
288 42 6348
289 4620 9886
290 42 4716
291 42 4044
292 42 3084
293 3372 42
294 5484 42
295 6636 42
296 4908 42
297 10767 7116
298 10767 6348
299 6732 42
300 3276 9886
301 10767 5388
302 6156 9886
303 42 5676
304 42 5292
305 42 3660
306 42 2412
307 3564 42
308 4524 42
309 5964 42
310 2700 42
311 5100 9886
312 5292 9886
313 7116 9886
314 5196 42
315 10767 3468
316 10767 5964
317 10767 2700
318 10767 4620
319 10767 5484
320 4140 9886
321 3852 9886
322 42 6060
323 42 5004
324 42 4236
325 42 4140
326 4044 42
327 5292 42
328 6444 42
329 5484 9886
330 5772 9886
