0 13095 3915
1 11016 4365
2 8667 4995
3 8235 5805
4 12015 5265
5 12177 4455
6 4698 4725
7 4536 4455
8 4833 4185
9 6048 4185
10 6480 3915
11 9315 5805
12 8883 6075
13 7452 5805
14 7965 6615
15 7101 6075
16 7479 6075
17 4482 5265
18 5562 3915
19 5535 3645
20 5778 3645
21 6318 3645
22 6399 2565
23 6750 2835
24 7668 3105
25 7722 3645
26 6426 2835
27 7074 2835
28 7344 3105
29 7398 3645
30 7101 3915
31 9315 5535
32 8181 3645
33 8910 4185
34 4293 5535
35 8937 6885
36 9018 5535
37 9396 4455
38 10152 4455
39 9774 4455
40 10476 4455
41 11826 3915
42 8613 5265
43 4239 4995
44 9153 4455
45 9288 4185
46 9288 4725
47 8667 5535
48 11448 3915
49 10611 3915
50 10881 3915
51 3969 3645
52 3753 4725
53 2403 5805
54 4023 6615
55 5265 6885
56 7371 7155
57 11313 6885
58 12177 6345
59 10989 5535
60 9315 3105
61 7155 2025
62 4347 2295
63 11097 2295
64 11259 3105
65 7155 4725
66 8910 4455
67 9396 4995
68 10962 4725
69 6102 3915
70 6723 3645
71 7398 3375
72 8424 3915
73 7722 3915
74 7074 5265
75 12852 4185
76 11610 4455
77 11124 4455
78 8613 4455
79 7020 5805
80 6642 4455
81 2727 7155
82 6480 5535
83 7479 5535
84 5184 4185
85 5535 4185
86 5751 4455
87 6210 4455
88 6480 4725
89 12636 3105
90 10800 3375
91 5211 3915
92 11583 5265
93 11583 5805
94 8316 6345
95 8100 6075
96 8478 6075
97 5508 5535
98 5184 6075
99 4806 5535
100 4914 5805
101 5589 5805
102 4887 4455
103 4968 3375
104 4671 3105
105 4536 3375
106 4293 3105
107 3888 2835
108 3834 3105
109 10908 3105
110 10422 1485
111 11340 2025
112 10260 2295
113 7506 2565
114 8613 2565
115 10422 1755
116 5697 2565
117 5616 3105
118 4914 2835
119 4401 2835
120 2673 6885
121 2754 3375
122 3726 3375
123 4104 2295
124 3456 2565
125 8424 1485
126 8154 2025
127 8478 2295
128 6804 2565
129 6831 2295
130 8640 1755
131 5211 2565
132 5265 3105
133 5292 3375
134 4914 3105
135 5130 3645
136 5400 2835
137 6021 2835
138 8019 2835
139 9072 3105
140 8964 3915
141 8694 3105
142 8586 2835
143 9882 5265
144 10746 5265
145 2268 6885
146 10314 5805
147 10314 5265
148 9747 6075
149 10314 6345
150 11016 6075
151 10692 6615
152 10746 6345
153 9261 6075
154 9477 6615
155 10098 6615
156 11016 6885
157 10152 6885
158 10584 6885
159 7695 6345
160 7479 6615
161 7020 6615
162 6804 6885
163 8316 6885
164 7236 6885
165 6021 6345
166 6156 6615
167 5724 7155
168 5832 6615
169 5778 6885
170 6075 6075
171 6480 6345
172 2700 6615
173 4482 6345
174 4050 6345
175 5508 6075
176 5238 5805
177 3861 5805
178 3456 5535
179 2646 5805
180 3132 5535
181 3132 5805
182 3294 4995
183 2862 4995
184 5211 5265
185 4833 5265
186 4779 4995
187 3780 4995
188 3132 4455
189 3240 4185
190 2538 3915
191 4752 3645
192 4563 3915
193 3834 3915
194 3132 3915
195 7128 5535
196 12636 4725
197 12960 4725
198 11988 4725
199 12312 4725
200 7560 4455
201 7830 1485
202 7776 4185
203 7938 4455
204 11826 3105
205 12852 2565
206 12474 2565
207 12258 3105
208 11394 2295
209 12690 2025
210 12204 2025
211 11772 2025
212 5184 2025
213 7128 1215
214 7020 1755
215 5508 2025
216 7398 2025
217 7452 1215
218 7452 1485
219 7722 2025
220 9504 3375
221 11988 3645
222 10260 3645
223 9666 3645
224 12474 5265
225 12798 5265
226 12204 5535
227 12636 5535
228 12474 6615
229 12636 6075
230 12474 6345
231 12636 6885
232 9396 6885
233 9072 7695
234 9072 7425
235 9450 7425
236 7938 7155
237 7668 7695
238 7560 7425
239 7992 7695
240 4968 7155
241 5022 7695
242 5346 7155
243 5022 7425
244 4320 6615
245 3996 7695
246 4158 7155
247 4320 7695
248 2268 6075
249 1566 6615
250 1890 6075
251 1998 6615
252 2430 4725
253 1512 5265
254 1890 5265
255 1890 4725
256 2592 4185
257 1566 4455
258 1836 4185
259 2214 4185
260 3348 3105
261 11556 5535
262 8451 3375
263 7479 2835
264 5049 2295
265 9153 2565
266 6669 3105
267 6561 4185
268 4401 4185
269 4239 4725
270 3861 5535
271 4455 5805
272 5481 6345
273 7911 6885
274 8937 6615
275 9423 6345
276 11151 5805
277 11583 4725
278 12690 3645
279 11178 3645
280 9990 4725
281 11124 4995
282 6642 4995
283 10962 2835
284 10584 2025
285 3402 2295
286 8856 2025
287 9288 2835
288 10314 5535
289 11556 6345
290 10962 7155
291 6750 7155
292 4644 6885
293 3402 6615
294 1782 5805
295 3132 4725
296 3348 3645
297 12798 4455
298 7938 4725
299 12528 2835
300 12096 2295
301 5670 1755
302 7830 1755
303 9990 3915
304 12852 5805
305 11934 6885
306 9666 7155
307 8316 7425
308 5724 7425
309 3834 7425
310 1998 6345
311 2160 4995
312 2268 3645
313 14494 4524
314 7596 42
315 14494 2892
316 14494 2124
317 7308 42
318 7500 42
319 14494 3756
320 14494 4620
321 14494 5388
322 14494 6348
323 14494 6444
324 14494 5292
325 7212 9480
326 5292 9480
327 42 6444
328 42 5964
329 42 4716
330 42 3852
331 6252 9480
332 14494 3180
333 10188 42
334 42 3564
335 14494 6156
336 8460 42
337 8268 42
338 9132 9480
339 7884 9480
340 5388 9480
341 3852 9480
342 42 6636
343 42 5388
344 42 4428
345 10476 9480
346 14494 4332
347 14494 4044
348 14494 4812
349 5772 42
350 42 2988
351 9996 42
352 42 2508
353 7692 42
354 7980 42
355 14494 5484
356 14494 5964
357 10092 9480
358 7500 9480
359 6156 9480
360 6348 9480
361 42 5676
362 42 4908
363 42 3948
364 14494 3948
365 14494 3852
