0 9477 1755
1 8253 2655
2 7101 3915
3 7803 3375
4 9099 4185
5 8613 3645
6 3672 4455
7 3780 4185
8 3969 3915
9 4320 3645
10 4698 3645
11 7749 4995
12 7857 5265
13 5940 4995
14 6507 5535
15 5319 5265
16 5697 5265
17 3564 4995
18 3672 3375
19 3915 3375
20 3888 3105
21 4320 3375
22 3969 2295
23 4968 2295
24 5076 2565
25 5022 3105
26 3942 2025
27 4698 2565
28 4806 2835
29 4698 3105
30 5049 3375
31 6021 4725
32 5481 2835
33 7236 3105
34 3321 4725
35 7263 5535
36 7506 3645
37 7938 3105
38 9612 2835
39 9018 2835
40 8262 3105
41 8910 2025
42 9315 2835
43 6831 3915
44 2241 3645
45 7425 3375
46 7614 3105
47 6858 3105
48 6399 4995
49 8856 2295
50 8505 2565
51 8235 2565
52 2457 3645
53 2187 3915
54 2295 5265
55 3699 5535
56 4995 6075
57 6507 6345
58 8397 6075
59 9423 5805
60 7533 4185
61 6615 3105
62 4617 1485
63 3267 2295
64 6021 2025
65 7371 2565
66 5373 4185
67 6372 3375
68 5238 4725
69 7938 4185
70 5076 3645
71 4347 3105
72 5130 2835
73 6372 3105
74 5400 3105
75 5454 6885
76 8586 3375
77 8208 3375
78 8046 3645
79 7155 3375
80 2538 6075
81 5400 3915
82 1485 6075
83 4806 4725
84 6507 4725
85 3618 3915
86 4131 4185
87 4455 3915
88 4482 4185
89 4914 4185
90 8532 2835
91 7668 2835
92 3861 3645
93 8613 4185
94 7587 4725
95 6696 4995
96 6858 5535
97 6750 5265
98 3888 4995
99 4698 4995
100 4320 4725
101 4374 5265
102 4239 4995
103 3429 4185
104 3510 3105
105 2781 2565
106 2322 2835
107 2403 2565
108 2106 2295
109 1944 2565
110 7722 2565
111 6480 1755
112 6156 1755
113 7398 1755
114 5292 2295
115 5751 2295
116 6912 1755
117 4239 2565
118 3078 2835
119 3078 2565
120 2889 2295
121 2943 6075
122 2430 3105
123 2700 2835
124 3132 2025
125 2592 1755
126 5724 1755
127 4806 1755
128 5508 2025
129 4590 2295
130 4401 2025
131 5238 1755
132 3591 2295
133 3807 2565
134 4050 2835
135 3456 2565
136 3186 3105
137 3564 2835
138 4455 2835
139 5913 2565
140 7020 2835
141 6750 3375
142 6912 2565
143 6372 2565
144 6912 4725
145 8100 4725
146 1890 6345
147 7236 4725
148 7020 4455
149 8127 4995
150 8586 4995
151 8640 6345
152 8640 6075
153 8586 5535
154 7101 4995
155 7263 5265
156 7614 5535
157 8100 6345
158 7776 6345
159 7776 5805
160 6075 5265
161 5859 5535
162 5994 5805
163 5562 6075
164 6750 6075
165 5994 6075
166 4671 5535
167 5130 5805
168 4428 6345
169 5238 6075
170 4698 5805
171 4833 5265
172 5076 4995
173 3240 6075
174 3834 5805
175 3348 5535
176 4050 5535
177 4050 5265
178 2997 5265
179 2916 5535
180 2538 5265
181 2592 5535
182 2538 4995
183 2592 4455
184 2430 3915
185 3969 4725
186 4131 4455
187 3105 4455
188 2214 4455
189 2484 4185
190 2808 3915
191 2808 3105
192 3348 3375
193 3321 3645
194 2808 3645
195 2754 3375
196 5400 4995
197 9450 3915
198 9504 3375
199 8856 4185
200 9126 3915
201 5616 4185
202 5724 4725
203 5886 3915
204 5994 4185
205 7398 2295
206 7668 1215
207 7722 2025
208 7830 1755
209 6264 2025
210 6480 1215
211 6426 1485
212 6804 1215
213 3348 1485
214 5940 1215
215 5994 1485
216 3672 1485
217 4860 1485
218 5562 1215
219 5238 1485
220 4374 1485
221 5670 3375
222 5616 1485
223 5616 3645
224 5994 3375
225 9342 4185
226 9612 4455
227 8856 4455
228 9234 4455
229 8964 4995
230 8478 4725
231 8478 5265
232 9018 5535
233 7074 6075
234 7074 6885
235 7290 6345
236 7452 6615
237 6426 6075
238 6048 6885
239 5994 6615
240 6480 6885
241 4752 6345
242 4644 6885
243 4482 6615
244 4968 6885
245 3564 6075
246 3348 6885
247 3456 6615
248 3726 6345
249 1998 5535
250 1296 5805
251 1620 5535
252 1782 6075
253 1836 4455
254 1404 4995
255 1404 4455
256 1782 4995
257 1944 3645
258 1404 3915
259 1782 3915
260 1620 3645
261 1620 2565
262 8262 4455
263 5913 3105
264 4941 2025
265 3537 2025
266 6291 2295
267 6777 2295
268 4995 3915
269 3213 3915
270 2997 4185
271 3051 4995
272 3645 5265
273 5211 5535
274 6507 5805
275 7101 5805
276 8019 5535
277 7533 4455
278 8721 3915
279 9234 2565
280 9234 3105
281 7938 3915
282 4968 4455
283 8100 2295
284 6966 2025
285 2430 2025
286 4050 1755
287 6318 2835
288 6912 4185
289 8802 5805
290 7776 6075
291 5886 6345
292 4374 6075
293 3132 5805
294 1674 5265
295 1674 4185
296 1944 3375
297 9234 3645
298 6156 4455
299 8262 1485
300 7182 1485
301 3780 1215
302 4860 1215
303 6426 3645
304 9234 4725
305 9234 5265
306 7776 6885
307 6750 6615
308 5238 6615
309 3024 6345
310 1998 5805
311 1944 4725
312 1674 3105
313 10859 3852
314 5868 8189
315 7596 42
316 6540 42
317 5868 42
318 5676 42
319 5772 42
320 10859 3372
321 10859 4524
322 10859 5676
323 7788 8189
324 10859 4332
325 5772 8189
326 4524 8189
327 3468 8189
328 42 5388
329 42 4140
330 42 3276
331 4620 8189
332 10859 2796
333 6444 42
334 42 3084
335 10859 4908
336 5580 42
337 6348 42
338 7116 8189
339 6252 8189
340 4716 8189
341 3372 8189
342 42 5964
343 42 4812
344 42 3948
345 10859 3276
346 10859 2988
347 10859 2892
348 10859 3948
349 4620 42
350 42 2604
351 6060 42
352 42 2124
353 4716 42
354 6252 42
355 10859 4620
356 10859 5196
357 10859 5292
358 5964 8189
359 4908 8189
360 5004 8189
361 42 5196
362 42 4524
363 42 3564
364 10859 2604
365 10859 2700
