0 6183 8505
1 4995 7875
2 4563 5805
3 5157 6075
4 4185 7695
5 5535 7965
6 5832 3915
7 6480 3645
8 6399 3915
9 6696 4455
10 6696 4995
11 3429 6345
12 3483 6075
13 3672 4995
14 3267 5265
15 3969 4725
16 4023 4995
17 4590 3915
18 6912 3915
19 7263 3915
20 7290 4185
21 7074 4725
22 8343 5535
23 8694 5535
24 8316 5265
25 7236 5535
26 8640 5265
27 8964 5265
28 9018 5535
29 7128 5265
30 7317 4995
31 3105 4185
32 7209 6075
33 6966 6345
34 4293 3375
35 2835 5805
36 4536 6075
37 4752 6885
38 4752 7155
39 4806 7425
40 5022 7965
41 5130 8775
42 4833 9315
43 4563 5265
44 4347 4995
45 5211 6615
46 4590 6615
47 5454 6615
48 3267 6885
49 5292 8505
50 4833 8235
51 4887 8505
52 7965 2565
53 6399 2565
54 5049 2565
55 3861 3105
56 2187 3915
57 2295 4185
58 2295 6345
59 2295 7155
60 3537 7155
61 6507 5535
62 9261 6615
63 8559 6885
64 9045 7155
65 6723 7155
66 5859 4995
67 5778 6075
68 6156 4995
69 6264 7155
70 6804 5265
71 7479 4725
72 7668 5535
73 6858 5805
74 7236 5805
75 5832 5535
76 5940 8775
77 5508 8235
78 5886 7425
79 5049 6345
80 5076 5265
81 5508 5265
82 3105 2295
83 5346 4455
84 4455 4455
85 5994 4185
86 6345 4185
87 6237 4455
88 5778 4455
89 5346 4725
90 6912 9315
91 6858 7695
92 6723 4185
93 4347 7695
94 3969 6615
95 3402 5535
96 3618 5265
97 3834 5535
98 4266 4185
99 3996 3645
100 4752 3645
101 4266 3915
102 4617 4185
103 6129 3645
104 7938 3915
105 7695 3915
106 8262 3915
107 8343 3645
108 8910 3915
109 8586 3915
110 7074 7155
111 9828 7425
112 9504 7425
113 8964 6615
114 7830 5805
115 8235 6075
116 9558 6885
117 8127 4455
118 7776 4455
119 8100 4725
120 8127 4995
121 1593 2835
122 6966 6885
123 7128 6615
124 8370 6615
125 7992 6615
126 9990 6345
127 9558 6615
128 8964 6345
129 8694 5805
130 9315 5805
131 9450 6345
132 8883 4455
133 9045 4725
134 8424 4185
135 8478 4455
136 8100 4185
137 8586 4725
138 8829 4995
139 9315 4995
140 9396 5265
141 6372 5265
142 9774 5265
143 9774 4995
144 3780 6345
145 1890 6885
146 2700 2295
147 4158 6885
148 3726 6885
149 3213 6615
150 2646 6615
151 1566 6885
152 2754 6885
153 2322 6885
154 3915 5805
155 3375 5805
156 2646 6075
157 1782 6075
158 2376 5805
159 2214 6075
160 3321 4995
161 3213 4725
162 2646 4455
163 1782 4455
164 2322 4725
165 2214 4455
166 3213 3915
167 2538 3915
168 2052 3375
169 2430 3375
170 2484 3645
171 3753 4185
172 3672 4455
173 3456 2565
174 3888 2835
175 3456 2835
176 3942 3915
177 4320 3645
178 4401 3105
179 4968 3105
180 5076 2835
181 4212 2835
182 4644 2835
183 6210 3105
184 6372 2835
185 4941 3915
186 5319 3915
187 5427 3645
188 5886 3105
189 5940 2835
190 7128 3105
191 6642 2565
192 7344 3645
193 7425 3375
194 7506 2835
195 6966 2835
196 5022 5535
197 5778 7965
198 5886 8505
199 6210 7695
200 6210 7965
201 5400 5535
202 5346 9315
203 5400 6345
204 5454 6075
205 6750 7965
206 7236 9045
207 7074 8505
208 6696 8505
209 8154 7695
210 7560 9045
211 7452 8235
212 8262 8235
213 7992 7965
214 7236 9315
215 7452 8775
216 7884 8235
217 8370 7425
218 7560 9315
219 7452 7695
220 8046 7425
221 6318 5805
222 6210 9315
223 6318 6615
224 6210 6075
225 4590 7965
226 4266 7965
227 3942 7425
228 3672 7965
229 2484 7425
230 4590 9315
231 2754 7695
232 2646 8235
233 2484 5535
234 1566 5265
235 2106 5535
236 1728 5535
237 2646 4725
238 1728 4725
239 2160 5265
240 2484 4995
241 2538 3105
242 1836 2565
243 2322 2565
244 2700 2565
245 3726 2295
246 3456 1485
247 3456 1755
248 3402 2295
249 4590 2295
250 4428 1215
251 4482 1485
252 4536 2025
253 5832 2295
254 5778 1215
255 5724 1485
256 5778 2025
257 6372 2295
258 6264 1215
259 6318 2025
260 6696 2025
261 8802 3645
262 3672 7695
263 6831 5535
264 8991 6075
265 8235 5805
266 8181 6345
267 6777 6075
268 6291 4725
269 6453 3375
270 5967 3375
271 5103 3375
272 3861 3375
273 2997 3645
274 2889 4995
275 2943 5535
276 3105 6345
277 3861 7155
278 5805 7695
279 4428 8775
280 5022 7695
281 5562 7155
282 5238 4995
283 6966 7425
284 9666 7155
285 7938 6885
286 9774 6075
287 9774 5535
288 3240 7425
289 1674 7155
290 1674 6345
291 1674 4185
292 1674 3645
293 3240 3105
294 4428 2565
295 5778 2565
296 7344 2565
297 6264 8235
298 5616 5805
299 6696 8775
300 8694 7965
301 8154 8505
302 8316 7155
303 6210 6345
304 3672 8235
305 2592 7965
306 1674 5805
307 1674 4995
308 2430 2835
309 3456 2025
310 4590 1755
311 5778 1755
312 7074 2295
313 5964 10456
314 5388 10456
315 7500 10456
316 7404 10456
317 7212 10456
318 7308 10456
319 6252 10456
320 6156 10456
321 42 6828
322 42 6924
323 42 6060
324 4044 10456
325 42 4236
326 42 3564
327 3468 42
328 4716 42
329 6060 42
330 6924 42
331 5388 42
332 7116 10456
333 11400 7308
334 6924 10456
335 4620 10456
336 11400 6252
337 11400 5196
338 42 5484
339 42 4812
340 42 2700
341 3564 42
342 4524 42
343 5868 42
344 6444 42
345 42 7212
346 4716 10456
347 4812 10456
348 6060 10456
349 6156 42
350 11400 3468
351 11400 6060
352 11400 5484
353 11400 5676
354 11400 4812
355 3756 10456
356 42 6636
357 42 5868
358 42 4716
359 42 3852
360 42 3948
361 4908 42
362 5964 42
363 7692 42
364 4908 10456
365 5004 10456
