0 41926 50866
1 26315 49000
2 40470 39666
3 46930 37800
4 37050 43400
5 52060 63000
6 50730 63000
7 43320 63000
8 44460 59266
9 45030 63000
10 47690 9800
11 32110 9800
12 26790 18200
13 25650 23800
14 33250 18200
15 78470 35000
16 81890 23800
17 72390 12600
18 63080 12600
19 69730 21000
20 36670 35000
21 20330 35000
22 25143 31266
23 7980 35000
24 16150 32200
25 51511 30644
26 46332 31800
27 5890 32200
28 9690 35000
29 21565 32200
30 12350 35000
31 3800 35000
32 43645 37200
33 7220 29400
34 7220 32200
35 5130 35000
36 11020 35000
37 6460 35000
38 32363 21000
39 14060 15400
40 30590 18200
41 31730 18200
42 35720 18200
43 42940 9800
44 46550 9800
45 46930 15400
46 34200 9800
47 33250 9800
48 34010 15400
49 49210 18200
50 55670 18200
51 43510 12600
52 44460 15400
53 56620 18200
54 57950 18200
55 83600 32200
56 70490 32200
57 83600 21000
58 77140 25200
59 70585 11200
60 69730 18200
61 56430 12600
62 56810 12600
63 59850 18200
64 65930 32200
65 65930 35000
66 73910 32200
67 73150 35000
68 68780 37800
69 69160 12600
70 57950 12600
71 68590 15400
72 70300 37800
73 69730 35000
74 62035 35000
75 26980 63000
76 49526 62066
77 52630 60200
78 58330 54600
79 46740 54600
80 64410 54600
81 52250 65800
82 46360 68600
83 50920 67200
84 67070 60200
85 58140 63000
86 65930 60200
87 64790 57400
88 39615 49000
89 23180 49000
90 41990 49000
91 64410 49000
92 66500 43400
93 34865 39200
94 49590 40600
95 53010 36400
96 48640 35000
97 58330 37800
98 64790 40600
99 67830 43400
100 65170 37800
101 60990 37800
102 49590 37800
103 50730 40600
104 65740 43400
105 64410 43400
106 45600 49000
107 44840 49000
108 46740 49000
109 65930 46200
110 64790 46200
111 50160 60200
112 64790 60200
113 56430 63000
114 60040 60200
115 60040 63000
116 63650 60200
117 62890 46200
118 44650 40600
119 30590 35700
120 28785 29400
121 29260 23800
122 30210 47600
123 27170 23800
124 12350 21000
125 11590 21000
126 26600 51800
127 62890 18200
128 67450 18200
129 68400 18200
130 61560 18200
131 67830 21000
132 67640 49000
133 68590 49000
134 69540 43400
135 69540 51800
136 70490 51800
137 65740 51800
138 30970 51800
139 27930 51800
140 24890 51800
141 11590 50400
142 9310 51800
143 46740 18200
144 28880 18200
145 45220 21000
146 33630 12600
147 38380 15400
148 42180 21000
149 43510 21000
150 51870 18200
151 50920 21000
152 61370 23800
153 57000 23800
154 52250 23800
155 54150 23800
156 70870 23800
157 67830 26600
158 55480 23800
159 51300 15400
160 54530 15400
161 56240 23800
162 56050 26600
163 59375 28000
164 52440 46200
165 53010 40600
166 54340 40600
167 60990 29400
168 58330 32200
169 54720 37800
170 55290 40600
171 56050 43400
172 58710 46200
173 44460 43400
174 45220 46200
175 54150 35000
176 53770 37800
177 53960 43400
178 54720 46200
179 56746 49933
180 58710 49000
181 54720 49000
182 34770 54600
183 33630 54600
184 32110 54600
185 29830 56000
186 31350 57400
187 33060 60200
188 69920 40600
189 71060 40600
190 70870 43400
191 69540 46200
192 70490 46200
193 67830 37800
194 66500 37800
195 67830 40600
196 72010 49000
197 71630 51800
198 70395 51800
199 34390 60200
200 31730 60200
201 25270 54600
202 17290 57400
203 15390 54600
204 61750 49000
205 50920 43400
206 52250 43400
207 53770 26600
208 53960 29400
209 53770 21000
210 55575 21000
211 55290 29400
212 53580 32200
213 53010 35000
214 47880 51800
215 46740 51800
216 49780 51800
217 51680 46200
218 52060 49000
219 53390 49000
220 54340 51800
221 55670 54600
222 57190 57400
223 56905 57400
224 32110 63000
225 28690 63000
226 28310 65800
227 24320 64400
228 24890 65800
229 33820 63000
230 66690 49000
231 68590 51800
232 69540 60200
233 67640 51800
234 68590 54600
235 65550 54600
236 66120 57400
237 67070 57400
238 68210 57400
239 68400 60200
240 69160 57400
241 70680 60200
242 68590 63000
243 33250 65800
244 32110 65800
245 29450 65800
246 27170 67200
247 28690 68600
248 35720 63000
249 54530 54600
250 53580 46200
251 57000 46200
252 60610 46200
253 55670 46200
254 54340 60200
255 52820 51800
256 56050 51800
257 58900 57400
258 62510 60200
259 63270 63000
260 61465 61600
261 37430 65800
262 36290 65800
263 34770 65800
264 30970 67200
265 34390 68600
266 33820 21000
267 28500 15400
268 24890 15400
269 14060 18200
270 9880 18200
271 10070 12600
272 36100 15400
273 30400 15400
274 27930 12600
275 25080 12600
276 24890 12600
277 42940 15400
278 40280 15400
279 35530 12600
280 37620 9800
281 35530 4200
282 58900 15400
283 61560 15400
284 54530 12600
285 54720 4200
286 53770 9800
287 58710 21000
288 57380 21000
289 59850 21000
290 64220 15400
291 66500 15400
292 65930 12600
293 68780 4200
294 65170 7000
295 67640 23800
296 69540 23800
297 71440 21000
298 71250 18200
299 76190 19600
300 74670 18200
301 62130 29400
302 63270 29400
303 69160 29400
304 70680 29400
305 72010 29400
306 78280 32200
307 76570 29400
308 59470 35000
309 57950 35000
310 56620 29400
311 50540 32200
312 49210 32200
313 49020 29400
314 47310 32200
315 35340 40600
316 46550 21000
317 48070 23800
318 46740 23800
319 50920 29400
320 48070 21000
321 49210 21000
322 49210 23800
323 49020 26600
324 45600 29400
325 37050 29400
326 35910 32200
327 35910 29400
328 38000 23800
329 35910 23800
330 18303 40600
331 18810 21000
332 21090 21000
333 18430 49000
334 20710 49000
335 40755 58800
336 38570 46200
337 37430 49000
338 45220 57400
339 41610 54600
340 42370 57400
341 47785 68600
342 45410 65800
343 41990 65800
344 43415 70000
345 45030 68600
346 49970 65800
347 58330 68600
348 57570 65800
349 17290 12600
350 19570 12600
351 32965 4200
352 30210 4200
353 30210 9800
354 46360 4200
355 44650 4200
356 44650 9800
357 54435 4200
358 57950 7000
359 58710 9800
360 71820 9800
361 73150 7000
362 73910 9800
363 85500 21000
364 81510 21000
365 78850 21000
366 85500 32200
367 82270 32200
368 81130 35000
369 37810 40600
370 40470 40600
371 24510 43400
372 26790 43400
373 11210 32200
374 8170 37800
375 16530 35000
376 11970 23800
377 11210 49000
378 26030 57400
379 17290 57400
380 21090 63000
381 27930 71400
382 39330 68600
383 10070 15400
384 22230 9800
385 37430 7000
386 53010 7000
387 68970 7000
388 79990 18200
389 80370 29400
390 45030 35000
391 35910 26600
392 21850 23800
393 21090 51800
394 32490 49000
395 38570 60200
396 39710 63000
397 51490 68600
398 62130 65800
399 20330 15400
400 27930 7000
401 44270 7000
402 63270 9800
403 78470 9800
404 78090 23800
405 81890 37800
406 43130 37800
407 32870 43400
408 140 24780
409 140 46060
410 43870 75980
411 44990 75980
412 50590 75980
413 42750 75980
414 57310 75980
415 140 25900
416 140 19180
417 23710 140
418 39390 140
419 140 16940
420 52830 140
421 64030 140
422 94010 16940
423 94010 33740
424 49470 140
425 38270 140
426 140 51660
427 30430 75980
428 140 57260
429 21470 75980
430 32670 140
431 27070 75980
432 31550 75980
433 44990 140
434 51710 140
435 71870 140
436 94010 20300
437 94010 29260
438 49470 75980
439 140 40460
440 140 30380
441 140 31500
442 140 34860
443 29310 140
444 66270 75980
445 53950 75980
446 74110 75980
447 58430 75980
448 71870 75980
449 62910 75980
450 31550 140
451 33790 140
452 43870 140
453 57310 140
454 62910 140
455 94010 23660
456 94010 30380
457 94010 34860
458 40510 140
459 140 32620
460 140 33740
