0 38380 35000
1 26600 35000
2 41230 32200
3 79610 29400
4 37430 29400
5 64220 46200
6 46930 46200
7 44080 46200
8 29830 40600
9 45410 46200
10 37430 12600
11 28310 9800
12 21850 12600
13 22990 23800
14 31730 15400
15 80370 18200
16 78470 12600
17 64790 15400
18 56240 12600
19 66310 15400
20 36670 26600
21 20710 29400
22 21565 26600
23 8265 28000
24 14630 23800
25 47947 24294
26 11210 26600
27 11970 29400
28 15960 23800
29 5700 28000
30 25080 33600
31 6080 26600
32 9690 29400
33 10640 29400
34 8360 29400
35 20187 18200
36 11020 15400
37 26790 15400
38 27930 15400
39 29260 18200
40 39836 10733
41 36480 7000
42 28816 11666
43 25840 9800
44 43130 15400
45 47690 18200
46 38950 9800
47 39140 12600
48 48640 18200
49 48070 21000
50 84930 21000
51 78090 18200
52 73530 21000
53 77710 15400
54 81320 12600
55 71250 15400
56 62890 21000
57 66310 12600
58 62510 15400
59 48070 9800
60 47120 7000
61 53770 12600
62 49590 12600
63 52250 15400
64 55670 21000
65 55670 23800
66 75430 18200
67 75430 21000
68 59280 23800
69 60800 15400
70 54910 12600
71 59090 15400
72 60800 21000
73 62130 23800
74 66373 26600
75 20900 46200
76 48956 43400
77 50920 43400
78 61750 40600
79 29260 43400
80 30590 43400
81 34770 43400
82 51870 40600
83 57950 37800
84 54910 46200
85 50160 46200
86 54340 46200
87 61370 43400
88 61560 46200
89 62510 43400
90 56810 40600
91 38570 37800
92 39520 37800
93 43130 37800
94 23750 35000
95 20900 35000
96 43130 35000
97 49970 37800
98 58900 35000
99 44650 29400
100 38760 29400
101 47690 29400
102 51490 29400
103 80750 26600
104 82080 26600
105 73910 29400
106 72010 29400
107 60990 29400
108 59090 29400
109 53770 29400
110 52630 26600
111 50350 29400
112 49210 29400
113 53580 32200
114 53770 35000
115 47120 37800
116 44460 35000
117 45980 37800
118 55290 35000
119 57190 32200
120 49780 43400
121 57950 43400
122 59850 46200
123 70300 46200
124 58520 46200
125 59090 43400
126 57570 35000
127 32870 35000
128 27122 25200
129 25840 21000
130 28262 29400
131 24320 21000
132 25080 23800
133 22990 18200
134 8740 18200
135 3800 18200
136 5510 18200
137 26600 37800
138 50730 15400
139 53770 15400
140 54720 15400
141 49780 18200
142 54530 18200
143 62700 29400
144 63840 32200
145 63650 35000
146 60420 32200
147 61940 32200
148 62130 35000
149 50540 35000
150 29830 37800
151 25270 37800
152 16910 37800
153 11400 35000
154 7600 37800
155 6270 37800
156 38380 40600
157 38760 15400
158 22420 15400
159 33440 18200
160 38000 18200
161 31730 12600
162 33440 15400
163 42180 18200
164 40850 18200
165 45790 15400
166 45600 21000
167 64980 21000
168 51870 21000
169 49970 21000
170 67830 15400
171 68970 15400
172 68780 21000
173 42560 12600
174 51870 12600
175 60800 18200
176 66690 21000
177 72057 23800
178 49780 32200
179 51490 32200
180 72580 32200
181 68590 26600
182 70680 29400
183 71630 32200
184 73910 35000
185 76190 37800
186 44840 32200
187 45600 35000
188 73910 26600
189 75430 29400
190 72200 35000
191 74860 37800
192 74860 42000
193 77520 37800
194 76285 42000
195 42750 40600
196 37050 40600
197 17290 40600
198 9120 37800
199 9120 40600
200 11970 40600
201 28500 40600
202 57000 21000
203 57380 23800
204 56430 29400
205 55100 32200
206 56050 32200
207 56050 26600
208 54340 23800
209 54910 26600
210 56430 35000
211 54150 37800
212 56683 38733
213 32110 43400
214 28310 43400
215 24510 46200
216 9880 43400
217 6840 46200
218 8170 46200
219 40280 43400
220 66310 37800
221 70300 35000
222 70110 32200
223 65550 23800
224 66120 29400
225 46170 18200
226 58646 20066
227 64030 29400
228 69540 29400
229 67450 32200
230 48640 40600
231 47120 40600
232 67640 40600
233 71060 35000
234 69160 35000
235 67830 35000
236 67640 37800
237 64790 39200
238 63365 39200
239 41610 43400
240 38950 43400
241 26790 46200
242 19760 46200
243 17100 46200
244 18430 46200
245 40660 46200
246 59280 37800
247 62890 32200
248 65170 35000
249 66120 40600
250 59660 35000
251 60610 35000
252 56810 37800
253 58140 40600
254 59470 40600
255 60610 40600
256 63460 43400
257 65835 44800
258 43130 46200
259 39330 46200
260 30970 46200
261 31920 49000
262 28500 51800
263 30210 49000
264 36860 46200
265 67830 43400
266 70300 37800
267 73720 37800
268 74290 40600
269 72390 37800
270 56620 43400
271 69540 40600
272 72010 40600
273 72960 40600
274 71440 44800
275 72865 44800
276 41990 46200
277 35530 46200
278 34390 46200
279 34960 49000
280 31160 51800
281 33250 49000
282 30400 18200
283 24700 18200
284 24320 15400
285 14250 15400
286 8360 12600
287 3420 12600
288 3230 15400
289 29640 15400
290 26220 12600
291 24320 12600
292 15010 12600
293 10640 12600
294 5700 12600
295 7030 12600
296 40280 15400
297 37620 15400
298 34960 15400
299 34390 12600
300 35340 7000
301 35720 4200
302 34390 4200
303 47880 12600
304 46360 12600
305 45030 12600
306 46740 9800
307 45600 7000
308 44270 7000
309 59850 18200
310 57000 18200
311 60420 12600
312 61940 12600
313 59090 12600
314 65740 7000
315 65740 4200
316 59850 7000
317 68020 18200
318 74480 15400
319 76000 15400
320 79230 15400
321 87400 15400
322 87400 9800
323 85690 9800
324 75050 23800
325 77900 23800
326 77520 21000
327 78850 21000
328 88160 18200
329 88540 21000
330 83410 21000
331 72010 26600
332 77900 26600
333 76380 26600
334 79230 26600
335 87020 26600
336 88540 26600
337 84930 26600
338 40280 29400
339 39330 18200
340 44650 21000
341 45600 23800
342 55100 29400
343 44650 18200
344 46550 21000
345 46930 23800
346 48260 23800
347 47500 26600
348 41230 26600
349 39710 26600
350 38570 26600
351 38760 21000
352 37240 21000
353 37810 23800
354 63270 35000
355 16530 18200
356 13870 35000
357 15200 35000
358 16910 35000
359 19190 35000
360 40090 51800
361 40660 37800
362 39710 35000
363 36670 35000
364 29830 46200
365 28120 46200
366 25650 40600
367 26410 43400
368 50350 51800
369 48640 49000
370 46930 49000
371 44650 49000
372 48830 51800
373 50160 49000
374 52630 49000
375 54910 49000
376 64030 51800
377 66310 51800
378 65930 49000
379 16910 12600
380 19190 12600
381 26790 4200
382 27360 7000
383 24130 7000
384 24130 9800
385 37810 4200
386 37620 7000
387 30970 7000
388 33250 7000
389 49970 4200
390 48260 7000
391 48450 4200
392 50350 7000
393 67070 4200
394 67260 7000
395 64030 7000
396 65170 9800
397 88730 9800
398 82460 12600
399 82270 9800
400 76570 12600
401 89490 18200
402 82080 21000
403 80370 21000
404 82650 15400
405 90250 29400
406 82460 29400
407 80750 29400
408 81890 32200
409 22990 29400
410 31920 29400
411 32110 32200
412 34010 29400
413 9690 23800
414 7410 32200
415 16150 29400
416 7410 21000
417 7410 35000
418 13110 37800
419 11970 46200
420 16910 49000
421 26410 49000
422 35150 51800
423 7030 15400
424 8930 9800
425 30590 4200
426 43510 4200
427 61750 4200
428 86830 12600
429 85310 23800
430 86450 29400
431 41610 23800
432 19570 21000
433 20710 37800
434 34770 37800
435 21850 43400
436 45030 51800
437 57190 51800
438 61370 49000
439 18050 15400
440 19570 9800
441 34010 9800
442 51870 9800
443 60610 9800
444 77330 9800
445 84170 18200
446 76950 32200
447 37430 32200
448 140 20300
449 140 34860
450 39390 57610
451 29310 57610
452 52830 57610
453 42750 57610
454 64030 57610
455 140 22540
456 140 15820
457 140 13580
458 32670 140
459 140 12460
460 44990 140
461 64030 140
462 93450 13580
463 93450 20300
464 93450 24780
465 36030 140
466 140 35980
467 140 40460
468 140 46060
469 140 44940
470 28190 140
471 28190 57610
472 31550 57610
473 37150 140
474 50590 140
475 65150 140
476 93450 10220
477 93450 16940
478 93450 31500
479 140 30380
480 140 24780
481 140 25900
482 140 29260
483 140 21420
484 50590 57610
485 59550 57610
486 85310 57610
487 56190 57610
488 75230 57610
489 67390 57610
490 140 18060
491 27070 140
492 38270 140
493 49470 140
494 57310 140
495 93450 18060
496 93450 21420
497 93450 25900
498 49470 57610
499 140 28140
500 140 27020
