0 12339 3915
1 9031 4860
2 8046 5265
3 10935 5805
4 11313 4725
5 4266 5535
6 4050 4725
7 4455 4725
8 5670 4725
9 5778 4455
10 8505 6075
11 8235 6075
12 6966 6075
13 7209 6345
14 6345 6345
15 6615 6075
16 4644 5535
17 4536 4455
18 4779 4455
19 5400 4455
20 6210 4455
21 6453 3105
22 6858 3375
23 7128 4185
24 7128 4725
25 6426 3375
26 6426 3915
27 6858 3915
28 6804 4185
29 6561 4725
30 8613 5265
31 7479 4185
32 7938 4725
33 3969 5805
34 8127 6885
35 8208 5265
36 9018 4725
37 9612 5265
38 9450 4725
39 9652 4995
40 11691 4455
41 9027 4185
42 8775 4725
43 8910 4455
44 8532 4995
45 8505 5535
46 11178 4185
47 10503 4185
48 10773 4185
49 3699 4185
50 3591 4995
51 3321 6075
52 3645 6615
53 4779 6885
54 6777 7155
55 9801 7155
56 10287 6885
57 10287 5535
58 8559 4185
59 7479 2565
60 5643 2835
61 9639 3105
62 10125 3375
63 6561 5265
64 8316 4725
65 8910 5535
66 10530 4995
67 5886 4185
68 6615 4455
69 6966 4455
70 7830 4455
71 7452 4455
72 6804 5805
73 10692 5265
74 10692 4455
75 10962 4995
76 8829 4995
77 4698 7155
78 6372 5805
79 2241 7155
80 6048 5805
81 8235 5805
82 4806 4725
83 5157 4725
84 5319 4995
85 5616 5265
86 6048 5265
87 10314 3915
88 9828 3915
89 5049 4455
90 11097 5265
91 10719 6075
92 8154 6345
93 7830 6075
94 7614 6345
95 5454 5805
96 4536 6345
97 4320 6075
98 4536 5805
99 5103 5805
100 4347 4995
101 4698 3915
102 4995 3375
103 4428 3375
104 4347 3645
105 4752 3375
106 4806 3645
107 9558 3645
108 9234 2565
109 9396 3105
110 8856 2565
111 7128 3645
112 8343 3375
113 8964 3105
114 6075 3375
115 6102 3645
116 5292 3375
117 4995 3105
118 2673 6345
119 5292 4185
120 5508 3915
121 5562 2565
122 5184 2565
123 7722 2835
124 7344 2295
125 7614 3105
126 6750 3645
127 7047 3105
128 7290 2835
129 5535 3105
130 5157 3645
131 5076 3915
132 5724 3375
133 4914 4185
134 5616 3645
135 5967 3915
136 7479 3915
137 8316 4185
138 8370 4455
139 8316 3645
140 8694 3645
141 9234 5535
142 10044 6075
143 2052 6885
144 9720 6075
145 9666 5535
146 8883 6075
147 9126 6615
148 10098 6345
149 9882 6885
150 9666 6345
151 8505 6345
152 8343 6615
153 8802 6615
154 9558 6885
155 9288 7425
156 9126 6885
157 6777 6345
158 6777 6615
159 6318 6615
160 6372 7155
161 7074 6885
162 6372 6885
163 5643 6345
164 5562 6615
165 5130 7155
166 5832 6885
167 5130 6885
168 5049 6345
169 5508 6075
170 2322 6615
171 3186 6885
172 3078 6345
173 5022 6075
174 4644 6075
175 3861 6075
176 3510 5805
177 2754 6075
178 3078 6075
179 3078 5535
180 3186 5265
181 2214 4995
182 5157 5535
183 4725 5265
184 4239 5265
185 4698 4995
186 3024 4725
187 3456 4455
188 2592 4455
189 4374 3915
190 3915 3915
191 3456 3915
192 3024 4455
193 6264 6075
194 12096 4995
195 12096 5265
196 11340 5265
197 11664 5265
198 6804 5265
199 7128 5805
200 7128 5535
201 7506 5535
202 10260 3105
203 10800 2835
204 10638 3105
205 10476 3375
206 9936 3105
207 9288 2025
208 9612 2565
209 9666 2835
210 6156 2835
211 6912 2295
212 6804 2835
213 6102 2565
214 8154 2835
215 7884 2025
216 7830 2565
217 8208 2565
218 8964 4185
219 11070 4455
220 9990 4455
221 9504 4455
222 11664 5535
223 11988 5535
224 11232 5805
225 11556 5805
226 10530 6885
227 11070 6075
228 10584 6345
229 10854 6885
230 7884 7155
231 8046 7695
232 8262 7155
233 8370 7695
234 7020 7155
235 7236 7965
236 7506 7155
237 7182 7695
238 5454 7155
239 5076 7965
240 5130 7695
241 5508 7695
242 2862 6885
243 1782 7155
244 2592 7155
245 2970 7155
246 2430 5535
247 1458 5805
248 1890 5805
249 2430 6075
250 2592 5265
251 1566 5535
252 1836 4995
253 1998 5535
254 2484 4725
255 1782 4725
256 1944 4455
257 1566 4455
258 4104 3375
259 10746 5535
260 7911 4185
261 7587 3645
262 5967 3105
263 8289 3105
264 7533 3375
265 6129 4995
266 4131 4455
267 3915 4995
268 3807 5535
269 4023 6345
270 5157 6615
271 7317 6615
272 7803 6615
273 8991 6345
274 10611 5805
275 11583 4995
276 11178 3915
277 9558 4995
278 10692 4725
279 6102 5535
280 9504 3375
281 8964 2835
282 5022 2835
283 6858 2565
284 8532 3915
285 9828 5805
286 9828 6615
287 9180 7155
288 6426 7425
289 4158 6885
290 3024 6615
291 2754 5805
292 2970 4995
293 3078 4185
294 11934 4725
295 7506 5265
296 10854 3645
297 9828 2295
298 6210 2295
299 8046 2295
300 9666 4185
301 11934 6075
302 11016 6615
303 8586 7425
304 7506 7425
305 5346 7425
306 3456 7425
307 1728 6075
308 1890 5265
309 1998 4185
310 13564 4812
311 7212 10082
312 13564 2796
313 9228 42
314 7020 42
315 7980 42
316 13564 4140
317 13564 4908
318 13564 5772
319 13564 6444
320 9132 10082
321 13564 5484
322 6540 10082
323 5004 10082
324 42 6540
325 42 6060
326 42 4908
327 42 4332
328 5964 10082
329 13564 3852
330 8940 42
331 5292 42
332 13564 6252
333 7692 42
334 7884 42
335 8172 10082
336 7116 10082
337 5100 10082
338 42 7212
339 42 5964
340 42 5196
341 42 4716
342 42 6732
343 13564 4524
344 13564 4236
345 13564 5004
346 42 5004
347 42 3276
348 8748 42
349 5100 42
350 7500 42
351 7596 42
352 13564 5868
353 13564 6156
354 8844 10082
355 6828 10082
356 5388 10082
357 5484 10082
358 42 5868
359 42 5100
360 42 4044
361 13564 3948
362 13564 4044
