0 7209 8775
1 5931 7875
2 5265 6075
3 4023 7155
4 4401 7965
5 8019 7965
6 5130 4455
7 6156 4185
8 6399 4455
9 6210 4995
10 6588 4995
11 4023 6885
12 4077 6345
13 3942 5535
14 3861 5805
15 3861 5265
16 4293 5535
17 4644 4455
18 6588 4725
19 7209 4725
20 6966 4725
21 7020 4995
22 8451 5265
23 8640 5805
24 7830 5805
25 6912 6075
26 9018 4995
27 8100 5265
28 7830 5535
29 6912 5805
30 6885 5535
31 5697 6615
32 8019 6345
33 8262 6615
34 5103 3915
35 3051 6345
36 5292 6615
37 5778 6885
38 5670 7965
39 5832 7695
40 6264 7155
41 6480 8235
42 5805 8775
43 4995 6075
44 5049 5805
45 6507 6885
46 6210 6885
47 5994 6615
48 3105 4455
49 6048 7965
50 6021 8505
51 6453 7965
52 7695 3375
53 6021 2835
54 4455 3375
55 3483 3915
56 2295 4725
57 3051 5535
58 2565 6885
59 2781 7695
60 4941 7425
61 7425 7155
62 9855 5265
63 9639 4725
64 9801 6345
65 8829 7425
66 5751 5535
67 6642 6345
68 5238 6345
69 8586 7695
70 6750 5265
71 7209 5265
72 7344 5805
73 6588 6075
74 6534 5805
75 4752 5805
76 7830 7695
77 8208 7695
78 8478 7965
79 6399 6615
80 3402 3645
81 6156 5535
82 2241 2835
83 5508 4725
84 4995 6615
85 5670 4455
86 6021 4455
87 5967 4725
88 5616 4995
89 5454 5265
90 10422 7155
91 8262 7425
92 6777 4455
93 5373 7965
94 4725 6885
95 3618 6345
96 3564 6075
97 3942 6075
98 4536 4725
99 3456 4455
100 4914 4725
101 4212 4725
102 4563 4995
103 5751 4185
104 7182 4455
105 8451 4185
106 8208 4185
107 7695 4185
108 8748 3915
109 8424 3915
110 8478 6885
111 9558 7155
112 9558 6345
113 9288 6615
114 8964 5805
115 9045 6075
116 9720 6615
117 8343 4995
118 8694 4995
119 8586 4455
120 9099 4455
121 2133 3645
122 7074 3645
123 8046 3915
124 9612 4455
125 9342 3915
126 9558 6075
127 9612 5265
128 9342 5805
129 8856 5265
130 8559 5535
131 9774 5805
132 8505 4725
133 7857 4455
134 7506 4455
135 8208 4455
136 7452 4725
137 7992 4725
138 7803 4995
139 7803 6075
140 6912 6615
141 6804 7155
142 6804 6885
143 7344 6615
144 5130 7155
145 4158 7425
146 2376 3375
147 5184 7425
148 4590 7425
149 3645 6885
150 3186 6885
151 2106 7425
152 2808 7155
153 2538 7425
154 4185 6615
155 3699 6615
156 3240 6615
157 2052 6885
158 2916 6615
159 2484 6615
160 3483 5805
161 3483 5535
162 2916 5265
163 2376 4995
164 2592 5805
165 2484 5265
166 3321 4995
167 2808 4995
168 2700 4455
169 2700 4185
170 2646 4725
171 3753 4725
172 4158 4995
173 2430 3645
174 3024 4185
175 2862 3645
176 3780 4995
177 3834 4455
178 4185 4185
179 4482 3645
180 3942 3105
181 4158 3915
182 4050 3645
183 5778 3645
184 5994 3375
185 4239 4455
186 4671 4185
187 5211 4185
188 5508 3915
189 5562 3375
190 7452 3645
191 6264 3105
192 7128 4185
193 6777 3915
194 6696 3645
195 6804 3105
196 5022 5265
197 7992 8505
198 7506 8775
199 6912 8235
200 7344 8505
201 5670 5805
202 5940 7155
203 6102 6075
204 5616 6075
205 9072 7425
206 10530 7425
207 10152 7425
208 9450 7425
209 9882 7155
210 10854 6615
211 10476 6615
212 10098 6615
213 9882 4725
214 10908 5535
215 10260 5265
216 10206 4725
217 9936 6075
218 10800 6075
219 10476 5535
220 10314 6075
221 7182 7155
222 6858 7695
223 6696 7425
224 7182 7695
225 4968 7965
226 5076 8505
227 4644 7965
228 4644 8505
229 3834 7965
230 3510 7425
231 3132 7425
232 3402 7695
233 2700 6345
234 1512 6075
235 2106 6075
236 2106 6345
237 2268 5805
238 1404 5535
239 1782 5805
240 1728 5535
241 2376 4455
242 1512 4185
243 1944 4185
244 2322 4185
245 2808 3375
246 1404 2835
247 2592 2835
248 2970 2835
249 4266 3105
250 3996 2295
251 4104 2565
252 4374 2835
253 4860 3105
254 5184 2295
255 5238 2565
256 4860 2565
257 7236 3105
258 6534 2295
259 6588 2835
260 6966 2835
261 8424 3645
262 5022 7695
263 7263 6345
264 8235 5805
265 9045 4725
266 8343 6075
267 8829 6345
268 6075 5265
269 6669 4185
270 5967 3915
271 4617 3915
272 3645 4185
273 3213 4725
274 3051 5805
275 3159 6075
276 3483 7155
277 4725 7155
278 7695 7965
279 5778 8235
280 5886 7425
281 8748 8235
282 5130 5535
283 8532 7155
284 9396 6885
285 9450 4185
286 9558 5535
287 7560 6885
288 4104 7695
289 2160 7695
290 2106 7155
291 2430 5535
292 1674 4725
293 2862 3915
294 3834 3375
295 5562 3105
296 7020 3375
297 7668 8235
298 5940 6345
299 9612 7695
300 10530 6885
301 10368 4995
302 10584 5805
303 7452 7425
304 4644 8235
305 3132 7965
306 1674 6615
307 1674 5265
308 1674 4455
309 3024 3105
310 3672 2835
311 5400 2835
312 7668 2835
313 7404 11170
314 5964 11170
315 12193 7404
316 12193 6636
317 12193 5580
318 12193 5772
319 7116 11170
320 8172 11170
321 4716 11170
322 42 7116
323 42 6732
324 5100 11170
325 42 5484
326 42 4620
327 42 3756
328 3852 42
329 5676 42
330 6828 42
331 5580 42
332 12193 7116
333 12193 6732
334 7020 42
335 42 7500
336 12193 5868
337 6828 11170
338 42 6348
339 42 5676
340 42 4428
341 42 2892
342 4044 42
343 5292 42
344 6636 42
345 42 7308
346 5772 11170
347 6156 11170
348 7980 11170
349 5964 42
350 12193 3852
351 12193 6252
352 12193 3948
353 12193 5388
354 12193 6060
355 4620 11170
356 42 6828
357 42 6540
358 42 5580
359 42 4908
360 42 4812
361 4332 42
362 5484 42
363 6924 42
364 6060 11170
365 6348 11170
