0 10827 6885
1 6435 4815
2 6831 7155
3 6399 6615
4 6507 6075
5 6858 3105
6 7344 3105
7 7695 3105
8 8316 3375
9 8370 3645
10 4995 5535
11 4941 4995
12 4914 4455
13 4563 4455
14 4887 4185
15 5265 4185
16 5886 3105
17 8910 3105
18 9153 3105
19 8748 3375
20 9126 3645
21 10827 3645
22 10476 3645
23 10260 3915
24 9558 3915
25 10746 4185
26 10584 3915
27 9936 3915
28 9234 3915
29 8667 3915
30 7149 4509
31 10287 4725
32 7938 5265
33 6075 2835
34 4131 4995
35 6966 5265
36 8208 5805
37 8208 6885
38 8208 6615
39 7533 5062
40 6006 4095
41 9333 6615
42 5526 3555
43 8262 5535
44 9126 6345
45 8613 6075
46 8559 6885
47 8991 1215
48 7803 2025
49 6291 2025
50 4833 2025
51 4293 3105
52 3483 3915
53 3591 6075
54 4347 6885
55 6291 5805
56 9369 4725
57 11853 4185
58 11421 3375
59 11313 6075
60 10449 5535
61 7641 3915
62 7128 5805
63 8748 3645
64 9207 3375
65 9558 4185
66 9072 4455
67 9180 4185
68 7614 6885
69 7884 6075
70 7452 6345
71 7506 4185
72 7020 3375
73 7776 2835
74 8073 3105
75 7803 3375
76 7344 3375
77 7290 3645
78 9558 7155
79 9720 5805
80 8559 3105
81 6237 6075
82 6183 5265
83 5076 4725
84 5400 4725
85 5400 4455
86 6210 3375
87 4914 3105
88 5724 2835
89 5508 3375
90 6561 3375
91 7047 2835
92 9396 3105
93 9801 2835
94 9558 2835
95 9963 2565
96 10044 2295
97 10044 2835
98 10206 5805
99 12636 5805
100 12312 6345
101 11826 5805
102 10921 4725
103 12258 5805
104 11043 3375
105 10638 3375
106 10530 2835
107 11043 2835
108 10152 4455
109 11718 3375
110 11718 2835
111 12636 3915
112 12312 3915
113 11880 3915
114 10962 3915
115 11313 3645
116 12204 3375
117 10449 3105
118 10071 3105
119 9720 3105
120 10854 3105
121 9666 3375
122 10152 3375
123 10125 3645
124 10233 4185
125 9072 4725
126 8748 5265
127 8694 4725
128 5724 5265
129 5562 6345
130 6588 5535
131 5670 5535
132 4833 5805
133 4320 6075
134 4644 6345
135 5319 5265
136 4617 5535
137 4374 5805
138 4158 5535
139 4509 4995
140 4185 4725
141 4374 4185
142 4104 3915
143 3618 4455
144 3834 4185
145 4374 3375
146 3834 2835
147 3996 3645
148 3942 3375
149 5886 3915
150 4482 1485
151 4698 2295
152 4644 2565
153 5184 3375
154 5292 3645
155 5373 3105
156 5724 2295
157 4968 1755
158 6048 2025
159 5616 2025
160 7236 2295
161 6588 1755
162 5859 3375
163 6345 3105
164 6561 2835
165 6858 2295
166 7020 2025
167 9234 2025
168 8424 1485
169 8424 2835
170 8586 2295
171 8478 2025
172 6696 6615
173 6750 6885
174 7020 6345
175 7074 6885
176 7182 4185
177 7290 5265
178 7290 4995
179 7290 4725
180 10638 5805
181 10422 7155
182 10584 6345
183 10908 6075
184 11556 6075
185 11232 6885
186 11718 6885
187 11988 6615
188 11610 4185
189 11988 4725
190 11988 4995
191 12096 4185
192 11448 4455
193 11934 5265
194 11556 5265
195 11610 4995
196 9828 5265
197 9180 6075
198 9180 5535
199 9342 5265
200 6210 6345
201 6156 6885
202 5886 6345
203 5832 6885
204 3780 6885
205 6426 7155
206 4644 6885
207 4104 6885
208 3780 5535
209 3348 4995
210 3618 5265
211 3726 3915
212 2646 4725
213 3078 4725
214 3078 3915
215 2538 3105
216 3186 3375
217 3456 1485
218 3888 2295
219 5184 2025
220 6048 1215
221 5292 1215
222 7182 1215
223 7506 2025
224 7668 1485
225 8910 2025
226 8532 1215
227 9234 1755
228 9720 2295
229 11421 3915
230 7857 3645
231 8829 2835
232 6021 2565
233 5103 2835
234 4779 3375
235 4077 4455
236 6183 5535
237 6615 6345
238 8964 6615
239 8370 6345
240 7128 6075
241 7020 3915
242 9882 6075
243 12258 6075
244 11826 3105
245 12204 3645
246 8694 4995
247 5670 5805
248 3834 6345
249 3132 5805
250 2970 4185
251 3672 3105
252 4158 2025
253 5778 1755
254 7290 1755
255 8532 1755
256 7398 6615
257 7560 4455
258 11340 6345
259 11124 6615
260 12474 4455
261 11286 4725
262 9774 4995
263 5724 6615
264 4158 6615
265 2916 5265
266 2862 4455
267 3024 2835
268 4212 1755
269 5346 1485
270 6966 1485
271 9558 1485
272 7020 8293
273 7404 8293
274 10476 8293
275 11148 8293
276 14627 5100
277 14627 5196
278 9324 8293
279 7596 8293
280 5580 8293
281 4236 8293
282 42 5676
283 6156 8293
284 42 4140
285 42 3180
286 4236 42
287 5484 42
288 6924 42
289 8268 42
290 7404 42
291 9420 8293
292 14627 6252
293 8172 8293
294 6348 8293
295 14627 4044
296 8556 8293
297 42 5004
298 42 4524
299 42 3084
300 4044 42
301 5580 42
302 7212 42
303 8748 42
304 8268 8293
305 8364 8293
306 8652 8293
307 6924 8293
308 7788 42
309 9996 42
310 14627 5292
311 14627 2892
312 14627 3468
313 14627 4332
314 5676 8293
315 4908 8293
316 4812 8293
317 42 4428
318 42 3468
319 5772 42
320 5868 42
321 6828 42
322 8364 42
323 8748 8293
324 8940 8293
