0 11151 6885
1 8208 6345
2 6777 4995
3 6615 6615
4 6291 6345
5 6993 5805
6 7128 2835
7 7506 2835
8 7911 2835
9 8208 3375
10 8532 3645
11 5481 5535
12 5589 4995
13 5508 4185
14 4617 4725
15 5481 3915
16 5859 3915
17 6804 3105
18 8748 3105
19 8991 3105
20 9018 3375
21 9180 3645
22 9801 3645
23 9936 4185
24 9990 4455
25 8694 4185
26 11286 3645
27 10800 4185
28 10314 4455
29 9018 4185
30 8883 3915
31 7479 4185
32 9639 4455
33 9666 4995
34 6561 2565
35 4455 4995
36 7074 4995
37 8316 5805
38 8208 6885
39 8262 6615
40 8424 6075
41 9558 6885
42 6507 4725
43 6183 4455
44 8559 5535
45 8316 5535
46 8748 5265
47 4941 2835
48 9288 6345
49 8721 7155
50 8667 6885
51 9261 1755
52 7857 2025
53 6021 2025
54 4779 2025
55 4347 3645
56 4185 4185
57 3915 5805
58 4779 6885
59 5643 5535
60 8829 4995
61 11043 4185
62 11367 3105
63 11313 5265
64 10395 5535
65 7641 3915
66 8100 4455
67 6804 4455
68 7236 5805
69 8586 3375
70 9477 3915
71 9450 4185
72 8856 4455
73 9234 4455
74 3618 4185
75 7614 6885
76 7830 6615
77 7344 6615
78 8019 5535
79 5346 2295
80 7776 3645
81 3483 2295
82 7020 3375
83 6075 4725
84 7506 3105
85 7803 3375
86 7965 3105
87 7398 3375
88 7236 3645
89 9666 6345
90 9558 6075
91 8505 2835
92 6669 5805
93 6183 5805
94 5346 4725
95 5454 4455
96 5724 4725
97 6534 3375
98 5400 3105
99 6480 3105
100 6156 3375
101 6615 3645
102 7155 3105
103 9342 3105
104 9747 2835
105 9990 2835
106 9855 2565
107 9990 2295
108 10314 2565
109 10044 5535
110 12204 5535
111 11610 5265
112 11232 5805
113 10692 4455
114 10773 4725
115 11826 5535
116 10179 3645
117 10530 3645
118 10368 2835
119 10773 3105
120 3969 1485
121 8208 1485
122 9342 2565
123 11718 3105
124 11232 2565
125 12474 4185
126 12258 3915
127 11448 3915
128 10908 3645
129 10665 3915
130 11880 3915
131 10125 3105
132 9747 3105
133 9396 3375
134 10422 3375
135 9504 2835
136 9936 3375
137 10017 3915
138 9801 4725
139 8802 4725
140 8424 4725
141 8370 5265
142 9072 4995
143 5940 4995
144 5454 6885
145 3888 2295
146 6102 6075
147 5724 5805
148 5157 5805
149 5022 6075
150 5076 6885
151 4698 6075
152 4860 6345
153 5643 5265
154 5157 5265
155 5238 5535
156 4320 6075
157 4158 5535
158 4266 5805
159 4995 4725
160 4995 4455
161 5130 4185
162 4104 3915
163 4212 4725
164 4320 4455
165 5049 3645
166 5022 3375
167 4482 2835
168 4590 3645
169 4482 3375
170 5643 3645
171 6102 3645
172 4482 1485
173 4860 2295
174 4428 2295
175 5562 3375
176 5400 2835
177 5913 2835
178 6426 2295
179 5238 2025
180 5778 2295
181 5670 2025
182 7290 2295
183 6642 2025
184 5751 3105
185 6129 3105
186 6561 2835
187 6966 2295
188 7074 2025
189 8964 2025
190 8100 2025
191 8424 3105
192 7965 2565
193 8532 2295
194 8532 2025
195 5130 3915
196 6804 6075
197 6858 6885
198 6912 6615
199 7182 6885
200 7182 4185
201 7128 5535
202 7182 4455
203 7398 4995
204 10854 5805
205 10314 6885
206 10476 6345
207 10800 6615
208 11394 6075
209 10854 6885
210 10962 6345
211 11340 6345
212 11610 3645
213 11772 4995
214 11826 4455
215 11988 3645
216 11070 4455
217 12312 4995
218 12258 4455
219 11394 4455
220 9072 5805
221 8910 6075
222 8910 5535
223 9288 5535
224 6480 6075
225 6210 6885
226 5994 7155
227 5832 6885
228 4482 6885
229 6534 6885
230 5022 6615
231 4104 6885
232 4698 5805
233 2862 4995
234 3618 5265
235 3618 5805
236 3942 4185
237 2808 4455
238 3564 4995
239 3942 4995
240 4104 3645
241 2970 3375
242 3726 3645
243 3780 2835
244 3996 2565
245 3564 1485
246 3510 1755
247 3456 2025
248 6102 2295
249 6318 1215
250 6480 1755
251 6264 1485
252 7614 2295
253 7290 1215
254 7560 2025
255 7776 1485
256 8910 2295
257 8262 1215
258 8694 1485
259 9072 1485
260 10314 2295
261 5562 6075
262 9207 4725
263 10395 4185
264 10935 3375
265 11151 4995
266 10395 4995
267 8127 3915
268 8613 2565
269 7155 2565
270 6129 2565
271 5319 2565
272 4779 3105
273 4563 4185
274 4563 5265
275 4833 5535
276 5967 5535
277 6669 6345
278 10098 6615
279 9018 6615
280 8532 6345
281 7452 6345
282 7020 3915
283 10152 5805
284 11070 5535
285 11286 2835
286 11664 4185
287 8208 4995
288 5670 6345
289 4050 6345
290 3564 6075
291 3510 4455
292 3672 3375
293 4158 2025
294 5724 1755
295 7290 1755
296 8640 1755
297 7506 6075
298 7236 4725
299 10422 6075
300 11502 6615
301 11772 3375
302 11664 4725
303 9504 5265
304 5940 6615
305 4266 6615
306 3456 5535
307 3402 4725
308 3996 3105
309 4266 1755
310 5400 1485
311 7020 1485
312 9774 1485
313 7116 8293
314 7212 8293
315 10284 8293
316 10764 8293
317 14627 5004
318 14627 5100
319 9036 8293
320 7404 8293
321 5676 8293
322 4428 8293
323 4332 8293
324 6252 8293
325 42 4236
326 42 3180
327 4332 42
328 5388 42
329 7020 42
330 8172 42
331 7212 42
332 9324 8293
333 14627 5676
334 8268 42
335 6540 8293
336 14627 4140
337 8172 8293
338 42 5196
339 42 4524
340 42 3084
341 4140 42
342 5772 42
343 7404 42
344 8364 42
345 8268 8293
346 8460 8293
347 8748 8293
348 7020 8293
349 7596 42
350 9996 42
351 14627 4908
352 14627 3084
353 14627 3564
354 9900 8293
355 5772 8293
356 5196 8293
357 5292 8293
358 42 4428
359 5196 42
360 5868 42
361 5964 42
362 6924 42
363 8460 42
364 8844 8293
365 8940 8293
