0 39963 34066
1 26600 33600
2 44745 28000
3 78280 32200
4 34960 33755
5 50540 43400
6 47690 44800
7 35625 42000
8 27930 39200
9 34010 9800
10 24890 12600
11 25175 16800
12 22230 21000
13 50671 25738
14 64220 11200
15 51933 12600
16 49293 24808
17 36290 29400
18 19950 29400
19 18430 30800
20 15770 26600
21 21090 26600
22 13490 26600
23 13870 29400
24 16720 26600
25 11210 29400
26 4180 32200
27 6840 32200
28 11210 32200
29 12540 29400
30 12540 32200
31 20900 23800
32 9785 18200
33 29513 20066
34 29355 21000
35 35466 14466
36 38950 14000
37 22515 14700
38 25270 12600
39 45030 18200
40 45315 18200
41 77710 18200
42 75810 18200
43 66246 18200
44 60736 11666
45 49780 12600
46 47025 8400
47 54783 23800
48 74290 18200
49 72770 18200
50 62320 21000
51 62320 15400
52 60610 15400
53 60800 23800
54 63650 23800
55 69065 23800
56 49780 40600
57 51110 40600
58 64853 39666
59 59375 36400
60 49400 44800
61 61560 42000
62 43510 37800
63 58615 30800
64 44745 30800
65 56810 29400
66 73910 26600
67 66310 31266
68 58140 26600
69 55670 29400
70 53390 29400
71 56620 29400
72 55290 32200
73 44460 37800
74 46740 35000
75 45600 35000
76 53770 32200
77 52630 32200
78 55290 40600
79 52630 43400
80 62700 43400
81 53960 43400
82 54150 40600
83 51110 32200
84 38190 26600
85 31302 25200
86 7030 21000
87 5510 21000
88 28500 30800
89 54340 18200
90 56620 18200
91 56810 21000
92 68590 29400
93 63080 32200
94 65170 29400
95 50065 33600
96 26790 35000
97 15390 35000
98 10070 35000
99 8550 32200
100 31160 18200
101 40280 18200
102 39710 21000
103 51300 21000
104 60610 21000
105 58710 21000
106 67070 15400
107 67260 21000
108 48735 15400
109 63080 21000
110 65550 21000
111 73245 21000
112 66595 30800
113 71820 32200
114 71630 21000
115 71440 29400
116 72770 32200
117 73530 35000
118 49020 32200
119 49780 35000
120 76570 23800
121 76570 26600
122 71250 36400
123 75050 40600
124 76190 40600
125 72200 37800
126 73720 40600
127 72390 40600
128 42370 40600
129 38950 40600
130 17670 37800
131 7980 40600
132 7790 40600
133 57000 23800
134 58140 23800
135 57570 26600
136 57095 32200
137 53580 23800
138 54530 29400
139 56430 35000
140 55290 35000
141 62225 33600
142 57760 35000
143 57950 37800
144 31730 37800
145 30210 37800
146 16530 37800
147 13490 37800
148 11210 40600
149 68875 33600
150 63840 26600
151 58330 18200
152 62510 26600
153 67070 26600
154 46740 37800
155 45600 37800
156 52820 37800
157 65360 37800
158 66690 35000
159 63080 35000
160 62890 37800
161 60230 40600
162 61560 37800
163 58710 40600
164 37810 40600
165 37430 43400
166 15390 43400
167 11020 43400
168 6460 46200
169 7790 46200
170 60610 32200
171 62130 32200
172 62320 40600
173 61180 35000
174 62130 35000
175 53770 37800
176 56240 40600
177 56810 37800
178 64410 37800
179 65740 40600
180 64600 40600
181 63460 40600
182 64790 43400
183 43510 40600
184 41230 40600
185 30590 43400
186 26410 46200
187 25650 43400
188 74100 37800
189 77330 37800
190 70490 37800
191 68020 40600
192 69730 40600
193 71060 40600
194 72770 43400
195 68210 43400
196 71440 43400
197 69730 43400
198 43510 43400
199 39330 43400
200 22230 43400
201 15390 43400
202 17290 46200
203 30590 21000
204 23180 19600
205 10450 19600
206 8170 21000
207 28690 18200
208 22800 18200
209 16910 18200
210 7790 15400
211 7030 15400
212 38760 18200
213 35340 18200
214 33630 15400
215 32490 14000
216 34390 12600
217 46740 15400
218 42940 12600
219 41610 12600
220 42180 9800
221 39520 9800
222 40850 9800
223 61370 18200
224 57760 18200
225 58900 18200
226 60230 18200
227 58520 15400
228 58140 12600
229 56810 12600
230 55670 7000
231 54910 9800
232 74670 18200
233 80180 12600
234 82650 12600
235 88160 12600
236 84550 12600
237 78090 21000
238 81320 21000
239 80940 15400
240 87590 15400
241 87590 15400
242 69730 26600
243 70870 26600
244 80750 25200
245 87020 23800
246 84930 23800
247 38190 21000
248 48830 21000
249 49020 23800
250 53200 26600
251 49970 18200
252 50350 21000
253 50350 23800
254 51680 23800
255 51300 26600
256 46170 26600
257 47310 26600
258 47310 23800
259 44460 21000
260 45790 23800
261 47690 34066
262 16910 23800
263 18810 18200
264 19095 36400
265 19570 37800
266 20330 32200
267 42275 43400
268 40470 37800
269 36670 36400
270 23560 43400
271 24130 38733
272 33345 50400
273 30210 46200
274 32870 43400
275 45600 49000
276 44523 45266
277 61370 46200
278 64030 46200
279 51490 46200
280 13870 15400
281 16150 15400
282 24985 7000
283 21850 11200
284 35245 5600
285 29450 8400
286 46676 10733
287 59185 8400
288 62130 9800
289 72136 8866
290 67450 9800
291 69160 12600
292 73150 13533
293 73910 32200
294 76190 29400
295 39330 32200
296 40850 28000
297 7030 29400
298 7410 23800
299 10070 35000
300 7030 37800
301 15770 40600
302 7030 43400
303 25270 46200
304 13490 46200
305 29070 12600
306 86450 9800
307 87970 18200
308 86070 26600
309 41990 23800
310 20710 35000
311 34770 46200
312 56430 46200
313 20330 15400
314 64030 7000
315 140 27020
316 140 34860
317 41630 57610
318 140 40460
319 33790 57610
320 42750 57610
321 60670 57610
322 140 23660
323 140 21420
324 140 20300
325 32670 140
326 140 15820
327 37150 140
328 52830 140
329 93450 11340
330 93450 13580
331 93450 24780
332 44990 140
333 140 33740
334 140 37100
335 140 39340
336 140 43820
337 25950 140
338 28190 57610
339 140 44940
340 34910 140
341 43870 140
342 58430 140
343 67390 140
344 66270 140
345 93450 29260
346 40510 57610
347 140 25900
348 140 28140
349 140 31500
350 140 24780
351 93450 34860
352 66270 57610
353 93450 38220
354 57310 57610
355 77470 57610
356 69630 57610
357 140 22540
358 140 19180
359 39390 140
360 47230 140
361 59550 140
362 93450 19180
363 93450 20300
364 93450 25900
365 93450 30380
366 140 30380
367 140 29260
