0 11367 5805
1 9891 5625
2 8019 6075
3 8289 6345
4 10233 6075
5 10557 4455
6 4320 5535
7 4428 4995
8 4671 4725
9 5562 4725
10 5940 4725
11 7911 6615
12 7533 6615
13 5670 6615
14 6453 7155
15 5751 6885
16 6021 6615
17 4860 5805
18 4644 4455
19 4887 4185
20 5346 4455
21 5994 4455
22 6453 3375
23 7236 3375
24 7074 3645
25 6858 4185
26 6642 3105
27 6750 3645
28 6912 3915
29 6966 4455
30 6615 4725
31 5427 6885
32 7587 4185
33 7506 4455
34 3915 6075
35 7101 7425
36 7506 5805
37 8100 5805
38 8748 6075
39 8640 5535
40 9504 5805
41 10314 5805
42 10557 5535
43 7479 6075
44 2997 6345
45 7965 5535
46 8100 5265
47 8208 5535
48 8397 7425
49 10152 5265
50 9045 5535
51 9099 5265
52 3807 3915
53 3699 4725
54 3375 5805
55 3699 6615
56 4671 7695
57 5805 7965
58 8181 7695
59 9585 7425
60 10449 6615
61 8343 4185
62 8883 2565
63 9207 3105
64 6669 2565
65 10071 3375
66 6669 5805
67 7776 5265
68 6480 5265
69 9882 4995
70 5994 4185
71 6399 4455
72 7182 4185
73 7614 4725
74 7236 4725
75 7344 6345
76 10530 4185
77 10044 4185
78 10098 4455
79 7749 4995
80 4158 6885
81 6480 5535
82 2241 7695
83 6318 6075
84 6993 6345
85 4752 4995
86 5103 4725
87 5427 4995
88 5940 5265
89 6048 5535
90 11340 3645
91 9558 3915
92 4995 4455
93 10071 6075
94 10125 6885
95 6480 6615
96 6804 6615
97 6750 6885
98 5346 6075
99 4698 6345
100 4536 5805
101 4644 6075
102 4995 6075
103 4887 5265
104 4914 3915
105 5157 3375
106 4914 3645
107 4671 3375
108 4968 2835
109 4806 3105
110 9720 3375
111 6750 2025
112 6426 2025
113 7614 2295
114 6318 3105
115 6291 2565
116 6534 2295
117 5967 3105
118 5832 3645
119 5508 3375
120 5481 3105
121 3915 7965
122 8964 4185
123 8856 3915
124 8964 3105
125 8532 3105
126 7992 2025
127 8532 2565
128 8208 2835
129 6858 3375
130 7803 3375
131 8046 2565
132 5913 3375
133 5319 3645
134 5400 3915
135 5724 2835
136 5508 4185
137 5886 3915
138 6507 3915
139 7371 3915
140 9018 4455
141 8424 4995
142 9396 4455
143 8046 4725
144 8586 6345
145 9342 6885
146 3240 7155
147 9018 6885
148 9018 6345
149 8289 6615
150 8640 6885
151 9396 7155
152 8964 7425
153 8964 7155
154 7155 6615
155 7263 6885
156 7668 7155
157 7614 7695
158 8100 7425
159 7614 7425
160 6129 6885
161 5967 7155
162 6048 7425
163 5616 7425
164 6102 7695
165 5670 7695
166 4725 6885
167 4914 7425
168 4482 7965
169 4212 7155
170 4212 7425
171 4671 6615
172 5130 6615
173 2808 6615
174 3294 6345
175 3240 6615
176 5022 6345
177 4320 6075
178 4077 5805
179 3402 5535
180 2916 6075
181 3618 5805
182 2970 5535
183 3294 5265
184 3024 4455
185 4725 5535
186 5103 5535
187 4401 5265
188 4320 4725
189 3132 4995
190 3618 4185
191 3348 4455
192 4482 3915
193 4347 4185
194 3240 3645
195 3186 4185
196 7182 6075
197 11394 4725
198 11178 4185
199 10908 4725
200 10854 4185
201 6858 5265
202 11016 4995
203 7290 5265
204 7074 5805
205 10422 3375
206 11016 3645
207 10800 3375
208 10692 3645
209 6912 2295
210 9072 2295
211 7506 2565
212 7074 2565
213 9504 3105
214 11286 2835
215 10908 2835
216 9936 3105
217 9180 2565
218 11070 2565
219 10476 2565
220 9558 2565
221 8424 4725
222 11286 5265
223 9450 4995
224 8910 4995
225 10476 6075
226 11124 6075
227 10584 6345
228 10908 6345
229 9774 7695
230 11340 6345
231 9990 7155
232 10098 7695
233 7236 7695
234 7236 8775
235 7290 8505
236 7668 8505
237 6426 7695
238 6210 8505
239 6318 7965
240 6696 7965
241 3186 7695
242 1890 7425
243 2538 7425
244 2862 7695
245 2214 6615
246 1458 6615
247 1836 6615
248 1998 7155
249 2214 5535
250 1404 5805
251 1782 5805
252 1890 5535
253 2646 4995
254 1620 4995
255 1836 4725
256 1944 4995
257 2214 4455
258 1458 4725
259 2268 4725
260 2538 4455
261 4644 2835
262 9882 6345
263 8019 4185
264 7857 3105
265 7371 3105
266 6561 2835
267 6291 3645
268 5967 4995
269 4185 4455
270 3915 4995
271 3861 5535
272 4077 6345
273 4617 7155
274 6615 7425
275 7101 7155
276 7803 6885
277 10125 6615
278 10287 4995
279 9828 5535
280 8802 5805
281 10206 4725
282 6048 5805
283 9828 3645
284 5778 2295
285 8640 3375
286 8370 2295
287 8316 4455
288 9288 6615
289 9072 7695
290 7938 7965
291 5184 7965
292 4050 7695
293 3186 6885
294 2754 5805
295 3078 4725
296 3186 3915
297 11178 4455
298 7236 5535
299 10638 3915
300 7452 2835
301 10152 2835
302 9882 2295
303 9126 4725
304 11178 6615
305 10260 7425
306 7560 8235
307 6426 8235
308 3348 7425
309 1998 6885
310 1674 6075
311 2322 5265
312 2214 4185
313 12814 4524
314 12814 5100
315 12814 3660
316 9324 42
317 12814 2988
318 12814 2604
319 12814 5676
320 12814 4428
321 12814 6444
322 12814 7116
323 7404 10643
324 12814 5964
325 5580 10643
326 4332 10643
327 42 6636
328 42 5868
329 42 4716
330 42 4140
331 6348 10643
332 12814 3756
333 6636 42
334 12814 4140
335 12814 6636
336 7692 42
337 12814 4620
338 7308 10643
339 6252 10643
340 42 7596
341 42 6732
342 42 5772
343 42 5004
344 42 4812
345 42 7308
346 12814 5580
347 12814 5484
348 12814 4716
349 5676 42
350 4620 42
351 6540 42
352 8076 42
353 7884 42
354 7788 42
355 12814 6348
356 12814 6732
357 7500 10643
358 6060 10643
359 4908 10643
360 5004 10643
361 42 5676
362 42 5100
363 42 3852
364 12814 5388
365 12814 5292
