0 8019 4995
1 6183 5265
2 6561 5265
3 8991 5535
4 8559 3645
5 3510 4995
6 3456 4455
7 3645 4185
8 4428 4185
9 4698 3915
10 8181 5805
11 7749 6075
12 6048 6075
13 6507 6615
14 5643 5805
15 5697 6075
16 3564 5535
17 3672 3645
18 3915 3645
19 4158 3645
20 4266 3915
21 4563 2565
22 5346 2565
23 5400 2835
24 5454 3645
25 4482 2835
26 5076 2835
27 5616 3105
28 5886 3915
29 5319 3915
30 5967 5805
31 5967 3105
32 6696 3105
33 3537 5805
34 6939 6885
35 6912 5265
36 7236 4725
37 7992 4725
38 7614 4725
39 7992 4185
40 9504 4185
41 9328 4590
42 6345 4995
43 6777 4725
44 6993 4185
45 7290 4185
46 6696 4455
47 4239 6885
48 9126 4185
49 8289 4725
50 8343 4185
51 2079 3645
52 2079 4455
53 2241 5805
54 3969 6345
55 4995 7425
56 6507 7155
57 8559 7695
58 8775 6885
59 8289 5535
60 7155 3375
61 4833 2025
62 3429 1755
63 6885 1755
64 8343 2565
65 5481 4725
66 6642 4185
67 5562 5535
68 8910 2835
69 4860 3645
70 4509 3645
71 5562 3375
72 6210 3915
73 6048 3645
74 5886 5265
75 9450 3105
76 9072 3105
77 9396 2835
78 7047 3915
79 4914 5265
80 5238 4725
81 1809 7425
82 4266 4995
83 6453 5805
84 3780 4725
85 4023 4185
86 4131 4455
87 4374 4725
88 4806 4725
89 8694 3105
90 8154 3105
91 3807 3915
92 8883 5265
93 8559 5535
94 6912 6075
95 6912 5805
96 7290 5805
97 4212 5535
98 4860 5805
99 3888 5535
100 4266 5805
101 4617 5535
102 3375 4725
103 3726 3375
104 3321 2835
105 3078 2835
106 2619 2835
107 2160 2835
108 2646 2565
109 7992 2565
110 7182 1215
111 7614 1755
112 7668 2025
113 5670 2565
114 5859 2025
115 7560 1215
116 4131 2295
117 3564 2565
118 3186 2565
119 2727 2295
120 3051 6885
121 2484 4185
122 2754 3105
123 3186 1755
124 2700 2025
125 5940 1215
126 4968 1485
127 4806 1755
128 4968 2565
129 4779 2295
130 4914 1215
131 3753 2295
132 3969 2565
133 3996 3105
134 3618 2835
135 3672 3105
136 4050 2835
137 4671 3105
138 5157 3105
139 6588 3645
140 6696 3915
141 6642 3375
142 6318 3105
143 6804 5535
144 8046 5535
145 2700 7155
146 7830 5805
147 7614 5535
148 8235 6075
149 8046 6615
150 8154 7425
151 8532 6885
152 8100 6885
153 7317 6075
154 7371 6345
155 7722 6615
156 7668 6885
157 7830 7425
158 7776 7155
159 6453 6345
160 5967 6345
161 5940 6615
162 5724 7425
163 6372 7425
164 5886 6885
165 4671 6345
166 4968 6615
167 4752 7155
168 5130 6885
169 4698 6885
170 4887 6075
171 5130 6345
172 3888 7155
173 4212 6345
174 4212 6615
175 4212 6075
176 3942 5805
177 3051 5805
178 2538 5805
179 2268 6345
180 2592 6345
181 2484 6075
182 2916 4725
183 2322 4455
184 3915 5265
185 3537 5265
186 3051 5265
187 2592 4995
188 2484 4725
189 2646 3645
190 2106 4185
191 3402 3375
192 3105 3645
193 2322 3645
194 2484 3915
195 4968 5535
196 9288 3915
197 9612 3915
198 9234 3375
199 9558 3375
200 5454 4455
201 6534 1485
202 5778 4185
203 5778 4455
204 8370 2295
205 8586 1485
206 8586 1755
207 8694 2295
208 6696 2295
209 6966 1485
210 6966 2025
211 7074 2565
212 3726 1755
213 6264 1215
214 5778 1485
215 3564 1485
216 5130 2025
217 6210 1485
218 6318 1755
219 5292 1485
220 7398 3375
221 8478 3915
222 8262 3375
223 7722 3375
224 9234 4995
225 9558 4995
226 9180 5265
227 9234 5535
228 8910 6615
229 9234 6075
230 9072 6345
231 9234 6615
232 7290 7155
233 6912 8235
234 7074 7695
235 7128 7425
236 6048 7425
237 6534 7695
238 6156 7695
239 6210 8235
240 5400 7425
241 4752 7965
242 4968 7695
243 5076 7965
244 3348 6885
245 3564 7965
246 3564 7695
247 3564 7155
248 2376 6615
249 1512 6615
250 1998 6615
251 2052 7155
252 2214 5265
253 1512 5805
254 1836 5265
255 1458 5265
256 2052 3375
257 1566 4185
258 1728 3645
259 1728 3375
260 2322 2565
261 8640 5805
262 6075 3375
263 5319 2295
264 3699 2025
265 6129 2295
266 6561 2565
267 4887 4185
268 3105 3915
269 3051 4995
270 2889 5535
271 3699 6075
272 5427 6615
273 6507 6885
274 7155 6615
275 8181 6345
276 8505 5265
277 8883 3645
278 9666 4725
279 8802 4455
280 7722 4455
281 9180 2565
282 4968 4995
283 7992 2835
284 7668 1485
285 2484 1755
286 4266 1485
287 6912 2835
288 7722 5265
289 8586 7155
290 7938 7695
291 5886 7155
292 4374 7425
293 3402 6615
294 1674 6075
295 1674 4725
296 1674 3915
297 9666 3645
298 6102 4725
299 8802 2025
300 7398 2295
301 3726 1215
302 5562 1755
303 7884 3645
304 9666 5805
305 9666 6885
306 7506 7965
307 6372 7965
308 5400 8235
309 3078 7425
310 2376 6885
311 1674 5535
312 1782 3105
313 11302 3660
314 6540 42
315 8748 42
316 7020 42
317 6348 42
318 6252 42
319 11302 3756
320 11302 3180
321 11302 5388
322 7980 9433
323 7788 9433
324 11302 5100
325 5868 9433
326 4716 9433
327 3756 9433
328 42 6348
329 42 4716
330 42 4140
331 42 4908
332 11302 2988
333 7308 42
334 42 4236
335 11302 6156
336 5868 42
337 6156 42
338 7020 9433
339 6252 9433
340 5004 9433
341 3660 9433
342 42 6924
343 42 5676
344 42 4332
345 7884 9433
346 11302 4716
347 11302 4524
348 11302 3468
349 42 4620
350 42 2796
351 6732 42
352 2700 42
353 5100 42
354 5580 42
355 11302 5484
356 11302 6060
357 7692 9433
358 6060 9433
359 4908 9433
360 5100 9433
361 42 5964
362 42 5196
363 42 3660
364 11302 4428
365 11302 4332
