0 9369 4185
1 6003 5085
2 6777 5535
3 8505 4995
4 8343 3375
5 3618 4725
6 3402 4455
7 3915 4455
8 4590 4185
9 4752 3915
10 7155 5805
11 6399 5805
12 5184 5805
13 5751 6345
14 4887 6075
15 5265 6075
16 4431 4740
17 4804 4836
18 4347 3645
19 4050 3645
20 5130 3645
21 4617 2565
22 5400 2565
23 5508 2835
24 5562 3645
25 4914 2295
26 5130 2835
27 5292 3105
28 5454 3375
29 5373 3915
30 6466 5130
31 5805 3375
32 6696 3375
33 3483 5265
34 6561 6885
35 6750 5265
36 7182 4185
37 7776 4995
38 7398 4455
39 6885 4387
40 8613 4725
41 3796 5737
42 6912 4725
43 8370 4455
44 8235 4725
45 7911 4455
46 2943 4185
47 2241 4185
48 2241 5265
49 3537 6345
50 4131 6885
51 5643 7695
52 8775 6885
53 8289 6615
54 8073 5265
55 7371 3375
56 5265 1755
57 3321 1755
58 6669 2025
59 7533 2295
60 5643 4995
61 6345 4522
62 8424 2835
63 4914 4185
64 4671 3645
65 5886 3645
66 5994 3915
67 9288 3105
68 8370 3105
69 8856 3105
70 5555 4320
71 5400 4725
72 5022 5535
73 3996 4725
74 4239 4185
75 4401 4455
76 4536 4725
77 4968 4725
78 7992 2835
79 4023 3915
80 8667 4995
81 8181 5535
82 5670 6075
83 5994 5805
84 6048 6075
85 4266 5535
86 3888 5805
87 3834 5265
88 3942 5535
89 4617 5535
90 3645 4185
91 3780 3105
92 3861 2835
93 3456 2835
94 3159 2565
95 2700 2565
96 3024 2835
97 7938 2565
98 6966 1755
99 6912 2025
100 6588 2295
101 6237 2565
102 7020 2295
103 4509 2835
104 4428 2295
105 3888 2565
106 3483 2295
107 3456 2025
108 2916 2295
109 5886 1755
110 5022 1755
111 5778 2025
112 4779 2025
113 5292 2025
114 3969 2295
115 4131 2835
116 4158 3375
117 4266 2565
118 3240 3105
119 4266 3105
120 4833 3105
121 5751 3105
122 7182 2835
123 6804 3645
124 6804 2835
125 6426 2835
126 6804 4995
127 8316 5265
128 7344 5535
129 7344 4995
130 6993 6075
131 7182 6345
132 7938 6615
133 7614 6075
134 6507 6075
135 6615 6345
136 7074 6615
137 7506 6615
138 7344 6885
139 5373 6345
140 5319 6615
141 5778 6885
142 5238 7155
143 6156 6885
144 4644 6615
145 4914 6885
146 4212 5535
147 4752 5805
148 2214 6075
149 3078 6615
150 2970 6075
151 4212 5805
152 3618 5535
153 3159 5535
154 2862 5805
155 2214 5805
156 2484 5265
157 2646 4995
158 3375 4995
159 3105 4725
160 2646 4725
161 2484 4455
162 2646 3375
163 1998 3915
164 3550 3510
165 2862 3915
166 9180 3915
167 8856 3915
168 9072 3375
169 5616 4185
170 7506 4185
171 6372 4455
172 5670 4455
173 7722 2025
174 7938 1215
175 7992 1755
176 8100 2025
177 6534 1755
178 7128 1215
179 6750 1215
180 6426 1485
181 6264 1215
182 5886 1215
183 3996 1215
184 5508 1755
185 6210 1755
186 6048 1485
187 5508 1215
188 7128 3375
189 8424 3645
190 8424 3915
191 7398 3915
192 8910 4995
193 9234 4995
194 9072 5265
195 8532 6615
196 8856 5805
197 8478 6075
198 8856 6615
199 6912 6885
200 6696 7695
201 6912 7155
202 7074 7695
203 5994 7155
204 6372 7695
205 6426 7155
206 6048 7695
207 4212 7695
208 4212 7425
209 3834 7425
210 3024 7695
211 3402 7155
212 1404 6615
213 1782 6615
214 1404 5265
215 1782 5265
216 1350 3915
217 1674 3915
218 2538 2835
219 6237 3375
220 5427 2295
221 3375 3915
222 3483 5805
223 4833 6345
224 5859 6615
225 7749 5535
226 9126 4455
227 8316 4185
228 7614 4725
229 9126 2835
230 5022 4995
231 8154 2295
232 7074 2565
233 2754 2025
234 4320 1755
235 6858 3105
236 7452 5265
237 7884 6345
238 8154 6885
239 5184 7425
240 3510 6885
241 2916 6345
242 1674 5535
243 1674 4455
244 2376 3645
245 9126 3645
246 6210 4725
247 8748 1755
248 7128 1485
249 4212 1485
250 5292 1485
251 7560 3645
252 9126 5535
253 9072 6345
254 7398 7425
255 6318 7425
256 4482 7155
257 2430 6885
258 1836 6345
259 1944 4995
260 1674 3375
261 10749 3564
262 10749 4428
263 7980 42
264 6732 42
265 6060 42
266 5964 42
267 10749 3756
268 10749 2988
269 10749 5292
270 7596 8991
271 7500 8991
272 10749 4908
273 5388 8991
274 4140 8991
275 42 6348
276 42 5676
277 42 4428
278 42 3564
279 4908 8991
280 10749 2892
281 6828 42
282 42 3276
283 10749 5964
284 5868 42
285 6540 42
286 6732 8991
287 5964 8991
288 4524 8991
289 3084 8991
290 42 6252
291 42 5100
292 42 4044
293 7404 8991
294 10749 4620
295 10749 4524
296 10749 3084
297 42 4524
298 42 2700
299 6348 42
300 2988 42
301 5196 42
302 6444 42
303 10749 5388
304 7212 8991
305 7116 8991
306 5580 8991
307 4428 8991
308 4812 8991
309 42 5580
310 42 4716
311 42 3756
312 10749 4332
313 10749 4236
