0 50540 35000
1 48260 26600
2 51490 26600
3 83410 32200
4 49970 26600
5 45600 40600
6 30970 40600
7 38380 35000
8 37810 40600
9 39710 35000
10 67830 7000
11 54910 9800
12 43510 12600
13 30590 9800
14 48070 9800
15 90630 35000
16 91770 15400
17 91010 7000
18 80560 9800
19 86450 15400
20 49210 18200
21 31350 23800
22 37936 17266
23 25460 18200
24 26125 16800
25 56857 23450
26 26790 18200
27 26030 21000
28 27930 21000
29 36290 4200
30 28120 15400
31 24130 18200
32 23180 15400
33 22800 18200
34 33677 9100
35 44840 7000
36 47310 12600
37 44650 12600
38 45980 12600
39 67830 9800
40 67260 9800
41 68970 7000
42 57063 14466
43 55480 15400
44 62890 12600
45 64790 12600
46 65170 9800
47 66120 12600
48 67260 12600
49 68590 12600
50 90060 29400
51 86260 29400
52 86070 21000
53 90820 21000
54 87210 16800
55 82650 23800
56 87210 12600
57 88920 15400
58 79990 15400
59 78090 7000
60 79040 7000
61 78470 9800
62 76950 9800
63 70110 26600
64 72010 26600
65 84930 26600
66 84930 29400
67 72960 29400
68 82460 12600
69 79610 9800
70 80750 12600
71 78660 29400
72 75810 29400
73 77947 28000
74 28880 49000
75 51395 42000
76 51110 44800
77 66373 43400
78 34960 40600
79 39330 40600
80 56810 40600
81 60990 37800
82 30970 43400
83 28120 43400
84 32110 43400
85 60230 46200
86 47120 46200
87 59090 46200
88 59470 40600
89 54150 37800
90 53200 40600
91 58330 37800
92 51110 29400
93 49780 29400
94 49590 32200
95 54530 32200
96 60990 35000
97 62700 32200
98 49970 23800
99 48640 21000
100 59090 23800
101 61750 23800
102 65550 26600
103 85690 32200
104 85880 35000
105 80750 32200
106 65550 29400
107 62130 29400
108 59090 26600
109 62890 26600
110 60610 29400
111 60610 26600
112 59660 29400
113 61370 32200
114 55100 37800
115 53200 32200
116 56620 37800
117 59850 32200
118 58710 32200
119 51300 43400
120 58710 43400
121 46550 40600
122 56240 46200
123 55100 43400
124 56810 43400
125 57570 32200
126 48450 29400
127 37430 22400
128 40976 18200
129 35340 23800
130 36100 7000
131 33820 7000
132 32490 7000
133 30020 4200
134 28500 4200
135 28690 7000
136 41610 25666
137 43700 32200
138 67070 15400
139 68210 15400
140 66120 15400
141 64980 15400
142 65550 18200
143 67260 29400
144 66500 35000
145 65170 35000
146 63840 29400
147 63840 32200
148 63650 35000
149 57380 35000
150 45030 32200
151 42370 32200
152 31350 32200
153 29260 26600
154 26980 26600
155 27170 32200
156 48260 40600
157 61180 12600
158 42560 15400
159 46360 15400
160 60420 15400
161 57950 12600
162 59280 12600
163 59280 15400
164 60990 18200
165 70870 12600
166 70300 18200
167 79990 18200
168 74480 18200
169 71250 21000
170 73150 21000
171 84550 15400
172 83030 15400
173 75240 18200
174 72200 12600
175 77710 12600
176 78280 15400
177 76950 18200
178 79562 21700
179 64980 32200
180 66690 32200
181 74100 35000
182 75810 23800
183 74480 32200
184 75050 35000
185 75050 40600
186 77330 43400
187 55480 29400
188 56240 32200
189 82270 29400
190 82270 32200
191 72960 35000
192 74100 43400
193 73150 46200
194 72580 46200
195 71725 47600
196 50350 49000
197 49210 49000
198 48070 49000
199 52060 49000
200 49400 51800
201 48070 51800
202 36480 43400
203 72200 29400
204 71060 29400
205 69350 29400
206 68020 32200
207 68970 32200
208 68590 26600
209 66500 26600
210 67450 26600
211 68210 36400
212 69223 38733
213 44270 46200
214 37050 46200
215 37050 49000
216 36100 51800
217 34580 51800
218 34770 46200
219 39520 43400
220 72010 37800
221 70680 40600
222 70110 35000
223 75050 21000
224 70680 23800
225 72770 15400
226 74606 16333
227 72010 23800
228 74100 23800
229 69350 23800
230 52440 40600
231 54340 40600
232 64600 40600
233 72960 40600
234 71820 40600
235 69730 40600
236 67640 40600
237 67070 46200
238 65550 46200
239 45410 46200
240 39330 46200
241 38570 49000
242 29640 51800
243 28120 51800
244 26790 51800
245 33440 40600
246 62320 37800
247 66310 37800
248 65550 40600
249 63460 40600
250 64980 37800
251 64030 37800
252 59850 37800
253 60040 43400
254 60990 40600
255 62510 40600
256 61560 43400
257 62605 46200
258 42750 46200
259 32870 43400
260 31730 46200
261 29640 46200
262 28120 46200
263 26790 46200
264 47500 43400
265 65550 43400
266 71060 43400
267 75620 43400
268 76190 46200
269 72390 43400
270 55100 46200
271 69540 43400
272 70110 46200
273 66880 49000
274 59280 49000
275 59375 49000
276 46930 49000
277 45790 49000
278 44650 49000
279 39900 49000
280 39140 51800
281 41230 49000
282 44840 9800
283 45980 9800
284 43700 9800
285 40850 7000
286 38000 7000
287 37620 4200
288 39710 7000
289 55100 12600
290 53580 7000
291 52060 9800
292 50350 9800
293 51680 4200
294 49780 4200
295 48450 4200
296 63460 9800
297 60040 9800
298 56240 9800
299 55670 4200
300 55100 7000
301 57760 9800
302 57950 4200
303 74480 12600
304 82840 9800
305 85880 9800
306 84170 9800
307 80180 7000
308 80940 4200
309 82650 4200
310 73720 15400
311 84360 12600
312 88920 12600
313 92150 12600
314 96520 15400
315 96520 9800
316 95190 9800
317 83600 21000
318 88160 21000
319 89680 21000
320 91770 23800
321 99940 18200
322 100700 21000
323 95190 23800
324 81130 26600
325 88160 23800
326 89680 23800
327 92150 21000
328 93480 29400
329 95000 29400
330 93670 23800
331 80370 29400
332 86640 23800
333 86640 26600
334 88730 26600
335 96520 32200
336 98040 32200
337 94810 32200
338 47120 26600
339 61750 15400
340 67830 18200
341 68020 21000
342 68020 23800
343 69730 15400
344 69350 18200
345 69350 21000
346 66880 23800
347 64220 23800
348 47690 23800
349 46550 23800
350 44270 23800
351 47500 18200
352 45600 18200
353 44270 18200
354 62510 21000
355 34770 12600
356 66120 29400
357 47690 35000
358 48260 32200
359 46550 32200
360 46170 29400
361 53390 35000
362 51680 35000
363 49210 35000
364 50730 37800
365 37430 35000
366 36100 35000
367 34390 35000
368 37430 37800
369 26790 35000
370 29260 35000
371 28690 32200
372 32110 35000
373 27930 35000
374 28120 37800
375 26030 37800
376 29070 40600
377 41990 40600
378 42370 35000
379 41610 37800
380 39330 9800
381 41610 9800
382 53770 4200
383 53580 9800
384 52630 12600
385 49970 12600
386 70110 4200
387 70300 7000
388 66310 7000
389 64030 7000
390 72390 4200
391 72200 7000
392 73910 7000
393 76190 7000
394 92910 9800
395 90820 9800
396 88350 9800
397 89110 7000
398 93290 15400
399 91200 18200
400 86830 18200
401 89110 18200
402 92530 32200
403 91200 32200
404 87590 32200
405 88350 35000
406 84930 35000
407 83600 35000
408 77710 35000
409 79610 35000
410 53770 18200
411 53580 21000
412 49590 21000
413 51490 21000
414 30970 18200
415 21470 21000
416 27170 23800
417 26790 9800
418 27170 29400
419 53390 51800
420 33250 49000
421 25270 49000
422 24130 43400
423 43130 51800
424 41610 4200
425 49210 7000
426 59090 7000
427 84170 7000
428 96710 12600
429 96710 21000
430 95190 26600
431 95950 35000
432 44650 21000
433 27550 12600
434 41610 29400
435 46170 37800
436 32870 37800
437 35530 32200
438 24510 40600
439 43510 43400
440 39330 12600
441 51870 15400
442 65550 4200
443 76570 4200
444 87210 4200
445 95190 18200
446 89110 37800
447 81130 37800
448 54910 23800
449 30430 140
450 48350 56460
451 51710 56460
452 37150 56460
453 140 33740
454 140 34860
455 42750 56460
456 28190 140
457 37150 140
458 49470 140
459 58430 140
460 40510 140
461 79710 140
462 109050 13580
463 109050 21420
464 109050 28140
465 109050 33740
466 44990 140
467 140 30380
468 49470 56460
469 33790 56460
470 27070 56460
471 55070 140
472 28190 56460
473 40510 56460
474 69630 140
475 72990 140
476 109050 11340
477 109050 18060
478 109050 32620
479 109050 34860
480 53950 140
481 36030 140
482 140 16940
483 140 20300
484 34910 140
485 57310 56460
486 64030 56460
487 68510 56460
488 62910 56460
489 56190 56460
490 55070 56460
491 43870 140
492 56190 140
493 62910 140
494 75230 140
495 74110 140
496 109050 20300
497 109050 24780
498 109050 25900
499 48350 140
500 140 18060
501 140 19180
