0 9423 4455
1 7965 4545
2 5967 5265
3 6507 4725
4 9369 5535
5 9099 2565
6 3294 4725
7 3132 4455
8 3483 4455
9 4050 3915
10 4266 3645
11 6993 5535
12 6669 5535
13 5670 5535
14 6345 6075
15 5373 5805
16 5319 5535
17 3132 5265
18 3348 3645
19 3429 3375
20 3726 3375
21 4644 3375
22 4131 2025
23 4860 2565
24 4860 2835
25 4860 3105
26 4050 2295
27 4104 2565
28 4536 3105
29 5130 3375
30 4887 3645
31 5373 5265
32 5805 2835
33 6588 2835
34 3267 5535
35 6669 6345
36 6750 5265
37 6588 4185
38 7398 4455
39 6966 4455
40 7506 3915
41 8424 4185
42 8883 4725
43 6021 4995
44 6237 4725
45 6345 4185
46 6858 3915
47 6480 3915
48 4023 6345
49 8316 3915
50 7911 4185
51 7857 3915
52 2781 3375
53 2403 4725
54 2079 5805
55 3699 6345
56 4995 6885
57 6237 6885
58 8019 6885
59 8343 6345
60 8235 4995
61 6777 3375
62 4455 1485
63 3699 1755
64 7101 2025
65 7479 2565
66 4833 4455
67 6048 4185
68 5076 4995
69 8208 3375
70 4374 3915
71 4131 3375
72 5238 3105
73 5886 3645
74 5508 3645
75 5670 5265
76 8424 2835
77 8370 3105
78 8640 3375
79 6183 3915
80 4158 4995
81 4914 4185
82 2727 6885
83 3888 4725
84 5481 4995
85 3294 4185
86 3699 3915
87 3807 4185
88 3996 4455
89 4428 4455
90 8100 2835
91 7290 2835
92 3753 3645
93 8721 4725
94 8235 5535
95 6264 5535
96 6372 5265
97 6480 5805
98 3942 5535
99 4428 5805
100 3456 5265
101 3834 5265
102 4185 5265
103 2781 4455
104 2970 3105
105 2727 2565
106 1890 2565
107 2349 2565
108 2808 2295
109 2484 2295
110 7128 2565
111 6426 1215
112 7128 1755
113 6750 1755
114 5292 2565
115 5967 2565
116 6804 1215
117 3159 2295
118 3186 2835
119 3132 2565
120 2727 2025
121 1539 6345
122 2430 4185
123 2592 2835
124 3456 1755
125 2700 1755
126 5616 1215
127 4104 1215
128 4482 1755
129 4482 2565
130 4509 2295
131 4482 1215
132 3267 2025
133 3645 2835
134 3618 3105
135 3564 2295
136 3294 3105
137 3618 2565
138 4239 2835
139 5319 2835
140 6534 3375
141 6264 3645
142 6156 3375
143 5616 3105
144 6912 4995
145 7884 4725
146 1890 6885
147 7452 5265
148 7452 4725
149 7587 5535
150 7830 6075
151 7776 6885
152 8100 6345
153 7668 6345
154 6939 5805
155 6939 6075
156 7506 6075
157 7452 6885
158 7020 6615
159 7452 6615
160 5913 5805
161 5589 6075
162 5670 6345
163 5130 6615
164 5994 6615
165 5562 6615
166 4509 6075
167 4752 6345
168 4050 6615
169 4428 6345
170 4482 6615
171 4563 5535
172 4860 5805
173 3510 6615
174 3888 6075
175 3456 6075
176 4050 5805
177 3618 5535
178 2889 5805
179 2376 5805
180 1782 5805
181 2916 6075
182 2484 6075
183 2214 4995
184 1836 4185
185 3645 4995
186 3159 4995
187 2673 4995
188 2430 4455
189 1890 4455
190 2430 3915
191 1782 3645
192 3078 3375
193 2835 3645
194 2160 3645
195 1998 3915
196 5076 5265
197 9450 2565
198 9288 3105
199 8856 3105
200 8856 2565
201 5130 4455
202 6156 1755
203 5778 3915
204 5508 4725
205 7776 2565
206 8100 1215
207 8154 2025
208 8154 2565
209 7344 2025
210 7614 1215
211 7668 1485
212 7722 2025
213 4860 1755
214 6102 1215
215 5832 1485
216 4968 1215
217 5076 2025
218 6210 1485
219 5778 1755
220 5508 2025
221 7128 3375
222 8316 3645
223 7938 3645
224 7452 3375
225 9504 4995
226 9180 4995
227 8478 4995
228 8802 4995
229 8424 6075
230 8910 5805
231 8046 5805
232 8586 5805
233 6804 6885
234 6642 7695
235 6750 7155
236 6966 7695
237 5508 7155
238 6156 7695
239 6102 7155
240 5832 7695
241 5076 7155
242 4320 7695
243 4590 7155
244 4698 7695
245 3456 6885
246 3186 7695
247 3456 7155
248 3510 7695
249 1944 6345
250 1458 6615
251 1944 6615
252 2268 6345
253 2376 5265
254 1404 5535
255 1836 4995
256 2052 5535
257 2052 3105
258 1404 4185
259 1512 3915
260 1566 3105
261 2160 2295
262 8802 5535
263 5697 3375
264 4563 2025
265 3699 2025
266 6183 2025
267 6507 2565
268 4509 4185
269 2835 3915
270 2835 4725
271 2727 5535
272 3537 5805
273 5049 6075
274 6237 6345
275 6615 6615
276 7479 5805
277 8073 5265
278 9261 3375
279 8154 4455
280 7290 4185
281 9018 3645
282 4590 4725
283 7128 2295
284 6912 1485
285 2700 1485
286 3780 1485
287 6372 3105
288 7614 4995
289 8370 6615
290 7614 7155
291 5616 6885
292 4266 6885
293 3078 6345
294 1674 6075
295 1782 4725
296 2106 3375
297 9126 2835
298 5886 4455
299 8586 2295
300 8100 1755
301 5076 1485
302 5562 2295
303 7506 3105
304 8856 5265
305 9126 6075
306 7236 7425
307 6102 7425
308 4968 7425
309 3564 7425
310 2700 6615
311 1674 5265
312 1728 2835
313 10749 2796
314 6252 42
315 8172 42
316 7692 42
317 6156 42
318 6060 42
319 10749 3564
320 10749 3084
321 10749 5100
322 7692 8991
323 7404 8991
324 10749 4908
325 5580 8991
326 4428 8991
327 3468 8991
328 42 6156
329 42 4524
330 42 4044
331 42 4620
332 10749 2892
333 6540 42
334 42 4140
335 10749 5964
336 5580 42
337 5964 42
338 6732 8991
339 5964 8991
340 4620 8991
341 3276 8991
342 42 6732
343 42 5484
344 42 4236
345 7596 8991
346 10749 4428
347 10749 4236
348 10749 3468
349 42 4428
350 42 2604
351 6348 42
352 2604 42
353 4716 42
354 5388 42
355 10749 5196
356 10749 5676
357 10749 5868
358 5772 8991
359 4812 8991
360 4716 8991
361 42 5772
362 42 5004
363 42 3660
364 10749 4140
365 10749 4332
