0 11205 2835
1 7668 4995
2 7641 5535
3 10827 5265
4 10935 4725
5 3996 5265
6 4050 4725
7 4401 4725
8 5184 4185
9 5346 3915
10 8235 5805
11 7803 5805
12 6480 5805
13 7047 6345
14 6129 6075
15 6507 6075
16 4698 5265
17 4320 4185
18 4563 3915
19 4806 3645
20 5292 3645
21 5373 2835
22 5832 3105
23 6210 3375
24 5886 3375
25 5292 2565
26 6156 2835
27 6264 3105
28 6264 3645
29 5967 3915
30 6885 5535
31 6723 3645
32 7506 4185
33 3861 5535
34 7587 6615
35 7722 4725
36 8532 4455
37 8856 4455
38 8694 3915
39 9342 3915
40 10800 3915
41 11097 3915
42 7641 4995
43 3159 4725
44 11124 3375
45 7857 4185
46 8208 4185
47 7938 3915
48 7209 4995
49 10476 3375
50 10071 3915
51 10071 3375
52 3483 4185
53 2295 4725
54 2241 5805
55 3861 6615
56 4887 6885
57 6777 7155
58 10017 6885
59 10071 6075
60 9045 4995
61 8019 3645
62 6021 1755
63 4455 2295
64 7641 2025
65 9639 2835
66 6075 4725
67 7398 3915
68 7560 5265
69 9720 4995
70 5616 4185
71 5697 3645
72 6534 3375
73 7020 3915
74 6642 3915
75 6480 7425
76 10206 4185
77 9720 4185
78 9774 4455
79 8181 4455
80 5670 5535
81 6102 4455
82 1971 7155
83 5616 5805
84 5913 5805
85 4428 4455
86 4779 4455
87 4941 4725
88 5292 4455
89 5670 4725
90 9882 3105
91 9180 3105
92 4725 4185
93 10017 4995
94 9801 5535
95 7398 6345
96 7398 5805
97 7506 6075
98 4806 5535
99 4428 6075
100 4374 5265
101 4482 5535
102 5157 5535
103 4131 4995
104 4266 3375
105 3861 3105
106 3672 3375
107 3483 3105
108 3078 2835
109 3402 2835
110 9288 2835
111 8262 1755
112 8694 2025
113 8316 2565
114 6588 2835
115 7209 2565
116 8316 2025
117 4455 2565
118 3996 2835
119 4374 2835
120 3915 2565
121 2457 6885
122 2970 3645
123 2970 3375
124 4212 2295
125 3078 2565
126 6858 2025
127 6102 2025
128 6318 2565
129 5778 2835
130 5805 2565
131 6480 2025
132 4887 2565
133 4617 3375
134 4968 3375
135 4752 2835
136 4320 3105
137 4806 3105
138 5373 3105
139 6885 3105
140 7938 3375
141 7560 3645
142 7506 3375
143 7614 2835
144 7938 5265
145 9342 4995
146 3402 6885
147 8586 5535
148 8640 4995
149 8613 5805
150 8802 6345
151 9666 6345
152 9558 6615
153 9234 6345
154 7965 6075
155 8127 6345
156 8694 6615
157 9882 6615
158 8694 6885
159 9126 6615
160 6993 6075
161 6561 6345
162 6588 6615
163 6102 6885
164 6966 6885
165 6534 6885
166 5265 6345
167 5400 6615
168 4428 6615
169 5130 6885
170 4860 6615
171 5049 6075
172 5670 6075
173 2754 6885
174 3456 6345
175 3888 6345
176 4806 5805
177 4482 5805
178 3483 5805
179 2916 5535
180 2430 6075
181 3024 5805
182 2592 5805
183 2862 4725
184 2538 4725
185 4131 5805
186 3591 5265
187 3645 4995
188 3132 4995
189 2700 4995
190 2916 4455
191 2592 3645
192 4320 3915
193 3807 3915
194 3186 3915
195 2754 3915
196 5400 5265
197 11178 4725
198 11124 4185
199 10314 4455
200 10638 4185
201 6318 4725
202 6858 1215
203 6750 4455
204 6750 4995
205 9396 2295
206 9342 1215
207 9396 1755
208 9720 2295
209 7344 2025
210 7776 1215
211 7236 1485
212 7506 1755
213 4698 2025
214 6804 1485
215 6750 1755
216 4482 1485
217 5940 2295
218 7182 1215
219 6480 1215
220 6102 1215
221 8316 3645
222 9666 3375
223 9234 3645
224 8640 3645
225 10800 4995
226 11124 4995
227 10260 5265
228 10584 5265
229 10422 6075
230 10314 5535
231 9882 5805
232 10746 6075
233 8046 6885
234 8046 7695
235 7938 7155
236 8316 7155
237 7020 7155
238 7506 7695
239 7506 7155
240 7182 7695
241 4536 7155
242 4752 7695
243 4914 7155
244 4590 7425
245 3834 7155
246 3780 7695
247 3456 7155
248 3456 7695
249 2214 6345
250 1458 6345
251 1836 6345
252 1944 6885
253 2268 4995
254 1458 5265
255 1836 5265
256 2214 5265
257 2160 4185
258 1512 4455
259 1782 4185
260 1404 4185
261 2970 3105
262 9612 5265
263 6993 3375
264 6345 2295
265 4779 2295
266 7101 2295
267 7155 2835
268 5697 4455
269 3861 4185
270 3591 4725
271 3429 5535
272 3915 6075
273 4725 6345
274 6993 6615
275 8019 6615
276 8451 6075
277 9261 5535
278 10449 4725
279 10422 3645
280 8910 4185
281 9666 4725
282 5778 4995
283 9342 2565
284 8370 2295
285 3078 2295
286 5400 2025
287 7992 3105
288 8640 5265
289 9342 6075
290 9396 6885
291 6156 7155
292 4266 6885
293 3240 6615
294 1674 6075
295 1674 4725
296 2862 4185
297 11016 4455
298 7020 4725
299 9666 2025
300 7992 1485
301 4590 1755
302 6102 1485
303 8748 3375
304 11016 5535
305 11016 5805
306 8532 7425
307 7452 7425
308 5292 7425
309 3456 7425
310 2052 6615
311 2106 5535
312 1674 3915
313 12665 4524
314 6924 42
315 9420 42
316 7884 42
317 6828 42
318 6732 42
319 12665 3468
320 12665 4236
321 12665 5196
322 12665 6252
323 12665 6444
324 12665 5100
325 6444 9453
326 4908 9453
327 42 6444
328 42 5964
329 42 4716
330 42 3948
331 5484 9453
332 12665 3276
333 8172 42
334 42 3564
335 12665 5772
336 6636 42
337 7308 42
338 8172 9453
339 7212 9453
340 5004 9453
341 3564 9453
342 42 6636
343 42 5484
344 42 4428
345 42 6540
346 12665 3948
347 12665 3852
348 12665 4716
349 42 4620
350 42 2988
351 7596 42
352 42 2412
353 6156 42
354 7020 42
355 12665 5388
356 12665 5868
357 8460 9453
358 6636 9453
359 5388 9453
360 5580 9453
361 42 5676
362 42 4908
363 42 4044
364 12665 3660
365 12665 3756
