0 10503 3915
1 6759 4995
2 6993 5535
3 9639 4995
4 9801 4185
5 3672 4725
6 3888 4455
7 4077 4185
8 5022 4185
9 5292 3915
10 7479 5535
11 7209 5805
12 5778 5535
13 6399 6075
14 5481 5805
15 5913 5805
16 5386 4545
17 4185 3915
18 4914 3915
19 5454 3645
20 5643 2565
21 5994 2565
22 6156 3105
23 6102 3375
24 5400 2835
25 5454 3375
26 5778 3375
27 6210 3645
28 5913 3915
29 6885 3645
30 7128 4185
31 3375 5265
32 7263 6345
33 7398 4995
34 7830 4725
35 8208 4725
36 8100 4185
37 7708 4522
38 10287 3915
39 2889 5715
40 7722 4185
41 9396 3915
42 8451 3915
43 8721 3915
44 3051 3915
45 3159 4455
46 2943 5265
47 3591 6075
48 4725 6345
49 6021 6615
50 9207 6615
51 9693 6075
52 9099 5265
53 7587 3105
54 6993 2565
55 5211 2295
56 8991 2025
57 9153 2835
58 5913 4725
59 7033 4860
60 8964 4995
61 5454 4185
62 6426 3375
63 6966 3915
64 6534 3915
65 10692 4185
66 9180 4185
67 9180 4455
68 4521 4875
69 6068 4725
70 5670 4725
71 5238 5535
72 4212 4455
73 4455 4185
74 4671 4455
75 4806 4725
76 5238 4725
77 10530 2835
78 9801 4995
79 9315 5805
80 6750 6075
81 6696 5535
82 6804 5805
83 4914 5265
84 4320 5535
85 4104 4995
86 4212 5265
87 4563 5265
88 3429 4455
89 3996 3645
90 3699 3105
91 3402 3105
92 3375 2835
93 3132 2565
94 3456 2565
95 8694 2835
96 8478 1755
97 9018 2565
98 8532 2565
99 7911 2565
100 8694 2025
101 3942 2835
102 4320 2835
103 4131 2565
104 4644 3375
105 4968 2295
106 4428 2025
107 6912 1755
108 7182 2295
109 6372 2295
110 5832 2835
111 5697 3105
112 6804 2295
113 4617 2565
114 4293 3105
115 4266 3375
116 4698 2835
117 4590 3645
118 4752 3105
119 5211 3105
120 6723 3105
121 7290 3645
122 7398 3915
123 7344 3375
124 7182 3105
125 7992 4995
126 9342 4995
127 8478 5535
128 8478 4995
129 7857 5535
130 8424 5805
131 9396 6075
132 8802 5805
133 8640 6075
134 7587 5805
135 7587 6075
136 8046 6075
137 9072 6075
138 8046 6345
139 8478 6345
140 6345 5805
141 5859 6075
142 5724 6615
143 5724 7155
144 6750 6615
145 5076 6075
146 4104 6885
147 4212 6615
148 5076 5805
149 2646 5805
150 3186 6345
151 4752 5535
152 3888 5265
153 3429 5535
154 2862 4995
155 2484 5535
156 2862 5535
157 2430 4995
158 2700 4725
159 2376 4725
160 4455 4995
161 3753 4995
162 4239 4725
163 3078 4185
164 2754 3915
165 2160 3645
166 3685 3510
167 3024 3645
168 10368 4185
169 10368 4725
170 9612 4455
171 10044 4185
172 5886 4455
173 6210 5535
174 6102 4995
175 6210 4455
176 9558 2835
177 10530 2565
178 9990 2835
179 9882 3375
180 10368 2025
181 10206 2295
182 9612 2295
183 6156 1485
184 5994 1755
185 5562 1755
186 7236 2025
187 7398 1485
188 7506 1755
189 7722 2295
190 7776 3375
191 10368 3375
192 8262 3375
193 8154 3915
194 10044 4995
195 10368 4995
196 10098 5265
197 10422 5265
198 9990 6345
199 10530 5805
200 9990 5805
201 10314 6345
202 7722 6345
203 7344 7425
204 7506 6885
205 7884 6885
206 6318 7155
207 6372 7425
208 6372 6615
209 6642 7155
210 4266 7155
211 4860 6885
212 3240 7425
213 3186 7155
214 1404 6075
215 1674 5535
216 1728 6075
217 1296 4455
218 1512 4995
219 1350 4185
220 1728 4185
221 2916 2835
222 6399 2565
223 3537 3915
224 5049 6345
225 6345 6345
226 9099 5535
227 9855 4725
228 10314 3645
229 9180 3645
230 8262 4455
231 9018 4725
232 5292 4995
233 8964 3105
234 8802 2295
235 4266 2295
236 6534 2025
237 7776 2835
238 8478 5265
239 9288 6345
240 8586 6615
241 5670 6885
242 4050 6345
243 2970 6075
244 2322 5265
245 2538 4455
246 2322 3375
247 10314 4455
248 6534 4725
249 10152 3105
250 9828 2565
251 5454 2025
252 7938 2025
253 8046 3645
254 10314 5535
255 10314 6075
256 7506 6615
257 6750 6885
258 4968 6615
259 3240 6885
260 1782 5805
261 1674 4725
262 1782 3915
263 11947 4524
264 6348 8950
265 11947 2796
266 11947 2028
267 6252 42
268 7404 42
269 11947 3660
270 11947 4332
271 11947 5196
272 11947 5964
273 11947 6060
274 11947 5100
275 5676 8950
276 4428 8950
277 42 5964
278 42 5484
279 42 4332
280 42 3564
281 5196 8950
282 11947 3180
283 8172 42
284 4620 42
285 11947 5868
286 6924 42
287 7308 42
288 7404 8950
289 6444 8950
290 4524 8950
291 3276 8950
292 42 5868
293 42 4812
294 42 4044
295 42 6156
296 11947 4044
297 11947 3948
298 11947 4620
299 42 4428
300 42 2700
301 8268 42
302 4332 42
303 6828 42
304 7020 42
305 11947 5292
306 11947 5580
307 7980 8950
308 5964 8950
309 4812 8950
310 5004 8950
311 42 5292
312 42 4524
313 42 3468
314 11947 3852
315 11947 3756
