0 11259 3375
1 5697 5715
2 8046 5265
3 10341 5265
4 10395 4455
5 4158 5265
6 4158 4725
7 4509 4725
8 5454 4455
9 5832 4455
10 8073 5805
11 7749 5805
12 6318 5805
13 7047 6345
14 5805 6075
15 6291 6075
16 5130 5535
17 4320 4185
18 4563 4185
19 5184 4185
20 6048 4185
21 5805 3375
22 6480 3375
23 6588 3645
24 6480 4185
25 6048 2835
26 6156 3375
27 6804 3375
28 7074 4455
29 6453 4455
30 8181 5535
31 6939 3915
32 7776 4185
33 3753 5265
34 7857 6615
35 7992 4995
36 8532 4995
37 9018 4995
38 8856 4455
39 9963 4185
40 9153 4185
41 8073 4455
42 8316 4455
43 8100 4725
44 8019 5265
45 10152 3645
46 9585 3645
47 9585 4185
48 3483 3915
49 3699 4725
50 3321 5805
51 3483 6615
52 4887 6885
53 6615 7425
54 9693 6885
55 10071 6345
56 9909 5805
57 8289 3645
58 7425 2835
59 5535 2025
60 8937 2295
61 9639 3375
62 6399 5265
63 7452 4725
64 7128 4995
65 9774 4995
66 5670 4185
67 6129 3915
68 6588 3915
69 7236 4185
70 6858 4185
71 7074 5805
72 10854 4185
73 10422 4185
74 9990 4455
75 8181 4185
76 5994 6615
77 6048 5535
78 5670 5535
79 8667 5535
80 4536 4455
81 4887 4455
82 5049 4725
83 5292 4995
84 5724 4995
85 10962 3375
86 9288 3645
87 4833 4185
88 10179 4995
89 10233 5805
90 7074 6075
91 7398 5805
92 7452 6075
93 5238 5805
94 4320 6075
95 4914 5265
96 4806 5535
97 4887 5805
98 3915 4995
99 4320 3645
100 4023 2835
101 3942 3645
102 3915 3375
103 4428 3375
104 4050 3105
105 9288 3375
106 8586 2025
107 8910 2835
108 8532 2835
109 6588 2835
110 7047 2835
111 8586 2295
112 5643 3105
113 5292 3105
114 4428 3105
115 4617 2835
116 2511 6885
117 4914 3915
118 5400 3915
119 5832 2565
120 5454 2565
121 7182 2025
122 7506 2565
123 6588 2565
124 6102 3105
125 6669 3105
126 7074 2565
127 4887 3105
128 4779 3375
129 4644 3645
130 5130 2835
131 4968 3645
132 5238 3375
133 5751 3645
134 7101 3645
135 8046 3645
136 7722 4455
137 7668 3645
138 7344 3375
139 8640 5265
140 9666 5805
141 2160 6345
142 9288 5805
143 9234 5265
144 8451 5805
145 8964 6075
146 9882 6075
147 9450 6075
148 9396 6345
149 7911 6075
150 8073 6345
151 8532 6345
152 9828 6345
153 9180 7155
154 9018 6615
155 6669 6075
156 6561 6345
157 6426 6615
158 6048 6885
159 6912 6885
160 6480 6885
161 4995 6345
162 5184 6615
163 4428 7155
164 5508 6615
165 4698 6615
166 4887 6075
167 5400 6075
168 2700 6345
169 3564 6345
170 3132 6345
171 4536 5805
172 4212 5805
173 3753 5805
174 3024 5265
175 2484 5805
176 3186 6075
177 2916 5805
178 3294 4725
179 2754 4995
180 4455 5535
181 4563 5265
182 4725 4995
183 4266 4995
184 2862 4725
185 3294 4185
186 2646 3645
187 4374 3915
188 3915 3915
189 2970 3645
190 2862 4185
191 5940 5805
192 10908 4995
193 11340 4725
194 10692 4725
195 11016 4725
196 6426 5535
197 6750 5805
198 6750 4995
199 6372 4995
200 9936 2835
201 10530 2835
202 10530 3105
203 10098 3105
204 9234 2835
205 9180 1755
206 9288 2295
207 9558 2835
208 6156 2565
209 6642 1755
210 6534 2025
211 6156 2025
212 7722 2835
213 7722 1755
214 7884 2025
215 7884 2565
216 8046 3915
217 9936 4185
218 9018 4185
219 8640 3645
220 10746 5265
221 11070 5265
222 10800 5535
223 11124 5535
224 10314 6345
225 10962 6075
226 10584 6075
227 10692 6345
228 8262 6885
229 7776 7425
230 7776 6885
231 8154 7155
232 7290 7425
233 6858 7695
234 6912 7425
235 7290 6885
236 5184 6885
237 5022 7425
238 5022 7155
239 5400 7155
240 3888 6615
241 3348 7425
242 3348 7155
243 3726 7155
244 2700 6075
245 1404 5805
246 1782 5805
247 1944 6075
248 2484 5265
249 1404 5265
250 1944 4995
251 1944 5265
252 2484 4455
253 1728 4455
254 1782 4185
255 2160 4185
256 3726 3105
257 9882 5265
258 7371 3915
259 7209 3105
260 5589 2835
261 7695 3105
262 6183 3645
263 5805 4725
264 3861 4185
265 3483 4995
266 3645 5535
267 3915 6075
268 5535 6345
269 6831 6615
270 7533 6345
271 8451 6075
272 10125 5535
273 10503 4995
274 9936 3915
275 8910 4725
276 9990 4725
277 5778 5265
278 9288 3105
279 8640 2565
280 4698 2565
281 6642 2295
282 8046 3375
283 9342 5535
284 9828 6615
285 9072 6885
286 6210 7155
287 4266 6885
288 2862 6615
289 2862 5535
290 3186 4455
291 2862 3915
292 11016 4455
293 7074 5265
294 10260 3375
295 9774 2565
296 5508 2295
297 7776 2295
298 8748 3915
299 11016 5805
300 11016 6615
301 8532 7425
302 7290 7155
303 5724 7425
304 3186 6885
305 1782 5535
306 2052 4725
307 1782 3915
308 12665 4428
309 6828 9453
310 12665 2796
311 9132 42
312 6732 42
313 7692 42
314 12665 3948
315 12665 4620
316 12665 5484
317 12665 6252
318 12665 6348
319 12665 5292
320 6252 9453
321 4716 9453
322 42 6252
323 42 5868
324 42 4620
325 42 3948
326 5580 9453
327 12665 3564
328 8460 42
329 4908 42
330 12665 6156
331 7212 42
332 7500 42
333 7788 9453
334 6924 9453
335 5100 9453
336 3468 9453
337 42 5772
338 42 5004
339 42 4428
340 9132 9453
341 12665 4236
342 12665 4044
343 12665 4812
344 42 4812
345 42 2988
346 8364 42
347 4716 42
348 7116 42
349 7308 42
350 12665 5580
351 12665 5868
352 8460 9453
353 6636 9453
354 5196 9453
355 5292 9453
356 42 5580
357 42 4908
358 42 3756
359 12665 3756
360 12665 3852
