0 47595 40600
1 33060 40600
2 49400 35000
3 85690 35000
4 41990 37800
5 60420 51800
6 30210 51800
7 37240 46200
8 51110 49000
9 38190 49000
10 35910 18200
11 25270 18200
12 28310 23800
13 27550 29400
14 31730 29400
15 84930 21000
16 75430 18200
17 60990 19133
18 52820 18200
19 64410 18200
20 38190 37800
21 21850 37800
22 28183 30333
23 49685 34391
24 23370 32200
25 29450 32200
26 48020 30873
27 12730 37800
28 25935 35000
29 4560 35000
30 30590 32200
31 6460 35000
32 8360 35000
33 10830 37800
34 14060 37800
35 10640 40600
36 23465 29400
37 12920 23800
38 29450 23800
39 30210 26600
40 31540 26600
41 35150 21000
42 34580 18200
43 37050 18200
44 39710 21000
45 26600 21000
46 27930 18200
47 46170 23800
48 52630 23800
49 34010 21000
50 36480 21000
51 55480 23800
52 54150 23800
53 82650 21000
54 84170 26600
55 76000 15400
56 73910 18200
57 74670 21000
58 59470 18200
59 46550 18200
60 49020 12600
61 46930 21000
62 61750 26600
63 81890 23800
64 82270 26600
65 64600 26600
66 63460 21000
67 61750 21000
68 65740 26600
69 68210 26600
70 18620 49000
71 52345 49000
72 52630 46200
73 67830 43400
74 54055 47600
75 57950 46200
76 33060 51800
77 44460 51800
78 68970 46200
79 64600 51800
80 66690 46200
81 60610 43400
82 47880 43400
83 53390 43400
84 32300 40600
85 34390 40600
86 53010 40600
87 63080 35000
88 49020 32200
89 54910 35000
90 81890 35000
91 78850 35000
92 64410 35000
93 60610 35000
94 62890 32200
95 57950 35000
96 56810 35000
97 58900 35000
98 59470 37800
99 54720 43400
100 54340 40600
101 55860 43400
102 57950 40600
103 60230 40600
104 60420 46200
105 61750 46200
106 61370 51800
107 73720 49000
108 61560 49000
109 62130 43400
110 59090 40600
111 41610 35000
112 38142 32200
113 33820 29400
114 24320 28000
115 15010 29400
116 12160 29400
117 13490 32200
118 33060 43400
119 59850 23800
120 60230 26600
121 60800 23800
122 56620 23800
123 62130 23800
124 69920 35000
125 71250 35000
126 66120 35000
127 69540 37800
128 70490 37800
129 72200 37800
130 40850 40600
131 31730 43400
132 17290 43400
133 11210 44800
134 10070 46200
135 44840 23800
136 32680 26600
137 44080 26600
138 27930 21000
139 33440 23800
140 42560 23800
141 42370 26600
142 48070 23800
143 50540 23800
144 72390 23800
145 72200 29400
146 57570 26600
147 55670 26600
148 71630 21000
149 70490 21000
150 70300 23800
151 45600 21000
152 49210 21000
153 69540 23800
154 71250 26600
155 78375 26600
156 72960 35000
157 77900 37800
158 76950 29400
159 78660 32200
160 79610 37800
161 80370 40600
162 82270 43400
163 53960 37800
164 55860 40600
165 81890 32200
166 80750 35000
167 76380 40600
168 77140 43400
169 83790 43400
170 84930 43400
171 79420 40600
172 80560 43400
173 80750 46200
174 46930 51800
175 43510 49000
176 41230 51800
177 40660 57400
178 40090 51800
179 50920 51800
180 63460 26600
181 62700 29400
182 62130 35000
183 60800 37800
184 61750 37800
185 59280 29400
186 59470 32200
187 62890 40600
188 65550 40600
189 64220 40600
190 65170 43400
191 54150 46200
192 49590 51800
193 48450 51800
194 45600 51800
195 47310 54600
196 71250 40600
197 75240 40600
198 76570 37800
199 73910 29400
200 72580 32200
201 64030 23800
202 71250 32200
203 74480 32200
204 73910 35000
205 56240 49000
206 55480 46200
207 72580 49000
208 74480 40600
209 73340 43400
210 73530 40600
211 72580 40600
212 72010 43400
213 70870 43400
214 69160 43400
215 70490 46200
216 42370 49000
217 35150 49000
218 21090 49000
219 13490 49000
220 11590 46200
221 34200 51800
222 68590 37800
223 69350 40600
224 71820 46200
225 67640 37800
226 68210 40600
227 63270 43400
228 62700 46200
229 63650 46200
230 67830 46200
231 71440 49000
232 68780 49000
233 69920 49000
234 70870 51800
235 43510 51800
236 35150 54600
237 33630 54600
238 31540 57400
239 29450 57400
240 52820 51800
241 72770 46200
242 74860 43400
243 79040 43400
244 79610 46200
245 76190 43400
246 65740 49000
247 74100 46200
248 75430 46200
249 76380 46200
250 77710 49000
251 75050 49000
252 76190 51800
253 55290 51800
254 54150 51800
255 49590 54600
256 43700 54600
257 48450 54600
258 30590 26600
259 25080 26600
260 16150 29400
261 13680 26600
262 10830 29400
263 31160 23800
264 26030 22400
265 15010 21000
266 8550 25200
267 6270 21000
268 40280 23800
269 35340 21000
270 23750 21000
271 12920 23800
272 13870 21000
273 49780 18200
274 39330 18200
275 41420 12600
276 38950 12600
277 68590 23800
278 64980 23800
279 66120 23800
280 67450 23800
281 68020 18200
282 65930 18200
283 60040 9800
284 60990 12600
285 75240 23800
286 78850 21000
287 78850 15400
288 77900 9800
289 79610 12600
290 80750 29400
291 80370 23800
292 84930 23800
293 86070 21000
294 88540 21000
295 90630 21000
296 77710 32200
297 76190 32200
298 84360 29400
299 86070 32200
300 88540 29400
301 90630 29400
302 51110 26600
303 50920 29400
304 57000 29400
305 49590 23800
306 52250 26600
307 53010 29400
308 54340 29400
309 55100 32200
310 53390 32200
311 50350 32200
312 46550 32200
313 48070 29400
314 46550 26600
315 32490 37800
316 22230 42466
317 19950 32200
318 19950 26600
319 25270 37800
320 27550 37800
321 45410 43400
322 43510 40600
323 51015 46200
324 48830 46200
325 46550 46200
326 38380 46200
327 33250 46200
328 35530 46200
329 26980 49000
330 25270 49000
331 22990 49000
332 67450 49000
333 59470 49000
334 19190 21000
335 21470 21000
336 24415 16800
337 26410 15400
338 24130 15400
339 29735 14000
340 30210 18200
341 32490 18200
342 50160 15400
343 51870 15400
344 44650 18200
345 57285 12600
346 55670 15400
347 57190 18200
348 74860 15400
349 71250 18200
350 66310 15400
351 82840 15400
352 80750 15400
353 81130 18200
354 83885 35000
355 81510 40600
356 81890 37800
357 48640 40600
358 47310 40600
359 45410 35000
360 6650 40600
361 18050 37800
362 8170 32200
363 9690 43400
364 39710 54600
365 46930 57400
366 13490 49000
367 29830 54600
368 53390 54600
369 9690 26600
370 10070 21000
371 15010 18200
372 39710 15400
373 64790 12600
374 75810 12600
375 92530 23800
376 91770 32200
377 46170 29400
378 22230 29400
379 28690 40600
380 41230 43400
381 47310 49000
382 31350 49000
383 23370 51800
384 62130 54600
385 22990 23800
386 21470 18200
387 32490 15400
388 46170 15400
389 59850 15400
390 70870 15400
391 85690 18200
392 86450 37800
393 46170 37800
394 140 38220
395 140 40460
396 51710 66320
397 50590 66320
398 49470 66320
399 140 47180
400 68510 66320
401 140 32620
402 140 29260
403 140 27020
404 140 25900
405 140 21420
406 39390 140
407 58430 140
408 79710 140
409 107950 19180
410 107950 28140
411 48350 140
412 140 41580
413 39390 66320
414 41630 66320
415 140 48300
416 140 18060
417 31550 66320
418 42750 66320
419 31550 140
420 44990 140
421 57310 140
422 68510 140
423 67390 140
424 107950 33740
425 44990 66320
426 140 31500
427 140 37100
428 140 34860
429 140 30380
430 107950 39340
431 78590 66320
432 107950 43820
433 69630 66320
434 87550 66320
435 77470 66320
436 140 28140
437 140 24780
438 37150 140
439 49470 140
440 62910 140
441 107950 24780
442 107950 23660
443 107950 30380
444 61790 140
445 140 33740
446 140 35980
