0 6831 8235
1 4707 5355
2 5049 6615
3 4509 7425
4 7587 7695
5 5832 4185
6 6588 4185
7 6993 4185
8 6750 4725
9 6912 4995
10 3753 6345
11 4023 6345
12 4212 5535
13 3429 5535
14 4077 4995
15 4185 5265
16 5601 4847
17 7371 4185
18 7074 4725
19 7020 5265
20 8667 5805
21 8424 5265
22 8100 5265
23 7668 5535
24 9072 5805
25 8694 5535
26 7992 5535
27 7614 5805
28 7101 5535
29 8397 6075
30 7938 6075
31 4725 3645
32 3051 5535
33 4914 6075
34 5346 6615
35 5292 7425
36 5400 6885
37 6102 7560
38 5373 8235
39 4405 4590
40 4572 6885
41 5670 6615
42 5670 8235
43 5535 7425
44 5805 7425
45 8667 3645
46 7263 3105
47 5265 3105
48 3861 3375
49 2295 3915
50 2295 4725
51 2295 6075
52 2349 7425
53 4455 7155
54 7317 6345
55 10503 5265
56 9747 6615
57 10449 6345
58 9477 6885
59 6021 4995
60 6088 6210
61 8100 7965
62 7290 4995
63 7776 5265
64 6912 6075
65 7236 5805
66 7830 7695
67 7776 7425
68 8316 7425
69 4887 5445
70 6048 5265
71 5400 5265
72 6048 4455
73 6237 4185
74 6507 4455
75 5562 4455
76 5508 4725
77 8478 7155
78 5049 7425
79 4833 7155
80 4104 5805
81 3618 5805
82 4482 5805
83 4698 4725
84 4320 4455
85 4644 4185
86 4698 4455
87 5049 4725
88 6507 3915
89 7830 4455
90 9207 4725
91 9072 4455
92 9099 4185
93 9288 3915
94 9558 4185
95 9126 6885
96 10476 5535
97 10530 5805
98 9990 6345
99 9558 5265
100 10152 5805
101 9126 5535
102 9126 4995
103 8883 6075
104 8424 6345
105 9612 6345
106 9450 6615
107 10476 4995
108 10368 4725
109 9990 4995
110 8613 4455
111 9990 4725
112 8721 4995
113 8289 4725
114 7614 4725
115 9504 4995
116 7938 4725
117 8748 4725
118 7857 4995
119 8073 5805
120 7074 6345
121 6696 6345
122 7290 6615
123 7776 6615
124 3834 6615
125 3510 6615
126 5543 3998
127 4212 6885
128 3780 6885
129 3321 6345
130 2754 6615
131 2214 6615
132 2916 6885
133 2484 6885
134 4293 6075
135 3807 6075
136 2484 5535
137 2376 6345
138 3861 5535
139 3699 5265
140 1836 4995
141 1512 4455
142 2268 4995
143 2052 4185
144 1566 3645
145 2376 4455
146 4023 4185
147 3564 4185
148 2322 3375
149 4104 3375
150 3402 3375
151 4374 4725
152 4374 3915
153 4833 3915
154 5346 3375
155 4914 2835
156 4482 3375
157 4914 3375
158 6912 3645
159 5319 4185
160 5535 3915
161 6021 3915
162 6588 3645
163 8424 3375
164 8046 3105
165 7681 4050
166 8208 3915
167 7992 3375
168 6858 7695
169 6966 7965
170 7290 7425
171 7344 7965
172 5724 5265
173 5670 6345
174 5778 6075
175 5832 5535
176 9612 7155
177 11016 7155
178 10908 7425
179 9990 7425
180 11232 6345
181 10854 6345
182 11016 6075
183 10152 6615
184 11448 7155
185 11448 6885
186 10476 6615
187 10746 5265
188 11340 5535
189 10962 5535
190 11070 5265
191 7614 6345
192 6966 7425
193 6966 6885
194 7398 6885
195 4806 7695
196 4968 7965
197 4266 7425
198 4158 7695
199 2862 7425
200 4752 7425
201 3294 6885
202 3402 7155
203 2700 5805
204 1512 5535
205 2106 5535
206 2376 5805
207 2592 5265
208 2214 5265
209 2646 4995
210 1728 4185
211 2646 3915
212 3780 2025
213 3996 2835
214 4914 2025
215 4968 2295
216 5346 2295
217 6048 2025
218 6156 2835
219 7074 2025
220 7722 3105
221 9882 4185
222 3996 7155
223 7371 6075
224 8289 4995
225 9099 6345
226 7209 3915
227 6183 3645
228 3051 5265
229 4671 6885
230 7263 7695
231 6264 7965
232 5508 7695
233 5562 7155
234 8586 7695
235 5400 4995
236 9234 7425
237 10206 6075
238 8694 6615
239 9990 4455
240 6534 6615
241 3564 7425
242 1674 6885
243 1674 6075
244 1674 4725
245 1674 3915
246 3132 3105
247 4644 3105
248 6642 3105
249 8046 3645
250 7830 8235
251 6048 5805
252 10314 7155
253 11178 6615
254 10692 6885
255 11178 4995
256 7776 7155
257 4266 7965
258 2700 7155
259 1674 5805
260 3024 4725
261 2970 3645
262 3294 2835
263 5076 2565
264 6264 2565
265 8262 2835
266 7116 10643
267 5772 10643
268 12814 7116
269 12814 6252
270 12814 6924
271 12814 5292
272 7020 10643
273 7884 10643
274 42 6732
275 42 6636
276 42 5964
277 4620 10643
278 42 4524
279 42 3660
280 42 3372
281 4908 42
282 6828 42
283 8076 42
284 5484 42
285 8556 10643
286 12814 5772
287 12814 6348
288 4812 10643
289 12814 5100
290 6636 10643
291 42 5580
292 42 4812
293 42 3756
294 3564 42
295 5004 42
296 6156 42
297 7212 42
298 42 6828
299 5388 10643
300 5484 10643
301 7500 10643
302 5772 42
303 12814 3948
304 12814 5484
305 12814 6060
306 12814 4524
307 12814 5868
308 42 7020
309 42 6252
310 42 5868
311 42 4908
312 42 4044
313 42 4140
314 5196 42
315 6444 42
316 8172 42
317 5580 10643
318 5964 10643
