0 3861 7425
1 3411 6525
2 4185 4725
3 1971 6075
4 3591 5805
5 4401 7155
6 5832 2835
7 6372 2835
8 6615 3105
9 6534 3645
10 6426 3915
11 3321 4995
12 3213 4725
13 3348 3645
14 2943 3645
15 3591 3375
16 3699 3645
17 5346 3105
18 6966 3105
19 7101 3375
20 6048 3645
21 5940 4185
22 7695 4995
23 8046 4995
24 8316 5265
25 6588 4455
26 7452 5535
27 8370 4995
28 8478 4725
29 6912 4455
30 6615 4185
31 2781 2835
32 5805 5535
33 5400 5535
34 4563 2565
35 2565 3645
36 4482 5535
37 2808 6345
38 2592 6615
39 2970 6615
40 2268 6075
41 2484 7425
42 2511 7695
43 4131 4185
44 2889 2565
45 2511 6075
46 2484 6345
47 2754 6075
48 3051 5535
49 2862 7155
50 2997 6885
51 2673 6885
52 7263 2295
53 7857 1755
54 5535 2025
55 3969 1755
56 2403 2025
57 2349 2565
58 2295 4725
59 2295 5265
60 3429 5805
61 5967 4455
62 8127 6885
63 6939 6345
64 6615 6345
65 5211 5805
66 5373 3645
67 4320 4995
68 4428 3645
69 4374 6885
70 6804 3915
71 6237 4455
72 6750 4725
73 6426 4995
74 6372 4725
75 5130 3375
76 3564 7695
77 3564 7155
78 4050 7155
79 4293 5265
80 3726 4455
81 5022 4185
82 1755 1755
83 4698 4185
84 5427 3375
85 5886 3105
86 6237 3105
87 6291 3375
88 5724 3645
89 4860 3645
90 3888 7695
91 4482 6345
92 6831 3375
93 4185 6345
94 3969 4995
95 3402 3915
96 3294 4185
97 3672 4185
98 4428 3375
99 4374 2835
100 5022 3105
101 4698 3105
102 4779 3375
103 6237 2565
104 7182 3645
105 7317 3375
106 8100 3375
107 7965 3645
108 7668 3375
109 8424 3645
110 4752 6075
111 6750 6615
112 6804 6075
113 6102 5805
114 6858 5265
115 6507 5535
116 6534 5805
117 6993 4995
118 7344 4995
119 7236 4725
120 7371 5265
121 2025 1755
122 7236 5805
123 7290 6075
124 7182 6345
125 7722 6075
126 7452 7425
127 7290 6885
128 7398 6615
129 7884 5265
130 7911 5535
131 7668 6885
132 7263 4455
133 7641 4455
134 7506 3645
135 7614 4725
136 7344 3915
137 8046 4725
138 8343 4185
139 8397 4455
140 7236 4185
141 5400 4185
142 7614 4185
143 7992 4185
144 3564 4995
145 1674 6075
146 3834 3915
147 3888 5535
148 3456 5535
149 2889 4995
150 2592 5265
151 1890 5535
152 2376 4995
153 2322 5535
154 2943 4185
155 3105 4455
156 2592 4185
157 1620 4185
158 2268 4185
159 2484 4455
160 2997 3915
161 2997 3375
162 2754 3105
163 2592 2565
164 2430 3105
165 2376 2835
166 3483 3105
167 3186 2565
168 2700 2025
169 3132 2295
170 2646 2295
171 3915 2835
172 3726 2565
173 3726 1755
174 4050 2295
175 3618 2295
176 4050 3105
177 4374 3105
178 4833 2835
179 5022 2565
180 4914 1755
181 4428 2295
182 4860 2295
183 6912 2565
184 6750 2025
185 5427 2835
186 5751 2565
187 6075 2295
188 6588 2565
189 6858 2295
190 7560 2565
191 7236 2565
192 7560 3105
193 7479 2835
194 7992 2565
195 7290 2025
196 4482 4455
197 4212 7695
198 4536 7695
199 4698 6885
200 4698 7425
201 4806 4455
202 5130 7425
203 4914 4995
204 4914 5535
205 5292 6075
206 4860 7695
207 4914 6615
208 4968 6345
209 6426 6615
210 5508 7425
211 5508 6615
212 6102 6615
213 6534 6885
214 5562 7695
215 5994 7425
216 6480 7695
217 6912 6885
218 5886 7695
219 5994 7155
220 6804 7695
221 5184 4455
222 5940 4995
223 5562 4995
224 5670 4455
225 3078 6075
226 3132 6345
227 3456 6345
228 3510 6615
229 2052 4725
230 1350 4995
231 1728 4995
232 1728 4725
233 1944 4185
234 1350 3645
235 1728 3645
236 2106 3645
237 1944 2835
238 1404 3375
239 1836 3375
240 1620 2835
241 2592 1755
242 2430 1215
243 2916 1215
244 2916 1755
245 4104 2025
246 3456 1215
247 3996 1215
248 4212 1755
249 5238 1755
250 4536 1755
251 4590 1215
252 4968 1215
253 6102 1755
254 5346 1215
255 5778 1215
256 6210 1215
257 6372 2025
258 5724 1485
259 5724 1755
260 6426 1755
261 8532 3375
262 3294 5265
263 5913 4725
264 8451 5535
265 7047 5535
266 6453 5265
267 5913 5265
268 5697 3915
269 6831 2835
270 5967 2025
271 5535 2295
272 4131 2565
273 3159 2835
274 2403 3375
275 2565 3915
276 2727 4725
277 3915 5265
278 4239 7425
279 2106 7155
280 1890 6615
281 3672 6885
282 4860 3915
283 4590 5805
284 6102 6075
285 7884 6345
286 7938 7155
287 8154 3915
288 2808 5805
289 1674 5805
290 1674 4455
291 1728 2565
292 1836 2295
293 3402 2025
294 4914 2025
295 7236 1755
296 7884 2295
297 5076 7155
298 5130 5265
299 5832 6345
300 5454 6885
301 6750 7425
302 6858 7155
303 4914 4725
304 3834 6075
305 1674 5265
306 1728 3915
307 1674 3105
308 2538 1485
309 3672 1485
310 5022 1485
311 6966 1215
312 6696 1485
313 4524 9023
314 4908 9023
315 4812 9023
316 5484 9023
317 5772 9023
318 5868 9023
319 9808 5004
320 4140 9023
321 42 5772
322 42 5292
323 42 4332
324 3276 9023
325 42 2796
326 2700 42
327 3756 42
328 4908 42
329 6636 42
330 7116 42
331 4812 42
332 4332 9023
333 6636 9023
334 9808 5964
335 42 5004
336 7308 9023
337 9808 4428
338 42 3948
339 42 3372
340 2796 42
341 3948 42
342 4620 42
343 5676 42
344 5772 42
345 2412 42
346 2604 9023
347 2700 9023
348 4428 9023
349 9808 3660
350 9808 3468
351 9808 5388
352 9808 5868
353 9808 6348
354 9808 4332
355 42 5676
356 42 5100
357 42 4428
358 42 3276
359 3564 42
360 4140 42
361 5004 42
362 6348 42
363 9808 2796
364 2796 9023
365 2988 9023
