0 5481 8235
1 4347 4995
2 4563 4995
3 3159 6615
4 4077 7695
5 6453 7695
6 4752 3105
7 5184 2835
8 5589 2835
9 5616 3915
10 5886 4185
11 3429 6075
12 3483 5805
13 3726 4455
14 3159 4995
15 3375 4455
16 3861 4725
17 3888 3105
18 6156 3375
19 6129 3105
20 5886 3105
21 6318 4185
22 7749 4455
23 7614 4995
24 6696 4725
25 5670 4725
26 8046 4185
27 7722 4185
28 6696 4455
29 5994 4725
30 5967 4455
31 3915 5805
32 6615 5265
33 6696 5535
34 4239 2835
35 2727 5265
36 4320 5535
37 4752 6075
38 4806 6885
39 4860 6345
40 5292 6345
41 5454 7155
42 5049 7875
43 4509 5265
44 5913 2295
45 5319 6075
46 4428 6075
47 5076 6075
48 3321 4185
49 4806 7425
50 4941 7155
51 4671 7155
52 7479 2025
53 5751 2025
54 4185 2025
55 3159 2835
56 2349 3645
57 2133 4185
58 2295 6075
59 2511 6615
60 4293 6615
61 5859 6345
62 8073 5265
63 8397 4185
64 8019 6345
65 7533 6345
66 5211 4455
67 4806 5805
68 5292 5805
69 6318 7425
70 6156 3915
71 6345 4725
72 6480 4995
73 5616 4995
74 6048 4995
75 3942 4995
76 6264 7155
77 6642 7155
78 6858 7425
79 4509 5805
80 2160 2295
81 5130 3915
82 1917 1755
83 4806 3915
84 4239 4185
85 5400 3105
86 5427 3375
87 5427 3645
88 4860 3645
89 4806 4185
90 7020 7155
91 6804 6885
92 5805 3375
93 4401 7155
94 4077 7155
95 3240 5265
96 3618 5265
97 3996 5265
98 3888 3645
99 3078 3645
100 3888 3375
101 3564 3375
102 4239 3645
103 4995 3375
104 6372 3105
105 6939 2835
106 7506 3105
107 7317 2835
108 7506 2565
109 7776 2835
110 7236 6615
111 8640 6075
112 8208 6075
113 7614 5805
114 7290 4995
115 7533 5265
116 8046 5805
117 7371 4185
118 7020 4185
119 7344 3375
120 7857 3375
121 3267 2565
122 5940 3645
123 6588 3645
124 8478 3375
125 7992 3645
126 8910 4995
127 8100 4455
128 7992 4995
129 7344 4455
130 7371 4725
131 8424 4995
132 7371 3915
133 7155 3105
134 6642 3375
135 7560 3645
136 6696 3105
137 7128 3645
138 6723 3915
139 6075 5265
140 5616 6345
141 5670 5805
142 5670 6075
143 6156 5805
144 3996 6075
145 3942 6345
146 2268 2025
147 4266 6345
148 3942 6615
149 3429 6345
150 3672 6075
151 2106 6345
152 2970 6345
153 2538 6345
154 3969 5535
155 3483 5535
156 3024 5805
157 2106 5535
158 2538 6075
159 2484 5805
160 3537 4995
161 3375 4725
162 2970 4455
163 2376 4185
164 2322 4725
165 2484 4455
166 3213 3915
167 3024 4185
168 2700 4185
169 2754 3375
170 2592 3915
171 3861 3915
172 3942 4185
173 2214 2565
174 2700 3105
175 2646 2565
176 3402 3645
177 3240 3375
178 3699 2835
179 4212 2295
180 3348 2295
181 3834 2565
182 3780 2295
183 5616 2295
184 4752 2295
185 4293 3375
186 4293 3105
187 4725 2835
188 5400 2565
189 5184 2295
190 6750 2295
191 6048 2025
192 6588 2835
193 6075 2835
194 6534 2565
195 6318 2295
196 5292 4725
197 6426 8235
198 6102 8235
199 5724 7695
200 5778 8235
201 4644 4725
202 5130 5535
203 5076 4995
204 4752 5535
205 7560 6885
206 7452 7425
207 8154 7155
208 7776 7155
209 7830 6615
210 8910 6885
211 8316 6615
212 8478 6885
213 8586 3645
214 9018 4455
215 8640 4455
216 9018 3375
217 8316 5265
218 8910 5805
219 8694 5265
220 8586 5805
221 6102 6345
222 5886 7155
223 5832 6885
224 6210 6885
225 4320 7695
226 4428 7965
227 4428 7425
228 4644 7695
229 2700 6885
230 3132 7425
231 3240 7155
232 2808 7425
233 2484 5535
234 1620 5265
235 1998 5265
236 1728 5535
237 1998 4725
238 1674 4725
239 2754 4995
240 2376 4995
241 1998 3645
242 1674 3375
243 2160 3375
244 1674 3645
245 2646 2295
246 2430 1215
247 2592 1485
248 2700 2025
249 4212 1755
250 3456 1215
251 3834 1215
252 4212 1215
253 4914 1755
254 4590 1755
255 4698 1215
256 5076 1215
257 5616 1755
258 5940 1755
259 5886 1215
260 6264 1215
261 8154 2835
262 3888 7425
263 6021 5535
264 6885 4995
265 7857 3915
266 7695 5535
267 7209 5535
268 5373 4185
269 5805 2565
270 4887 2565
271 4293 2565
272 3267 3105
273 2673 3645
274 2781 4725
275 2943 5535
276 3105 6075
277 4347 6885
278 6129 7695
279 5562 7425
280 5022 6615
281 7182 7695
282 4590 4455
283 6912 6345
284 7506 6075
285 8262 3105
286 8424 4725
287 6426 6075
288 3564 6885
289 1890 6615
290 1674 6075
291 1674 4455
292 1728 3915
293 2538 2835
294 3564 2025
295 5130 2025
296 6858 2025
297 6426 7965
298 5184 5265
299 8154 7425
300 8640 6345
301 8640 3915
302 8640 5535
303 6264 6615
304 3456 7695
305 2484 7155
306 1674 5805
307 1674 4995
308 1998 3105
309 2862 1755
310 3942 1485
311 5130 1485
312 6264 1485
313 5964 9417
314 5292 9417
315 7500 9417
316 10246 6444
317 10246 4908
318 10246 5772
319 6060 9417
320 6636 9417
321 3948 9417
322 42 6348
323 42 5868
324 4332 9417
325 42 4428
326 42 3852
327 42 2892
328 3564 42
329 5100 42
330 6540 42
331 4812 42
332 6924 9417
333 10246 5964
334 10246 3660
335 2988 9417
336 10246 5100
337 5580 9417
338 42 5292
339 42 4908
340 42 3564
341 2412 42
342 3660 42
343 4716 42
344 5868 42
345 2604 42
346 4812 9417
347 4908 9417
348 6348 9417
349 5196 42
350 10246 2796
351 10246 5388
352 10246 3468
353 10246 4812
354 10246 5292
355 3852 9417
356 3660 9417
357 42 5676
358 42 4716
359 42 3948
360 4044 42
361 3852 42
362 5004 42
363 6444 42
364 5004 9417
365 5388 9417
