0 11205 2295
1 9819 3645
2 7641 4995
3 7209 4995
4 10287 5535
5 10503 4725
6 4104 5265
7 4374 4995
8 4401 4725
9 5454 4455
10 5562 4185
11 8343 6075
12 7803 6075
13 6642 6075
14 7209 6615
15 6129 6345
16 6831 6345
17 4320 5535
18 4428 4185
19 4509 3915
20 4860 3915
21 5292 3915
22 5535 3105
23 5886 3105
24 5832 3375
25 6264 4185
26 5346 2835
27 6102 2835
28 6156 3375
29 6588 3915
30 6021 3915
31 6723 5265
32 6453 3645
33 7938 4185
34 4023 5805
35 8181 6885
36 8262 4725
37 8694 4185
38 10422 4185
39 10422 3645
40 10800 3645
41 11124 3105
42 11043 3645
43 7911 4995
44 3969 4725
45 8289 3915
46 8532 3915
47 7992 3645
48 5697 5535
49 10530 3375
50 10071 3645
51 10125 3375
52 3483 4185
53 2403 4995
54 3429 6345
55 3807 6615
56 5427 7425
57 7263 7425
58 9909 7155
59 10395 6345
60 9369 5535
61 8289 3375
62 5535 2025
63 3969 2025
64 7533 2295
65 9477 2565
66 6561 4995
67 7884 3915
68 7722 5265
69 8856 4725
70 5940 4185
71 5319 3645
72 6102 3645
73 7128 4185
74 6642 4185
75 6426 7695
76 9936 4185
77 9882 4455
78 9450 4725
79 8343 4185
80 6210 6075
81 5994 4725
82 2403 7425
83 5886 5805
84 7101 6075
85 4860 4995
86 4887 4725
87 4995 4455
88 5508 4725
89 5886 4995
90 9720 3105
91 9342 3105
92 4509 4455
93 10017 5265
94 9963 5805
95 7182 6345
96 7398 6075
97 7560 6345
98 5184 5535
99 4698 6345
100 4374 5805
101 4698 5805
102 5049 5805
103 4023 4995
104 4266 3645
105 4347 3105
106 3726 3105
107 3699 2835
108 3078 3105
109 3240 2835
110 9126 2565
111 7722 2025
112 8856 2295
113 8046 2565
114 6426 2835
115 6831 2565
116 8100 2025
117 4779 2565
118 4968 2835
119 4266 2835
120 3861 2565
121 2565 6885
122 2646 3645
123 3078 3645
124 3618 2295
125 2970 2565
126 6750 2025
127 5778 2025
128 6102 2565
129 5724 2835
130 5589 2565
131 6156 2025
132 4401 2565
133 4563 3375
134 4914 3375
135 4644 2835
136 4644 3645
137 4698 3105
138 5157 3105
139 6345 3105
140 8046 3375
141 7506 3915
142 7506 3375
143 7506 2835
144 8154 5535
145 9126 5535
146 3402 6885
147 8478 5805
148 8640 5535
149 8721 6075
150 8964 6345
151 10044 6345
152 9612 6615
153 9504 6345
154 8019 6345
155 8127 6615
156 8802 6615
157 9288 6615
158 8586 7155
159 9180 6885
160 6723 6885
161 6615 6615
162 6372 6885
163 6372 7155
164 7236 7155
165 6804 7155
166 5265 6345
167 5454 6885
168 5130 6885
169 5724 7155
170 5292 7155
171 4779 6615
172 5562 6615
173 3996 7155
174 4050 6615
175 3942 6885
176 4968 6075
177 4644 6075
178 4023 6075
179 3186 5805
180 2484 6345
181 2970 6075
182 2916 6345
183 2916 5265
184 2646 4725
185 4671 5535
186 3861 5535
187 3483 4995
188 2970 4725
189 2808 4995
190 3024 4455
191 2376 3915
192 4212 3915
193 3753 3915
194 3240 3915
195 2808 3915
196 6696 5535
197 10584 4455
198 10908 4455
199 10260 4455
200 10854 4725
201 6696 4725
202 6534 1215
203 6642 4455
204 7020 4455
205 9180 2295
206 9018 1215
207 9180 1755
208 9504 2295
209 7344 2025
210 7398 1485
211 7884 1485
212 7506 1755
213 4212 2025
214 6858 1485
215 6156 1755
216 4482 1755
217 5778 1755
218 6534 1485
219 6588 1755
220 5886 1215
221 8532 3645
222 9828 3915
223 9450 3915
224 8910 3915
225 11070 5265
226 11124 4995
227 10260 5265
228 10746 5265
229 10044 6075
230 9774 5265
231 9666 6075
232 10584 6075
233 8154 7155
234 8370 7965
235 7938 7695
236 8316 7695
237 6858 7695
238 6858 7965
239 7236 7695
240 7344 7965
241 5886 7695
242 5238 7965
243 5508 7695
244 5616 7965
245 3942 7425
246 3942 7965
247 4374 7695
248 4266 7965
249 2538 6075
250 1458 6615
251 1836 6615
252 1998 6075
253 2214 5265
254 1458 5265
255 1836 5265
256 1944 5805
257 2160 4185
258 1404 4455
259 1782 4455
260 1782 4185
261 2916 2835
262 9828 5535
263 7047 3645
264 6021 2295
265 4131 2295
266 7533 2565
267 6993 2835
268 5859 4455
269 4023 4185
270 3645 5265
271 3591 5805
272 4131 6345
273 5967 6615
274 7209 6885
275 7695 6885
276 8505 6345
277 9531 5805
278 10179 4725
279 10422 3105
280 10800 3915
281 9126 4455
282 6048 5265
283 9234 2835
284 8154 2295
285 2916 2295
286 4914 2025
287 7884 3105
288 8748 5265
289 10314 6615
290 9288 7155
291 6642 7425
292 4806 7425
293 3240 7155
294 2862 6615
295 1728 4995
296 2862 4185
297 9990 4995
298 7398 4725
299 9612 2025
300 8208 1755
301 4644 1485
302 5724 1485
303 9234 3645
304 11016 5535
305 11016 6345
306 8424 7425
307 7668 8235
308 5940 8235
309 3618 7695
310 1674 6345
311 2052 5535
312 1674 3915
313 12665 4620
314 6828 42
315 9036 42
316 7404 42
317 6732 42
318 6636 42
319 12665 3852
320 12665 4524
321 12665 5580
322 12665 6444
323 12665 6636
324 12665 5196
325 6540 9453
326 5196 9453
327 3948 9453
328 42 6348
329 42 4716
330 42 3852
331 5676 9453
332 12665 2988
333 7980 42
334 42 3564
335 12665 5292
336 6540 42
337 7212 42
338 7788 9453
339 7116 9453
340 5292 9453
341 3468 9453
342 42 6924
343 42 5580
344 42 4620
345 9708 9453
346 12665 3660
347 12665 3468
348 12665 4716
349 42 4812
350 42 2988
351 7308 42
352 42 2316
353 5676 42
354 6924 42
355 12665 5484
356 12665 5868
357 8652 9453
358 6732 9453
359 5484 9453
360 5580 9453
361 42 5868
362 42 5100
363 42 4044
364 12665 3372
365 12665 3276
