0 38190 45266
1 29070 42466
2 43320 34066
3 52555 27500
4 36290 40600
5 56477 51800
6 46993 51800
7 36955 50400
8 26726 49000
9 27170 17266
10 25745 22400
11 19760 28000
12 52550 31296
13 52440 14000
14 33250 35000
15 16720 35000
16 13870 33600
17 13110 32200
18 21850 32200
19 10830 35000
20 12350 37800
21 12065 32200
22 7410 35000
23 4750 32200
24 9310 37800
25 13680 37800
26 10640 37800
27 17543 25666
28 7885 23800
29 30146 23800
30 28595 26600
31 38380 18200
32 39140 16800
33 29006 21000
34 27740 19600
35 50540 23800
36 47025 25200
37 73815 23800
38 61306 23800
39 58045 11200
40 60990 16800
41 49590 15400
42 52630 28000
43 68970 26600
44 55480 26600
45 59280 18200
46 55290 18200
47 56620 26600
48 57570 29400
49 59090 32200
50 45695 49000
51 49210 49000
52 53247 45500
53 24985 49000
54 46645 47600
55 53390 51800
56 59153 49933
57 41166 43400
58 30590 40600
59 28405 42000
60 40850 40600
61 52725 36400
62 41135 33600
63 46740 36400
64 73150 35000
65 67450 35000
66 57665 35000
67 50730 33600
68 48450 35000
69 48450 32200
70 50920 37800
71 50730 40600
72 38000 40600
73 44080 43400
74 49210 40600
75 49970 37800
76 50730 49000
77 55860 51800
78 52630 49000
79 47690 40600
80 29032 32760
81 22515 30800
82 17005 25200
83 6270 29400
84 5130 29400
85 27170 37800
86 51680 22400
87 53580 21000
88 57760 37800
89 56810 37800
90 54720 37800
91 55670 37800
92 45695 42000
93 19190 46200
94 13110 40600
95 11970 46200
96 34390 23800
97 38380 26600
98 37620 23800
99 38950 23800
100 44080 26600
101 49210 26600
102 48830 29400
103 62130 18200
104 62130 21000
105 63080 26600
106 49875 18200
107 57760 26600
108 68590 35000
109 59185 37800
110 66880 37800
111 65170 30800
112 64600 35000
113 66310 40600
114 42560 37800
115 42560 40600
116 70110 32200
117 68970 32200
118 65645 43400
119 67450 43400
120 71630 43400
121 69920 43400
122 68780 43400
123 69350 46200
124 38950 51800
125 38190 54600
126 36670 54600
127 34770 58800
128 35150 60200
129 54720 29400
130 53960 26600
131 53770 37800
132 52060 40600
133 53010 40600
134 54530 32200
135 52060 29400
136 53390 32200
137 51870 37800
138 50730 43400
139 55195 43400
140 52060 43400
141 51490 46200
142 29070 51800
143 26790 51800
144 18050 51800
145 12540 47600
146 13110 51800
147 63745 39200
148 62700 35000
149 51110 23800
150 60610 35000
151 62130 37800
152 44460 46200
153 43320 46200
154 61180 46200
155 62700 40600
156 61560 43400
157 61750 40600
158 60420 40600
159 60230 43400
160 59850 46200
161 57570 46200
162 41990 49000
163 40090 51800
164 30210 54600
165 28880 54600
166 28500 60200
167 27550 54600
168 57950 40600
169 59090 40600
170 58900 46200
171 55480 43400
172 56430 40600
173 49590 43400
174 51680 49000
175 52630 46200
176 56050 46200
177 59280 49000
178 56620 49000
179 57760 49000
180 58330 51800
181 41610 51800
182 41990 54600
183 40850 54600
184 36860 58800
185 41230 60200
186 61845 46200
187 66880 46200
188 68210 46200
189 54340 49000
190 62700 46200
191 64410 46200
192 65360 46200
193 67450 49000
194 62510 49000
195 65740 49000
196 64030 49000
197 45790 51800
198 44270 54600
199 38380 58800
200 43130 60200
201 27550 26600
202 24320 26600
203 21660 23800
204 15770 23800
205 7980 21000
206 11210 23800
207 20045 19600
208 7410 21000
209 5510 21000
210 36480 21000
211 35340 16800
212 33250 21000
213 47310 21000
214 45980 18200
215 43890 18200
216 44080 12600
217 43130 9800
218 57570 21000
219 55480 23800
220 56620 23800
221 56430 21000
222 59660 21000
223 57190 18200
224 57000 9800
225 56430 15400
226 75620 19600
227 78470 15400
228 83030 16800
229 78850 21000
230 71630 29400
231 66880 29400
232 72770 29400
233 76000 26600
234 76760 23800
235 81700 23800
236 79230 23800
237 66310 32200
238 61560 32200
239 67450 32200
240 75050 30800
241 80940 29400
242 78850 29400
243 39710 26600
244 43130 26600
245 44080 29400
246 47500 32200
247 43130 23800
248 45410 26600
249 45410 29400
250 46360 32200
251 45695 36400
252 41990 32200
253 41040 29400
254 41990 29400
255 23465 40600
256 13870 29400
257 17670 23800
258 24035 43400
259 24383 43400
260 39330 60200
261 39140 46200
262 35150 49000
263 34580 44800
264 25650 54600
265 25460 51800
266 22230 51800
267 21280 47600
268 39330 54600
269 32870 54600
270 32870 49000
271 45030 60200
272 49780 54600
273 54150 54600
274 52630 56000
275 61370 54600
276 62320 54600
277 14820 19600
278 19190 18200
279 27550 12600
280 24890 14000
281 35530 9800
282 33250 13533
283 45790 9800
284 49400 9800
285 47563 12600
286 61180 9800
287 62130 14000
288 71250 12600
289 68716 19133
290 74480 35000
291 69920 36400
292 39900 37800
293 35910 35000
294 6270 40600
295 12350 43400
296 31730 57400
297 14250 49000
298 25270 57400
299 42750 57400
300 48830 60200
301 8550 18200
302 32870 18200
303 79990 18200
304 80750 26600
305 79990 32200
306 37810 29400
307 32870 51800
308 19950 21000
309 65170 12600
310 72770 37800
311 35910 37800
312 140 29260
313 140 40460
314 38270 66090
315 27070 66090
316 41630 66090
317 44990 66090
318 64030 66090
319 140 30380
320 140 23660
321 140 20300
322 33790 140
323 140 21420
324 43870 140
325 55070 140
326 92760 16940
327 92760 23660
328 92760 29260
329 41630 140
330 140 41580
331 33790 66090
332 140 50540
333 29310 66090
334 27070 140
335 36030 66090
336 34910 66090
337 34910 140
338 44990 140
339 59550 140
340 68510 140
341 92760 19180
342 92760 34860
343 39390 66090
344 140 31500
345 140 32620
346 140 35980
347 140 28140
348 51710 66090
349 55070 66090
350 78590 66090
351 57310 66090
352 71870 66090
353 62910 66090
354 140 27020
355 140 22540
356 38270 140
357 48350 140
358 58430 140
359 92760 24780
360 92760 27020
361 92760 31500
362 56190 66090
363 140 33740
364 140 34860
