0 6453 7965
1 4608 7245
2 4455 5265
3 3483 6885
4 3969 6885
5 6237 7695
6 4698 3105
7 5130 2835
8 5589 3105
9 5562 3915
10 5400 4455
11 3483 6075
12 3375 5805
13 3672 4725
14 3159 4455
15 3429 4185
16 3591 4455
17 3834 3375
18 5994 3105
19 6075 3375
20 5778 3645
21 5832 4455
22 7047 4455
23 6642 4455
24 6696 4725
25 6156 5265
26 7560 4185
27 7236 4995
28 6750 4995
29 5562 4995
30 5967 4725
31 3915 5265
32 6615 5265
33 6534 5805
34 4293 2565
35 2673 5265
36 4320 5805
37 4752 6345
38 4644 7155
39 4752 6615
40 5238 6615
41 4752 7965
42 4455 4995
43 5427 2565
44 5157 6075
45 4536 6075
46 4914 6075
47 2997 6345
48 5292 7425
49 4941 7155
50 4833 7425
51 7101 2295
52 5589 2025
53 4239 2025
54 3213 2565
55 2025 3915
56 2619 4185
57 2295 6075
58 2295 6615
59 3807 6885
60 6129 6075
61 7803 4995
62 8289 3915
63 7911 6345
64 7425 6345
65 5103 4455
66 4536 5535
67 4212 5535
68 6426 7425
69 5832 4185
70 6237 4455
71 6426 4995
72 5832 5265
73 5940 4995
74 4104 4725
75 6804 7965
76 6588 7695
77 6858 7155
78 4617 5805
79 2808 2295
80 5292 4725
81 2133 2025
82 4752 3645
83 4131 4185
84 5130 3915
85 5265 3375
86 5211 3645
87 4806 3915
88 4698 4185
89 7128 6885
90 6642 6885
91 5697 3375
92 4185 6885
93 4293 6345
94 3132 5265
95 3510 5265
96 3510 4995
97 3726 3645
98 2754 3375
99 3672 3105
100 3510 3375
101 4077 3645
102 5157 3105
103 6642 3375
104 7371 3375
105 7560 3105
106 7101 3105
107 7236 2565
108 7290 2835
109 7074 6615
110 8586 6075
111 8262 6075
112 7992 5805
113 7560 4995
114 7371 5535
115 8424 5805
116 7155 4185
117 6210 4185
118 7344 3645
119 7803 3375
120 1917 2565
121 6480 3645
122 6588 3915
123 8316 3375
124 7992 3915
125 7830 5265
126 8370 4725
127 7992 4725
128 7506 4455
129 7317 4725
130 8208 5265
131 7587 3915
132 7047 3375
133 6318 3375
134 6858 3645
135 6102 3645
136 7128 3915
137 6561 4185
138 6669 5535
139 5886 6075
140 5454 5535
141 5454 6075
142 6048 5805
143 3942 5805
144 3402 6345
145 2538 2025
146 4104 6615
147 3834 6345
148 3105 6075
149 2538 6075
150 1836 6345
151 2700 6345
152 2268 6345
153 3267 5535
154 3753 5535
155 2862 5535
156 1782 5805
157 2484 5535
158 2430 5805
159 3105 4995
160 3213 4725
161 2970 4185
162 2376 4185
163 2754 4455
164 2322 4455
165 3159 3915
166 2646 3915
167 2268 3915
168 2430 3375
169 2484 3645
170 3861 3915
171 4320 3915
172 2268 2835
173 3132 2835
174 2700 2835
175 3402 3645
176 3132 3375
177 3591 2835
178 3942 2565
179 3402 2295
180 4266 2295
181 3834 2295
182 4590 2295
183 5454 2295
184 4185 3375
185 4239 3105
186 4671 3375
187 5130 2565
188 5022 2295
189 6858 2565
190 6480 2025
191 6372 3105
192 6075 2835
193 6588 2835
194 6426 2565
195 3888 4995
196 5994 7695
197 5670 8235
198 5238 7155
199 5670 7695
200 4536 4725
201 5022 5535
202 4968 4995
203 4914 4725
204 7722 6615
205 7614 7695
206 7614 7155
207 7992 7155
208 8154 6345
209 8910 6885
210 8964 6345
211 8586 6345
212 8370 4455
213 8694 4725
214 8748 4455
215 8640 3915
216 7938 5535
217 8910 6075
218 8694 5265
219 8802 5805
220 6102 6345
221 5778 6885
222 5724 6345
223 6156 6885
224 4320 7155
225 4482 7425
226 4158 7425
227 3834 7695
228 2916 6885
229 2754 7425
230 2646 6615
231 3132 7155
232 2322 5265
233 1296 4995
234 1944 5265
235 1566 5265
236 1890 4455
237 1458 4455
238 1998 4995
239 1620 4995
240 2430 3105
241 1674 3105
242 1890 2835
243 1998 3105
244 2322 2295
245 2592 1215
246 2700 1755
247 2322 1755
248 3726 1755
249 3564 1215
250 3942 1215
251 4158 1755
252 5022 1755
253 4644 1755
254 4698 1215
255 5076 1215
256 5508 1755
257 5616 1215
258 5724 1485
259 5832 1755
260 7614 2835
261 3726 7155
262 6021 5535
263 7101 5265
264 7965 4455
265 7533 5805
266 7047 5805
267 5265 4185
268 5535 2835
269 4725 2565
270 4239 2835
271 3051 3105
272 2997 3645
273 2673 4725
274 2673 4995
275 2943 5805
276 3969 6075
277 5967 7425
278 5454 7965
279 4698 7695
280 4914 6885
281 7128 7425
282 4482 4455
283 6804 6345
284 7560 6075
285 8262 3645
286 8640 4995
287 5346 5805
288 3402 6615
289 1674 6615
290 1674 6075
291 1674 4185
292 1674 3645
293 2592 2565
294 3618 2025
295 4968 2025
296 6480 2295
297 5994 7155
298 5130 5265
299 7938 6885
300 8640 6615
301 8640 4185
302 8640 5535
303 6156 6615
304 3456 7425
305 2430 7155
306 1728 5535
307 1674 4725
308 1728 3375
309 2808 1485
310 3888 1485
311 4968 1485
312 6534 1755
313 5772 9417
314 5196 9417
315 7500 9417
316 10246 6348
317 10246 5004
318 10246 5964
319 5868 9417
320 6732 9417
321 3852 9417
322 42 6156
323 42 5772
324 4140 9417
325 42 4236
326 42 3660
327 42 2796
328 3756 42
329 5196 42
330 6540 42
331 4812 42
332 6924 9417
333 10246 5868
334 10246 3756
335 2796 9417
336 10246 5100
337 5292 9417
338 42 5196
339 42 4716
340 42 3276
341 2604 42
342 3948 42
343 4716 42
344 5676 42
345 42 6444
346 4620 9417
347 4716 9417
348 6348 9417
349 5100 42
350 10246 2988
351 10246 5484
352 10246 3660
353 10246 4908
354 10246 5388
355 3756 9417
356 42 6060
357 42 5484
358 42 4620
359 42 3852
360 4044 42
361 3852 42
362 5004 42
363 6444 42
364 4812 9417
365 5100 9417
