0 24003 35933
1 26410 33600
2 44080 28000
3 70395 25900
4 23750 29400
5 54102 42700
6 40850 44800
7 43985 43400
8 37335 36400
9 28690 9800
10 46075 23210
11 23085 15400
12 24130 21000
13 77583 16333
14 55385 8400
15 45346 9800
16 26410 32200
17 18050 26600
18 15865 25200
19 12160 26600
20 13490 23800
21 21090 23800
22 32680 25400
23 12730 29400
24 14250 29400
25 16245 25200
26 4940 26600
27 6650 26600
28 8930 26600
29 15580 29400
30 11020 29400
31 11843 21933
32 8645 15400
33 28500 16333
34 28025 18200
35 28500 12600
36 32110 9800
37 34010 12600
38 25840 13533
39 22420 11200
40 35910 15400
41 45980 14466
42 39140 15400
43 38950 18200
44 70110 15400
45 63194 18200
46 63270 12600
47 54910 11200
48 43130 11200
49 41040 15400
50 54720 22400
51 66690 15400
52 66310 18200
53 57380 21000
54 58520 12600
55 56810 12600
56 56620 21000
57 63270 23800
58 18240 43400
59 55100 43400
60 53200 42000
61 56240 35000
62 36005 37800
63 46233 38733
64 46740 42000
65 64220 40600
66 23275 35000
67 30305 33600
68 21755 33600
69 60420 32200
70 40565 26600
71 52250 26600
72 68400 26600
73 62636 27533
74 60990 29400
75 57000 26600
76 51870 29400
77 58995 29400
78 40660 35000
79 41800 35000
80 56050 32200
81 54910 29400
82 59470 40600
83 64980 43400
84 58140 40600
85 58330 37800
86 53770 29400
87 34770 26600
88 30447 25900
89 24985 25200
90 14820 18200
91 48070 16600
92 7790 18200
93 10070 21000
94 30780 29400
95 52060 15400
96 55100 15400
97 63460 32200
98 64410 32200
99 65360 32200
100 66310 32200
101 49305 35000
102 29830 35000
103 12350 35000
104 7410 32200
105 9690 35000
106 27550 18200
107 34960 18200
108 34770 21000
109 51585 19600
110 48830 21000
111 46930 21000
112 59850 15400
113 60420 18200
114 40565 12600
115 52820 18200
116 58710 18200
117 71250 21000
118 64505 29400
119 67260 29400
120 65360 26600
121 68210 29400
122 69730 32200
123 71250 35000
124 45600 29400
125 43320 32200
126 73150 26600
127 70870 26600
128 68590 33600
129 68590 35000
130 69730 37800
131 71820 32200
132 72960 35000
133 72390 37800
134 27550 37800
135 24130 37800
136 15390 37800
137 6270 37800
138 5510 37800
139 58900 23800
140 57760 23800
141 56430 23800
142 56335 29400
143 53390 23800
144 52440 23800
145 53010 26600
146 54530 32200
147 53390 32200
148 51585 30800
149 52060 32200
150 52250 35000
151 43890 37800
152 38570 40600
153 30210 40600
154 27740 42000
155 27550 40600
156 49685 29400
157 50065 23800
158 47880 16800
159 48830 26600
160 42940 37800
161 41800 37800
162 48260 37800
163 48640 32200
164 49020 35000
165 47690 32200
166 46740 35000
167 47690 35000
168 49210 37800
169 50920 35000
170 51110 37800
171 43890 40600
172 44270 43400
173 15770 43400
174 13300 43400
175 14630 43400
176 61370 32200
177 62510 32200
178 63080 37800
179 61180 35000
180 62130 35000
181 57190 35000
182 59660 37800
183 60610 37800
184 62130 37800
185 64220 37800
186 66880 37800
187 65930 40600
188 42750 40600
189 40090 40600
190 30590 43400
191 27170 44800
192 27930 43400
193 54055 36400
194 65740 35000
195 70870 37800
196 67070 35000
197 55100 37800
198 67830 37800
199 68780 37800
200 69730 40600
201 67070 40600
202 68400 40600
203 67830 43400
204 49210 40600
205 48070 40600
206 21470 43400
207 22800 43400
208 20330 43400
209 24700 18200
210 19000 18200
211 10830 18200
212 5890 15400
213 5130 18200
214 13490 15400
215 7030 11200
216 5130 12600
217 33820 15400
218 31920 15400
219 30970 12600
220 29070 5600
221 30970 4200
222 40660 12600
223 37430 12600
224 40660 4200
225 37430 7000
226 50350 18200
227 47500 15400
228 48640 15400
229 51110 15400
230 50160 12600
231 48070 12600
232 52060 4200
233 48070 7000
234 66500 15400
235 67640 12600
236 69350 12600
237 78660 9800
238 70110 9800
239 68970 21000
240 67640 21000
241 69730 18200
242 72200 18200
243 73530 21000
244 79420 15400
245 76190 15400
246 68210 23800
247 65740 23800
248 67070 23800
249 71440 23800
250 72960 23800
251 75810 21000
252 33630 18200
253 43130 18200
254 44460 21000
255 47880 23800
256 41230 18200
257 46930 18200
258 45790 18200
259 46740 23800
260 46265 25200
261 42370 23800
262 39710 23800
263 36860 18200
264 38570 23800
265 47183 31266
266 16530 18200
267 17670 21000
268 11210 32200
269 19316 30333
270 10830 35000
271 15770 35000
272 18620 36400
273 33535 43400
274 31983 37800
275 44270 46200
276 45600 43400
277 48070 43400
278 34770 46200
279 34960 43400
280 37050 43400
281 58710 43400
282 60990 43400
283 59090 46200
284 12920 12600
285 21755 5600
286 17036 7933
287 32205 5600
288 28310 7000
289 43510 4200
290 40470 7000
291 54625 5600
292 51490 7000
293 57665 5600
294 60610 7000
295 65075 8400
296 72580 14000
297 70680 29400
298 73150 29400
299 37715 33600
300 36290 26600
301 38380 28000
302 7030 29400
303 5890 35000
304 6650 40600
305 23750 40600
306 14250 40600
307 29070 46200
308 20710 46200
309 6650 9800
310 25650 4200
311 36670 4200
312 73910 9800
313 40470 21000
314 50730 46200
315 18430 15400
316 39330 9800
317 51110 9800
318 63650 9800
319 77710 12600
320 140 20300
321 140 32620
322 140 34860
323 34910 51760
324 43870 51760
325 37150 51760
326 58430 51760
327 140 22540
328 140 18060
329 140 15820
330 28190 140
331 140 12460
332 37150 140
333 48350 140
334 83690 10220
335 83690 14700
336 83690 22540
337 36030 140
338 140 33740
339 140 37100
340 25950 51760
341 140 41580
342 22590 140
343 28190 51760
344 22590 51760
345 29310 140
346 40510 140
347 50590 140
348 57310 140
349 58430 140
350 83690 25900
351 36030 51760
352 140 23660
353 140 25900
354 140 29260
355 140 21420
356 64030 51760
357 47230 51760
358 83690 35980
359 52830 51760
360 69630 51760
361 61790 51760
362 140 19180
363 140 16940
364 31550 140
365 41630 140
366 51710 140
367 83690 16940
368 83690 18060
369 83690 23660
370 48350 51760
371 140 27020
372 140 28140
