0 53010 43400
1 48355 32200
2 55860 29400
3 65147 23305
4 51110 32200
5 56240 51800
6 44080 54600
7 51110 46200
8 43193 44333
9 44365 18200
10 42940 5600
11 63988 28491
12 86196 29400
13 87083 20066
14 84423 14466
15 48070 21000
16 32870 21000
17 32300 23800
18 32110 26600
19 35150 26600
20 26790 26600
21 28310 23800
22 29355 28000
23 18620 23800
24 25270 26600
25 26790 21000
26 25840 21000
27 26600 23800
28 44080 9800
29 27645 16800
30 46233 15400
31 47025 14000
32 59660 10733
33 61370 7000
34 61750 12600
35 50540 11666
36 52440 7000
37 52820 11200
38 66120 16333
39 63840 12600
40 65170 12600
41 77013 19133
42 81890 14000
43 72390 8400
44 74670 6066
45 73530 7000
46 66310 15400
47 71123 27533
48 83410 29400
49 72960 32200
50 78280 12600
51 76190 12600
52 76380 35000
53 75810 32200
54 77425 29400
55 33155 49000
56 59660 49000
57 54910 49000
58 61370 49000
59 65296 46200
60 41135 44800
61 51870 54600
62 61940 56000
63 62130 54600
64 49210 35000
65 58520 37800
66 62985 32200
67 57285 25200
68 61370 29400
69 81510 37800
70 79800 33600
71 67165 32200
72 64980 29400
73 60610 32200
74 59470 32200
75 60800 35000
76 62130 35000
77 56620 35000
78 58900 40600
79 61370 37800
80 62890 37800
81 58520 49000
82 58710 51800
83 63840 51800
84 64030 49000
85 57570 35000
86 42227 25900
87 40533 23800
88 45030 11200
89 31920 11200
90 31350 12600
91 68020 14000
92 67260 15400
93 65740 37800
94 66690 37800
95 64220 35000
96 63840 37800
97 64790 37800
98 55765 36400
99 45790 35000
100 34010 35000
101 30210 32200
102 29070 32200
103 59185 18200
104 61940 18200
105 65360 21000
106 69730 21000
107 67830 21000
108 79230 18200
109 72200 21000
110 69825 12600
111 74100 18200
112 73910 21000
113 66785 35000
114 74100 37800
115 74290 28000
116 73720 35000
117 75050 37800
118 77330 46200
119 58140 32200
120 57760 35000
121 81890 35000
122 73150 40600
123 73150 46200
124 74100 43400
125 75240 43400
126 72010 46200
127 55290 43400
128 53390 43400
129 35530 43400
130 30020 39200
131 28690 43400
132 68400 29400
133 69540 29400
134 69350 32200
135 68115 37800
136 71060 26600
137 72010 29400
138 72770 40600
139 71630 40600
140 67925 40600
141 70300 40600
142 71250 43400
143 54910 46200
144 39710 46200
145 36290 46200
146 30400 43400
147 28310 46200
148 70585 37800
149 68780 23800
150 67640 18200
151 68210 26600
152 70490 35000
153 57000 46200
154 58140 46200
155 65740 46200
156 73720 40600
157 69540 43400
158 70110 46200
159 69160 46200
160 66690 46200
161 67450 49000
162 68020 46200
163 67830 51800
164 56050 46200
165 51110 46200
166 38570 46200
167 33820 50400
168 34770 49000
169 63080 43400
170 64790 40600
171 65930 40600
172 65360 51800
173 64220 43400
174 65170 43400
175 61750 43400
176 60800 46200
177 61750 46200
178 64790 46200
179 65360 54600
180 64220 54600
181 63080 54600
182 64030 57400
183 48450 54600
184 42750 54600
185 37810 54600
186 34010 54600
187 34010 54600
188 68115 50400
189 74480 49000
190 74670 51800
191 72390 49000
192 62320 51800
193 69540 51800
194 72390 51800
195 72200 54600
196 73530 54600
197 68970 54600
198 71060 54600
199 69350 57400
200 56430 57400
201 54150 51800
202 36670 54600
203 30400 54600
204 29450 57400
205 49400 18200
206 47120 18200
207 42180 18200
208 34390 18200
209 30400 14000
210 29830 15400
211 52630 14000
212 50160 12600
213 38190 12600
214 33440 9800
215 36290 12600
216 58900 15400
217 55100 12600
218 41230 12600
219 36100 8400
220 33250 4200
221 73150 11200
222 79040 9800
223 74860 4200
224 76950 4200
225 72770 18200
226 71060 15400
227 71440 18200
228 72770 15400
229 80180 12600
230 85500 12600
231 85690 9800
232 83980 7000
233 84930 4200
234 78280 15400
235 87780 15400
236 87020 22400
237 86070 21000
238 75430 23800
239 76000 21000
240 77330 23800
241 86640 25200
242 86260 32200
243 89870 29400
244 79990 29400
245 81510 29400
246 85120 26600
247 86640 26600
248 89680 36400
249 87210 35000
250 59090 18200
251 63270 21000
252 61940 21000
253 67640 23800
254 63270 18200
255 64410 18200
256 64410 21000
257 63080 23800
258 58995 23800
259 57950 23800
260 54910 23800
261 55480 18200
262 53390 18200
263 38950 32200
264 37050 4200
265 41610 4200
266 44365 47600
267 42876 34066
268 52535 49000
269 50730 37800
270 48070 40600
271 42085 49000
272 41230 37800
273 40280 42000
274 43795 53200
275 42370 49000
276 45030 46200
277 39615 57400
278 39710 54600
279 39330 50400
280 46930 51800
281 51300 53200
282 41610 15400
283 40090 18200
284 53390 4200
285 52060 4200
286 47943 7000
287 63270 4200
288 62700 7000
289 57823 8866
290 66975 7000
291 67956 7000
292 90915 5600
293 88540 8400
294 93100 18200
295 92023 18200
296 93005 29400
297 89870 23800
298 84170 43400
299 83220 40600
300 77836 38733
301 57000 26600
302 53390 29400
303 22610 23800
304 27170 9800
305 30210 35000
306 30590 40600
307 32490 46200
308 33250 57400
309 30210 51800
310 39710 9800
311 32490 7000
312 84550 7000
313 81130 21000
314 91010 32200
315 86450 37800
316 53390 21000
317 49210 49000
318 42370 21000
319 92150 9800
320 95570 26600
321 51490 26600
322 38270 140
323 43870 60870
324 52830 60870
325 41630 60870
326 42750 60870
327 40510 60870
328 49470 60870
329 31550 140
330 28190 140
331 32670 140
332 34910 140
333 40510 140
334 72990 140
335 83070 140
336 117890 23660
337 117890 35980
338 117890 37100
339 55070 140
340 140 33740
341 140 40460
342 140 44940
343 32670 60870
344 52830 140
345 33790 60870
346 28190 60870
347 64030 140
348 66270 140
349 89790 140
350 117890 16940
351 117890 29260
352 84190 60870
353 57310 140
354 140 28140
355 140 27020
356 140 23660
357 47230 140
358 58430 60870
359 74110 60870
360 69630 60870
361 66270 60870
362 64030 60870
363 68510 60870
364 48350 140
365 53950 140
366 58430 140
367 74110 140
368 71870 140
369 79710 140
370 117890 24780
371 117890 27020
372 59550 140
373 140 24780
374 140 25900
