0 44840 35000
1 42940 26600
2 45410 21000
3 75430 35000
4 45410 23800
5 21660 37800
6 23750 37800
7 22420 26600
8 32870 29400
9 22230 29400
10 60990 7000
11 46170 7000
12 35530 12600
13 29830 4200
14 39710 12600
15 85690 29400
16 81510 18200
17 83030 9800
18 72580 7000
19 73530 18200
20 39710 18200
21 23750 21000
22 24700 18200
23 15105 18200
24 13965 16800
25 52220 18347
26 14250 15400
27 27132 20440
28 23560 9800
29 12160 12600
30 11210 18200
31 19000 18200
32 12540 18200
33 27597 9100
34 39140 4200
35 38190 12600
36 41230 12600
37 42560 12600
38 59850 9800
39 60040 7000
40 61940 8400
41 49843 10733
42 47880 4200
43 58710 12600
44 63650 12600
45 57190 9800
46 58520 9800
47 62700 12600
48 65170 12600
49 83600 26600
50 75430 23800
51 75430 26600
52 74480 21000
53 79800 23800
54 67830 23800
55 80370 12600
56 73530 15400
57 72010 9800
58 72960 9800
59 68210 15400
60 65930 26600
61 65550 29400
62 73910 23800
63 73530 26600
64 66880 32200
65 72200 15400
66 70870 9800
67 70490 15400
68 69540 32200
69 68590 35000
70 68732 28700
71 15960 35000
72 29830 34066
73 30780 35000
74 50682 35000
75 30020 29400
76 31350 32200
77 33630 30800
78 47690 37800
79 23750 34066
80 21660 32200
81 38190 37800
82 21660 40600
83 34770 40600
84 46930 40600
85 46170 32200
86 45980 29400
87 45030 32200
88 46550 35000
89 44270 26600
90 41040 26600
91 41990 26600
92 49590 29400
93 56430 43400
94 59280 35000
95 48070 23800
96 49780 26600
97 53390 23800
98 55670 23800
99 56430 26600
100 73910 29400
101 71250 32200
102 61750 32200
103 64030 35000
104 60610 35000
105 62130 29400
106 58710 26600
107 57570 26600
108 57000 32200
109 56810 35000
110 47120 32200
111 46740 29400
112 48260 32200
113 55290 35000
114 54150 35000
115 31920 35000
116 34770 37800
117 22610 37800
118 28880 40600
119 28880 37800
120 32490 37800
121 33630 37800
122 34390 23800
123 31540 21000
124 30400 9800
125 28880 9800
126 26600 12600
127 24510 9800
128 23180 9800
129 20140 9800
130 21470 9800
131 42180 35000
132 62510 15400
133 65550 15400
134 65740 18200
135 63840 15400
136 64410 18200
137 63460 32200
138 65740 40600
139 64790 40600
140 62320 35000
141 61560 40600
142 62510 43400
143 59280 43400
144 43130 43400
145 41990 43400
146 40850 43400
147 36100 43400
148 34960 46200
149 37430 43400
150 43700 35000
151 53580 12600
152 36100 15400
153 40660 15400
154 51300 15400
155 45410 12600
156 48260 12600
157 55480 15400
158 54150 15400
159 60610 12600
160 60040 15400
161 67070 21000
162 60420 21000
163 59850 18200
164 61750 18200
165 75430 21000
166 74290 21000
167 61560 21000
168 63840 9800
169 69730 12600
170 63080 18200
171 63650 21000
172 63602 24500
173 56240 32200
174 56810 29400
175 58140 29400
176 61370 26600
177 59660 29400
178 57950 32200
179 58330 35000
180 52630 40600
181 47500 26600
182 47880 29400
183 72010 26600
184 72010 29400
185 51300 29400
186 50540 40600
187 51300 43400
188 53770 43400
189 51300 40600
190 46550 43400
191 45410 43400
192 44270 43400
193 48640 43400
194 42940 46200
195 44270 46200
196 33060 32200
197 65360 35000
198 64600 37800
199 63270 37800
200 56620 37800
201 59850 37800
202 65930 37800
203 68020 37800
204 67070 37800
205 58520 40600
206 57570 40600
207 57380 37800
208 37050 40600
209 35910 40600
210 34770 43400
211 31540 43400
212 32680 46200
213 33250 43400
214 26980 35000
215 55290 37800
216 53580 29400
217 54910 29400
218 58710 21000
219 57000 21000
220 61370 15400
221 70046 18200
222 57190 23800
223 58900 23800
224 54530 26600
225 36100 29400
226 37240 29400
227 39140 29400
228 49400 32200
229 50540 32200
230 53390 32200
231 54340 32200
232 49590 35000
233 37050 37800
234 26790 37800
235 24890 37800
236 14060 37800
237 12540 37800
238 11210 37800
239 24320 40600
240 58520 37800
241 62510 40600
242 63650 40600
243 41420 40600
244 61940 37800
245 60990 37800
246 45790 37800
247 37240 35000
248 42370 37800
249 43890 37800
250 40660 40600
251 38855 40600
252 27550 40600
253 24890 43400
254 20330 43400
255 23180 43400
256 24700 46200
257 23370 46200
258 25840 40600
259 38950 35000
260 50920 35000
261 53200 37800
262 54150 40600
263 51110 37800
264 35340 35000
265 40660 35000
266 40850 37800
267 33820 40600
268 31350 40600
269 30495 42000
270 27550 43400
271 26030 43400
272 21470 43400
273 13300 40600
274 11780 43400
275 15390 43400
276 38380 15400
277 35720 9800
278 34200 12600
279 34390 9800
280 37240 7000
281 31920 7000
282 33250 7000
283 50160 12600
284 50540 9800
285 46740 9800
286 44270 12600
287 44840 7000
288 43320 7000
289 41990 7000
290 56620 12600
291 55860 9800
292 54340 9800
293 52630 9800
294 49780 7000
295 52060 4200
296 53390 4200
297 71820 12600
298 74480 12600
299 81890 12600
300 89680 12600
301 91200 9800
302 85690 7000
303 68590 18200
304 69540 18200
305 82840 18200
306 82840 15400
307 84550 12600
308 91580 15400
309 93100 15400
310 86070 12600
311 71440 23800
312 80940 23800
313 83980 21000
314 84170 18200
315 90060 23800
316 93100 23800
317 87210 18200
318 64030 26600
319 82460 23800
320 83980 23800
321 85310 23800
322 91580 23800
323 92340 26600
324 86830 23800
325 70490 29400
326 78660 23800
327 77140 23800
328 81890 26600
329 90060 29400
330 91580 29400
331 87970 29400
332 44080 21000
333 52630 15400
334 55290 18200
335 53960 18200
336 55860 21000
337 59090 15400
338 57950 15400
339 57950 18200
340 56620 18200
341 54340 21000
342 43510 18200
343 44650 18200
344 45790 18200
345 49400 15400
346 46740 12600
347 46930 18200
348 32110 21000
349 63650 31266
350 25650 7000
351 41610 15400
352 41040 21000
353 39330 21000
354 43130 23800
355 46550 26600
356 44840 29400
357 43130 29400
358 40850 29400
359 21470 26600
360 27930 12600
361 24320 26600
362 24130 29400
363 26410 29400
364 13870 26600
365 15200 26600
366 15770 23800
367 18050 23800
368 16910 26600
369 20140 26600
370 18430 26600
371 19190 29400
372 13870 29400
373 16910 29400
374 16910 32200
375 32490 9800
376 32110 12600
377 49590 4200
378 48260 7000
379 39710 7000
380 38190 9800
381 64030 4200
382 63460 7000
383 65930 7000
384 58330 7000
385 65930 4200
386 68400 4200
387 68590 7000
388 70870 7000
389 87210 12600
390 83220 12600
391 79230 9800
392 76950 9800
393 85310 18200
394 82460 21000
395 78850 21000
396 78470 15400
397 86830 29400
398 82460 29400
399 80370 26600
400 80370 29400
401 84550 26600
402 77520 29400
403 73150 32200
404 72770 35000
405 52630 29400
406 52060 26600
407 50730 26600
408 51110 23800
409 18430 15400
410 11590 21000
411 19950 21000
412 21090 12600
413 38950 46200
414 48830 46200
415 28690 46200
416 12350 35000
417 19570 46200
418 17290 40600
419 34770 4200
420 43510 4200
421 53770 7000
422 87210 9800
423 87590 15400
424 88350 21000
425 88350 26600
426 89490 32200
427 45410 15400
428 26030 4200
429 38570 23800
430 40850 32200
431 28310 26600
432 22610 23800
433 19570 35000
434 18050 37800
435 31730 15400
436 42750 9800
437 59090 4200
438 72390 4200
439 78470 7000
440 77710 18200
441 82650 32200
442 72770 37800
443 49970 21000
444 25950 140
445 41630 140
446 46110 50030
447 140 28140
448 140 25900
449 140 27020
450 140 29260
451 140 11340
452 31550 140
453 42750 140
454 51710 140
455 33790 140
456 96200 10220
457 96200 15820
458 96200 24780
459 96200 30380
460 96200 29260
461 46110 140
462 36030 50030
463 42750 50030
464 34910 50030
465 140 39340
466 49470 140
467 22590 50030
468 140 43820
469 62910 140
470 65150 140
471 96200 11340
472 96200 19180
473 96200 28140
474 96200 27020
475 51710 50030
476 140 15820
477 140 14700
478 140 19180
479 29310 140
480 49470 50030
481 48350 50030
482 57310 50030
483 50590 50030
484 38270 50030
485 29310 50030
486 38270 140
487 48350 140
488 56190 140
489 68510 140
490 96200 18060
491 96200 22540
492 96200 25900
493 96200 31500
494 47230 140
495 140 16940
496 140 18060
