0 11691 7155
1 9369 6615
2 7371 5265
3 7695 7695
4 7155 6615
5 8667 6615
6 7236 3105
7 7938 2835
8 8181 3105
9 8694 3375
10 9072 3915
11 6183 6075
12 5913 5535
13 6102 4725
14 5643 4725
15 5967 4455
16 6183 4995
17 7236 3375
18 9072 3375
19 9477 3375
20 9558 3645
21 9504 3915
22 11961 3915
23 10962 3915
24 10638 3915
25 10044 4185
26 11610 3915
27 11286 3915
28 10530 4725
29 10044 4455
30 9477 4185
31 7155 4455
32 10071 4725
33 9990 5265
34 7101 2565
35 4941 5535
36 8262 5535
37 9288 6075
38 9180 7155
39 9396 6615
40 9018 6615
41 10260 7695
42 9693 6615
43 7371 4995
44 7479 4725
45 9477 6345
46 9234 6345
47 9612 6075
48 5913 3105
49 10260 6885
50 9477 7695
51 9531 7425
52 9747 2025
53 8127 2025
54 6507 2025
55 5589 2295
56 5049 3105
57 4887 4725
58 4725 6345
59 5859 7155
60 7101 6345
61 9531 5265
62 11529 4455
63 11745 3105
64 12609 5535
65 10935 6075
66 8181 4185
67 9072 4995
68 6912 4725
69 8154 6345
70 9234 3645
71 9909 3915
72 10368 4185
73 9396 4995
74 9666 4455
75 4752 4185
76 8694 7695
77 8802 7155
78 8316 7155
79 8991 6075
80 5400 1485
81 8586 4185
82 4023 1755
83 7614 3375
84 8019 4455
85 7938 3375
86 8343 3375
87 8289 3645
88 7722 3645
89 7776 3915
90 9720 7695
91 9990 6615
92 8775 3645
93 7317 6615
94 7371 5805
95 6156 5265
96 6264 5535
97 6588 5265
98 6480 3915
99 6156 3645
100 6912 3375
101 6210 3375
102 6615 3645
103 7641 3105
104 9828 3105
105 10071 3105
106 10314 3105
107 10395 2835
108 10854 2835
109 10530 2565
110 10206 6345
111 12690 6075
112 12366 5535
113 11502 5805
114 10962 4725
115 11367 4995
116 11934 5535
117 11583 3645
118 11070 3645
119 10692 3105
120 11205 3105
121 4779 1485
122 9450 2565
123 9882 2835
124 11880 2835
125 11502 2835
126 13176 4725
127 12636 4185
128 11772 4185
129 10746 4185
130 11259 4185
131 12204 4185
132 10773 3375
133 10395 3375
134 9990 3375
135 11124 3375
136 9990 3645
137 10584 3645
138 10287 3915
139 10557 4455
140 9612 5535
141 9126 5535
142 9450 5805
143 10368 5265
144 6804 5805
145 6858 6885
146 5400 1755
147 7398 6345
148 6750 6345
149 5913 6345
150 6102 7155
151 5400 7425
152 5724 7425
153 5778 6885
154 6291 5805
155 5805 5805
156 5670 6615
157 4536 7155
158 5076 6075
159 5184 6615
160 5805 5265
161 5265 5265
162 5778 4995
163 5076 4455
164 5454 4995
165 5022 4995
166 5859 3915
167 5562 3375
168 5130 3375
169 5346 4185
170 5292 3645
171 7209 3645
172 6804 3915
173 5076 1215
174 5238 2835
175 5184 2565
176 5778 3645
177 5886 3375
178 6237 2835
179 6588 2295
180 6048 1215
181 6750 2025
182 6102 2295
183 7128 2295
184 7560 1215
185 6561 3375
186 6831 3105
187 7047 2835
188 7506 2835
189 7560 2295
190 9450 2295
191 9018 1215
192 8802 3105
193 8721 2835
194 9072 2565
195 9018 2295
196 6102 4185
197 7560 7155
198 7884 7425
199 7884 7155
200 8208 7425
201 7722 4455
202 7722 5805
203 7722 5265
204 7830 4995
205 11394 6345
206 11448 7425
207 11448 6885
208 11556 6615
209 11556 5535
210 13284 6345
211 12312 6345
212 11826 6345
213 11934 3645
214 12906 4995
215 12744 3915
216 12528 3645
217 11772 4725
218 13446 4995
219 12528 4995
220 12042 4995
221 9774 4995
222 8640 6075
223 8640 5535
224 8748 4995
225 7182 6885
226 7236 7425
227 6210 6885
228 6534 6885
229 5076 7425
230 7290 7695
231 5400 6345
232 4752 7425
233 4968 6345
234 3942 5535
235 4374 5805
236 4374 6345
237 4806 5265
238 3942 5265
239 4374 5265
240 4644 4455
241 5292 3105
242 4050 3915
243 4428 3915
244 4806 3915
245 5346 2295
246 4698 1215
247 4806 1755
248 4320 1755
249 6210 2565
250 6426 1215
251 6534 1485
252 6048 1485
253 7992 2295
254 7128 1485
255 7506 1485
256 7884 1485
257 8424 2025
258 8262 1215
259 8424 1755
260 8802 1755
261 10584 2295
262 6696 6075
263 9639 4725
264 11151 4455
265 11745 3375
266 11691 5265
267 10719 4995
268 8451 3915
269 8505 2565
270 7695 2565
271 6669 2565
272 5643 2835
273 5319 3915
274 5211 4725
275 5373 5535
276 5751 6075
277 7317 6075
278 7641 6885
279 9882 7155
280 9504 6885
281 7938 6615
282 7560 4185
283 10314 6075
284 12258 5805
285 11718 2565
286 12204 4455
287 10422 5535
288 6534 6615
289 5238 7155
290 4374 6615
291 4266 4725
292 4428 3375
293 4644 2295
294 5886 2025
295 7506 2025
296 9126 2025
297 8424 6885
298 8154 4725
299 10854 6615
300 11880 6075
301 12636 3375
302 12474 4725
303 8910 5265
304 6804 7155
305 4968 6885
306 4212 6075
307 4212 4995
308 4482 3645
309 4644 2025
310 6372 1755
311 7506 1755
312 9720 1755
313 7884 8824
314 7788 8824
315 11244 8824
316 15690 6444
317 15690 5100
318 15690 5196
319 8748 8824
320 8652 8824
321 6636 8824
322 5292 8824
323 5100 8824
324 7116 8824
325 42 4716
326 42 3564
327 5004 42
328 5868 42
329 7500 42
330 8940 42
331 7692 42
332 9996 8824
333 15690 6060
334 9228 42
335 7404 8824
336 15690 4620
337 9324 8824
338 42 5676
339 42 4908
340 42 3468
341 4716 42
342 5964 42
343 7404 42
344 8364 42
345 9228 8824
346 9420 8824
347 9612 8824
348 7980 8824
349 7980 42
350 10476 42
351 15690 5388
352 15690 2892
353 15690 4140
354 15690 4236
355 6732 8824
356 5868 8824
357 5772 8824
358 5676 8824
359 5772 42
360 6348 42
361 6444 42
362 7308 42
363 8844 42
364 9804 8824
365 9708 8824
