0 12069 3105
1 10305 4185
2 7749 5535
3 8343 5265
4 10989 5805
5 11313 4725
6 4266 5535
7 4212 4995
8 4563 4995
9 5454 4455
10 5724 4185
11 8613 6075
12 8397 6345
13 7074 6075
14 7533 6615
15 6561 6345
16 7263 6345
17 4320 5805
18 5076 4455
19 4995 4185
20 4860 3915
21 5508 3915
22 5805 3105
23 6588 3105
24 6858 3375
25 6642 3645
26 5616 2835
27 6156 3105
28 6534 3375
29 6480 3915
30 6345 4185
31 7641 6075
32 6993 3645
33 8154 4185
34 4077 6075
35 8181 7155
36 8316 4995
37 8802 4455
38 9504 4995
39 9288 4455
40 9936 4455
41 11124 4185
42 11745 3915
43 7857 5265
44 3807 4995
45 8451 4455
46 8532 4185
47 8262 4725
48 8127 5535
49 10854 3645
50 9585 3915
51 9855 3915
52 3591 4185
53 2565 5535
54 2295 6615
55 4131 7155
56 5265 7425
57 7317 7695
58 10827 7425
59 10665 6615
60 10017 5535
61 8235 3375
62 6399 2025
63 4131 2295
64 8451 2295
65 9585 2835
66 6669 4995
67 8208 4455
68 8100 5805
69 10098 4995
70 5886 4455
71 5913 3915
72 6804 3915
73 7452 4185
74 6966 4185
75 6804 7965
76 10962 4455
77 10584 4455
78 10530 4995
79 7911 4455
80 6912 5535
81 6426 4995
82 2187 7695
83 5994 5805
84 6723 6075
85 4698 4725
86 5049 4725
87 5211 4995
88 5454 5265
89 5994 4995
90 11016 3375
91 10152 3375
92 4725 4455
93 11097 5265
94 10341 5535
95 7614 6345
96 7938 6075
97 7992 6345
98 5022 6075
99 5184 6345
100 4644 5535
101 4644 5805
102 5103 5805
103 4185 5265
104 4482 3645
105 4509 3375
106 3996 3645
107 3861 3105
108 3510 3645
109 3672 3375
110 10098 3105
111 8964 1755
112 8586 2025
113 9072 2295
114 6858 2835
115 7425 2565
116 8964 2025
117 5211 2565
118 5184 2835
119 4482 2835
120 3915 2565
121 3861 7425
122 2592 3645
123 3024 3645
124 3888 2295
125 3078 2295
126 7074 1755
127 6264 2295
128 6534 2565
129 5994 2835
130 5805 2565
131 6642 2295
132 4077 2835
133 4779 3375
134 4806 3645
135 4860 2835
136 4266 3375
137 4914 3105
138 5427 3105
139 7209 3105
140 7830 3375
141 7992 3915
142 7884 3105
143 7668 2835
144 8424 5535
145 9612 5535
146 3024 7425
147 9072 5805
148 9126 5535
149 9099 6075
150 9450 6345
151 10368 6615
152 9936 6345
153 9882 6615
154 8775 6345
155 8775 6885
156 9342 6885
157 9774 6885
158 9450 7155
159 9882 7155
160 7155 6615
161 6993 6885
162 7128 7155
163 6804 7155
164 7506 7425
165 7074 7425
166 5643 6615
167 5778 7155
168 4860 7155
169 5508 7425
170 5292 7155
171 5643 6345
172 5886 6885
173 3132 6885
174 4050 6885
175 3618 6885
176 4860 6345
177 4536 6345
178 3591 6075
179 2808 6075
180 2538 6615
181 3024 6345
182 2592 6345
183 2862 4995
184 2538 4995
185 4455 6075
186 3969 5805
187 3753 5535
188 3132 5265
189 2700 5265
190 3024 4455
191 2538 4455
192 4536 4185
193 4077 4185
194 3240 3915
195 2808 3915
196 7020 5805
197 11934 4725
198 12042 4455
199 11286 4455
200 11610 4455
201 6858 5265
202 7182 1215
203 7128 4725
204 7182 5265
205 9882 2565
206 10314 1485
207 10368 2025
208 10206 2565
209 8694 2295
210 8208 1215
211 8208 1755
212 8586 1755
213 4644 2295
214 7398 1485
215 7074 2025
216 4806 2025
217 6696 2025
218 6858 1215
219 6696 1755
220 7074 1485
221 8478 3645
222 10152 3645
223 9612 3645
224 8802 3645
225 11556 5535
226 11880 5535
227 11232 5805
228 11556 5805
229 10908 6615
230 11070 6075
231 10692 6345
232 11232 6615
233 8910 7425
234 8532 8235
235 8640 7695
236 9018 7695
237 7560 7695
238 7398 8235
239 7398 7965
240 7776 8235
241 5724 7695
242 5508 8505
243 5346 7695
244 5454 7965
245 3564 7425
246 3726 8505
247 3564 7695
248 3672 8235
249 2268 6885
250 1512 6885
251 1890 6885
252 2052 7425
253 2376 5805
254 1512 5535
255 1890 5535
256 1782 5805
257 2268 4185
258 1566 4725
259 1836 4455
260 1782 4185
261 3348 3375
262 10908 5535
263 7479 3645
264 6453 2835
265 4455 2565
266 8127 2565
267 8343 3105
268 6021 4725
269 4077 4455
270 3645 5265
271 3537 5805
272 4131 6345
273 5319 6885
274 7533 7155
275 8235 6885
276 8829 6615
277 10233 5805
278 11205 4995
279 10584 3915
280 9558 4725
281 10692 4725
282 6156 5265
283 10206 2835
284 7884 2025
285 3024 2565
286 5562 2295
287 8370 2835
288 9504 5265
289 10476 6885
290 10206 7425
291 6696 7695
292 4644 7425
293 3510 7155
294 1782 6345
295 1890 5265
296 2970 4185
297 11934 4185
298 7506 4995
299 10584 2295
300 8532 1485
301 5778 2025
302 6264 1485
303 8964 3915
304 11934 6075
305 11934 6615
306 9396 7965
307 8154 7965
308 5778 8235
309 3672 7965
310 2214 7155
311 2106 6075
312 1674 3915
313 13564 4140
314 7212 42
315 10380 42
316 8268 42
317 7116 42
318 6924 42
319 13564 3756
320 13564 4716
321 13564 5580
322 13564 6540
323 13564 6828
324 13564 5388
325 6924 10082
326 5388 10082
327 42 6924
328 42 6540
329 42 5004
330 42 4140
331 5868 10082
332 13564 3276
333 8844 42
334 42 3756
335 13564 6348
336 7020 42
337 7692 42
338 8652 10082
339 7596 10082
340 5484 10082
341 3756 10082
342 42 7212
343 42 5868
344 42 4716
345 42 7116
346 13564 4524
347 13564 4236
348 13564 4908
349 42 4908
350 42 3180
351 8076 42
352 42 2508
353 6444 42
354 7308 42
355 13564 5676
356 13564 6156
357 9132 10082
358 7116 10082
359 5772 10082
360 5964 10082
361 42 6156
362 42 5292
363 42 4236
364 13564 4044
365 13564 3948
