0 6831 8505
1 5391 5805
2 5211 6345
3 4617 8235
4 7263 8235
5 4698 3105
6 5292 2835
7 5373 3105
8 5724 3645
9 5940 4185
10 3645 7425
11 4747 4970
12 4050 5265
13 3429 5805
14 3591 4995
15 3969 4995
16 6237 3375
17 6210 3645
18 6048 4455
19 7695 3915
20 7020 4185
21 7074 4455
22 6426 4455
23 7992 3645
24 7830 4455
25 7074 4725
26 6750 4725
27 6183 4725
28 7317 5265
29 7290 5535
30 4509 2565
31 2781 5535
32 4752 5535
33 5076 6885
34 5346 7425
35 5454 6885
36 5265 6007
37 5535 8505
38 4434 3240
39 5184 6615
40 5832 7695
41 5319 8235
42 5373 7695
43 7803 1755
44 6021 2025
45 3429 1755
46 2457 3105
47 3159 3915
48 3267 4995
49 2295 6345
50 2511 7425
51 4239 7695
52 6453 5805
53 8721 4185
54 8127 5805
55 8775 3105
56 8181 6615
57 5373 4725
58 5386 6210
59 7992 7965
60 6048 3915
61 6345 4185
62 6696 4185
63 6102 5535
64 6372 4995
65 7668 7965
66 7668 7425
67 8046 7695
68 4480 3555
69 5292 4455
70 4806 3915
71 5670 3375
72 5319 3375
73 5265 3645
74 4914 4185
75 4860 4455
76 7290 7425
77 7560 7155
78 5967 3105
79 4617 7695
80 4887 7425
81 3834 6075
82 3402 6075
83 3834 5805
84 4374 3645
85 3402 3915
86 3834 3105
87 3942 3375
88 4023 3645
89 4941 2835
90 6426 3105
91 7695 2835
92 7452 2835
93 7695 2565
94 8262 2835
95 8154 2565
96 7776 6885
97 9342 3375
98 9018 3105
99 8964 3375
100 8289 3105
101 9396 3105
102 7479 3375
103 7290 3105
104 7668 3105
105 7533 4725
106 7344 6075
107 7884 5805
108 7830 6075
109 9342 3645
110 9018 3645
111 8964 4455
112 7776 4185
113 8289 4185
114 9288 4185
115 7641 3645
116 7101 3375
117 6588 3375
118 7830 3375
119 6750 3645
120 7182 3645
121 6939 3915
122 7047 4995
123 6696 5805
124 6210 6345
125 6642 6345
126 6912 6075
127 4428 6615
128 4428 6885
129 4752 7155
130 4320 7155
131 3537 7155
132 3942 6885
133 2160 6885
134 2808 7425
135 2754 7155
136 3645 6615
137 3699 6345
138 3996 6615
139 2106 6615
140 2592 6345
141 2538 6615
142 3699 5535
143 3159 5265
144 3618 5265
145 2214 4725
146 2700 5265
147 2700 4995
148 3618 4185
149 2430 3645
150 2916 4455
151 2592 4185
152 4050 4185
153 2376 3375
154 2916 3105
155 2808 3375
156 3672 3645
157 3618 3375
158 3753 2835
159 3996 2295
160 3510 2565
161 3618 2025
162 3510 2295
163 5778 2025
164 6048 2295
165 4293 3375
166 4563 2835
167 5103 2565
168 5616 2835
169 7128 2565
170 7344 2295
171 6466 2700
172 6912 2025
173 6912 2295
174 7506 8235
175 7236 8505
176 6804 7695
177 6750 8235
178 5022 6075
179 5130 5535
180 5238 4995
181 9342 7155
182 8964 7155
183 8586 7155
184 8262 5265
185 9450 6345
186 8640 5805
187 8640 5265
188 9504 5535
189 9072 5805
190 8640 6075
191 8424 4995
192 9504 5265
193 9018 5265
194 8748 4995
195 6750 6615
196 6210 7695
197 6426 7155
198 6804 7155
199 4968 8235
200 5076 8505
201 4320 8235
202 4320 8775
203 4968 7695
204 3186 7425
205 2970 7695
206 1566 5805
207 1998 5805
208 2376 6075
209 2430 5535
210 1512 5535
211 1836 4995
212 1890 5535
213 1404 4455
214 1890 4455
215 2160 1215
216 2646 2295
217 3294 1215
218 3672 1215
219 3780 1755
220 4914 2025
221 5184 1215
222 4968 1755
223 6048 1215
224 6534 1485
225 7938 2025
226 8235 4455
227 7749 5535
228 5859 2565
229 3213 4185
230 3213 5535
231 4455 7425
232 7371 7695
233 6156 8505
234 5616 7965
235 5562 7155
236 8856 7695
237 4752 4725
238 7560 6615
239 9126 2835
240 7614 6345
241 9126 3915
242 6156 6075
243 3672 7965
244 1944 7155
245 1674 6345
246 2916 4725
247 2538 3915
248 1836 3105
249 2916 2025
250 5670 1755
251 7182 1755
252 6912 7965
253 5508 5265
254 8964 7425
255 8586 5535
256 8748 6345
257 8748 4725
258 6696 6885
259 4374 8505
260 2592 7965
261 1674 6075
262 1674 5265
263 1728 4185
264 2808 2565
265 3996 1485
266 5184 1485
267 6912 1215
268 7308 9886
269 5196 9886
270 10767 7212
271 10767 6444
272 10767 5676
273 10767 5292
274 6252 9886
275 7980 9886
276 4428 9886
277 42 6924
278 42 6540
279 4908 9886
280 42 4716
281 42 3756
282 42 2892
283 3468 42
284 5772 42
285 6828 42
286 4716 42
287 7404 9886
288 10767 3084
289 10767 5772
290 5100 9886
291 10767 3948
292 5868 9886
293 42 6060
294 42 5388
295 42 4140
296 2316 42
297 3756 42
298 4908 42
299 6060 42
300 2604 42
301 5580 9886
302 5676 9886
303 7884 9886
304 5004 42
305 7980 42
306 10767 2988
307 10767 5004
308 10767 4044
309 10767 5100
310 4332 9886
311 3756 9886
312 3852 9886
313 42 5196
314 42 4236
315 42 4044
316 3852 42
317 5292 42
318 6732 42
319 5772 9886
320 6156 9886
