0 33820 40600
1 22800 37800
2 35150 33600
3 61750 32200
4 35454 19040
5 40660 54600
6 28690 57400
7 32300 51800
8 31476 46200
9 27170 49000
10 28310 9800
11 18050 9800
12 20710 15400
13 17290 26600
14 24890 18200
15 59470 21000
16 51870 9800
17 49210 9800
18 33820 12600
19 46930 12600
20 27170 32200
21 27871 33288
22 14440 33600
23 13490 29400
24 17195 29400
25 38321 19061
26 11210 29400
27 16815 26600
28 9310 35000
29 3420 29400
30 5700 29400
31 7790 35000
32 12540 29400
33 7600 29400
34 21470 21933
35 9880 18200
36 22990 21000
37 21850 18200
38 23180 18200
39 36052 30216
40 28880 4200
41 29830 9800
42 30970 15400
43 19000 9800
44 19190 12600
45 26030 15400
46 32110 18200
47 35530 18200
48 27170 12600
49 27740 15400
50 38380 18200
51 38570 21000
52 58140 18200
53 57950 21000
54 56050 21000
55 53200 12600
56 51870 18200
57 49273 21000
58 48830 12600
59 47880 7000
60 47690 15400
61 38950 9800
62 38000 9800
63 37430 12600
64 40090 12600
65 42370 23800
66 54530 21000
67 53010 21000
68 46360 26600
69 49020 15400
70 45410 15400
71 45600 26600
72 50350 29400
73 15960 51800
74 41800 49000
75 41420 50400
76 49590 46200
77 24700 46200
78 47595 42000
79 28120 51800
80 29070 51800
81 46930 51800
82 45790 51800
83 45410 43400
84 31920 43400
85 39330 43400
86 19000 43400
87 36290 37800
88 45600 35000
89 31540 32200
90 38190 32200
91 40850 32200
92 59660 29400
93 60610 32200
94 55290 32200
95 53390 32200
96 49115 32200
97 45790 32200
98 42370 32200
99 43510 29400
100 39710 32200
101 39710 35000
102 43320 37800
103 44650 37800
104 38000 43400
105 34960 37800
106 38380 40600
107 42370 37800
108 41990 35000
109 40280 49000
110 42750 49000
111 41610 54600
112 46360 54600
113 42940 54600
114 42370 51800
115 41230 37800
116 32490 37800
117 25612 30520
118 23085 26600
119 19760 22400
120 16150 21000
121 4750 21000
122 23940 37800
123 39710 15400
124 41230 15400
125 42180 15400
126 37240 18200
127 41610 18200
128 51300 35000
129 49210 35000
130 46740 35000
131 47880 35000
132 48070 37800
133 38760 37800
134 26030 40600
135 24130 40600
136 9690 40600
137 9690 37800
138 8550 40600
139 33060 43400
140 30780 18200
141 31540 21000
142 24510 15400
143 26600 18200
144 28500 21000
145 29830 21000
146 48260 23800
147 38570 23800
148 40470 23800
149 49970 15400
150 51110 15400
151 49020 23800
152 32300 15400
153 37810 15400
154 44460 21000
155 50730 21000
156 51300 40600
157 51110 37800
158 54340 37800
159 54150 26600
160 54340 35000
161 55290 37800
162 55290 40600
163 56810 40600
164 36100 35000
165 36860 40600
166 56050 29400
167 56810 32200
168 53200 40600
169 54720 43400
170 55670 43400
171 58710 43400
172 58140 40600
173 57000 43400
174 57570 46200
175 35530 46200
176 32870 46200
177 16530 43400
178 5510 43400
179 25840 43400
180 47120 29400
181 45980 29400
182 44270 32200
183 43320 35000
184 44270 35000
185 41230 29400
186 39520 26600
187 39710 29400
188 41990 40600
189 41610 43400
190 41040 40600
191 43320 40600
192 42750 43400
193 29070 43400
194 24510 43400
195 17290 46200
196 12350 44800
197 11590 49000
198 33440 51800
199 53200 43400
200 46930 23800
201 45220 23800
202 43510 21000
203 44650 26600
204 51680 32200
205 50350 35000
206 36480 46200
207 37620 46200
208 42180 46200
209 52060 40600
210 52060 43400
211 50730 43400
212 50540 46200
213 48450 46200
214 48450 49000
215 46930 49000
216 34770 51800
217 18430 49000
218 14440 51800
219 12730 49000
220 25080 51800
221 49590 37800
222 50350 40600
223 52060 49000
224 49400 40600
225 46550 37800
226 43890 43400
227 42940 46200
228 43890 46200
229 45790 46200
230 52060 51800
231 47880 51800
232 49400 51800
233 50730 51800
234 35910 51800
235 23370 51800
236 21850 54600
237 19760 54600
238 19950 57400
239 33820 54600
240 49590 49000
241 52440 46200
242 55100 46200
243 56050 49000
244 53770 46200
245 44460 51800
246 50920 49000
247 53390 49000
248 53200 51800
249 53010 54600
250 48070 54600
251 51300 54600
252 49590 54600
253 35150 54600
254 32490 54600
255 22990 54600
256 16720 54600
257 21090 57400
258 25460 21000
259 19000 21000
260 12350 21000
261 7600 15400
262 5890 21000
263 19570 12600
264 16530 12600
265 7790 12600
266 28880 18200
267 27740 12600
268 22610 12600
269 20330 5600
270 22230 7000
271 35340 14000
272 36290 12600
273 36290 7000
274 45410 21000
275 42940 18200
276 45790 18200
277 44460 12600
278 41990 12600
279 44270 7000
280 57570 12600
281 57570 12600
282 61370 9800
283 56430 26600
284 53580 23800
285 60990 23800
286 59090 21000
287 60610 18200
288 61750 18200
289 54910 29400
290 55290 26600
291 58520 26600
292 60990 26600
293 63840 32200
294 62130 26600
295 33060 29400
296 35150 21000
297 35340 23800
298 42940 26600
299 34010 21000
300 37050 21000
301 37050 23800
302 37620 26600
303 37240 29400
304 35530 29400
305 34390 29400
306 33630 26600
307 33820 23800
308 32490 26600
309 31730 36866
310 13110 26600
311 14250 21000
312 13490 40600
313 15770 40600
314 27550 43400
315 26790 37800
316 21470 49000
317 19950 49000
318 20710 43400
319 31160 51800
320 30590 46200
321 29450 49000
322 29260 54600
323 27550 54600
324 25270 54600
325 36670 54600
326 38950 54600
327 12730 15400
328 14630 12600
329 19380 7000
330 15010 7000
331 17290 7000
332 28880 7000
333 27170 7000
334 24890 7000
335 30210 4200
336 32110 7000
337 34390 7000
338 46835 5600
339 40090 7000
340 42370 7000
341 50920 7000
342 52630 7000
343 55670 7000
344 53200 15400
345 54910 15400
346 57190 15400
347 58805 32200
348 56810 35000
349 58710 35000
350 28690 32200
351 30210 37800
352 5890 32200
353 13110 32200
354 5890 23800
355 9690 37800
356 9690 43400
357 13490 46200
358 10450 51800
359 19570 51800
360 14630 57400
361 5890 18200
362 7410 9800
363 23750 4200
364 34390 4200
365 43130 4200
366 62890 12600
367 63270 21000
368 63270 29400
369 29070 29400
370 13870 23800
371 20330 40600
372 30210 40600
373 21090 46200
374 34010 49000
375 24890 57400
376 41230 57400
377 16910 15400
378 14250 9800
379 24510 9800
380 34390 9800
381 43510 9800
382 55670 9800
383 61750 15400
384 63270 35000
385 30970 35000
386 140 24780
387 140 39340
388 30430 62530
389 20350 62530
390 31550 62530
391 27070 62530
392 34910 62530
393 140 25900
394 140 20300
395 140 13580
396 23710 140
397 140 15820
398 32670 140
399 43870 140
400 69040 11340
401 69040 20300
402 69040 28140
403 30430 140
404 140 38220
405 140 42700
406 140 47180
407 12510 62530
408 19230 140
409 19230 62530
410 14750 62530
411 27070 140
412 31550 140
413 42750 140
414 50590 140
415 49470 140
416 69040 31500
417 140 33740
418 140 28140
419 140 29260
420 140 32620
421 140 23660
422 39390 62530
423 41630 62530
424 60670 62530
425 44990 62530
426 52830 62530
427 47230 62530
428 140 21420
429 21470 140
430 28190 140
431 34910 140
432 44990 140
433 69040 19180
434 69040 23660
435 69040 29260
436 69040 30380
437 140 31500
438 140 30380
