0 10341 2025
1 9072 3015
2 7425 3915
3 7695 4185
4 9207 4455
5 10071 3915
6 3834 4455
7 3726 3915
8 3915 4185
9 4806 3915
10 5022 3645
11 8721 5265
12 7965 5265
13 6642 5805
14 7155 5535
15 6237 5265
16 6669 5265
17 3780 4725
18 4428 3915
19 4347 3645
20 4158 3375
21 4590 3375
22 4725 2565
23 5400 2565
24 5778 2835
25 5076 3105
26 4698 2295
27 5076 2565
28 5400 2835
29 5454 3105
30 5319 3375
31 5859 4995
32 6129 2835
33 7722 3105
34 3429 4725
35 7911 5805
36 7992 3375
37 9126 3375
38 9774 3375
39 9504 2835
40 9126 2835
41 10260 2835
42 7425 4185
43 2889 3915
44 8235 3375
45 8964 3105
46 8100 2835
47 7317 3645
48 10260 2565
49 9585 2295
50 9315 2295
51 3105 3645
52 2241 3915
53 2079 4995
54 3807 5805
55 4941 6345
56 6831 6075
57 9963 5805
58 10395 4725
59 7317 4455
60 6723 2835
61 4941 1755
62 3267 2025
63 7587 1755
64 7965 2565
65 5859 4455
66 6426 3645
67 6102 4725
68 7830 3915
69 5400 3645
70 4671 3105
71 5832 3105
72 5994 3375
73 5886 3645
74 5994 5805
75 8640 3105
76 8208 3105
77 8316 3915
78 7641 3645
79 3078 6075
80 5400 4185
81 2457 6075
82 5292 4995
83 6183 4995
84 4104 3915
85 4293 4185
86 4779 4185
87 4806 4725
88 5292 4725
89 8802 2565
90 8478 2835
91 4077 3645
92 8991 4455
93 8019 4725
94 7506 5535
95 7884 5535
96 7560 5265
97 4374 4995
98 4320 5535
99 3726 4995
100 4050 4995
101 4725 4995
102 3321 3915
103 3402 3105
104 3267 2565
105 2970 2565
106 2781 2835
107 2214 2565
108 2646 2295
109 8316 2565
110 6912 1215
111 7668 1215
112 7236 1755
113 5670 2295
114 6129 2295
115 7290 1215
116 4293 2295
117 3942 2295
118 3780 2565
119 3105 2295
120 2079 6075
121 2268 2835
122 2592 2565
123 3186 1755
124 2592 1755
125 5670 1215
126 4968 1215
127 4644 1755
128 5130 2295
129 4779 2025
130 4698 1485
131 3591 2295
132 3429 2835
133 3780 2835
134 4158 2565
135 4050 3105
136 4212 2835
137 4779 2835
138 6075 2565
139 7290 2565
140 6966 3645
141 6912 2565
142 6534 2565
143 7074 4995
144 7074 5265
145 2322 6345
146 6750 4995
147 6966 4455
148 8721 4995
149 9234 4995
150 9558 4725
151 9072 5265
152 9504 5265
153 7803 4995
154 8397 5535
155 8964 5535
156 9558 5535
157 9180 5805
158 9612 5805
159 6777 5535
160 6291 5535
161 6318 5805
162 5994 6075
163 7020 6345
164 6426 6075
165 4941 5535
166 4968 5805
167 4644 5805
168 5238 6075
169 4806 6075
170 5103 5265
171 5400 5535
172 3942 6075
173 4050 5805
174 3618 5535
175 4536 5265
176 4212 5265
177 3159 5265
178 2646 4995
179 2322 4995
180 2646 5535
181 2538 5265
182 2754 4455
183 2538 3915
184 4239 4725
185 4239 4455
186 3267 4455
187 2376 4455
188 2538 4185
189 2970 3375
190 2106 3375
191 3726 3105
192 3591 3375
193 2484 3105
194 2538 3375
195 5724 4725
196 9828 3915
197 10152 3375
198 9180 3645
199 9450 3915
200 5940 3915
201 6264 3915
202 5940 4185
203 6264 4455
204 8316 2025
205 8046 1215
206 7992 1755
207 8640 2025
208 6264 2025
209 6642 1485
210 6750 1755
211 6588 2025
212 4050 2025
213 6156 1485
214 6264 1755
215 3564 1755
216 5238 2025
217 5994 1215
218 5832 1755
219 5292 1755
220 6642 3105
221 6318 1215
222 6480 3375
223 6966 3105
224 9990 4185
225 10314 4185
226 9180 4185
227 9504 4185
228 8154 4995
229 8586 4185
230 8100 4185
231 8370 4725
232 8748 5805
233 7884 6345
234 8046 6075
235 8478 6075
236 7074 6075
237 6804 6615
238 7398 6345
239 7398 6075
240 4644 6615
241 5076 6615
242 5238 6345
243 5616 6345
244 3942 6615
245 3294 6615
246 3564 6075
247 3618 6615
248 2052 5535
249 1296 5535
250 1674 5535
251 1782 6075
252 2052 4455
253 1296 4455
254 1674 4455
255 1836 4995
256 1728 3375
257 1458 3915
258 1836 3915
259 1674 3645
260 2322 2295
261 9018 4725
262 6237 3105
263 5643 2025
264 3591 2025
265 6723 2295
266 7587 2295
267 5265 3915
268 3537 3645
269 3267 4185
270 3105 4995
271 3807 5265
272 5427 5805
273 7209 5805
274 8343 5805
275 8397 5265
276 7587 4725
277 8937 3915
278 9666 2025
279 9504 2565
280 9720 3105
281 8478 3645
282 5238 4455
283 8478 2295
284 7344 1485
285 2430 2025
286 4266 1215
287 7344 2835
288 6804 4725
289 9936 4995
290 9558 6075
291 6318 6345
292 4320 6345
293 3186 5805
294 1674 5265
295 1674 4185
296 2484 3645
297 9936 3645
298 6696 4185
299 8748 1755
300 7290 2025
301 3942 1485
302 5454 1485
303 7236 3375
304 9936 4455
305 8370 4455
306 8802 6345
307 7722 6615
308 5994 6615
309 3132 6345
310 2052 5805
311 2052 4725
312 1674 3105
313 11572 3756
314 6444 7726
315 8268 42
316 6924 42
317 6060 42
318 5868 42
319 6156 42
320 11572 3276
321 7212 7726
322 11572 5100
323 11572 5484
324 11572 4236
325 6156 7726
326 4812 7726
327 3660 7726
328 42 5292
329 42 4044
330 42 3276
331 5292 7726
332 11572 2700
333 7020 42
334 42 2988
335 11572 4140
336 5964 42
337 6828 42
338 7788 7726
339 6828 7726
340 5196 7726
341 3468 7726
342 42 5676
343 42 4716
344 42 3852
345 11572 3372
346 11572 3084
347 11572 2796
348 11572 3852
349 5004 7726
350 42 2604
351 6540 42
352 42 2124
353 5004 42
354 6636 42
355 11572 4524
356 11572 5004
357 11572 5292
358 6348 7726
359 5100 7726
360 5388 7726
361 42 5004
362 42 4428
363 42 3468
364 11572 2508
365 11572 2604
