0 11745 2025
1 8703 4365
2 11745 3195
3 9909 4995
4 11151 4185
5 4212 4995
6 4104 4455
7 4509 4455
8 5292 3915
9 5670 3915
10 9531 5535
11 9207 5535
12 7776 5805
13 8559 6075
14 7047 5805
15 7425 5805
16 6902 4405
17 4630 3780
18 4914 3645
19 5292 3645
20 6372 2835
21 6642 3105
22 6102 3375
23 5454 2835
24 5940 2835
25 6318 3105
26 6426 3375
27 6129 3645
28 6389 4792
29 7263 3645
30 9180 3915
31 4023 5535
32 9315 6345
33 9396 4455
34 10260 3375
35 10692 3105
36 9045 3847
37 11556 2565
38 11799 3105
39 9088 4131
40 9936 3375
41 11286 2835
42 10827 2835
43 10557 2835
44 3483 3915
45 2295 4725
46 2295 5805
47 4077 6615
48 5589 7155
49 8073 6885
50 11799 6615
51 11313 5535
52 8451 5265
53 8127 3375
54 6075 1755
55 4023 2295
56 8127 1755
57 9693 2835
58 6939 4455
59 7519 4657
60 11178 4455
61 6048 3915
62 6750 3375
63 7344 3915
64 6858 3645
65 8346 4590
66 11718 3915
67 11340 3915
68 11502 4185
69 6588 4455
70 5484 5865
71 6156 5265
72 4806 4185
73 4941 4455
74 5481 4455
75 5724 4725
76 6156 4455
77 4941 3915
78 10071 4725
79 8991 4995
80 8478 5805
81 8802 5535
82 8856 5805
83 5184 5535
84 5130 5805
85 4482 5535
86 4860 5535
87 5535 5535
88 4320 3645
89 3807 3105
90 3402 3105
91 3483 2835
92 3078 3105
93 2862 2835
94 9342 2835
95 8802 1215
96 8532 1755
97 8640 2025
98 7033 2565
99 8424 1215
100 5103 2835
101 4860 3105
102 3915 2565
103 3024 3375
104 3618 2295
105 3024 2025
106 7398 1215
107 6210 1485
108 6264 2025
109 5832 2565
110 5643 2295
111 6264 1215
112 4509 3105
113 4536 3375
114 4752 2565
115 4212 3375
116 4644 2835
117 5643 3105
118 7101 2835
119 8262 3105
120 7776 3645
121 7884 3105
122 7506 3105
123 8208 5265
124 7830 5535
125 7344 5265
126 7776 5265
127 10476 5535
128 10584 5805
129 11016 5805
130 9369 5805
131 9801 6075
132 10584 6075
133 10908 6075
134 11016 6345
135 8181 6075
136 7641 6345
137 7776 6075
138 8262 6615
139 5710 5805
140 6048 6345
141 6210 6615
142 5778 6615
143 5157 6075
144 6372 6075
145 4320 6615
146 4266 6075
147 4374 6345
148 4752 5805
149 3645 5805
150 3024 5535
151 2970 6075
152 2862 5805
153 2970 5265
154 4887 5265
155 3915 5265
156 3699 4995
157 2970 4995
158 3510 3645
159 2484 3645
160 4252 4185
161 2970 4185
162 2970 3645
163 11610 4725
164 10638 4455
165 7182 1485
166 7452 4725
167 9882 2295
168 9666 1215
169 9720 1755
170 10098 2025
171 7992 1215
172 8262 2295
173 6966 1215
174 6696 2025
175 5346 2025
176 6642 1215
177 7074 2025
178 8370 3375
179 11664 3645
180 8640 3915
181 10260 4455
182 9666 4995
183 9828 4725
184 10800 4725
185 10962 5265
186 9558 6885
187 9936 6885
188 8478 6885
189 8154 7425
190 8640 7425
191 6210 6885
192 5724 7425
193 5886 7155
194 6264 7155
195 4158 6885
196 4158 7425
197 4482 6885
198 2268 6075
199 1620 6345
200 2160 6345
201 2322 5265
202 1512 4995
203 1890 4995
204 1998 5265
205 2160 3915
206 1404 4185
207 1782 4185
208 1782 3915
209 7317 3375
210 6183 2295
211 6075 4185
212 4023 3915
213 8505 6345
214 9855 5805
215 8829 5265
216 11205 4725
217 11880 2295
218 10854 2565
219 10962 3375
220 11880 4455
221 6426 4725
222 9450 2565
223 8370 1485
224 2916 2295
225 5508 1485
226 8100 2835
227 7776 4995
228 11826 5805
229 11178 6615
230 7452 6885
231 5184 6885
232 3564 6345
233 1674 5805
234 1674 4725
235 2862 3915
236 10584 3915
237 7722 4455
238 10476 1755
239 8964 2295
240 5130 1755
241 6966 1755
242 8802 3645
243 9126 4725
244 11664 5265
245 10314 7155
246 9018 7155
247 6534 7425
248 3456 6885
249 2430 6615
250 2322 5535
251 1728 3645
252 13523 4332
253 7212 42
254 9708 42
255 7884 42
256 6828 42
257 6732 42
258 13523 3660
259 13523 4044
260 7884 8897
261 13523 6060
262 13523 6252
263 13523 4812
264 7308 8897
265 5772 8897
266 4332 8897
267 42 6060
268 42 4716
269 42 3852
270 5964 8897
271 13523 2988
272 8460 42
273 42 3564
274 13523 4716
275 7020 42
276 7788 42
277 8940 8897
278 7980 8897
279 5868 8897
280 4236 8897
281 42 6636
282 42 5484
283 42 4236
284 13523 3564
285 13523 3276
286 13523 3084
287 13523 4524
288 42 4524
289 42 2988
290 7980 42
291 42 2412
292 6060 42
293 7500 42
294 13523 5100
295 13523 5580
296 13523 5868
297 7692 8897
298 6060 8897
299 6156 8897
300 42 5772
301 42 5100
302 42 4140
303 13523 2796
304 13523 2892
