0 11313 3915
1 9639 4185
2 7155 4725
3 7479 4995
4 10233 4725
5 10179 2835
6 4104 4725
7 3996 4185
8 4347 4185
9 5076 3645
10 5184 3375
11 8613 5265
12 8019 5265
13 6480 5265
14 7209 5805
15 6183 5535
16 6561 5535
17 4212 4455
18 4320 3645
19 4455 3375
20 4806 3375
21 5778 3105
22 5535 2295
23 5832 2835
24 6480 2835
25 6696 3375
26 5886 2295
27 6048 2565
28 6156 2835
29 6210 3105
30 6129 3375
31 8019 4455
32 6723 2565
33 7614 2565
34 3807 4995
35 7641 6075
36 7722 4455
37 8154 4185
38 9018 4185
39 8640 4185
40 8694 3645
41 10530 3645
42 10503 4185
43 7209 4455
44 3537 3915
45 7695 3915
46 7992 3915
47 8154 3645
48 7209 4995
49 10314 3915
50 9747 3915
51 9477 3915
52 3213 3645
53 2025 3915
54 2079 5265
55 3969 5805
56 5157 6615
57 6939 6615
58 10125 6345
59 10827 5805
60 9585 4725
61 8559 3105
62 5265 1485
63 3699 2025
64 8073 1755
65 9477 2835
66 6345 4185
67 7668 3645
68 7452 4725
69 9990 2565
70 5562 3375
71 5319 3105
72 6588 3105
73 7020 3645
74 6480 3645
75 6426 4725
76 10746 2565
77 10368 2565
78 10314 2295
79 7317 3645
80 5724 4995
81 6372 4455
82 1647 6615
83 5616 4725
84 7749 4995
85 4320 3915
86 4671 3915
87 5157 3915
88 5616 3915
89 5778 4455
90 8802 1215
91 8694 2565
92 4671 3645
93 10233 4455
94 10125 5265
95 7398 5535
96 7668 5265
97 7776 5535
98 4914 4995
99 5292 5265
100 4482 4725
101 4806 4725
102 5265 4995
103 3861 4455
104 4158 3105
105 3807 2835
106 3564 2835
107 3483 3105
108 3402 2565
109 3078 2565
110 9180 2565
111 8910 1485
112 8316 1755
113 8694 1755
114 6372 2565
115 6669 2295
116 8532 1485
117 5157 2295
118 5184 2565
119 4050 2565
120 3375 2295
121 2889 6075
122 2430 3105
123 2700 2565
124 3240 2025
125 2700 2295
126 6804 1215
127 5130 1755
128 5508 1755
129 5670 2565
130 5427 2025
131 5616 1485
132 4293 2295
133 4509 2835
134 4482 3105
135 4644 2295
136 4158 2835
137 4590 2565
138 5265 2835
139 7101 2835
140 8370 2835
141 7830 3375
142 7992 2835
143 7614 2835
144 7992 4725
145 9180 4725
146 2646 6345
147 8748 4995
148 8640 4725
149 8991 5265
150 9126 5535
151 9450 5535
152 9396 6075
153 9342 5805
154 8181 5535
155 8127 5805
156 8694 5805
157 8694 6615
158 8586 6075
159 8694 6345
160 6723 6075
161 6561 5805
162 6372 6075
163 6210 6345
164 7074 6345
165 6642 6345
166 4995 5805
167 5184 6075
168 4752 6345
169 5616 6345
170 5184 6345
171 5373 5535
172 5832 5535
173 4050 6345
174 3726 6345
175 3834 6075
176 4914 5265
177 4536 5265
178 3483 5265
179 2754 5265
180 2430 5265
181 2646 5805
182 2592 5535
183 2700 4455
184 2322 3915
185 4563 4995
186 3699 4725
187 3537 4185
188 3024 4185
189 2592 4185
190 3186 3375
191 2160 3375
192 3996 3375
193 3807 3645
194 2754 3915
195 2700 3375
196 5508 6075
197 10908 2835
198 11016 3105
199 10584 3105
200 10422 3375
201 6534 3915
202 7074 1485
203 7128 3915
204 6696 4455
205 9666 2565
206 9666 1485
207 9666 1755
208 10044 2025
209 7614 2025
210 7722 1215
211 7614 1755
212 7992 2025
213 4428 2025
214 6750 1485
215 6534 1755
216 4536 1755
217 5994 1755
218 7128 1215
219 7020 1755
220 5994 1485
221 8964 3105
222 10206 3105
223 9720 3105
224 9288 3105
225 10476 4455
226 10800 4455
227 10476 4725
228 10800 4725
229 10746 5535
230 10530 5265
231 10368 5535
232 11124 5535
233 8154 6345
234 7884 6885
235 8154 6615
236 8262 6885
237 7344 6615
238 6696 6885
239 7074 6885
240 7452 6885
241 5076 6885
242 5400 6885
243 5562 6615
244 5724 6885
245 3402 6075
246 3078 6885
247 3348 6345
248 3402 6885
249 1890 5805
250 1512 6075
251 1512 6345
252 1890 6345
253 1944 4455
254 1512 4725
255 1458 4995
256 1836 4995
257 1728 3375
258 1512 3915
259 1566 3645
260 1350 3375
261 3024 2835
262 9990 4995
263 7047 3105
264 5967 2025
265 4023 2025
266 7209 2295
267 7155 2565
268 5589 3645
269 3915 3915
270 3429 4455
271 3375 4995
272 4077 5265
273 5535 5805
274 7209 6075
275 8073 6075
276 8667 5535
277 9693 5265
278 10503 2835
279 9828 4185
280 8694 3915
281 11124 2295
282 5724 4185
283 9342 2295
284 7776 1485
285 2538 2025
286 4374 1215
287 7938 3105
288 9072 4455
289 10368 6075
290 9504 6345
291 6318 6615
292 4536 6615
293 3348 5805
294 1674 5535
295 1728 4185
296 2592 3645
297 11124 3375
298 6966 4185
299 9234 2025
300 8262 2295
301 4590 1485
302 5454 1215
303 9450 3375
304 11124 4995
305 10206 5805
306 8694 7155
307 7236 7155
308 6156 7155
309 3186 6615
310 2214 6075
311 2214 4725
312 1674 3105
313 12747 3180
314 6924 42
315 9804 42
316 7596 42
317 6828 42
318 6732 42
319 12747 3468
320 12747 2604
321 12747 4812
322 12747 5964
323 8940 8431
324 12747 4620
325 6540 8431
326 5100 8431
327 4044 8431
328 42 5580
329 42 4140
330 42 3468
331 5580 8431
332 8844 42
333 8076 42
334 42 3180
335 12747 5484
336 6636 42
337 7788 42
338 7980 8431
339 6924 8431
340 5484 8431
341 3276 8431
342 42 6156
343 42 5004
344 42 4044
345 9228 8431
346 12747 4140
347 12747 3948
348 12747 2796
349 5292 42
350 42 2604
351 7500 42
352 42 2124
353 5676 42
354 7404 42
355 12747 4908
356 12747 5388
357 8748 8431
358 6732 8431
359 5292 8431
360 5676 8431
361 42 5196
362 42 4428
363 42 3660
364 12747 3852
365 12747 4044
