0 32566 41720
1 35109 32800
2 40758 29882
3 65740 33600
4 43738 55160
5 37240 56000
6 34073 52266
7 24652 49700
8 32395 10500
9 22230 11200
10 20520 17266
11 17670 21000
12 66056 20066
13 66690 12600
14 57950 9800
15 46803 10733
16 30210 29400
17 15770 32200
18 13585 29400
19 5700 30800
20 12350 26600
21 18335 28700
22 10450 29400
23 9690 32200
24 12825 26600
25 6460 29400
26 3990 32200
27 6460 32200
28 5320 32200
29 25080 23800
30 8265 18200
31 27835 17500
32 27265 21000
33 32908 9800
34 27312 15400
35 22230 11900
36 36353 19133
37 39995 18200
38 39995 18200
39 66262 23800
40 56734 22120
41 57380 14000
42 44745 7000
43 42180 12600
44 44650 12600
45 42876 26600
46 61750 23800
47 49780 29400
48 54340 15400
49 52630 15400
50 53200 26600
51 52630 29400
52 56145 30800
53 20583 55533
54 39520 49000
55 41610 49000
56 45296 44520
57 28785 49000
58 39900 51800
59 47500 49000
60 29545 39200
61 18525 39200
62 45125 36400
63 35910 32200
64 32933 30333
65 42940 32200
66 68305 30800
67 58140 32200
68 49685 32200
69 42180 30800
70 46170 32200
71 43890 32200
72 43700 35000
73 41230 37800
74 36860 43400
75 38380 43400
76 40470 43400
77 41230 40600
78 45790 49000
79 51680 51800
80 44460 51800
81 44650 49000
82 39710 37800
83 27056 30520
84 20235 26600
85 22895 23800
86 7030 21000
87 7030 21000
88 23750 35000
89 44270 18200
90 43890 21000
91 45220 21000
92 46930 21000
93 50540 35000
94 48450 37800
95 46360 37800
96 47310 37800
97 36195 40600
98 20330 40600
99 17670 40600
100 9500 39200
101 11210 40600
102 33820 21000
103 35150 21000
104 50255 22400
105 45030 23800
106 46930 23800
107 60610 18200
108 55100 21000
109 39805 15400
110 49780 21000
111 53010 21000
112 57190 23800
113 48545 35000
114 57380 37800
115 55480 35000
116 57190 40600
117 58520 30800
118 37240 35000
119 37620 37800
120 60610 32200
121 55290 40600
122 60990 43400
123 59470 43400
124 56240 40600
125 58140 43400
126 59090 46200
127 31350 46200
128 29830 46200
129 19570 43400
130 16150 43400
131 16150 43400
132 46170 28000
133 45030 32200
134 42560 37800
135 43890 37800
136 39520 29400
137 40090 32200
138 43890 40600
139 44270 43400
140 47405 42000
141 42560 40600
142 43130 43400
143 26410 49000
144 24890 49000
145 17290 49000
146 14250 49000
147 14250 49000
148 53675 39200
149 50825 26600
150 47120 19600
151 53010 35000
152 36860 46200
153 38000 46200
154 39900 46200
155 51680 40600
156 52440 43400
157 53010 40600
158 50920 40600
159 51110 43400
160 49970 46200
161 51300 46200
162 48450 46200
163 35530 51800
164 32110 51800
165 21470 51800
166 19760 60200
167 21090 54600
168 49970 37800
169 51110 37800
170 51300 49000
171 48260 40600
172 47310 40600
173 40280 49000
174 41230 46200
175 45790 46200
176 52440 49000
177 49020 49000
178 50160 49000
179 50730 51800
180 29070 51800
181 27930 51800
182 26790 51800
183 25650 57400
184 23750 54600
185 33345 50400
186 53865 46200
187 56620 43400
188 56810 46200
189 53580 46200
190 54910 46200
191 55860 46200
192 57190 49000
193 52630 51800
194 55100 49000
195 54150 51800
196 34390 51800
197 10640 54600
198 13490 57400
199 30020 21000
200 27360 18200
201 21945 16800
202 7790 18200
203 7030 15400
204 29070 14000
205 21945 12600
206 11780 15400
207 16150 12600
208 35150 14000
209 29735 12600
210 30210 7000
211 28690 7000
212 46550 14000
213 45600 7000
214 47690 7000
215 50730 15400
216 48830 18200
217 50730 18200
218 50540 12600
219 51965 11200
220 53200 7000
221 51110 7000
222 57570 14000
223 62225 11200
224 64220 7000
225 62890 7000
226 56620 21000
227 57570 26600
228 60040 21000
229 62225 23800
230 71060 22400
231 68590 26600
232 59470 29400
233 58710 26600
234 60040 26600
235 62225 28000
236 64980 26600
237 64600 29400
238 66690 26600
239 38570 23800
240 39900 23800
241 44840 29400
242 40470 21000
243 41610 21000
244 41230 23800
245 43320 26600
246 41420 26600
247 37810 26600
248 36290 29400
249 36670 23800
250 35340 23800
251 33820 23800
252 32490 23800
253 45125 37100
254 15200 25200
255 12730 37800
256 16276 37800
257 31350 60200
258 30400 40600
259 28310 40600
260 28690 43400
261 29070 60200
262 23750 46200
263 30210 60200
264 30210 54600
265 40090 60200
266 39900 54600
267 41990 54600
268 37620 58800
269 49590 54600
270 14630 15400
271 16910 15400
272 25650 7000
273 26220 8400
274 37430 4200
275 33250 7000
276 40090 4200
277 40470 7000
278 59090 9800
279 72010 9800
280 67260 14000
281 72010 21000
282 68020 16800
283 70110 35000
284 68780 35000
285 61180 33600
286 19855 35000
287 30970 33600
288 6270 35000
289 6270 23800
290 10830 43400
291 18050 46200
292 14250 51800
293 24510 57400
294 15770 54600
295 52630 4200
296 66690 7000
297 140 22540
298 140 37100
299 31550 65930
300 28190 65930
301 30430 65930
302 39390 65930
303 47230 65930
304 140 24780
305 140 18060
306 140 15820
307 32670 140
308 140 16940
309 42750 140
310 51710 140
311 61790 140
312 81450 21420
313 81450 28140
314 33790 140
315 140 41580
316 140 43820
317 140 49420
318 19230 65930
319 25950 140
320 24830 65930
321 140 52780
322 34910 140
323 40510 140
324 58430 140
325 81450 12460
326 81450 20300
327 81450 33740
328 140 33740
329 140 27020
330 140 28140
331 140 31500
332 140 23660
333 41630 65930
334 42750 65930
335 65150 65930
336 48350 65930
337 59550 65930
338 51710 65930
339 27070 140
340 28190 140
341 37150 140
342 46110 140
343 50590 140
344 57310 140
345 81450 24780
346 81450 29260
347 41630 140
348 140 29260
349 140 30380
