0 51775 35000
1 47690 30333
2 55100 25200
3 86545 36400
4 37715 42700
5 25333 42466
6 30115 35000
7 29165 36400
8 66215 7000
9 53960 12600
10 42433 14466
11 25650 12600
12 94430 32200
13 87970 19600
14 91865 11900
15 82194 10360
16 47310 21000
17 27930 21000
18 26410 18900
19 31730 15400
20 36543 17266
21 62795 23800
22 22610 18200
23 21850 21000
24 30400 18200
25 7600 18200
26 52440 27066
27 21470 15400
28 20710 23800
29 23180 23800
30 22040 23800
31 33440 4200
32 43605 4200
33 53105 12600
34 43605 12600
35 45885 12600
36 74290 9800
37 55907 9800
38 57190 14000
39 72326 16333
40 71725 11200
41 74100 12600
42 74290 15400
43 88730 28000
44 81700 24360
45 88540 25200
46 93733 21000
47 91542 15960
48 82270 12600
49 75936 34066
50 87210 29400
51 77900 35000
52 80560 35000
53 79610 37800
54 78850 32200
55 38760 37800
56 37240 37800
57 55353 39666
58 28025 36400
59 62035 40600
60 23180 40600
61 47500 43400
62 52345 37800
63 53485 37800
64 46075 29400
65 70395 37800
66 66690 28000
67 94905 35000
68 81510 33600
69 72865 35000
70 71250 35000
71 69350 29400
72 68210 29400
73 68020 37800
74 66690 37800
75 54720 32200
76 54720 37800
77 64410 37800
78 62130 40600
79 35910 40600
80 41420 40600
81 43130 40600
82 44270 35000
83 40375 22400
84 38000 7000
85 35055 7000
86 85151 19133
87 29640 4200
88 32110 7000
89 38696 28466
90 74480 14000
91 74860 18200
92 74480 43400
93 75810 43400
94 73720 37800
95 71820 43400
96 74290 46200
97 66120 49000
98 49210 49000
99 47690 49000
100 46170 49000
101 42750 49000
102 42750 49000
103 63840 15400
104 60800 15400
105 62130 15400
106 71345 22400
107 67830 21000
108 70110 21000
109 86450 23800
110 71440 21000
111 75715 12600
112 71820 18200
113 73150 21000
114 70870 23800
115 67735 32200
116 65360 29400
117 73340 26600
118 64600 29400
119 64790 32200
120 63270 35000
121 57000 29400
122 57760 32200
123 83790 29400
124 58615 44800
125 60990 49000
126 59850 49000
127 63460 49000
128 62320 49000
129 58710 49000
130 52630 49000
131 53010 46200
132 54150 46200
133 51300 50400
134 54150 49000
135 75620 35000
136 76000 37800
137 73910 40600
138 67355 40600
139 74860 37800
140 76570 40600
141 65550 43400
142 63935 43400
143 66880 43400
144 67070 46200
145 45790 46200
146 32110 46200
147 30970 46200
148 27930 49000
149 29450 46200
150 62985 30800
151 63080 26600
152 69730 18200
153 64410 26600
154 61750 26600
155 44460 35000
156 45220 37800
157 46360 37800
158 58900 32200
159 60040 32200
160 60990 29400
161 61180 35000
162 62130 35000
163 59850 37800
164 63080 37800
165 61370 37800
166 37430 40600
167 26790 40600
168 26790 43400
169 19950 42000
170 22230 43400
171 72770 40600
172 73530 43400
173 51680 43400
174 70300 40600
175 55670 40600
176 53200 40600
177 54530 40600
178 54910 43400
179 50540 43400
180 53200 43400
181 51680 46200
182 50350 46200
183 37430 46200
184 24510 46200
185 22040 50400
186 21470 46200
187 59755 43400
188 39520 40600
189 48640 40600
190 49210 43400
191 46740 46200
192 45410 43400
193 42370 43400
194 44080 43400
195 42750 46200
196 41230 46200
197 38570 46200
198 32490 50400
199 34770 51800
200 48070 15400
201 43700 9800
202 41705 8400
203 36670 4200
204 39710 7000
205 57000 12600
206 51965 9800
207 53010 5600
208 49970 7000
209 65740 11200
210 61085 9800
211 62130 8400
212 60230 9800
213 81890 12600
214 92245 12600
215 77140 14000
216 96710 9800
217 77330 18200
218 79800 18200
219 76000 18200
220 78470 18200
221 95000 15400
222 97185 14000
223 105260 15400
224 99750 12600
225 95000 22400
226 105260 21000
227 99750 18200
228 73530 26600
229 73340 23800
230 74670 26600
231 95000 26600
232 97185 26600
233 105260 28000
234 97850 29400
235 81130 32200
236 79040 29400
237 81510 29400
238 90440 26600
239 88920 26600
240 99370 26600
241 105640 32200
242 99370 32200
243 64790 18200
244 65930 21000
245 63460 18200
246 63080 23800
247 66310 15400
248 66310 18200
249 64410 21000
250 63080 21000
251 56905 23800
252 50350 23800
253 52630 21000
254 70015 32900
255 31350 12600
256 45790 21000
257 46360 23800
258 44650 23800
259 45410 26600
260 52630 29400
261 52440 32200
262 51110 29400
263 50350 32200
264 25650 29400
265 26980 29400
266 29830 29400
267 27170 26600
268 18430 29400
269 21470 29400
270 24510 30800
271 20805 32200
272 19823 36866
273 31730 32200
274 31920 39200
275 38190 9800
276 38950 12600
277 57950 4200
278 52060 8400
279 73530 4200
280 68590 7000
281 76950 4200
282 77520 7000
283 81130 7000
284 95570 12600
285 90250 11200
286 95950 18200
287 93290 18200
288 96330 29400
289 93670 32200
290 90630 32200
291 89680 35000
292 84550 36400
293 59090 18200
294 58140 21000
295 55480 25200
296 16910 23800
297 28310 7000
298 43890 51800
299 56050 51800
300 26790 49000
301 16910 43400
302 18810 49000
303 36290 49000
304 61750 4200
305 100510 9800
306 101650 29400
307 52250 18200
308 49210 35000
309 31550 140
310 44990 140
311 51710 56460
312 140 31500
313 140 29260
314 140 30380
315 140 32620
316 27070 140
317 37150 140
318 50590 140
319 61790 140
320 39390 140
321 109050 12460
322 109050 14700
323 109050 22540
324 109050 31500
325 109050 34860
326 51710 140
327 41630 56460
328 50590 56460
329 28190 56460
330 140 44940
331 58430 140
332 20350 56460
333 33790 56460
334 74110 140
335 76350 140
336 109050 11340
337 109050 19180
338 109050 28140
339 109050 30380
340 59550 140
341 34910 140
342 140 16940
343 140 19180
344 36030 140
345 59550 56460
346 58430 56460
347 67390 56460
348 57310 56460
349 44990 56460
350 42750 56460
351 43870 140
352 56190 140
353 66270 140
354 79710 140
355 109050 18060
356 109050 23660
357 109050 27020
358 109050 29260
359 52830 140
360 140 18060
361 140 20300
