0 11313 6885
1 6795 4725
2 4995 6885
3 6129 6345
4 7425 6345
5 7020 3105
6 7452 3105
7 7857 3105
8 8532 3645
9 8910 3645
10 5049 5535
11 4887 4995
12 5130 4455
13 4401 4995
14 4779 4185
15 5157 4185
16 6415 2997
17 7119 4185
18 8937 2835
19 9180 3105
20 9342 3645
21 11097 3375
22 10638 3645
23 10584 3915
24 9936 3915
25 11556 3375
26 11394 3645
27 10422 4185
28 9720 4455
29 9369 3915
30 10071 4455
31 8154 5265
32 6291 2835
33 3915 4995
34 7506 5265
35 8478 5805
36 8478 6885
37 8532 6615
38 7708 4927
39 8829 7155
40 6817 5940
41 8478 5535
42 9234 6885
43 8829 6075
44 8829 6885
45 8505 1215
46 7317 2025
47 5805 2025
48 4509 2295
49 3969 3105
50 3321 4185
51 3537 6075
52 3861 6885
53 6129 5805
54 9639 4725
55 12177 4185
56 11961 3105
57 12393 5265
58 10773 5535
59 7641 3915
60 7830 4671
61 7074 6075
62 8964 3375
63 9936 4185
64 9558 4185
65 7668 6885
66 7722 6345
67 7506 6075
68 7522 3807
69 7992 3915
70 4896 2955
71 7236 3375
72 8262 3105
73 8505 3375
74 8019 3375
75 7560 3375
76 7398 3645
77 9882 6345
78 8721 3105
79 6615 5805
80 5535 5535
81 5238 4995
82 5184 4725
83 5616 4995
84 5292 3375
85 5076 3645
86 5670 3105
87 5670 3375
88 6021 3645
89 9720 2835
90 10449 2565
91 9882 2565
92 10125 2295
93 10206 2565
94 10098 2025
95 10314 5805
96 12204 6075
97 12150 5265
98 11772 5265
99 10948 4590
100 11934 5805
101 10692 2565
102 10692 2835
103 11583 3105
104 12096 2835
105 11718 2835
106 12690 4185
107 12150 3915
108 11718 3915
109 11016 3645
110 11097 3915
111 11826 4185
112 10665 3105
113 10287 3105
114 9720 3105
115 11016 3105
116 10044 2835
117 10584 3375
118 10287 3645
119 10557 4455
120 8262 4995
121 9072 4995
122 8640 4995
123 8748 4455
124 5940 5265
125 5346 6075
126 6264 6075
127 5832 6075
128 4860 6075
129 4428 6075
130 3996 6075
131 5319 5265
132 4833 5265
133 4806 5535
134 3888 5535
135 3564 5535
136 3834 5805
137 4293 4725
138 4563 4455
139 4104 4455
140 3888 4185
141 4158 3375
142 3672 3645
143 3672 3375
144 5535 3645
145 5670 3915
146 4806 2295
147 4104 2025
148 5130 3915
149 5238 3105
150 5427 2835
151 5832 2295
152 5400 2565
153 7290 2295
154 7128 1215
155 6021 3375
156 6021 3105
157 6507 3105
158 6696 2565
159 6858 2295
160 8910 2025
161 8329 2565
162 8748 2295
163 7182 6345
164 6804 6615
165 7236 4185
166 7182 5265
167 7290 4995
168 7344 4725
169 11016 5805
170 11016 6885
171 11124 6615
172 11340 6345
173 12474 5535
174 13230 5535
175 12852 5535
176 12636 5805
177 13122 4995
178 12636 3915
179 12798 3645
180 12474 4455
181 13230 4725
182 12744 4995
183 12690 4725
184 9936 4995
185 9288 6075
186 9288 5535
187 9612 4995
188 6372 6345
189 6480 6885
190 5994 6885
191 5670 6885
192 4752 6615
193 4536 6345
194 4158 6345
195 4266 5805
196 2376 5265
197 2754 5535
198 3348 5805
199 3078 4185
200 1944 4185
201 2700 4185
202 3186 4725
203 1944 3105
204 2592 3105
205 2646 3375
206 3672 2025
207 3456 1485
208 3942 1215
209 5022 1485
210 5778 1485
211 6318 1485
212 6372 1755
213 8154 1485
214 9234 1755
215 9963 4725
216 11097 4185
217 11529 4995
218 8019 3645
219 8613 2565
220 4887 2835
221 4077 3645
222 3753 4725
223 5967 5535
224 10368 6615
225 9288 6615
226 8532 6345
227 7290 5805
228 7020 3915
229 10152 5535
230 11772 5535
231 11772 2565
232 11772 4455
233 8694 4725
234 5508 6345
235 3456 6345
236 2916 6075
237 2646 4455
238 3348 3105
239 3888 2295
240 5130 2025
241 7074 1755
242 8154 1755
243 7506 6615
244 7668 4455
245 10638 6345
246 13014 5265
247 13014 3375
248 11988 4725
249 9882 5265
250 5940 6615
251 3942 6615
252 2646 5805
253 2808 4995
254 2646 2835
255 4050 1755
256 5616 1755
257 7020 1485
258 9612 1485
259 7308 8293
260 7212 8293
261 11148 8293
262 14627 6060
263 14627 5004
264 14627 4620
265 9420 8293
266 7692 8293
267 5772 8293
268 4140 8293
269 42 5772
270 6540 8293
271 42 4236
272 42 3180
273 4044 42
274 4812 42
275 7020 42
276 8268 42
277 7500 42
278 9900 8293
279 14627 6156
280 8268 8293
281 4620 8293
282 14627 3852
283 8460 8293
284 42 5388
285 42 4428
286 42 3276
287 3564 42
288 5196 42
289 6540 42
290 8460 42
291 8364 8293
292 8652 8293
293 8940 8293
294 7116 8293
295 7884 42
296 10188 42
297 14627 5196
298 14627 2412
299 14627 3468
300 14627 4140
301 5868 8293
302 5100 8293
303 5004 8293
304 42 4524
305 42 3468
306 5772 42
307 5580 42
308 6828 42
309 8364 42
310 9036 8293
311 9228 8293
