0 9963 6345
1 5967 4545
2 6561 4995
3 5643 5805
4 7155 5805
5 6372 2835
6 7074 2565
7 7263 2835
8 8046 2835
9 8208 3375
10 4725 4995
11 4779 4725
12 4860 3915
13 4131 4455
14 4509 3645
15 5211 3645
16 6894 4262
17 8370 2835
18 8613 2835
19 8586 3105
20 8640 3375
21 9963 3645
22 9504 3375
23 9612 3645
24 9234 3645
25 10962 3645
26 10368 3915
27 9828 4185
28 8478 3915
29 8667 3645
30 6412 3780
31 9747 4455
32 7452 4725
33 6021 2295
34 3699 4455
35 7020 4725
36 7776 5265
37 7067 4927
38 7776 5535
39 8559 6345
40 5184 2889
41 7965 4995
42 7452 5265
43 8640 5805
44 7803 6345
45 7695 6075
46 8397 1485
47 7479 1755
48 5427 1485
49 4293 2025
50 3753 2835
51 2943 3645
52 3645 5265
53 4293 6075
54 5859 5265
55 8559 4455
56 11097 3375
57 11637 3645
58 10881 5535
59 10125 5265
60 7209 3645
61 6736 4185
62 6696 5265
63 8910 3105
64 9045 3375
65 9234 3915
66 8802 4185
67 8856 3915
68 7128 6615
69 7182 6345
70 6696 5535
71 3874 3780
72 7236 3915
73 6912 3105
74 7668 2835
75 7857 3105
76 7371 3105
77 6588 3105
78 6858 3375
79 9126 5805
80 9180 5535
81 8235 3105
82 5859 5535
83 5103 5265
84 4050 4185
85 4482 4455
86 4536 4185
87 4806 3105
88 4860 3645
89 5346 2835
90 5076 3375
91 5157 3105
92 6831 2835
93 8802 2565
94 9045 2565
95 9450 2295
96 8991 2295
97 10422 2295
98 9990 2295
99 9666 5535
100 12204 5535
101 11502 5265
102 11394 5535
103 10503 4455
104 11826 5535
105 10314 3105
106 9774 2565
107 10287 2565
108 9342 4455
109 11394 2835
110 11016 2835
111 11988 3375
112 11178 3105
113 11340 3645
114 10476 3645
115 10611 3375
116 11394 3375
117 10341 2835
118 9531 2835
119 9180 2835
120 9882 2835
121 9288 3105
122 9774 3105
123 9855 3375
124 9855 3915
125 7884 4455
126 8478 4725
127 8262 4455
128 8424 4185
129 5508 4455
130 5400 5805
131 6070 3285
132 5886 4725
133 5454 4725
134 4671 5535
135 4212 5535
136 3888 5535
137 4320 5805
138 3888 5805
139 4401 4725
140 4347 4995
141 3888 5265
142 3348 4995
143 3672 4995
144 4941 4455
145 4401 3915
146 3942 3915
147 3240 3645
148 3294 4455
149 3294 3915
150 3888 3105
151 3294 2565
152 3618 2565
153 3402 2835
154 5400 3375
155 4104 1215
156 4536 2295
157 4104 2295
158 4752 3375
159 4860 2835
160 5157 2565
161 5508 2025
162 4590 2025
163 5130 2295
164 5022 2025
165 6966 2025
166 6102 2025
167 5535 3105
168 5697 2835
169 6129 2565
170 6372 2295
171 6534 2025
172 8532 1755
173 7992 1215
174 7668 2565
175 7587 2295
176 8100 2025
177 8100 1755
178 6372 6345
179 6642 6615
180 7128 5535
181 7128 6075
182 6858 4995
183 6480 4185
184 10206 5535
185 9774 6615
186 10098 6075
187 9720 6075
188 12042 6075
189 11232 6345
190 11448 6075
191 11286 3915
192 12150 4725
193 11286 4725
194 11448 4455
195 11016 4185
196 11826 4725
197 11070 4455
198 11394 4185
199 8532 5535
200 8532 4995
201 8910 4995
202 5724 6075
203 5724 6615
204 5076 5805
205 5292 6075
206 5994 6345
207 4914 6075
208 4590 6345
209 2862 5265
210 1890 4725
211 2862 4725
212 2916 4995
213 2916 4185
214 1998 4455
215 2376 4455
216 2484 3645
217 3186 3375
218 1728 2835
219 2538 3375
220 3672 2295
221 3348 1215
222 3942 1485
223 5184 1215
224 4536 1215
225 4860 1215
226 6264 1215
227 6102 1755
228 6696 1215
229 8640 1485
230 7668 1215
231 8586 2025
232 8964 2025
233 9612 2025
234 9423 4185
235 10557 4185
236 8235 2565
237 4563 2565
238 4077 3645
239 3429 4185
240 5535 5265
241 6183 5535
242 8424 6075
243 7884 5805
244 6534 5805
245 6588 3645
246 9504 5265
247 10746 5265
248 11124 2565
249 11880 3105
250 7668 4185
251 5346 4995
252 3618 6075
253 3186 5535
254 2376 3915
255 3186 3105
256 3672 2025
257 4806 1485
258 6858 1755
259 7776 1485
260 6426 6075
261 6750 4455
262 10152 5805
263 11880 5805
264 12150 4455
265 12096 4185
266 9234 4725
267 5292 6345
268 3888 6345
269 2214 4995
270 2214 4185
271 2430 2835
272 3834 1755
273 5346 1755
274 6480 1485
275 9450 1755
276 6636 7868
277 6924 7868
278 9708 7868
279 13777 6156
280 13777 4716
281 13777 4620
282 8652 7868
283 7020 7868
284 5292 7868
285 3852 7868
286 42 5292
287 5772 7868
288 42 3852
289 42 2892
290 3756 42
291 4428 42
292 6444 42
293 7980 42
294 6828 42
295 9228 7868
296 13777 5676
297 8076 7868
298 6060 7868
299 13777 3468
300 7884 7868
301 42 4812
302 42 4236
303 42 2988
304 3276 42
305 4812 42
306 6540 42
307 7884 42
308 3468 42
309 7788 7868
310 7980 7868
311 6540 7868
312 7212 42
313 9804 42
314 13777 5292
315 13777 2316
316 13777 3180
317 13777 3564
318 5388 7868
319 4620 7868
320 4524 7868
321 42 4044
322 42 3180
323 5292 42
324 5388 42
325 6348 42
326 8076 42
327 8172 7868
328 8268 7868
