0 344824 68707
1 316066 73211
2 245308 22400
3 354969 146176
4 334235 119949
5 275123 67734
6 196844 74525
7 324419 119316
8 346847 96381
9 315210 60569
10 354306 27618
11 388295 54077
12 378024 97104
13 398903 91954
14 419796 89932
15 460746 110243
16 439694 108901
17 343561 95616
18 399954 180455
19 396492 101640
20 357833 230091
21 433209 189066
22 429905 88568
23 219947 127671
24 208529 108391
25 292452 109666
26 215445 122743
27 306517 55387
28 189542 52405
29 340518 196889
30 478218 177717
31 422705 139991
32 259544 82173
33 422166 204600
34 93810 97484
35 202597 118160
36 183210 70280
37 163706 68914
38 140750 116396
39 468725 141338
40 502312 107450
41 225125 19689
42 498110 130366
43 270382 80911
44 290626 87856
45 278530 33485
46 242230 39083
47 257371 49482
48 250606 126269
49 264264 81853
50 213614 217700
51 212790 217368
52 235370 139729
53 167525 123863
54 132226 153760
55 156330 63845
56 209340 29928
57 214568 40923
58 196222 127540
59 271804 84496
60 450906 141495
61 405468 113866
62 428848 217270
63 137778 28396
64 418960 224884
65 428208 214327
66 419015 212600
67 470030 218507
68 110428 71590
69 118759 181461
70 417131 232400
71 385611 194164
72 169201 101070
73 135911 59300
74 170273 196304
75 215688 149665
76 179199 83200
77 160140 183213
78 137655 26712
79 101935 112663
80 119665 89974
81 466523 235440
82 416923 240022
83 121585 35568
84 418042 246659
85 213230 200200
86 142619 148711
87 222980 182589
88 447779 229285
89 417028 256040
90 413786 256364
91 127069 55368
92 407092 250090
93 161915 146160
94 206311 160066
95 235705 175518
96 442744 242134
97 409336 263256
98 157424 141502
99 457056 228776
100 404595 275703
101 409394 270035
102 390390 145400
103 253952 104257
104 290374 112066
105 264329 109447
106 404463 170195
107 375317 255036
108 364464 255705
109 403655 215600
110 417260 82157
111 484296 155438
112 518852 140840
113 493129 236775
114 476831 119466
115 510778 186092
116 525498 197004
117 386074 221751
118 370399 196082
119 352420 261024
120 328357 234900
121 268614 258144
122 243926 252730
123 282257 255127
124 282415 277044
125 252035 277200
126 223473 280411
127 214265 260466
128 528167 171813
129 552598 248211
130 547352 263565
131 539808 215400
132 543647 219166
133 498866 152169
134 548734 172415
135 527666 215872
136 465647 287414
137 482960 103378
138 428105 39355
139 454531 34964
140 470531 43013
141 478078 226380
142 478743 201880
143 484927 4900
144 482346 7000
145 342000 272440
146 335540 283850
147 319200 293400
148 316492 272300
149 314450 251066
150 307863 241266
151 340100 279000
152 324710 290500
153 331866 289800
154 307277 262850
155 306964 252840
156 300688 248200
157 292431 235355
158 317395 265650
159 313072 239400
160 268090 224840
161 305947 229600
162 286710 214200
163 289180 215880
164 281791 210777
165 266000 215040
166 259742 248546
167 233808 238600
168 253270 217000
169 251728 259777
170 227348 246600
171 268533 266466
172 234514 253000
173 239352 240100
174 280992 273509
175 280114 262200
176 269546 259311
177 280750 285727
178 296400 273560
179 294452 274400
180 268548 288152
181 293597 281400
182 296286 291200
183 291628 297888
184 290282 302120
185 274360 303177
186 278793 305666
187 214605 304500
188 242397 302555
189 223782 302680
190 209237 284550
191 208704 294155
192 206398 268046
193 198564 276015
194 325565 280700
195 319136 282800
196 298300 239000
197 288962 225800
198 271953 220733
199 296864 219800
200 270618 229061
201 242782 224280
202 265792 235581
203 253384 232400
204 299867 293300
205 274550 302750
206 353147 189171
207 335350 202131
208 332077 255888
209 345686 282240
210 286737 231800
211 280277 233800
212 298245 304200
213 252537 303400
214 201932 288680
215 283425 292200
216 301846 7358
217 444220 278337
218 331626 272160
219 292346 251066
220 307562 215075
221 484932 245834
222 547377 181872
223 597252 81596
224 595437 150920
225 540002 91520
226 567741 99088
227 532126 92866
228 567437 235623
229 522068 159600
230 588091 241721
231 599013 100185
232 584244 160475
233 525713 104539
234 502142 191200
235 584011 235810
236 485553 237872
237 573460 160363
238 540852 114333
239 492100 303800
240 584755 193234
241 493703 207297
242 580903 229457
243 579708 107692
244 557109 151523
245 492539 274317
246 504133 236366
247 602416 120493
248 570617 164500
249 601933 166447
250 559749 112733
251 579788 120814
252 532541 138460
253 536008 231000
254 534490 130642
255 605003 174569
256 583781 82310
257 546287 179712
258 593652 142889
259 563248 79033
260 605720 147000
261 336524 156545
262 314267 178940
263 329995 167363
264 323211 161311
265 384702 291900
266 398192 291900
267 406077 290500
268 401517 296100
269 392207 303100
270 398952 300300
271 402847 298900
272 390782 296100
273 385557 302400
274 381757 304500
275 380902 296800
276 376437 292600
277 349457 302400
278 365132 305200
279 361712 299600
280 350502 306600
281 369502 297500
282 373017 305900
283 374727 300300
284 357152 303100
285 377197 289800
286 373207 280700
287 402467 285600
288 376437 283500
289 375535 275800
290 406077 284900
291 394107 287000
292 388502 280700
293 399997 280700
294 394202 282100
295 384892 285600
296 390022 290500
297 370598 148454
298 388152 138157
299 543257 140933
300 532044 216588
301 363154 24052
302 358664 59570
303 343162 27739
304 423212 175182
305 537985 214200
306 278815 173735
307 337340 295278
308 319580 226955
309 302385 214620
310 306493 226625
311 308633 288076
312 311330 299084
313 320205 304129
314 332966 304818
315 572716 142022
316 282798 175193
317 282454 173693
318 279244 170483
319 239896 137425
320 239108 140280
321 243871 134026
322 245853 141851
323 248048 176354
324 143676 73087
325 134100 127901
326 244949 192668
327 244264 185453
328 248170 187916
329 177288 213748
330 183112 211225
331 178934 221731
332 184637 211761
333 175026 211761
334 179455 210000
335 178564 207725
336 218788 192974
337 179966 207787
338 155450 200832
339 158422 211866
340 157536 213427
341 159434 205167
342 159581 198845
343 168967 202533
344 167010 203373
345 179868 195412
346 217265 261100
347 487214 289800
348 466587 288330
349 451958 285218
350 474185 275800
351 432083 294175
352 525306 267795
353 422870 300410
354 446052 285825
355 443308 278600
356 438444 283640
357 477587 70333
358 482359 84466
359 425050 11836
360 488740 40894
361 473556 223272
362 454254 263913
363 436472 251377
364 458198 16600
365 411210 32500
366 413575 17050
367 466640 301254
368 440300 303800
369 477890 302700
370 454530 93595
371 439273 57377
372 302167 6548
373 309795 278250
374 248070 291963
375 329650 285600
376 617980 49420
377 617980 46060
378 482910 310920
379 470590 310920
380 471710 310920
381 462750 310920
382 457150 310920
383 481790 310920
384 454910 310920
385 421310 310920
386 425790 310920
387 442590 310920
388 463870 310920
389 452670 310920
390 472830 310920
391 479550 310920
392 428030 310920
393 456030 310920
394 445950 310920
395 480670 310920
396 449310 310920
397 432510 310920
398 441470 310920
399 444830 310920
400 460510 310920
401 617980 151340
402 484030 140
403 617980 47180
404 439230 310920
405 443710 310920
406 451550 310920
407 453790 310920
408 395550 310920
409 265630 140
410 272350 310920
411 257790 310920
412 394430 310920
413 408990 310920
414 617980 48300
415 268990 310920
416 438110 310920
417 397790 310920
418 406750 310920
419 405630 310920
420 393310 310920
421 396670 310920
422 401150 310920
423 402270 310920
424 403390 310920
425 288030 140
426 398910 310920
427 400030 310920
428 447070 310920
429 272350 140
430 426910 310920
431 434750 310920
432 404510 310920
433 275710 310920
434 288030 310920
435 266750 140
436 304830 140
437 344030 140
438 309310 140
439 360830 140
440 351870 140
441 340670 140
442 283550 140
443 322750 140
444 295870 140
445 274590 140
446 337310 140
447 336190 140
448 328350 140
449 318270 140
450 281310 140
451 320510 140
452 316030 140
453 279070 140
454 268990 140
455 331710 140
456 332830 140
457 321630 140
458 310430 140
459 282430 140
460 317150 140
461 280190 140
462 293630 140
463 302590 140
464 333950 140
465 335070 140
466 319390 140
467 300350 140
468 301470 140
469 326110 140
470 342910 140
471 324990 140
472 312670 140
473 359710 140
474 352990 140
475 298110 140
476 276830 140
477 294750 140
478 277950 140
479 296990 140
480 271230 140
481 273470 140
482 291390 140
483 305950 140
484 290270 140
485 307070 140
486 303710 140
487 289150 140
488 285790 140
489 286910 140
490 284670 140
491 267870 140
492 270110 140
493 299230 140
494 275710 140
495 308190 140
496 311550 140
497 314910 140
498 338430 140
499 327230 140
500 341790 140
501 329470 140
502 330590 140
503 323870 140
504 339550 140
505 313790 140
506 292510 140
507 358590 140
508 475070 140
509 481790 140
510 617980 123340
511 507550 310920
512 617980 141260
513 617980 143500
514 617980 160300
515 475070 310920
516 458270 310920
517 522110 310920
518 537790 310920
519 617980 174860
520 513150 310920
521 617980 150220
522 514270 310920
523 523230 310920
524 533310 310920
525 478430 310920
526 528830 310920
527 519870 310920
528 534430 310920
529 510910 310920
530 515390 310920
531 508670 310920
532 617980 122220
533 518750 310920
534 497470 310920
535 617980 142380
536 617980 139020
537 617980 135660
538 617980 134540
539 617980 127820
540 617980 145740
541 617980 147980
542 617980 44940
543 468350 310920
544 469470 310920
545 461630 310920
546 464990 310920
547 459390 310920
548 467230 310920
549 448190 310920
550 436990 310920
551 429150 310920
552 430270 310920
553 617980 43820
554 422430 310920
555 417950 310920
556 415710 310920
557 414590 310920
558 420190 310920
559 424670 310920
560 431390 310920
561 450430 310920
562 440350 310920
563 433630 310920
564 473950 310920
565 435870 310920
566 423550 310920
567 484030 310920
568 485150 310920
569 477310 310920
570 487390 310920
571 486270 310920
572 466110 310920
573 476190 310920
574 456030 140
575 464990 140
576 454910 140
577 433630 140
578 453790 140
579 419070 140
580 462750 140
581 459390 140
582 468350 140
583 469470 140
584 471710 140
585 407870 140
586 357470 140
587 451550 140
588 349630 140
589 348510 140
590 372030 140
591 350750 140
592 354110 140
593 452670 140
594 434750 140
595 457150 140
596 422430 140
597 460510 140
598 367550 140
599 458270 140
600 467230 140
601 369790 140
602 365310 140
603 368670 140
604 406750 140
605 394430 140
606 384350 140
607 450430 140
608 466110 140
609 470590 140
610 617980 144620
611 532190 310920
612 536670 310920
613 520990 310920
614 516510 310920
615 512030 310920
616 517630 310920
617 531070 310920
618 535550 310920
619 509790 310920
620 527710 310920
621 526590 310920
622 529950 310920
623 506430 310920
624 524350 310920
625 525470 310920
626 617980 113260
627 617980 140140
628 617980 128940
629 482910 140
