0 450410 188883
1 324603 265877
2 339357 181656
3 331925 172776
4 420916 137883
5 324945 107921
6 343750 195266
7 389672 194990
8 242852 186103
9 248079 322343
10 280742 334345
11 409219 212450
12 370532 229625
13 317236 231889
14 397019 238381
15 446690 239866
16 402114 262368
17 416942 252093
18 397533 267059
19 284392 229040
20 179301 283176
21 170361 292202
22 330793 304774
23 378882 221151
24 288806 167887
25 198119 176381
26 256480 141432
27 229552 145671
28 200910 245242
29 312098 188518
30 215701 146321
31 270194 98825
32 314630 94466
33 365504 320352
34 348100 283525
35 334740 154700
36 411307 171142
37 323644 139600
38 368742 318794
39 278247 310153
40 144020 95000
41 215138 123020
42 217917 56933
43 178044 107907
44 115496 106881
45 421941 275500
46 452865 262080
47 439826 184333
48 357912 124775
49 239714 157571
50 416397 126560
51 353035 155176
52 352504 113571
53 369676 141586
54 430741 163305
55 406072 159133
56 367586 152973
57 446929 269257
58 299038 184692
59 445183 136379
60 251078 190866
61 93951 217541
62 99767 217636
63 75025 200200
64 211785 170531
65 245273 294334
66 115065 113156
67 285261 100822
68 407280 92458
69 235628 116970
70 378188 83553
71 248270 144550
72 245610 277753
73 312759 75937
74 382738 277447
75 214649 129354
76 275083 235800
77 277746 318800
78 145901 105451
79 258089 194727
80 296189 348751
81 208156 119700
82 266089 312900
83 282420 312738
84 285506 306016
85 329140 334152
86 211513 59123
87 217290 140890
88 257208 312709
89 191086 111552
90 206114 88303
91 63706 161572
92 205037 154330
93 108925 162535
94 233867 96932
95 106737 170582
96 182414 178266
97 122030 80795
98 192997 58437
99 238948 52033
100 268490 99886
101 127727 102340
102 297879 339100
103 255563 320900
104 200483 90026
105 232238 81307
106 287561 79606
107 185108 121083
108 247336 323400
109 218777 69962
110 224449 105350
111 175290 177947
112 298423 357490
113 234956 324261
114 251992 333044
115 118622 88149
116 229491 325920
117 264963 333581
118 247051 291874
119 199646 135584
120 176011 114272
121 303195 371988
122 130044 147544
123 313930 360687
124 246697 340963
125 257343 340025
126 178322 139504
127 325313 363090
128 222734 340200
129 234384 342066
130 111484 135438
131 285850 189560
132 290119 203160
133 285846 183560
134 275495 275247
135 133495 270617
136 135709 254125
137 156515 272835
138 230470 312900
139 406705 227733
140 419740 313805
141 430084 294840
142 419527 381514
143 412442 284287
144 400146 303000
145 447203 326200
146 202739 324380
147 204302 307377
148 93399 253260
149 246653 246647
150 138679 304514
151 90655 352200
152 92744 346432
153 137973 368499
154 134784 355660
155 141662 286430
156 78915 309514
157 44485 357186
158 54973 342377
159 41220 330866
160 20520 347600
161 29605 342490
162 450152 339266
163 482430 392810
164 466738 381733
165 460731 407941
166 450053 378700
167 438945 320936
168 471594 341707
169 383594 361065
170 242891 393750
171 427134 358076
172 254742 387800
173 468492 250600
174 531323 201544
175 547070 196148
176 554573 233933
177 530456 226875
178 299075 331800
179 590662 282100
180 591280 275800
181 158677 329400
182 179522 337400
183 208457 358200
184 205960 364200
185 199436 370533
186 193648 377720
187 35310 325553
188 164377 335800
189 189324 351088
190 189782 345800
191 183008 354200
192 199880 381640
193 187285 389000
194 192334 371000
195 179550 375900
196 210085 369400
197 202202 380644
198 149036 373800
199 190108 384600
200 134292 369880
201 144096 388920
202 159663 384066
203 115085 392200
204 145666 379711
205 95717 373177
206 135755 374850
207 117382 375200
208 127300 337800
209 115330 377650
210 103431 369250
211 123880 333400
212 96554 363363
213 74425 366200
214 122414 329400
215 119510 350000
216 94185 358200
217 109820 328066
218 115393 340511
219 89718 350560
220 111285 322600
221 104405 333900
222 78128 345800
223 99885 333400
224 80940 336233
225 88616 334600
226 83695 317800
227 77085 313400
228 77900 310644
229 49526 302866
230 60230 307533
231 53912 305900
232 32110 306950
233 46170 307650
234 37891 312200
235 27296 316400
236 14232 338418
237 9072 327600
238 169005 344750
239 172646 350466
240 173660 378155
241 157193 372866
242 166765 388600
243 172520 383880
244 123956 387800
245 134224 344555
246 116327 374500
247 122284 383880
248 131733 352333
249 68400 307720
250 179694 316062
251 147250 324333
252 173117 331400
253 152633 389666
254 192714 388600
255 138193 390133
256 143450 371700
257 138852 360360
258 99876 314533
259 91656 310520
260 97334 318200
261 65550 307533
262 79768 299600
263 20520 310520
264 36100 296333
265 32354 297800
266 242740 366210
267 475352 252000
268 461573 261566
269 150416 334600
270 157985 339850
271 192533 364000
272 193420 337800
273 163162 364350
274 10386 318266
275 403102 387043
276 500393 316014
277 555746 256511
278 578056 317240
279 515044 317933
280 496740 263307
281 493380 313417
282 490778 376302
283 446997 317266
284 544687 390460
285 574560 265346
286 583680 329000
287 407228 329772
288 525756 378137
289 508913 377857
290 405022 370288
291 431179 373545
292 550254 318937
293 583680 326760
294 548456 336200
295 489905 274083
296 509819 322182
297 444600 413000
298 584946 332733
299 517161 356851
300 372619 347375
301 573293 272844
302 530647 334376
303 489186 307300
304 491952 280767
305 486742 316232
306 397812 400225
307 565542 280430
308 426930 387800
309 582635 337866
310 576693 347800
311 507813 280000
312 495456 312666
313 291093 244565
314 569689 289341
315 533380 388376
316 525844 281983
317 525480 305725
318 569040 346600
319 435130 356367
320 538830 303100
321 563084 355880
322 555864 355320
323 540501 267619
324 473364 350921
325 583046 304733
326 520936 259700
327 427880 407400
328 584313 320600
329 133950 239400
330 189378 244109
331 120270 242200
332 158227 242200
333 192388 241400
334 178853 249355
335 81367 273700
336 90202 271600
337 96187 276500
338 95807 282800
339 77662 289800
340 74242 287000
341 83077 282800
342 86022 277200
343 86497 290500
344 95997 290500
345 91627 287700
346 84027 266000
347 60277 272300
348 75572 277900
349 71012 271600
350 58472 265300
351 62652 276500
352 72247 283500
353 61512 285600
354 60182 280700
355 75572 266000
356 93052 257600
357 62272 261800
358 80892 257600
359 102568 265066
360 67022 266000
361 61417 257600
362 76237 253400
363 67877 254100
364 71962 259700
365 93812 266000
366 99987 272300
367 254232 258346
368 298561 252816
369 344188 255353
370 499281 264281
371 534454 315000
372 557688 306600
373 465635 360600
374 319260 44114
375 322456 56337
376 317879 35675
377 286961 43005
378 310610 289018
379 447450 364000
380 469946 303450
381 574940 304733
382 291420 79027
383 225493 209412
384 186833 335066
385 583426 304733
386 202521 348466
387 197621 362911
388 148561 354900
389 141848 348400
390 115183 316938
391 90082 298035
392 67640 295729
393 52595 295400
394 556446 324333
395 406448 356440
396 577220 323400
397 560667 316647
398 212917 217675
399 215833 213234
400 224990 209774
401 233085 173880
402 223459 178765
403 239944 183306
404 225485 170800
405 190107 212053
406 125933 120035
407 177460 211680
408 185433 215786
409 180240 204120
410 87526 187413
411 97980 187775
412 99420 195906
413 96665 185733
414 73346 188720
415 81225 190575
416 73993 186900
417 111333 173103
418 57589 186106
419 74942 180040
420 67716 181906
421 69894 182560
422 84733 176716
423 64226 184706
424 68837 192733
425 64093 190213
426 85215 189373
427 214500 268284
428 155128 245373
429 15896 322466
430 10260 344400
431 234804 390075
432 224738 382200
433 266480 394284
434 283088 391423
435 226480 377533
436 277522 364587
437 269908 385000
438 222376 388360
439 228964 393830
440 248122 400145
441 289013 393283
442 264100 396900
443 265113 405844
444 364502 395376
445 278160 399000
446 303152 400507
447 304095 396200
448 297017 394975
449 285932 402309
450 326293 405533
451 302344 402600
452 323532 401240
453 490856 244745
454 481713 247800
455 525722 195457
456 558860 239842
457 273190 371646
458 280953 372960
459 296033 371200
460 290374 365800
461 332808 369335
462 576596 221088
463 537485 203967
464 570532 196616
465 225688 409500
466 288151 406576
467 307078 409826
468 234092 401986
469 568811 327046
470 416823 247258
471 460962 240882
472 482794 213789
473 235030 370440
474 68617 329200
475 482654 4200
476 479550 140
477 480670 140
478 457150 417760
479 450430 417760
480 401150 417760
481 470590 417760
482 426910 417760
483 454910 417760
484 436990 417760
485 420190 417760
486 414590 417760
487 391070 417760
488 405630 417760
489 386590 417760
490 394430 417760
491 393310 417760
492 397790 417760
493 411230 417760
494 404510 417760
495 422430 417760
496 429150 417760
497 430270 417760
498 435870 417760
499 434750 417760
500 395550 417760
501 469470 417760
502 595150 284620
503 481790 140
504 206270 417760
505 191710 417760
506 210750 417760
507 207390 417760
508 198430 417760
509 373150 140
510 360830 140
511 384350 140
512 140 272300
513 211870 417760
514 482910 140
515 363070 140
516 209630 417760
517 140 276780
518 199550 417760
519 208510 417760
520 140 271180
521 140 240940
522 140 289100
523 140 273420
524 200670 417760
525 286910 417760
526 140 274540
527 280190 417760
528 301470 140
529 303710 140
530 212990 417760
531 201790 417760
532 140 287980
533 229790 417760
534 196190 417760
535 262270 417760
536 266750 417760
537 261150 417760
538 267870 417760
539 595150 198380
540 406750 140
541 323870 140
542 273470 140
543 268990 417760
544 270110 417760
545 291390 140
546 313790 140
547 349630 140
548 324990 140
549 341790 140
550 270110 140
551 293630 140
552 342910 140
553 279070 417760
554 300350 140
555 317150 140
556 329470 140
557 326110 140
558 331710 140
559 268990 140
560 292510 140
561 285790 417760
562 294750 140
563 274590 140
564 314910 140
565 316030 140
566 295870 140
567 284670 417760
568 302590 140
569 305950 140
570 327230 140
571 338430 140
572 346270 140
573 407870 140
574 408990 140
575 273470 417760
576 249950 417760
577 247710 417760
578 272350 417760
579 263390 417760
580 251070 417760
581 282430 417760
582 260030 417760
583 242110 417760
584 248830 417760
585 240990 417760
586 237630 417760
587 271230 417760
588 258910 417760
589 253310 417760
590 245470 417760
591 236510 417760
592 252190 417760
593 239870 417760
594 275710 417760
595 238750 417760
596 224190 417760
597 243230 417760
598 232030 417760
599 233150 417760
600 225310 417760
601 223070 417760
602 228670 417760
603 221950 417760
604 235390 417760
605 220830 417760
606 254430 417760
607 404510 140
608 595150 287980
609 595150 283500
610 513150 417760
611 468350 417760
612 479550 417760
613 490750 417760
614 466110 417760
615 379870 417760
616 447070 417760
617 443710 417760
618 423550 417760
619 392190 417760
620 385470 417760
621 460510 417760
622 407870 417760
623 389950 417760
624 402270 417760
625 383230 417760
626 408990 417760
627 415710 417760
628 432510 417760
629 428030 417760
630 442590 417760
631 439230 417760
632 489630 417760
633 449310 417760
634 467230 417760
635 484030 417760
636 478430 417760
637 507550 417760
638 509790 417760
639 482910 417760
640 396670 417760
641 488510 417760
642 485150 140
643 219710 417760
644 215230 417760
645 226430 417760
646 216350 417760
647 227550 417760
648 234270 417760
649 246590 417760
650 244350 417760
651 274590 417760
652 255550 417760
653 484030 140
654 296990 417760
655 307070 417760
656 308190 417760
657 312670 417760
658 313790 417760
659 298110 417760
660 289150 417760
661 281310 417760
662 290270 417760
663 283550 417760
664 217470 417760
665 277950 417760
666 276830 417760
667 256670 417760
668 230910 417760
669 257790 417760
670 214110 417760
671 218590 417760
672 264510 417760
673 265630 417760
674 595150 247660
675 595150 285740
676 595150 231980
677 595150 216300
678 595150 228620
679 595150 207340
680 595150 239820
681 595150 233100
682 595150 238700
683 595150 245420
684 595150 234220
685 595150 189420
686 595150 180460
687 595150 230860
688 595150 171500
689 595150 172620
690 595150 190540
691 595150 197260
692 595150 179340
693 595150 227500
694 595150 211820
695 595150 229740
696 595150 199500
697 595150 240940
698 595150 173740
699 595150 235340
700 595150 242060
701 595150 177100
702 595150 170380
703 595150 169260
704 595150 182700
705 595150 196140
706 595150 168140
707 595150 226380
708 595150 281260
709 595150 276780
710 486270 417760
711 452670 417760
712 433630 417760
713 431390 417760
714 444830 417760
715 441470 417760
716 448190 417760
717 425790 417760
718 388830 417760
719 387710 417760
720 403390 417760
721 398910 417760
722 400030 417760
723 384350 417760
724 410110 417760
725 412350 417760
726 485150 417760
727 481790 417760
728 480670 417760
729 595150 282380
