0 193973 133687
1 178001 147686
2 269148 190848
3 202661 205386
4 174235 201302
5 96883 205921
6 194854 182513
7 214506 155960
8 257789 368684
9 252898 336254
10 245880 151450
11 250259 190400
12 269053 216513
13 267404 168000
14 289532 145581
15 157696 246064
16 339244 263742
17 310294 159177
18 253612 230160
19 372929 315350
20 335648 195040
21 243112 151020
22 162854 269322
23 136105 262033
24 213454 230052
25 143513 265488
26 207189 232428
27 203073 272357
28 247950 287736
29 86860 223948
30 151265 142712
31 77180 194400
32 351477 168494
33 332694 207187
34 149233 240984
35 303366 225998
36 374700 242600
37 97718 292885
38 91506 236238
39 77593 312666
40 232044 183700
41 305801 159455
42 308365 124441
43 293360 93275
44 72054 156305
45 140154 186352
46 126797 134852
47 115005 163663
48 297390 104950
49 173996 241266
50 150836 212450
51 233287 368586
52 106670 284270
53 81890 325570
54 50398 221362
55 86515 146565
56 93707 255596
57 49753 204050
58 97884 180472
59 137140 275305
60 264287 238466
61 392012 236250
62 55386 263342
63 395368 182107
64 395350 247800
65 384022 244840
66 397533 187420
67 361128 285455
68 143706 340655
69 404260 251320
70 102137 279683
71 60260 254935
72 157351 371560
73 175074 285081
74 91185 254506
75 165775 356048
76 52447 318828
77 57190 214151
78 397269 207944
79 17255 289240
80 424223 197347
81 411593 256987
82 421338 261080
83 222001 347200
84 197847 310352
85 89851 342104
86 180355 313084
87 418458 264929
88 54713 293109
89 403221 265817
90 126364 297123
91 176689 321181
92 168351 395376
93 435480 203000
94 424855 269640
95 105090 321233
96 416697 192920
97 427253 279440
98 430312 273933
99 358429 228968
100 282826 263117
101 334298 254321
102 402590 306298
103 354859 295769
104 384066 345240
105 376865 267400
106 264260 150684
107 324565 149563
108 313044 133000
109 430236 156353
110 349527 286011
111 318231 297431
112 322921 294576
113 429813 317415
114 348404 347021
115 401464 396025
116 383244 373728
117 397913 392991
118 439334 357400
119 366183 401752
120 339219 357700
121 353914 397517
122 309183 402661
123 296712 380882
124 389120 111094
125 451859 82023
126 463101 91995
127 324213 126861
128 358542 102573
129 432547 203296
130 402964 89230
131 415981 137229
132 392628 147997
133 431581 223758
134 379917 134014
135 279055 96200
136 211987 58655
137 213136 50385
138 237668 57005
139 381866 174513
140 377884 171266
141 275357 4200
142 271446 7000
143 412604 341040
144 428531 343000
145 451313 351400
146 441484 357560
147 449096 362600
148 465576 368200
149 419520 342600
150 441560 345450
151 439327 342300
152 444600 351400
153 460636 356160
154 451896 367360
155 455402 376200
156 451174 385560
157 468207 357700
158 438567 398300
159 467231 372555
160 452453 397133
161 418829 401036
162 438097 391222
163 425811 392155
164 408038 420800
165 394331 382200
166 413677 383600
167 392682 406700
168 390640 370200
169 379297 415380
170 384668 364600
171 396783 394333
172 378751 365800
173 386602 386400
174 364831 406000
175 368165 367400
176 378100 380450
177 357888 422800
178 371165 387800
179 360430 372960
180 355300 385000
181 346560 386200
182 338057 388500
183 331581 373100
184 324485 387800
185 318923 371000
186 312502 373800
187 302902 377844
188 289678 383425
189 294728 364280
190 420068 352333
191 432385 352600
192 440673 374422
193 433917 381888
194 418705 384200
195 458280 379000
196 432440 411133
197 408983 385000
198 414200 411472
199 406565 391618
200 333174 326875
201 399211 349844
202 430312 336280
203 451487 404950
204 442244 410200
205 347795 367850
206 344736 374920
207 335654 374640
208 306955 363844
209 322850 375200
210 314778 369981
211 228038 429450
212 446270 220966
213 404462 354200
214 440040 336200
215 460180 394333
216 453862 371000
217 398620 368550
218 354150 374242
219 437215 170308
220 389148 9535
221 319920 17958
222 281913 55624
223 341506 122280
224 427040 152716
225 391220 30139
226 296230 74621
227 418090 99101
228 456052 70434
229 414675 25725
230 375754 138503
231 409106 77404
232 410681 68496
233 322970 48507
234 302243 57627
235 480320 119000
236 410819 37669
237 383063 47425
238 469404 173023
239 428830 125954
240 319770 39900
241 328607 35789
242 407899 52200
243 373281 57158
244 307230 70600
245 331041 37388
246 407935 130030
247 318126 68040
248 365328 15260
249 364424 110053
250 295816 18134
251 370448 31633
252 483740 124600
253 303107 328020
254 289145 311690
255 288543 338373
256 305485 338672
257 311346 316555
258 449302 303100
259 460987 289100
260 460417 294000
261 466687 296100
262 455762 297500
263 464312 299600
264 459372 302400
265 464692 308000
266 453007 310100
267 468587 312900
268 459277 311500
269 442462 307300
270 447212 324800
271 452722 329700
272 454527 321300
273 454052 317100
274 462317 322700
275 446357 331100
276 461557 328300
277 462507 317100
278 443412 300300
279 433532 298200
280 447212 283500
281 438852 294700
282 423985 296800
283 446167 289100
284 441322 282800
285 428022 286300
286 435812 285600
287 429257 291200
288 446167 296100
289 452817 286300
290 304131 258694
291 293009 41461
292 292829 31211
293 397741 128562
294 260396 386918
295 273600 342705
296 270249 407303
297 374015 121800
298 229354 278238
299 452380 339133
300 462312 346266
301 57215 246550
302 411160 369400
303 370487 375293
304 238260 278133
305 239343 285880
306 234404 281761
307 199640 264870
308 216973 267026
309 215694 265160
310 204679 268664
311 226755 314187
312 73765 292157
313 84999 299979
314 239482 324146
315 237676 324462
316 227785 323851
317 161806 370819
318 165628 355812
319 166017 370548
320 167757 367838
321 180469 366754
322 186044 356745
323 187576 362090
324 177968 329180
325 183374 367387
326 175161 383464
327 188381 388765
328 190478 389055
329 184526 385812
330 186806 367748
331 197193 366848
332 196807 373510
333 200241 353658
334 292328 363400
335 419174 234054
336 439811 230425
337 436135 240660
338 424080 220200
339 459660 244852
340 459999 137926
341 471627 218400
342 471307 220826
343 461852 208040
344 260951 79933
345 263895 85615
346 199192 54600
347 250760 34115
348 467888 190482
349 437077 211758
350 431571 217400
351 228523 17217
352 201153 24126
353 453132 253145
354 475280 249568
355 480700 243600
356 476682 231900
357 264244 130466
358 227188 93182
359 338276 414680
360 446880 357000
361 152510 140
362 149150 140
363 490360 182700
364 490360 167020
365 490360 169260
366 490360 144620
367 490360 170380
368 490360 159180
369 490360 164780
370 490360 168140
371 490360 171500
372 490360 162540
373 490360 183820
374 490360 172620
375 490360 160300
376 490360 178220
377 490360 180460
378 490360 177100
379 490360 184940
380 490360 179340
381 490360 165900
382 490360 173740
383 490360 174860
384 490360 175980
385 490360 181580
386 490360 163660
387 274590 140
388 151390 140
389 490360 303660
390 490360 313740
391 490360 301420
392 490360 302540
393 490360 338380
394 280190 441710
395 272350 441710
396 192830 441710
397 490360 293580
398 490360 323820
399 150270 140
400 275710 140
401 490360 332780
402 490360 294700
403 490360 333900
404 490360 315980
405 490360 337260
406 293630 441710
407 490360 300300
408 490360 336140
409 490360 326060
410 261150 441710
411 490360 335020
412 490360 295820
413 368670 441710
414 279070 441710
415 372030 441710
416 490360 296940
417 490360 298060
418 300350 140
419 490360 299180
420 195070 441710
421 256670 441710
422 264510 441710
423 251070 441710
424 246590 140
425 239870 140
426 196190 441710
427 205150 441710
428 267870 441710
429 253310 441710
430 210750 441710
431 214110 441710
432 255550 140
433 220830 441710
434 209630 441710
435 235390 441710
436 262270 441710
437 211870 441710
438 258910 441710
439 201790 441710
440 200670 441710
441 257790 441710
442 233150 441710
443 215230 441710
444 238750 441710
445 266750 441710
446 265630 441710
447 202910 441710
448 237630 441710
449 193950 441710
450 230910 441710
451 263390 441710
452 260030 441710
453 212990 441710
454 208510 441710
455 253310 140
456 234270 441710
457 218590 441710
458 247710 140
459 243230 140
460 239870 441710
461 198430 441710
462 247710 441710
463 226430 441710
464 236510 441710
465 197310 441710
466 223070 441710
467 224190 441710
468 248830 441710
469 219710 441710
470 255550 441710
471 246590 441710
472 204030 441710
473 227550 441710
474 207390 441710
475 225310 441710
476 199550 441710
477 249950 441710
478 228670 441710
479 254430 441710
480 232030 441710
481 216350 441710
482 217470 441710
483 221950 441710
484 206270 441710
485 242110 441710
486 243230 441710
487 240990 441710
488 245470 441710
489 244350 441710
490 229790 441710
491 252190 441710
492 249950 140
493 279070 140
494 271230 140
495 360830 140
496 490360 122220
497 490360 105420
498 490360 106540
499 490360 75180
500 490360 109900
501 490360 119980
502 490360 100940
503 490360 86380
504 490360 88620
505 490360 87500
506 490360 96460
507 490360 112140
508 490360 89740
509 490360 79660
510 490360 115500
511 490360 118860
512 490360 97580
513 490360 95340
514 490360 85260
515 490360 90860
516 490360 121100
517 347390 140
518 490360 108780
519 490360 107660
520 490360 83020
521 490360 99820
522 368670 140
523 365310 140
524 358590 140
525 490360 125580
526 490360 117740
527 148030 140
528 490360 258860
529 490360 231980
530 490360 249900
531 490360 254380
532 490360 242060
533 490360 248780
534 490360 247660
535 490360 240940
536 490360 246540
537 490360 252140
538 146910 140
539 490360 244300
540 490360 257740
541 490360 234220
542 490360 243180
543 490360 236460
544 490360 251020
545 490360 245420
546 490360 233100
547 490360 238700
548 490360 237580
549 490360 208460
550 490360 219660
551 490360 214060
552 490360 226380
553 490360 230860
554 490360 253260
555 490360 235340
556 490360 239820
557 490360 255500
558 490360 256620
559 260030 140
560 272350 140
561 237630 140
562 214110 140
563 221950 140
564 206270 140
565 240990 140
566 233150 140
567 244350 140
568 242110 140
569 232030 140
570 199550 140
571 192830 140
572 227550 140
573 184990 140
574 177150 140
575 193950 140
576 186110 140
577 178270 140
578 228670 140
579 212990 140
580 220830 140
581 207390 140
582 245470 140
583 172670 140
584 235390 140
585 248830 140
586 195070 140
587 171550 140
588 173790 140
589 200670 140
590 174910 140
591 170430 140
592 226430 140
593 270110 140
594 267870 140
595 490360 78540
596 490360 102060
597 490360 80780
598 490360 76300
599 490360 104300
600 490360 114380
601 490360 113260
602 490360 84140
603 490360 93100
604 490360 94220
605 490360 111020
606 490360 91980
607 490360 98700
608 490360 116620
609 490360 103180
610 490360 77420
611 355230 140
612 490360 81900
613 357470 140
614 273470 140
