0 345883 154504
1 251485 142254
2 275514 237272
3 269819 199966
4 260726 165057
5 258709 144968
6 210145 83189
7 320461 165810
8 205697 187311
9 177464 186974
10 219300 355243
11 235951 399840
12 250453 391200
13 266650 229812
14 281600 252115
15 312789 238215
16 341775 225400
17 313763 265042
18 332068 232507
19 210863 175462
20 331255 259433
21 334575 241888
22 270294 258720
23 164680 326933
24 159509 332380
25 295038 300902
26 288863 205800
27 153646 186166
28 179557 132623
29 252119 194522
30 164000 140250
31 253930 194027
32 153920 127916
33 315657 175622
34 170430 153427
35 171891 74630
36 102030 143309
37 348359 314670
38 283163 272860
39 251821 148400
40 228079 276033
41 233928 245080
42 140137 90210
43 260835 125024
44 330977 303311
45 276127 334356
46 172811 83440
47 317610 118521
48 145166 37980
49 157406 108563
50 174343 115658
51 318393 214729
52 267360 213416
53 358388 271052
54 363683 250075
55 283907 146650
56 283500 64300
57 245526 131133
58 172368 154168
59 265609 67540
60 289757 106262
61 273023 102779
62 252682 107647
63 336519 128046
64 387946 268770
65 215849 179302
66 244197 167650
67 77830 225105
68 84043 233375
69 157733 170860
70 240274 326153
71 112839 111356
72 193878 100388
73 223635 60760
74 264501 77890
75 239859 61483
76 116790 113837
77 201192 53327
78 102610 63466
79 204326 40413
80 311745 260152
81 140094 120904
82 211688 138539
83 274771 265830
84 281231 347900
85 74366 54600
86 115317 86303
87 339978 345352
88 94982 119000
89 267900 345912
90 272606 336969
91 326304 330339
92 180179 42902
93 269596 353427
94 206011 335994
95 261733 357000
96 110460 181066
97 148655 103891
98 77054 72212
99 155990 150570
100 169387 153967
101 166862 82102
102 99014 205728
103 93940 152351
104 156674 74590
105 93464 56767
106 46797 96173
107 311259 341262
108 256092 366600
109 82622 72122
110 224202 316080
111 162415 62236
112 231309 285697
113 98447 121933
114 251472 374123
115 76676 99050
116 294252 343852
117 249169 375200
118 241817 369755
119 46540 136780
120 107296 83339
121 236502 376180
122 242073 310070
123 141272 131061
124 124294 158257
125 74260 124169
126 22525 154233
127 85810 143790
128 308221 358210
129 235191 358680
130 245722 363222
131 102866 143780
132 57179 133080
133 317388 344500
134 246918 346000
135 240742 351213
136 53420 150027
137 225812 212232
138 222642 194226
139 219531 188120
140 246364 292028
141 181353 358527
142 213650 348452
143 187150 362040
144 252624 340200
145 265134 326200
146 362545 300957
147 368220 285880
148 391374 303418
149 348056 260837
150 345114 287121
151 415899 292444
152 197571 314020
153 222177 375776
154 165273 379593
155 128278 309400
156 72879 353918
157 72367 348495
158 199714 405440
159 56058 327155
160 170986 339379
161 68672 298702
162 50590 326013
163 45790 308066
164 14364 313040
165 23618 312200
166 430420 299755
167 483284 299040
168 490126 303369
169 477129 311910
170 494359 320800
171 477470 305480
172 457062 311500
173 400159 292880
174 357858 357900
175 446426 296261
176 427955 341695
177 332808 403900
178 376649 358845
179 414073 331333
180 323905 398505
181 398667 214200
182 394247 167230
183 415206 171937
184 347179 317733
185 350383 340200
186 514472 192500
187 509580 191800
188 130250 349037
189 130454 364560
190 131385 380450
191 118180 391400
192 106704 385000
193 101080 380800
194 95988 387800
195 130171 372244
196 121932 383950
197 130197 386400
198 106257 381500
199 98546 388733
200 89408 379800
201 93100 370300
202 110105 396900
203 100374 399400
204 72675 373100
205 91010 397950
206 50112 367850
207 65360 391650
208 65664 391720
209 34516 359800
210 49128 385800
211 52440 393866
212 28331 363844
213 38712 380450
214 37620 388266
215 44812 359400
216 24157 352200
217 27423 379866
218 42180 347738
219 24953 344244
220 10640 349800
221 62108 343622
222 8631 334200
223 12413 362911
224 82792 343700
225 12431 329000
226 7885 346850
227 84094 336840
228 19597 324200
229 25602 338100
230 80391 330555
231 62428 334200
232 81078 319836
233 93425 326200
234 104331 300066
235 96947 317100
236 95418 283080
237 87476 308280
238 86450 301000
239 77628 281800
240 78964 288120
241 70157 289100
242 56936 287466
243 34466 282800
244 45382 287000
245 35213 288866
246 15932 303800
247 22610 294000
248 17147 290850
249 120460 366333
250 97533 371000
251 84034 372600
252 79040 362600
253 66626 361666
254 79116 396760
255 45057 364600
256 19418 372960
257 186065 313366
258 156003 306986
259 115710 345450
260 112353 376133
261 72254 379800
262 83093 389666
263 59128 385560
264 71578 400272
265 67089 390040
266 30400 387800
267 72896 316866
268 105513 330400
269 96357 307400
270 83030 294933
271 57126 282800
272 92027 288800
273 89300 289800
274 81482 293400
275 400769 208250
276 394915 231000
277 116660 356200
278 89680 385000
279 89148 373240
280 53770 381266
281 383224 374344
282 443070 257351
283 479525 194192
284 481840 247800
285 468485 263038
286 414824 228333
287 454663 197882
288 400478 229660
289 415691 283360
290 498986 356658
291 498442 202400
292 465766 277480
293 388543 315772
294 469345 347144
295 474256 343060
296 461305 332290
297 367408 341218
298 415439 339800
299 475076 267960
300 463773 272086
301 445022 214200
302 416208 237000
303 386840 413000
304 475000 279533
305 482439 319287
306 375897 335300
307 500438 211400
308 439517 266233
309 404510 245233
310 450342 224135
311 400558 251384
312 377756 382378
313 476744 368657
314 498252 219533
315 372970 365400
316 481555 276733
317 503780 275800
318 462099 221760
319 418728 252466
320 499928 230338
321 175108 272300
322 500684 358018
323 474402 229716
324 428173 254672
325 510188 266280
326 502070 271666
327 417601 337761
328 415305 242963
329 511353 260866
330 510036 256200
331 472323 209631
332 433575 306395
333 506793 243133
334 443460 194707
335 387600 413000
336 512366 250600
337 143450 325733
338 151706 276818
339 119960 273442
340 142832 275800
341 153682 275600
342 145751 288866
343 204297 390600
344 199072 396900
345 193087 397600
346 183492 392000
347 175417 390600
348 176462 397600
349 184537 396900
350 170857 402500
351 167152 389900
352 165252 403200
353 168577 396900
354 190997 380100
355 159457 392700
356 148152 385000
357 147962 389200
358 158127 389200
359 160882 399700
360 146347 392700
361 146157 398300
362 151192 400400
363 177602 385000
364 176557 378000
365 210567 389200
366 182922 382900
367 184901 373800
368 197457 385000
369 206862 378000
370 206102 382900
371 213417 382900
372 198122 378700
373 188812 388500
374 196412 391300
375 240818 275700
376 196935 267810
377 199891 247278
378 432117 206780
379 430777 237533
380 463980 242200
381 428124 310200
382 81898 261293
383 40959 255521
384 51828 266491
385 262774 298069
386 421249 337184
387 434720 334600
388 384512 233870
389 495520 244066
390 100057 263620
391 179170 214832
392 138151 374733
393 509048 245560
394 137750 386400
395 492465 250169
396 132810 397880
397 130276 397366
398 114278 401986
399 88835 401488
400 70893 366800
401 107833 336381
402 103581 314377
403 97660 296882
404 461003 245933
405 419596 321160
406 494506 253400
407 181928 221441
408 180021 225013
409 178716 209412
410 176795 173320
411 170495 174517
412 181869 179151
413 178302 170986
414 281376 123460
415 139593 218493
416 59430 107955
417 126428 177703
418 125275 222503
419 135552 223720
420 132335 217186
421 38304 185360
422 44246 189437
423 44545 190931
424 44415 183773
425 46239 203746
426 52000 202300
427 54161 201600
428 106528 170754
429 52357 207106
430 45704 194690
431 48122 201358
432 50952 205317
433 49773 190083
434 69799 203280
435 79839 218062
436 78692 210917
437 260734 138866
438 105928 219709
439 151342 282907
440 23614 296600
441 6840 306600
442 414310 361246
443 327306 380706
444 288800 399000
445 288472 391855
446 324583 399933
447 343173 393235
448 299060 387800
449 281694 398440
450 327845 365900
451 339672 389200
452 290928 395080
453 279806 385933
454 272840 383133
455 275386 402733
456 356560 398745
457 315809 401800
458 309361 379400
459 343773 400866
460 354286 401800
461 382600 397775
462 369520 400292
463 387448 401240
464 396078 404950
465 400149 200760
466 404130 203000
467 438987 153676
468 433820 183252
469 398878 154544
470 330716 364753
471 295222 366380
472 294477 373800
473 333875 373333
474 301231 382200
475 336001 357400
476 456561 168964
477 415162 160106
478 389223 153363
479 395412 136752
480 276348 406466
481 349766 407925
482 356604 410200
483 320935 409080
484 429337 389248
485 349600 224466
486 354290 229821
487 367843 195720
488 199795 410822
489 183920 409080
490 117230 381150
491 71107 305550
492 47272 303426
493 456030 140
494 451550 140
495 379870 416670
496 380990 416670
497 358590 416670
498 388830 416670
499 366430 416670
500 384350 416670
501 372030 416670
502 369790 416670
503 368670 416670
504 383230 416670
505 375390 416670
506 359710 416670
507 374270 416670
508 351870 416670
509 350750 416670
510 354110 416670
511 357470 416670
512 360830 416670
513 361950 416670
514 363070 416670
515 365310 416670
516 364190 416670
517 356350 416670
518 382110 416670
519 519870 193900
520 453790 140
521 273470 416670
522 140 244300
523 275710 416670
524 367550 416670
525 156990 416670
526 173790 416670
527 169310 416670
528 153630 416670
529 140 239820
530 290270 416670
531 452670 140
532 140 254380
533 281310 416670
534 152510 416670
535 160350 416670
536 303710 416670
537 140 255500
538 288030 416670
539 285790 416670
540 274590 416670
541 293630 416670
542 234270 416670
543 292510 416670
544 338430 416670
545 291390 416670
546 140 238700
547 339550 416670
548 331710 416670
549 286910 416670
550 164830 416670
551 154750 416670
552 226430 416670
553 233150 416670
554 225310 416670
555 235390 416670
556 244350 140
557 227550 416670
558 140 226380
559 140 243180
560 140 253260
561 140 252140
562 140 233100
563 140 229740
564 140 215180
565 140 227500
566 140 216300
567 140 242060
568 140 249900
569 140 220780
570 140 246540
571 140 230860
572 140 235340
573 140 221900
574 140 224140
575 140 217420
576 140 247660
577 140 251020
578 140 248780
579 140 234220
580 140 237580
581 140 228620
582 140 219660
583 140 245420
584 140 240940
585 140 231980
586 140 236460
587 140 223020
588 140 225260
589 140 218540
590 236510 416670
591 239870 416670
592 205150 416670
593 201790 416670
594 210750 416670
595 199550 416670
596 193950 416670
597 192830 416670
598 187230 416670
599 200670 416670
600 217470 416670
601 195070 416670
602 209630 416670
603 218590 416670
604 198430 416670
605 189470 416670
606 184990 416670
607 188350 416670
608 182750 416670
609 211870 416670
610 181630 416670
611 207390 416670
612 177150 416670
613 186110 416670
614 178270 416670
615 179390 416670
616 180510 416670
617 190590 416670
618 196190 416670
619 191710 416670
620 197310 416670
621 204030 416670
622 202910 416670
623 208510 416670
624 235390 140
625 519870 199500
626 519870 191660
627 519870 231980
628 519870 251020
629 519870 263340
630 519870 243180
631 519870 258860
632 401150 416670
633 386590 416670
634 519870 305900
635 519870 309260
636 519870 308140
637 412350 416670
638 519870 267820
639 519870 291340
640 519870 318220
641 519870 302540
642 404510 416670
643 519870 293580
644 519870 313740
645 519870 315980
646 519870 317100
647 519870 312620
648 519870 301420
649 519870 248780
650 519870 284620
651 519870 265580
652 519870 262220
653 519870 244300
654 519870 235340
655 519870 233100
656 519870 259980
657 387710 416670
658 519870 247660
659 450430 140
660 289150 416670
661 277950 416670
662 280190 416670
663 282430 416670
664 279070 416670
665 283550 416670
666 284670 416670
667 276830 416670
668 304830 416670
669 295870 416670
670 454910 140
671 337310 416670
672 332830 416670
673 336190 416670
674 328350 416670
675 340670 416670
676 342910 416670
677 344030 416670
678 329470 416670
679 345150 416670
680 346270 416670
681 330590 416670
682 355230 416670
683 352990 416670
684 310430 416670
685 311550 416670
686 318270 416670
687 302590 416670
688 301470 416670
689 322750 416670
690 321630 416670
691 519870 178220
692 519870 195020
693 519870 153580
694 519870 168140
695 519870 169260
696 519870 154700
697 519870 180460
698 519870 174860
699 519870 179340
700 519870 163660
701 519870 159180
702 519870 144620
703 519870 122220
704 519870 155820
705 519870 128940
706 519870 123340
707 519870 124460
708 519870 125580
709 519870 126700
710 519870 135660
711 519870 127820
712 519870 130060
713 519870 131180
714 519870 181580
715 519870 136780
716 519870 175980
717 519870 182700
718 519870 145740
719 519870 140140
720 519870 134540
721 519870 146860
722 519870 137900
723 519870 139020
724 519870 147980
725 519870 190540
726 519870 187180
727 519870 257740
728 519870 281260
729 519870 300300
730 519870 298060
731 519870 296940
732 519870 294700
733 519870 285740
734 519870 307020
735 519870 310380
736 519870 311500
737 519870 295820
738 519870 314860
739 519870 303660
740 519870 304780
741 519870 292460
742 519870 299180
743 519870 226380
744 519870 261100
745 519870 256620
746 519870 192780
