0 26144 33427
1 30577 35685
2 37322 34106
3 29016 41172
4 25226 37362
5 17817 20037
6 29238 37987
7 32837 33518
8 25157 22812
9 17294 21169
10 24304 21743
11 28665 8922
12 17222 13138
13 34882 18677
14 22221 10023
15 34458 26256
16 23465 11198
17 17262 23198
18 31236 31111
19 20182 30625
20 32848 27233
21 18621 27898
22 60734 37727
23 34363 38872
24 20932 43549
25 33365 43669
26 36685 36116
27 34853 31422
28 28136 20664
29 36756 18190
30 35757 20210
31 34103 8657
32 28248 13733
33 37067 19415
34 35673 20092
35 43330 14971
36 34537 25275
37 24454 17771
38 39649 22406
39 31749 24030
40 43632 19128
41 41973 43260
42 21170 11766
43 16437 10832
44 20097 11237
45 15316 11140
46 11236 15157
47 14542 13395
48 9189 19485
49 19477 18006
50 20213 30342
51 21273 27160
52 22765 29577
53 11316 21205
54 21793 26137
55 26892 20604
56 28553 17274
57 28881 19380
58 45788 44780
59 41042 16397
60 45247 23420
61 55589 21075
62 30849 9007
63 30058 19936
64 38211 9879
65 41040 25857
66 33793 9757
67 21388 47742
68 27291 48756
69 38756 46913
70 37926 45405
71 33602 27020
72 29978 14678
73 22423 12700
74 33589 26366
75 33257 28438
76 32159 28008
77 50958 41379
78 42560 40388
79 38388 7486
80 50911 55866
81 52900 51414
82 44218 18327
83 21787 44657
84 48566 45462
85 60783 42844
86 51434 47209
87 47616 46746
88 49755 44750
89 56044 36129
90 36035 10233
91 45057 17444
92 44818 5521
93 46494 18472
94 47529 6004
95 42484 7030
96 59759 16988
97 59349 18715
98 46267 39467
99 50687 30600
100 50637 23937
101 51938 46746
102 54113 19261
103 55820 24124
104 44701 9137
105 49271 22433
106 35917 8386
107 55222 46796
108 20148 45827
109 34385 24142
110 54779 45318
111 44724 41657
112 5946 32799
113 9299 32936
114 25551 47237
115 35833 47385
116 48856 52185
117 34059 50140
118 68036 46247
119 58013 45175
120 54093 34474
121 64912 29241
122 63693 30018
123 55764 34785
124 69645 32265
125 72846 34890
126 73563 38957
127 41164 59492
128 38228 59518
129 36347 58750
130 40324 57058
131 32303 57962
132 40390 54936
133 25568 54498
134 12136 48918
135 11197 52705
136 4976 52480
137 9430 47073
138 9281 40709
139 11199 40839
140 16524 43776
141 23031 59805
142 22797 60075
143 21861 60075
144 23760 60345
145 65646 32505
146 66786 33383
147 70432 37395
148 72247 36405
149 46124 39680
150 11522 43591
151 53499 38089
152 55098 44145
153 54456 39555
154 54095 39099
155 57105 30746
156 67428 26505
157 63291 30105
158 70886 35042
159 74176 37107
160 71858 39979
161 72238 39555
162 59072 32650
163 59326 31956
164 61893 25740
165 60993 28185
166 67764 27135
167 64270 31016
168 11463 33643
169 26634 52825
170 38316 55231
171 45329 55270
172 40297 57166
173 58865 57012
174 59523 51376
175 43239 51864
176 36909 60345
177 43497 60345
178 33873 56590
179 22059 54993
180 61344 58798
181 63456 52993
182 53301 58153
183 36909 60075
184 37071 59265
185 34892 53693
186 55721 49280
187 63455 50417
188 63695 55973
189 37881 58725
190 40328 52024
191 36585 60345
192 28470 50469
193 29984 50058
194 44199 60075
195 51076 58865
196 35100 48465
197 13863 48840
198 16767 49129
199 16083 46805
200 22680 52061
201 28488 52032
202 24570 56434
203 19544 55751
204 18789 57300
205 16623 53797
206 21092 40572
207 31360 47862
208 60507 47101
209 62739 47025
210 64102 48538
211 65667 46766
212 66872 48735
213 61992 46890
214 71635 43460
215 70968 44537
216 69080 42390
217 72133 42093
218 44215 34393
219 38157 35413
220 12629 32503
221 60043 33885
222 61202 32599
223 62850 33583
224 64715 34360
225 66255 34695
226 67426 35038
227 68303 35201
228 68683 37395
229 70282 38559
230 70900 38976
231 74099 39940
232 8245 49773
233 11108 53166
234 10759 53365
235 7515 48885
236 7351 51083
237 7317 49864
238 11332 39591
239 6953 36929
240 3938 38317
241 10083 45038
242 6297 44985
243 9822 39562
244 3458 39009
245 5521 40001
246 4393 44451
247 3053 52101
248 2991 49707
249 4222 49221
250 4244 49869
251 3002 49059
252 3034 48519
253 4384 48519
254 3553 46899
255 2926 46953
256 4060 47817
257 4644 47115
258 5356 47817
259 5767 47169
260 16479 37450
261 63727 27327
262 62424 26865
263 74300 30712
264 72086 34270
265 71230 33345
266 70412 34627
267 69891 34077
268 55219 33840
269 64732 27540
270 65450 29079
271 64704 28215
272 66198 25725
273 64923 25755
274 65748 29796
275 69282 28875
276 61182 26955
277 67356 26415
278 64800 28383
279 66447 28620
280 67584 29733
281 69147 27675
282 69444 26696
283 72704 37968
284 68804 36247
285 65448 28935
286 73695 29805
287 58212 31626
288 68040 28260
289 62217 27855
290 59647 30728
291 60675 30015
292 59172 28369
293 68647 33277
294 68575 30960
295 67999 31050
296 70760 28046
297 72579 32872
298 63525 25488
299 66936 30003
300 67649 31135
301 57567 28957
302 60547 26662
303 72703 31532
304 67824 33021
305 56156 33480
306 55938 32211
307 71755 35775
308 56715 32612
309 66228 29385
310 57412 34188
311 69382 33615
312 69980 31532
313 69471 29610
314 72027 28710
315 61875 29205
316 72324 34245
317 74307 32496
318 59940 28053
319 56394 31275
320 57826 32843
321 70863 36700
322 71882 30483
323 72247 36495
324 63334 27829
325 71479 32062
326 73798 35890
327 55126 33345
328 62660 30240
329 70659 29328
330 68169 33669
331 70782 32072
332 70736 30375
333 72352 30760
334 71932 37575
335 59580 27360
336 58131 30861
337 58761 29160
338 56937 34587
339 57623 34911
340 74516 33446
341 74327 34121
342 58620 27825
343 58419 34695
344 23881 60210
345 53900 29565
346 74639 3452
347 74925 42795
348 74763 35775
349 77166 3756
350 77166 3468
351 35916 62524
352 35820 62524
353 33420 62524
354 39564 62524
355 33996 62524
356 39468 62524
357 33324 62524
358 37548 62524
359 36780 62524
360 36588 62524
361 37644 62524
362 35436 62524
363 36204 62524
364 36492 62524
365 35724 62524
366 35148 62524
367 36396 62524
368 36684 62524
369 36876 62524
370 36012 62524
371 36108 62524
372 36300 62524
373 35340 62524
374 35532 62524
375 23340 62524
376 77166 3660
377 77166 42156
378 77166 44844
379 77166 30732
380 77166 45612
381 77166 36492
382 77166 44652
383 41676 62524
384 77166 45324
385 77166 31020
386 77166 44940
387 77166 3564
388 77166 40044
389 77166 45036
390 77166 39948
391 77166 45516
392 77166 35724
393 77166 46476
394 77166 38028
395 77166 46860
396 77166 44268
397 77166 46668
398 77166 39468
399 55212 62524
400 77166 45228
401 77166 43500
402 77166 44556
403 77166 45132
404 31884 62524
405 38412 62524
406 77166 38124
407 77166 45420
408 77166 31212
409 41484 62524
410 42828 62524
411 42348 62524
412 42 32460
413 32844 42
414 42 32172
415 42 31980
416 42 31308
417 42 31404
418 42 33036
419 42 33516
420 42 34668
421 42 32364
422 42 35052
423 42 31788
424 42 30924
425 29004 62524
426 42 31212
427 42 32748
428 42 33708
429 42 34572
430 42 32268
431 42 33900
432 42 31020
433 42 30540
434 42 30636
435 42 32844
436 42 31596
437 42 33612
438 42 34764
439 42 31500
440 42 31116
441 42 32940
442 42 33420
443 42 34476
444 42 32076
445 42 34380
446 42 31884
447 42 31692
448 48012 42
449 49356 42
450 77166 29868
451 48876 42
452 77166 28812
453 77166 29964
454 46572 42
455 46476 42
456 46860 42
457 48588 42
458 77166 29580
459 77166 30348
460 77166 28428
461 77166 28236
462 77166 29100
463 45612 42
464 77166 30156
465 77166 30252
466 47916 42
467 77166 29292
468 77166 28332
469 77166 28524
470 49644 42
471 77166 29196
472 47820 42
473 77166 29772
474 77166 27660
475 77166 28140
476 77166 29388
477 77166 29484
478 77166 28908
479 77166 29676
480 33228 62524
481 26508 62524
482 21804 62524
483 42156 62524
484 42732 62524
485 37068 62524
486 43212 62524
487 42540 62524
488 39852 62524
489 42444 62524
490 39084 62524
491 37836 62524
492 38796 62524
493 38892 62524
494 43116 62524
495 37356 62524
496 39372 62524
497 38988 62524
498 39660 62524
499 40428 62524
500 38604 62524
501 40716 62524
502 39948 62524
503 38508 62524
504 40812 62524
505 43020 62524
506 41868 62524
507 42636 62524
508 37260 62524
509 43404 62524
510 41292 62524
511 44940 62524
512 41100 62524
513 41388 62524
514 42252 62524
515 77166 3372
516 42 51276
517 42 52044
518 42 51948
519 42 52236
520 42 51468
521 42 51660
522 42 52332
523 42 49548
524 42 51180
525 42 48876
526 77166 3276
527 42 52428
528 42 51372
529 42 52140
530 42 51564
531 42 51852
532 42 50412
533 42 49644
534 42 48684
535 42 47820
536 42 47916
537 42 46668
538 42 46188
539 42 45996
540 42 47628
541 42 46956
542 42 47052
543 42 46860
544 42 51084
545 42 50508
546 42 50796
547 42 40524
548 42 46284
549 42 38316
550 42 39276
551 42 38988
552 42 39852
553 42 38028
554 42 37644
555 42 37740
556 42 40716
557 42 41484
558 42 41868
559 42 42444
560 42 38220
561 42 42348
562 42 42252
563 42 42156
564 42 42060
565 42 41964
566 42 41772
567 42 41676
568 42 41580
569 42 41388
570 42 41292
571 42 38124
572 42 40428
573 42 41196
574 42 36108
575 42 36684
576 42 35724
577 42 35628
578 42 38892
579 42 37068
580 42 39756
581 42 45900
582 42 45132
583 36972 62524
584 38220 62524
585 40524 62524
586 39756 62524
587 38700 62524
588 41196 62524
589 41004 62524
590 37932 62524
591 39276 62524
592 37740 62524
593 37164 62524
594 38028 62524
595 38316 62524
596 40332 62524
597 40908 62524
598 39180 62524
599 33132 62524
600 37452 62524
601 35628 62524
602 22860 62524
