0 56032 28837
1 59367 24144
2 57419 27678
3 59495 26667
4 65099 25103
5 59964 22121
6 37362 18422
7 59390 25933
8 56723 43190
9 42605 25870
10 21841 34117
11 23868 18972
12 25815 32631
13 20672 20673
14 27845 29390
15 48602 31551
16 49231 31718
17 23865 29759
18 23667 26026
19 37800 16167
20 52926 25569
21 40647 33802
22 40810 17224
23 45796 37176
24 42530 25603
25 37440 28498
26 72479 44721
27 63767 28444
28 67541 15855
29 70041 21772
30 39320 26622
31 31656 29659
32 23328 31540
33 36508 31590
34 33676 39054
35 48671 31522
36 68343 38494
37 43188 31375
38 37110 30038
39 38200 38916
40 69767 25096
41 77753 30300
42 25845 23355
43 21652 23573
44 23061 24132
45 22043 24396
46 29567 21101
47 26176 16035
48 34504 21043
49 36491 27233
50 34293 19279
51 41199 20363
52 35933 23046
53 44331 20458
54 39005 21799
55 46281 20854
56 36853 24085
57 34783 26296
58 67124 20558
59 64965 31957
60 36458 33039
61 36177 40311
62 37341 28901
63 35280 47724
64 22391 29571
65 39640 28558
66 39292 33190
67 38138 51257
68 25071 32587
69 20731 42519
70 52195 33799
71 46301 28868
72 25134 27973
73 71902 14376
74 74180 20269
75 84067 24007
76 82953 25965
77 46040 32602
78 35979 21160
79 28784 29059
80 25391 21810
81 45942 27341
82 50815 31501
83 51618 31131
84 22094 32405
85 42682 30400
86 65119 36487
87 39073 28888
88 69385 29778
89 21448 35170
90 91350 27048
91 86288 32007
92 66794 20243
93 66477 33450
94 60866 33111
95 35861 35632
96 72824 40207
97 65606 35477
98 60069 38022
99 37130 44603
100 37144 39695
101 35019 35972
102 36110 39381
103 33239 43823
104 18612 41846
105 18961 43148
106 39932 51811
107 71657 34665
108 63550 34372
109 46518 42230
110 61025 34386
111 60399 31908
112 43897 48282
113 48672 47640
114 51223 42940
115 23581 36897
116 19444 33774
117 49964 32768
118 59010 36816
119 67003 13695
120 48628 34415
121 61454 37205
122 64744 30047
123 54009 52658
124 55476 47931
125 75462 16805
126 81886 23400
127 85736 26221
128 85052 21430
129 82278 40476
130 64412 45347
131 76518 51194
132 69418 53367
133 69704 53261
134 63870 47505
135 54226 45369
136 80874 51651
137 85887 51916
138 87136 48233
139 89596 20599
140 89832 5253
141 87930 3894
142 88140 5919
143 90950 4559
144 88475 15442
145 84861 6519
146 86589 3150
147 83461 11472
148 72895 7855
149 76848 11510
150 64289 8608
151 72706 3025
152 61716 5991
153 56899 9240
154 54261 9188
155 63201 12883
156 59319 2835
157 61173 4455
158 60345 2835
159 72528 50017
160 76001 49612
161 76865 49545
162 84672 48411
163 86207 48002
164 70456 33345
165 59020 8330
166 57260 40895
167 60507 39195
168 59638 40998
169 60220 43520
170 59933 52076
171 71640 53370
172 68495 51101
173 82458 49660
174 88212 50295
175 86296 45990
176 86396 46343
177 60391 48773
178 60946 50162
179 67449 54135
180 64948 53055
181 72644 52588
182 71768 49815
183 55185 50748
184 83868 18451
185 96082 14101
186 94822 16232
187 96213 13859
188 95094 31239
189 91439 35216
190 93619 16030
191 86067 31650
192 85995 2835
193 86751 2835
194 92535 24815
195 78906 7007
196 98477 33155
197 94005 37376
198 95781 24553
199 86589 2835
200 93620 10325
201 93251 10381
202 84445 33307
203 86157 2835
204 79002 7587
205 87500 36939
206 82731 15179
207 90583 39222
208 98874 28997
209 92523 16126
210 86373 3915
211 94237 28020
212 86589 2565
213 81428 17940
214 82255 17423
215 90585 2565
216 79546 21955
217 71067 10996
218 74652 10711
219 70397 10078
220 64222 14415
221 65554 10861
222 83090 19015
223 87580 15858
224 83467 8215
225 82686 6465
226 81566 10822
227 61180 17445
228 69427 39825
229 79394 36229
230 82822 38340
231 82531 37793
232 83889 38455
233 79451 38769
234 78484 38216
235 80883 37305
236 85687 42393
237 83464 43273
238 81830 43914
239 87737 42531
240 75470 31583
241 77941 26116
242 54879 51778
243 62800 48091
244 66660 49260
245 68112 48937
246 69688 48718
247 74201 48532
248 78792 48903
249 80924 48735
250 83415 48047
251 49066 30890
252 83926 47115
253 85743 46215
254 88335 46125
255 88371 46791
256 66831 6129
257 73791 5554
258 71561 5689
259 74230 6495
260 65757 6495
261 70402 7020
262 68113 6048
263 50475 10347
264 47613 7789
265 55693 3680
266 47250 5482
267 57620 7188
268 56918 4639
269 52899 7273
270 45829 3429
271 48519 4259
272 70947 3384
273 66733 2781
274 65361 3753
275 66787 3861
276 66463 2835
277 65340 3159
278 64908 2781
279 63860 3699
280 63212 3105
281 63396 2673
282 61732 3699
283 61840 2943
284 61830 2943
285 55981 14742
286 68958 52052
287 67399 52707
288 83427 54795
289 84105 51087
290 82960 51806
291 81709 49815
292 80604 49635
293 63540 48465
294 70668 51750
295 71239 50625
296 69805 51759
297 70983 53392
298 69346 54168
299 76563 54135
300 65602 53942
301 71808 54597
302 72216 51390
303 73744 51242
304 75469 51795
305 74007 53271
306 75160 53016
307 73494 53479
308 85660 48789
309 83445 49506
310 73149 51232
311 82210 54495
312 61325 50058
313 74412 54443
314 65433 52343
315 61553 51705
316 62451 52008
317 61637 51357
318 63763 52299
319 62925 52935
320 78208 49950
321 77775 51435
322 77913 51885
323 69696 53370
324 76092 53835
325 84028 52605
326 68299 54067
327 76005 51782
328 76861 52206
329 60611 54289
330 65610 53903
331 82927 53055
332 63223 49545
333 63706 48802
334 59902 48573
335 74658 51396
336 64702 48633
337 79364 50046
338 79330 51930
339 77832 54405
340 73987 49583
341 77526 53730
342 67286 52272
343 85030 50895
344 84695 54270
345 86880 49707
346 59562 50850
347 60719 48272
348 84402 49429
349 79794 53842
350 81546 53115
351 85239 49329
352 81994 51660
353 87530 52751
354 61375 48375
355 78867 53088
356 80707 52245
357 80691 54443
358 86797 50586
359 86076 50940
360 66146 51232
361 64476 54405
362 60431 51921
363 84904 47317
364 61803 53479
365 62842 53932
366 64918 48087
367 65680 47331
368 85617 53247
369 86558 53016
370 62649 54495
371 66096 47700
372 60250 2835
373 52689 46927
374 80729 47707
375 83457 52245
376 88128 48645
377 63747 54675
378 63315 54675
379 8556 42
380 8268 42
381 73836 42
382 73644 42
383 74028 42
384 72876 42
385 75372 42
386 73548 42
387 74796 42
388 72684 42
389 74988 42
390 72972 42
391 75084 42
392 73740 42
393 74700 42
394 73068 42
395 74220 42
396 74892 42
397 72588 42
398 72780 42
399 74508 42
400 74412 42
401 74124 42
402 72492 42
403 73932 42
404 71916 42
405 59916 42
406 8460 42
407 54732 42
408 57228 57755
409 55020 42
410 53676 42
411 65388 57755
412 54060 42
413 55692 42
414 55404 42
415 53964 42
416 53580 42
417 8364 42
418 54636 42
419 54252 42
420 54828 42
421 53772 42
422 62604 57755
423 59820 42
424 64044 57755
425 72012 42
426 72300 42
427 72396 42
428 54444 42
429 72108 42
430 72204 42
431 56940 57755
432 54540 42
433 57036 57755
434 61740 42
435 71532 42
436 63468 57755
437 55596 42
438 53100 57755
439 54636 57755
440 53196 57755
441 53484 57755
442 54924 42
443 51948 42
444 48972 57755
445 55596 57755
446 51372 42
447 49644 57755
448 50124 42
449 52140 42
450 54444 57755
451 49740 42
452 55500 57755
453 55692 57755
454 51564 42
455 55020 57755
456 49452 57755
457 49548 57755
458 52236 42
459 54156 57755
460 49548 42
461 54252 57755
462 55884 57755
463 50796 57755
464 49260 57755
465 49356 57755
466 55788 57755
467 52332 42
468 54732 57755
469 52140 57755
470 50220 57755
471 50028 57755
472 53004 57755
473 54828 57755
474 49644 42
475 54348 57755
476 52812 42
477 52524 42
478 50124 57755
479 52620 57755
480 51084 57755
481 52332 57755
482 51660 57755
483 52908 57755
484 50316 57755
485 49932 57755
486 49740 57755
487 52044 57755
488 51852 57755
489 52236 57755
490 49836 57755
491 50892 57755
492 51372 57755
493 50508 57755
494 50604 57755
495 49164 57755
496 50412 57755
497 51468 57755
498 49068 57755
499 51180 57755
500 51756 57755
501 51564 57755
502 50700 57755
503 52428 57755
504 51948 57755
505 50988 57755
506 52524 57755
507 51276 57755
508 52812 57755
509 52716 57755
510 55500 42
511 77580 42
512 59628 42
513 85068 42
514 86796 42
515 85644 42
516 86028 42
517 87756 42
518 84300 42
519 89388 42
520 89196 42
521 86412 42
522 87660 42
523 87852 42
524 88428 42
525 85932 42
526 88044 42
527 85836 42
528 89292 42
529 88524 42
530 88140 42
531 87180 42
532 88908 42
533 86220 42
534 85452 42
535 84204 42
536 84972 42
537 84780 42
538 86700 42
539 86892 42
540 87564 42
541 90252 42
542 89004 42
543 84876 42
544 87468 42
545 8172 42
546 73260 42
547 73356 42
548 73164 42
549 74316 42
550 73452 42
551 75180 42
552 75276 42
553 66924 42
554 71436 42
555 65484 42
556 8076 42
557 74604 42
558 69228 42
559 68556 42
560 69612 42
561 67980 42
562 68748 42
563 66348 42
564 66636 42
565 64812 42
566 64428 42
567 62124 42
568 63276 42
569 61836 42
570 62988 42
571 61356 42
572 61452 42
573 61548 42
574 70860 42
575 70956 42
576 71628 42
577 47148 42
578 60780 42
579 44844 42
580 42924 42
581 43020 42
582 45132 42
583 43308 42
584 43116 42
585 45996 42
586 46668 42
587 47820 42
588 47628 42
589 49836 42
590 45228 42
591 50316 42
592 53100 42
593 53004 42
594 52908 42
595 51660 42
596 54348 42
597 55308 42
598 55788 42
599 55116 42
600 52620 42
601 46956 42
602 52044 42
603 51756 42
604 43788 42
605 43884 42
606 44460 42
607 43404 42
608 43212 42
609 43500 42
610 42828 42
611 60972 42
612 60876 42
613 86508 42
614 88620 42
615 88812 42
616 88716 42
617 86316 42
618 85740 42
619 85164 42
620 87276 42
621 87948 42
622 87372 42
623 87084 42
624 86604 42
625 86124 42
626 88236 42
627 89100 42
628 88332 42
629 78252 42
630 86988 42
631 83916 42
632 59532 42
