0 466766 148283
1 372481 125951
2 306819 184248
3 297493 142480
4 362392 124403
5 205185 110061
6 386855 118440
7 394118 80188
8 369442 141664
9 406051 148145
10 295374 98285
11 223257 210977
12 252000 221200
13 367405 158300
14 377663 174030
15 336782 192071
16 390712 191092
17 411833 179581
18 369374 206510
19 389447 197979
20 344723 207442
21 361312 208250
22 347282 177240
23 131564 191046
24 125650 198920
25 274519 215941
26 410117 181820
27 345787 124466
28 241087 107488
29 273111 99141
30 285160 96648
31 290733 134643
32 232488 153145
33 271467 89444
34 367840 73168
35 315925 230670
36 278837 205552
37 348028 119381
38 446550 131800
39 299743 182039
40 269697 62928
41 343189 104939
42 206747 202600
43 260452 46814
44 337098 83253
45 377477 49777
46 242690 69977
47 279611 68376
48 354580 152300
49 384071 219354
50 429799 218680
51 450471 60063
52 405956 90138
53 253669 127458
54 456662 72768
55 388565 113866
56 477470 104511
57 454949 96250
58 428748 106636
59 449617 125912
60 447558 129600
61 410650 228906
62 297488 115558
63 59338 103923
64 221966 116386
65 224248 69102
66 231294 53165
67 434407 74941
68 474935 79350
69 251272 71000
70 404424 67967
71 339720 207760
72 227639 38920
73 271011 91875
74 334438 174562
75 217343 211720
76 268104 67874
77 45164 89916
78 214822 69051
79 188860 210280
80 197015 205584
81 263222 43496
82 280774 238616
83 391966 44352
84 192142 213620
85 163312 190002
86 288470 89950
87 179100 216490
88 175859 111851
89 133175 85400
90 107038 79662
91 205213 105204
92 313321 78828
93 269906 74872
94 126610 72962
95 194665 189266
96 319120 48113
97 182002 65324
98 220427 244028
99 189592 222800
100 344027 46325
101 294183 52188
102 197821 58255
103 181464 227876
104 123840 113252
105 243952 244030
106 169654 227733
107 151672 222911
108 361615 49829
109 162504 225933
110 203752 105200
111 204469 93800
112 182708 92458
113 173065 61052
114 178370 260641
115 130317 61958
116 203870 247476
117 139986 213690
118 144886 221200
119 175777 89907
120 159168 66777
121 212933 252373
122 161405 210300
123 152253 212706
124 274138 179588
125 303033 105880
126 299771 129640
127 290504 117183
128 243745 185526
129 143762 172431
130 86557 163053
131 71413 178898
132 76337 182777
133 171304 204680
134 352977 171111
135 349667 239805
136 374832 234920
137 266177 285904
138 369229 218750
139 345168 224741
140 368007 251832
141 175417 162680
142 33397 162050
143 178718 166950
144 280630 167125
145 98855 206482
146 74722 261047
147 75152 256792
148 91587 268540
149 39480 254294
150 26717 262294
151 64636 212022
152 102922 182118
153 11425 249106
154 53656 232120
155 10477 236000
156 17480 230745
157 369402 266135
158 342380 305494
159 293000 307484
160 327731 299320
161 357467 255054
162 376185 263738
163 178438 287125
164 269805 280146
165 131480 303153
166 313858 274507
167 461937 232400
168 489053 202800
169 486085 207177
170 195312 239507
171 529387 239400
172 522246 237533
173 130568 225960
174 134465 235400
175 131371 258200
176 119003 255266
177 118256 261800
178 110428 268520
179 32996 229444
180 130846 230533
181 127680 245400
182 134791 242200
183 118017 248600
184 122878 258490
185 121220 271000
186 112923 275333
187 108300 261333
188 135375 267750
189 130482 274050
190 79325 281050
191 116897 281750
192 80505 290200
193 92991 290600
194 81320 294000
195 52498 290661
196 67355 297500
197 35384 283705
198 47056 273466
199 54448 300600
200 11058 271600
201 46740 265000
202 26980 271506
203 55480 259000
204 39805 297850
205 39587 260811
206 67893 256666
207 54074 275240
208 66771 250200
209 68336 264600
210 55927 247964
211 83220 259400
212 91833 223066
213 74100 254520
214 85077 239711
215 89571 232200
216 81754 227400
217 69160 221900
218 59707 221900
219 46027 219450
220 36045 217400
221 27930 232750
222 24112 209363
223 27296 214666
224 9120 226333
225 11725 212800
226 119130 239750
227 101514 270200
228 93708 271320
229 86694 275400
230 73466 276111
231 94493 283733
232 102030 287933
233 62130 286066
234 63080 273000
235 33440 287800
236 38874 297640
237 24130 213850
238 159790 163993
239 118505 223000
240 140600 229981
241 141075 238000
242 83220 278600
243 106400 280840
244 75294 283400
245 67678 303800
246 84613 231933
247 96725 250366
248 92625 252000
249 82351 219400
250 66391 214200
251 99021 227733
252 52060 209720
253 37924 210280
254 41420 213150
255 215280 239989
256 455936 227640
257 432123 237300
258 153045 296940
259 115963 227266
260 118512 234500
261 116533 275333
262 99560 251066
263 258035 293688
264 383709 282204
265 504987 286894
266 521740 242200
267 455350 246497
268 432571 290668
269 434979 245254
270 378894 248054
271 262519 312713
272 501631 296418
273 522500 248733
274 339615 252144
275 338255 298047
276 336790 302038
277 314436 297345
278 324675 287254
279 522500 246680
280 492061 262037
281 419330 294000
282 422921 260680
283 300200 315000
284 521106 251533
285 507664 249648
286 358757 290926
287 257194 257512
288 496422 300580
289 489987 251496
290 419805 258600
291 424359 304047
292 423042 259107
293 205144 299133
294 220305 290500
295 514615 259000
296 523766 258066
297 511718 263880
298 426151 282066
299 476153 308687
300 444458 310710
301 446820 264950
302 510448 267666
303 278117 253038
304 454375 262920
305 521664 276360
306 278989 262170
307 513118 275100
308 474343 291912
309 364684 268629
310 499953 235666
311 485631 242836
312 454700 291518
313 330980 317800
314 513988 240520
315 93891 155711
316 76293 148400
317 64140 153336
318 128535 152250
319 105426 147700
320 37857 172900
321 31682 164500
322 39377 165200
323 12112 163800
324 11257 167300
325 9737 171500
326 21913 167533
327 22325 169400
328 9737 177100
329 10972 181300
330 15817 185500
331 30447 182700
332 51632 175000
333 24842 191100
334 29022 195300
335 22182 189000
336 26267 185500
337 48307 189000
338 49542 193900
339 38997 196000
340 37952 191100
341 48687 184800
342 39947 182700
343 31302 179200
344 37002 185500
345 49495 178733
346 41087 178500
347 20567 177100
348 21137 182000
349 17622 171500
350 27692 172200
351 44602 170100
352 53912 170800
353 255317 164013
354 291963 162325
355 436890 286821
356 466121 253145
357 473100 254333
358 397181 277800
359 299720 25139
360 293425 13168
361 243774 13363
362 257119 201052
363 311790 275800
364 429344 241175
365 486653 239400
366 257824 46987
367 121495 137335
368 474240 235666
369 138428 250333
370 133696 279377
371 103794 293600
372 89624 301988
373 78826 299950
374 102845 231164
375 98314 219800
376 58191 215218
377 475506 264600
378 314640 267400
379 493240 259000
380 478814 258896
381 107671 135027
382 111778 140241
383 123150 132638
384 208195 134213
385 214745 138793
386 209950 138310
387 216150 135333
388 111891 124786
389 193254 57600
390 100966 120400
391 109145 122612
392 108065 121426
393 75658 85120
394 75536 89162
395 72101 86558
396 84100 86426
397 82808 83346
398 83849 85050
399 79408 83037
400 110451 108793
401 84733 78866
402 78163 73477
403 65458 70241
404 62090 72172
405 85714 71400
406 89453 77632
407 87520 81106
408 91200 76066
409 393263 103133
410 102986 92987
411 206380 156578
412 80876 154093
413 121315 286300
414 131404 289240
415 158405 288200
416 273901 275268
417 117116 289240
418 116890 296200
419 130373 301486
420 154923 298415
421 143581 308323
422 155420 304360
423 172688 268768
424 176666 299052
425 191829 269720
426 183160 304360
427 188252 302680
428 446391 217666
429 458698 224840
430 520399 189880
431 479120 215084
432 505186 179690
433 151110 267527
434 196799 242500
435 156666 259411
436 175108 256200
437 494639 225285
438 483299 178097
439 519301 178771
440 506626 184800
441 514625 165200
442 105661 315466
443 148724 311331
444 174145 316088
445 137888 309272
446 207678 275511
447 427278 192577
448 456796 177651
449 198132 243320
450 73316 235900
451 47658 233566
452 465717 4200
453 462750 140
454 466110 140
455 187230 322440
456 293630 322440
457 268990 322440
458 372030 322440
459 291390 322440
460 305950 322440
461 254430 322440
462 251070 322440
463 181630 322440
464 267870 322440
465 177150 322440
466 245470 322440
467 182750 322440
468 204030 322440
469 183870 322440
470 215230 322440
471 178270 322440
472 221950 322440
473 226430 322440
474 201790 322440
475 223070 322440
476 212990 322440
477 184990 322440
478 367550 322440
479 534830 253260
480 468350 140
481 140 210700
482 375390 140
483 339550 140
484 368670 140
485 140 208460
486 276830 140
487 246590 322440
488 244350 322440
489 240990 322440
490 140 211820
491 464990 140
492 235390 322440
493 140 217420
494 233150 322440
495 140 212940
496 136830 322440
497 141310 322440
498 140 161420
499 140 216300
500 140190 322440
501 140 215180
502 534830 144620
503 140 214060
504 140 209580
505 534830 139020
506 360830 140
507 534830 142380
508 234270 322440
509 310430 140
510 351870 140
511 349630 140
512 236510 322440
513 239870 322440
514 229790 322440
515 237630 322440
516 534830 150220
517 374270 140
518 300350 140
519 256670 140
520 238750 322440
521 236510 140
522 275710 140
523 277950 140
524 319390 140
525 301470 140
526 314910 140
527 252190 140
528 247710 140
529 316030 140
530 244350 140
531 281310 140
532 293630 140
533 286910 140
534 295870 140
535 303710 140
536 257790 140
537 245470 140
538 237630 140
539 274590 140
540 254430 140
541 279070 140
542 294750 140
543 251070 140
544 246590 140
545 283550 140
546 273470 140
547 288030 140
548 313790 140
549 327230 140
550 376510 140
551 534830 145740
552 224190 322440
553 242110 322440
554 228670 322440
555 219710 322440
556 216350 322440
557 206270 322440
558 202910 322440
559 243230 322440
560 220830 322440
561 227550 322440
562 217470 322440
563 214110 322440
564 218590 322440
565 210750 322440
566 209630 322440
567 208510 322440
568 195070 322440
569 225310 322440
570 196190 322440
571 230910 322440
572 198430 322440
573 193950 322440
574 192830 322440
575 191710 322440
576 190590 322440
577 205150 322440
578 199550 322440
579 200670 322440
580 207390 322440
581 197310 322440
582 211870 322440
583 232030 322440
584 377630 140
585 447070 322440
586 534830 242060
587 449310 322440
588 347390 322440
589 396670 322440
590 391070 322440
591 370910 322440
592 326110 322440
593 302590 322440
594 281310 322440
595 290270 322440
596 272350 322440
597 337310 322440
598 364190 322440
599 265630 322440
600 280190 322440
601 273470 322440
602 327230 322440
603 264510 322440
604 262270 322440
605 248830 322440
606 249950 322440
607 247710 322440
608 300350 322440
609 429150 322440
610 313790 322440
611 403390 322440
612 421310 322440
613 420190 322440
614 430270 322440
615 448190 322440
616 428030 322440
617 331710 322440
618 382110 322440
619 463870 140
620 137950 322440
621 144670 322440
622 128990 322440
623 130110 322440
624 131230 322440
625 143550 322440
626 148030 322440
627 149150 322440
628 159230 322440
629 158110 322440
630 467230 140
631 168190 322440
632 170430 322440
633 173790 322440
634 165950 322440
635 180510 322440
636 162590 322440
637 176030 322440
638 161470 322440
639 186110 322440
640 188350 322440
641 153630 322440
642 179390 322440
643 189470 322440
644 133470 322440
645 134590 322440
646 142430 322440
647 132350 322440
648 139070 322440
649 151390 322440
650 150270 322440
651 534830 228620
652 460510 322440
653 534830 248780
654 534830 245420
655 534830 236460
656 534830 234220
657 534830 244300
658 534830 249900
659 534830 237580
660 534830 238700
661 534830 252140
662 534830 243180
663 534830 188300
664 534830 226380
665 534830 164780
666 534830 163660
667 534830 178220
668 534830 191660
669 534830 172620
670 534830 227500
671 534830 251020
672 534830 246540
673 534830 235340
674 534830 231980
675 534830 189420
676 534830 233100
677 534830 247660
678 534830 187180
679 534830 179340
680 534830 175980
681 534830 182700
682 534830 192780
683 534830 180460
684 534830 230860
685 534830 239820
686 534830 229740
687 417950 322440
688 288030 322440
689 253310 322440
690 252190 322440
691 299230 322440
692 301470 322440
693 312670 322440
694 289150 322440
695 286910 322440
696 292510 322440
697 282430 322440
698 279070 322440
699 284670 322440
700 308190 322440
701 263390 322440
702 261150 322440
703 426910 322440
704 419070 322440
705 425790 322440
706 534830 240940
