0 23443 34695
1 29089 36161
2 41138 36367
3 30898 40472
4 24887 39187
5 15826 22540
6 15464 22943
7 37908 35822
8 28231 37992
9 31995 34531
10 24744 27015
11 25728 24982
12 30412 11233
13 17508 12677
14 28664 17350
15 17582 13377
16 40253 20704
17 28574 11627
18 19845 12794
19 14198 25707
20 28201 31386
21 15286 27887
22 42886 24694
23 24340 28125
24 17000 29189
25 58815 35500
26 34310 38487
27 22846 44172
28 38330 44506
29 27936 25834
30 28944 20518
31 27390 14725
32 34439 20182
33 31732 19886
34 41052 15850
35 31804 20000
36 33062 24514
37 41851 42713
38 22301 22923
39 7250 15833
40 16021 16583
41 6285 17029
42 21450 18131
43 15979 16635
44 24158 31545
45 24995 30889
46 23766 32535
47 25156 31763
48 24646 31540
49 22161 30742
50 26202 31443
51 49917 32393
52 22551 19483
53 30667 21923
54 29194 19375
55 36434 42992
56 47307 44082
57 36647 21129
58 53955 20507
59 28523 10106
60 28026 21176
61 56917 18576
62 34528 9731
63 38589 8428
64 29973 24441
65 39758 20662
66 38539 23551
67 30922 10905
68 27788 13672
69 23916 47889
70 28959 44608
71 41163 47039
72 39600 45900
73 29012 15385
74 20190 16584
75 34293 25117
76 27969 26740
77 26665 14917
78 22261 28102
79 13941 15376
80 20510 23195
81 51397 39744
82 33010 23302
83 43649 40207
84 35949 23868
85 32307 23400
86 34963 8055
87 31666 10549
88 33177 21031
89 33575 20401
90 52540 56687
91 52557 50157
92 26380 50893
93 37045 43960
94 31991 21973
95 23193 45020
96 44806 16026
97 49427 43973
98 56023 41684
99 52954 45992
100 29549 14493
101 51056 43977
102 48480 36887
103 42041 20418
104 37622 19577
105 41701 6522
106 43303 19132
107 48249 15444
108 43778 6904
109 57314 18765
110 44899 22314
111 44734 40671
112 42776 25995
113 31245 23072
114 23748 48378
115 51927 45198
116 35602 27846
117 50514 24287
118 53604 46131
119 49032 45909
120 52249 22267
121 55666 23167
122 40944 9728
123 50097 23555
124 32149 10499
125 32678 11475
126 55612 44974
127 23151 46109
128 38229 29988
129 63509 40385
130 55810 43775
131 46420 40358
132 62807 36570
133 8712 34527
134 12154 34436
135 12246 34485
136 27745 47006
137 38965 47385
138 44215 48055
139 36589 50561
140 66423 44582
141 55313 33394
142 64812 28102
143 67924 30645
144 59524 32859
145 69919 31787
146 73147 33390
147 73629 37000
148 32281 54366
149 44643 58611
150 43345 59661
151 47715 59166
152 43351 57598
153 35761 57142
154 44190 56889
155 41029 59805
156 10486 50127
157 28643 54723
158 35471 54327
159 14104 49916
160 10584 52853
161 12022 47520
162 10806 42757
163 11558 42939
164 18174 45124
165 26379 60345
166 24039 59805
167 25911 59895
168 65385 30705
169 66609 32332
170 70341 35910
171 71490 37584
172 46395 38619
173 53856 36334
174 56286 41850
175 53660 36995
176 52185 36348
177 56335 28822
178 66438 25470
179 62621 28728
180 71334 33692
181 74196 35235
182 68948 35244
183 71550 38151
184 72741 38055
185 58439 30413
186 58671 29912
187 62535 24319
188 60313 26235
189 67374 26257
190 64019 27594
191 15606 35261
192 24632 54495
193 34133 57278
194 34773 58149
195 58409 54937
196 58486 51199
197 41645 52716
198 43245 52131
199 40581 60345
200 44361 59535
201 37046 57505
202 56782 48362
203 60985 57657
204 63115 51579
205 54649 58384
206 41121 60345
207 45316 56044
208 43603 56253
209 31710 49620
210 40581 60075
211 37918 54100
212 54443 48729
213 34281 47730
214 62484 49143
215 63131 55074
216 42633 60345
217 44190 52434
218 54210 55046
219 41283 60345
220 33381 48834
221 46683 60075
222 38462 49005
223 16076 48979
224 20602 44145
225 18201 48912
226 19617 47894
227 25547 52045
228 31269 51492
229 27195 55572
230 21744 56872
231 21534 53565
232 21501 41749
233 59337 42615
234 59940 45560
235 62311 45360
236 62734 47074
237 64704 45669
238 64739 47587
239 61281 45450
240 70280 41754
241 69193 42512
242 68102 40208
243 70778 39939
244 43291 34565
245 38175 36114
246 17606 34171
247 60023 31295
248 60874 29963
249 62526 31465
250 63840 32790
251 65947 33446
252 67629 33851
253 68491 35603
254 34522 27573
255 70105 36742
256 74385 38043
257 14614 52917
258 11826 52937
259 15977 52602
260 11133 49425
261 10393 50438
262 12498 51135
263 8776 50731
264 8476 44175
265 11435 42286
266 6810 41135
267 6745 38800
268 4092 39087
269 9790 46435
270 6424 46770
271 9472 41701
272 3318 40709
273 5090 41733
274 4248 46030
275 6021 51660
276 3186 50247
277 4503 49923
278 3348 49707
279 5486 49977
280 4676 49167
281 3056 49167
282 3423 48735
283 4730 48465
284 3693 48249
285 6069 49221
286 7441 48843
287 8305 48573
288 15972 39473
289 63388 26402
290 62547 25900
291 73215 28545
292 72911 32573
293 72211 32400
294 70716 33345
295 68883 33783
296 58309 32049
297 64050 26932
298 64824 28395
299 65658 25083
300 64773 24203
301 65401 28947
302 60798 24597
303 67442 25177
304 64884 27405
305 66433 30195
306 67457 28523
307 69106 26628
308 68733 25695
309 72042 36435
310 71210 34463
311 65525 28060
312 72394 27906
313 56703 29985
314 68107 27202
315 61168 26145
316 59705 27891
317 58548 29074
318 58983 26633
319 68302 32419
320 68923 30529
321 68202 30420
322 64621 25083
323 69963 26966
324 63523 29989
325 72727 30813
326 63689 24333
327 66763 29295
328 67889 29680
329 57601 26703
330 57226 27675
331 61398 25560
332 72641 29796
333 67608 31887
334 56956 31455
335 57353 31995
336 56565 30375
337 56842 30915
338 65961 28687
339 57223 32636
340 69124 32805
341 69563 31030
342 68634 29193
343 66757 31230
344 69243 28253
345 61657 27641
346 62299 26426
347 73528 32959
348 74223 29989
349 55701 29340
350 57974 30753
351 71094 35196
352 70938 30285
353 71704 29835
354 72765 34772
355 71274 35829
356 63118 26749
357 71507 31686
358 59595 26055
359 74146 33300
360 60309 27495
361 70038 29333
362 70135 32859
363 70906 31455
364 70300 29912
365 71516 28147
366 72666 35865
367 58340 31590
368 59136 25575
369 57601 28809
370 70218 36855
371 58335 27829
372 58333 32737
373 58779 33507
374 74624 30683
375 74300 31927
376 58299 26055
377 73494 33345
378 57447 33390
379 27472 60210
380 52246 29783
381 49199 30406
382 60912 24840
383 74639 6846
384 74763 41445
385 74925 34155
386 77166 6636
387 77166 6924
388 38220 62524
389 38508 62524
390 37356 62524
391 39756 62524
392 39468 62524
393 39660 62524
394 36972 62524
395 40140 62524
396 39180 62524
397 40044 62524
398 39276 62524
399 38412 62524
400 39564 62524
401 39852 62524
402 39372 62524
403 38988 62524
404 38700 62524
405 40428 62524
406 40332 62524
407 38604 62524
408 38892 62524
409 38316 62524
410 37548 62524
411 39084 62524
412 26700 62524
413 77166 7116
414 77166 40332
415 77166 43596
416 77166 31020
417 77166 43116
418 77166 34860
419 77166 43308
420 42348 62524
421 77166 43788
422 77166 30924
423 77166 43500
424 77166 6828
425 77166 37932
426 77166 43692
427 77166 37548
428 77166 42444
429 77166 33996
430 77166 42540
431 77166 35916
432 77166 42732
433 77166 43404
434 77166 44844
435 77166 38316
436 50508 62524
437 77166 44652
438 77166 40236
439 77166 42924
440 77166 43884
441 35340 62524
442 41964 62524
443 77166 34092
444 77166 43212
445 40620 62524
446 39948 62524
447 40236 62524
448 40524 62524
449 42 33516
450 42 32460
451 42 33132
452 42 33612
453 42 33804
454 42 32940
455 42 34956
456 42 34188
457 42 35820
458 42 33228
459 42 36300
460 42 33324
461 42 33708
462 28524 62524
463 42 32748
464 42 35436
465 42 34380
466 42 35724
467 42 32364
468 42 35244
469 42 32268
470 42 31884
471 42 31980
472 42 35148
473 42 33420
474 42 34284
475 27084 62524
476 42 32652
477 42 32556
478 42 34860
479 42 34092
480 42 35628
481 42 33036
482 42 35052
483 42 32844
484 42 32172
485 77166 29196
486 50220 42
487 77166 29100
488 48588 42
489 48396 42
490 48012 42
491 46380 42
492 45612 42
493 45708 42
494 48684 42
495 47820 42
496 47052 42
497 48876 42
498 77166 29004
499 49356 42
500 46668 42
501 45324 42
502 45420 42
503 47628 42
504 47436 42
505 48972 42
506 77166 28812
507 50508 42
508 49452 42
509 47724 42
510 48492 42
511 50316 42
512 77166 28908
513 50412 42
514 46860 42
515 77166 27948
516 77166 28140
517 33228 62524
518 29388 62524
519 25356 62524
520 44748 62524
521 44844 62524
522 41292 62524
523 45132 62524
524 43596 62524
525 43500 62524
526 42828 62524
527 42540 62524
528 41196 62524
529 41676 62524
530 42060 62524
531 46284 62524
532 41388 62524
533 42636 62524
534 42924 62524
535 43116 62524
536 43020 62524
537 41868 62524
538 44556 62524
539 43980 62524
540 42732 62524
541 43884 62524
542 45036 62524
543 44652 62524
544 44940 62524
545 41484 62524
546 46572 62524
547 46476 62524
548 47244 62524
549 44460 62524
550 43788 62524
551 43404 62524
552 77166 6732
553 19788 62524
554 19884 62524
555 42 51276
556 21036 62524
557 20268 62524
558 21420 62524
559 21228 62524
560 42 49836
561 42 51084
562 42 49068
563 77166 7020
564 42 52140
565 42 51948
566 42 51852
567 42 50988
568 42 50316
569 42 50028
570 42 49452
571 42 48684
572 42 48204
573 42 48108
574 42 46188
575 42 46668
576 42 46572
577 42 47628
578 42 47340
579 42 47244
580 42 47052
581 42 50796
582 42 50892
583 42 50220
584 42 41676
585 42 46092
586 42 40044
587 42 40524
588 42 40428
589 42 41004
590 42 39564
591 42 39180
592 42 39276
593 42 41772
594 42 42540
595 42 42444
596 42 42348
597 42 39948
598 42 42252
599 42 42156
600 42 42060
601 42 45132
602 42 41964
603 42 45228
604 42 44652
605 42 44844
606 42 41868
607 42 41580
608 42 39852
609 42 41484
610 42 41388
611 42 38028
612 42 39084
613 42 37932
614 42 37836
615 42 40908
616 42 38700
617 42 41196
618 42 45804
619 42 45036
620 41004 62524
621 42156 62524
622 43692 62524
623 44364 62524
624 43308 62524
625 44172 62524
626 44076 62524
627 41772 62524
628 40812 62524
629 41100 62524
630 40716 62524
631 40908 62524
632 43212 62524
633 44268 62524
634 42444 62524
635 42252 62524
636 37068 62524
637 41580 62524
638 38796 62524
639 26220 62524
