0 42220 40927
1 39043 42572
2 46972 38751
3 56007 42090
4 40066 46825
5 34498 42767
6 47081 33080
7 41806 43346
8 60310 41020
9 30971 28322
10 50099 33181
11 45741 32180
12 23533 27151
13 25080 31827
14 32159 21376
15 34143 31013
16 47699 21448
17 23347 27063
18 28254 30480
19 39229 32547
20 36463 29430
21 45255 34214
22 62510 22434
23 41802 23502
24 41798 29080
25 53534 33535
26 77945 44726
27 52212 44193
28 24999 46522
29 42420 46491
30 47449 46208
31 32424 27885
32 48563 25222
33 45470 27734
34 31377 21375
35 42032 23743
36 48256 23683
37 50042 22395
38 56696 23252
39 45030 18469
40 65198 24632
41 45158 48508
42 55091 52696
43 51201 29093
44 76331 26543
45 67187 27340
46 76498 27585
47 66391 27847
48 62407 29280
49 67185 28578
50 68247 27032
51 64821 30126
52 62107 30349
53 60867 30055
54 66424 27653
55 54280 28825
56 47945 26334
57 53456 24414
58 53317 25408
59 45250 24528
60 54201 17623
61 58445 25427
62 39904 47305
63 64276 52263
64 60332 21550
65 59017 24388
66 44825 19510
67 68163 18105
68 33572 20322
69 49221 25305
70 67899 15451
71 34100 17836
72 41699 10366
73 58294 20892
74 60426 27048
75 48161 22806
76 24756 50535
77 21641 44459
78 36727 49599
79 43735 54827
80 46161 56025
81 61012 29192
82 58140 23660
83 69745 27640
84 33658 22770
85 39027 22467
86 30353 23951
87 33781 19103
88 59667 26182
89 70633 26708
90 55669 24214
91 67368 47074
92 58882 24471
93 59822 47895
94 45252 22829
95 29399 16366
96 29337 21144
97 52942 61717
98 54754 57800
99 38343 53903
100 24568 48695
101 41986 48689
102 67525 52556
103 78282 49090
104 64023 53910
105 28522 20479
106 45673 21332
107 64415 54396
108 68866 53418
109 64205 46609
110 52044 14135
111 49772 17780
112 56521 20589
113 54071 18183
114 31892 13426
115 46941 15623
116 48148 7997
117 67654 14570
118 60334 49761
119 24069 49491
120 67446 54718
121 56819 18519
122 70728 54973
123 56803 16155
124 65817 17947
125 40824 12892
126 72931 54469
127 52448 14165
128 55507 15835
129 23625 48055
130 27553 18399
131 73499 53614
132 24124 46100
133 31374 19845
134 57378 44085
135 45745 24827
136 73078 51867
137 65091 47442
138 48992 40684
139 47043 40866
140 34277 50443
141 42162 52707
142 48560 56092
143 37212 56902
144 84817 52464
145 55701 46560
146 65806 41027
147 83362 36296
148 79118 34221
149 84710 36980
150 78894 35476
151 72657 41850
152 87466 38552
153 90528 38461
154 91765 43641
155 36462 58348
156 45388 64771
157 39327 65166
158 38721 63305
159 34792 61147
160 37806 63562
161 42691 60162
162 40876 63939
163 38540 64485
164 24507 56230
165 38499 56655
166 13177 48379
167 5326 47985
168 12549 44705
169 12663 41296
170 13936 39396
171 17021 44983
172 30591 64935
173 29961 64845
174 30447 65385
175 81239 37968
176 82849 38711
177 83407 39105
178 88992 43335
179 89924 41071
180 90264 44775
181 61367 47786
182 3803 46823
183 68496 45630
184 71046 49140
185 68973 45459
186 67966 41959
187 71353 37857
188 82926 31545
189 79521 35977
190 87744 41775
191 92043 41951
192 86870 43151
193 90039 46251
194 90947 45417
195 71948 39858
196 74400 38822
197 76707 32175
198 76239 35085
199 82797 32265
200 80670 36105
201 54333 40234
202 26576 54253
203 33917 62820
204 38646 61627
205 29804 61676
206 63221 63885
207 64509 58936
208 32643 64935
209 42795 64935
210 52165 63061
211 68208 63707
212 43777 58817
213 70884 59317
214 55378 64315
215 34965 65205
216 23892 63395
217 58806 56915
218 36531 65205
219 40264 57347
220 63998 56548
221 70994 57123
222 71416 62056
223 32481 65205
224 59566 61924
225 31733 61437
226 32913 65475
227 29055 53829
228 41769 65205
229 15056 50841
230 18616 48976
231 17373 51255
232 17952 45923
233 23807 53720
234 31809 53787
235 23132 57456
236 16798 57049
237 15341 57960
238 16242 54952
239 26211 43837
240 27874 43132
241 28117 54357
242 75699 50715
243 77517 53970
244 79461 55215
245 80250 55625
246 83362 55417
247 81870 56160
248 83362 53358
249 83115 54585
250 81713 52914
251 78678 54450
252 87584 51290
253 88476 49508
254 88521 47809
255 90753 50679
256 53815 47766
257 50160 51620
258 55070 40374
259 75945 41175
260 76755 40167
261 77439 39255
262 79186 39655
263 80949 40557
264 82613 40871
265 85011 41460
266 87141 43285
267 24972 22870
268 81663 54135
269 87949 44347
270 91254 45603
271 92043 45549
272 9428 51192
273 8872 50197
274 10965 51017
275 9291 46335
276 9900 46730
277 10986 49185
278 8347 46872
279 15602 38149
280 9676 36059
281 8960 39550
282 11430 34909
283 10100 34425
284 10511 41854
285 6603 41235
286 12466 38717
287 4793 35051
288 5459 36203
289 4700 40401
290 3281 49401
291 3153 45063
292 4330 45063
293 3013 44361
294 3067 43551
295 4104 44145
296 4266 43497
297 7030 43551
298 5572 43605
299 6922 44253
300 8089 44091
301 5799 45333
302 6674 45225
303 40608 53055
304 22372 40269
305 79470 33165
306 77841 33210
307 90608 34661
308 89464 39555
309 89258 39285
310 85944 41055
311 72673 41175
312 80541 33378
313 80687 34772
314 80267 33412
315 79234 31252
316 85016 33851
317 75834 33885
318 83156 30992
319 81702 33495
320 83164 33750
321 84307 36247
322 84692 32467
323 86238 32805
324 85377 31647
325 90304 43166
326 82134 34656
327 87618 40403
328 89689 34425
329 72975 38565
330 85217 32913
331 76579 34347
332 76420 37867
333 77151 36915
334 75281 36207
335 84857 39477
336 85144 37080
337 85549 37282
338 80313 31665
339 87769 33267
340 86040 33345
341 89933 37158
342 77748 31725
343 83622 36180
344 84991 36225
345 73231 36662
346 75353 33537
347 89899 35673
348 84196 38745
349 73219 39960
350 73278 40702
351 69795 39879
352 88711 41337
353 71949 39525
354 82926 35055
355 74233 40871
356 85455 39855
357 85990 38025
358 85392 35685
359 84904 34749
360 86324 34263
361 77670 35694
362 77770 33682
363 89813 40249
364 90851 36213
365 91249 41121
366 70326 38745
367 70855 40519
368 88753 42300
369 87210 36585
370 88524 36000
371 90801 40995
372 89802 42679
373 78770 33383
374 88636 38340
375 75915 36975
376 91620 39015
377 71716 40905
378 78798 35475
379 86149 35582
380 86551 40203
381 87205 38430
382 86791 35336
383 88644 34887
384 90914 39609
385 74535 34232
386 73497 37896
387 74574 36247
388 73737 41445
389 74050 42093
390 82777 37980
391 92161 37260
392 92073 37626
393 73990 35268
394 92269 40257
395 74745 41715
396 31576 65205
397 70028 35790
398 68829 34082
399 69577 34123
400 87156 37125
401 89532 34425
402 39385 2603
403 91395 46845
404 92529 41715
405 39180 42
406 39468 42
407 42828 67612
408 35820 67612
409 35916 67612
410 43116 67612
411 38412 67612
412 43020 67612
413 42540 67612
414 40428 67612
415 41676 67612
416 37836 67612
417 37932 67612
418 39180 67612
419 40236 67612
420 39756 67612
421 39564 67612
422 37548 67612
423 38028 67612
424 37164 67612
425 39468 67612
426 38796 67612
427 39852 67612
428 36012 67612
429 42252 67612
430 42732 67612
431 30924 67612
432 39660 42
433 94892 47340
434 71820 67612
435 94892 47052
436 94892 49356
437 94892 42828
438 72012 67612
439 63852 67612
440 94892 48012
441 62028 67612
442 94892 47436
443 39372 42
444 94892 46860
445 94892 48972
446 94892 46380
447 94892 47628
448 94892 41388
449 94892 47244
450 94892 44076
451 94892 46956
452 94892 46668
453 94892 46476
454 94892 46764
455 41196 67612
456 94892 46572
457 94892 48396
458 94892 47724
459 94892 47532
460 35244 67612
461 40812 67612
462 94892 46284
463 94892 47820
464 62316 67612
465 62988 67612
466 61644 67612
467 62892 67612
468 56268 67612
469 58092 67612
470 48684 42
471 45900 67612
472 45228 67612
473 41196 42
474 41292 42
475 41388 42
476 48684 67612
477 47148 42
478 48972 42
479 52716 67612
480 42444 42
481 51372 67612
482 42828 42
483 43788 42
484 42924 42
485 46860 67612
486 48108 42
487 50220 42
488 41580 67612
489 41292 67612
490 44268 42
491 46284 42
492 52428 67612
493 46956 42
494 48972 67612
495 52044 67612
496 45708 42
497 45804 42
498 45900 42
499 48108 67612
500 46860 42
501 50412 67612
502 58476 67612
503 58956 67612
504 94892 33804
505 94892 31404
506 64332 67612
507 94892 32172
508 94892 31980
509 94892 32940
510 94892 31500
511 94892 32652
512 94892 32268
513 94892 32076
514 94892 33420
515 94892 33132
516 94892 32748
517 65292 67612
518 94892 34476
519 94892 31596
520 94892 33036
521 94892 33228
522 94892 31788
523 94892 31884
524 94892 32844
525 64908 67612
526 94892 31692
527 94892 34284
528 94892 32460
529 94892 33324
530 94892 32364
531 94892 34380
532 94892 33612
533 94892 32556
534 94892 33516
535 94892 33708
536 40716 67612
537 32172 67612
538 29772 67612
539 41964 67612
540 43788 67612
541 32364 67612
542 42924 67612
543 45132 67612
544 39084 67612
545 44652 67612
546 41004 67612
547 35052 67612
548 38220 67612
549 38316 67612
550 43596 67612
551 36108 67612
552 38604 67612
553 41100 67612
554 40044 67612
555 41484 67612
556 38124 67612
557 39372 67612
558 38892 67612
559 32556 67612
560 40908 67612
561 45516 67612
562 39276 67612
563 40620 67612
564 32652 67612
565 38700 67612
566 37644 67612
567 41388 67612
568 38988 67612
569 43980 67612
570 44940 67612
571 39276 42
572 42 48492
573 42 49164
574 42 49356
575 42 49260
576 42 49452
577 42 48588
578 42 48684
579 42 44748
580 42 47532
581 42 44460
582 39564 42
583 42 47340
584 42 46668
585 42 45804
586 42 46572
587 42 45708
588 42 45612
589 42 43692
590 42 43212
591 42 42636
592 42 42156
593 42 43020
594 42 41868
595 42 41772
596 42 42732
597 42 43788
598 42 43884
599 42 44652
600 42 46860
601 42 47436
602 42 47628
603 42 36300
604 42 42348
605 42 33612
606 42 36876
607 42 36684
608 42 35628
609 42 34860
610 42 32940
611 42 32844
612 42 36012
613 42 36588
614 42 36492
615 42 37452
616 42 33516
617 42 38412
618 42 40236
619 42 40140
620 42 39276
621 42 39756
622 42 39660
623 42 38796
624 42 37260
625 42 37836
626 42 35916
627 42 34092
628 42 33900
629 42 34188
630 42 32556
631 42 35244
632 42 35052
633 42 35148
634 42 37164
635 42 33420
636 42 37740
637 42 41964
638 42 41388
639 32460 67612
640 39948 67612
641 39660 67612
642 38508 67612
643 32748 67612
644 36396 67612
645 36300 67612
646 36204 67612
647 37356 67612
648 37260 67612
649 36492 67612
650 37452 67612
651 40524 67612
652 40140 67612
653 40332 67612
654 37740 67612
655 32076 67612
656 32844 67612
657 32268 67612
658 30540 67612
