0 427672 154127
1 271932 209252
2 347505 148237
3 362219 131116
4 272631 121972
5 364906 145950
6 345477 72672
7 351066 132088
8 220087 140494
9 205888 185908
10 229062 188490
11 342855 171600
12 359798 198733
13 298160 194986
14 345202 190984
15 394008 191290
16 342431 217569
17 382085 217073
18 256937 100772
19 349338 223817
20 369104 203400
21 388787 192655
22 278008 189000
23 121207 236184
24 108275 246921
25 180697 245487
26 267863 251294
27 369512 185080
28 324721 128717
29 181761 122994
30 251195 94033
31 229349 96432
32 230068 78529
33 244691 149940
34 216921 102774
35 261625 103390
36 327165 57256
37 289604 272588
38 334309 107191
39 424958 125020
40 396565 140340
41 190899 196289
42 295124 231972
43 173125 96378
44 242451 66587
45 366249 94280
46 303223 265949
47 194947 243366
48 195207 54600
49 243326 17080
50 201213 80947
51 350184 170369
52 371001 233667
53 412813 224000
54 390051 47600
55 423062 141200
56 339613 102462
57 270292 102702
58 439276 86748
59 410163 81666
60 356403 99154
61 378490 116433
62 430046 102200
63 397581 233145
64 273600 94209
65 276673 116443
66 326253 107975
67 80392 150458
68 196719 107914
69 170108 226596
70 215215 73094
71 363180 43473
72 410198 57171
73 322907 54743
74 364567 38318
75 390178 41200
76 245848 109112
77 304506 36600
78 339778 33276
79 324444 231560
80 226228 77243
81 304300 83591
82 264836 194686
83 204683 255237
84 64750 148351
85 214424 294767
86 90645 64341
87 183840 252583
88 187894 245583
89 176628 65450
90 253531 286416
91 190492 259525
92 272795 71043
93 178928 263072
94 148366 114300
95 61763 103697
96 165600 90125
97 114475 109293
98 235337 53713
99 234167 41183
100 229060 62416
101 105737 115353
102 171484 34560
103 338181 11760
104 328969 35175
105 309355 38412
106 230347 289258
107 183716 270800
108 194940 9943
109 272001 28988
110 81465 88858
111 269500 24021
112 207731 225947
113 147666 53051
114 176524 277307
115 245211 26503
116 167924 109918
117 209915 302400
118 163795 275683
119 156660 269047
120 212880 37603
121 144249 30944
122 150434 271000
123 180968 217453
124 154806 73123
125 149454 120360
126 147684 80733
127 241015 242645
128 221455 315777
129 224050 299700
130 116371 47841
131 234793 239664
132 158180 254223
133 154554 256822
134 160439 263666
135 81438 67250
136 238144 299782
137 163140 238280
138 157041 243693
139 81735 84674
140 290730 146394
141 291696 139363
142 294952 129376
143 65376 224971
144 62457 203868
145 64577 224411
146 174515 238000
147 336426 187444
148 351572 260768
149 366700 248920
150 353388 236512
151 335807 245636
152 373761 270783
153 138500 197540
154 34800 198873
155 31540 208496
156 144708 197925
157 215739 199541
158 85633 251020
159 97796 312284
160 103554 304784
161 85401 235019
162 39393 319293
163 45898 288866
164 66158 270200
165 65613 279346
166 373350 292496
167 402709 344200
168 402814 349892
169 404472 341413
170 377951 331800
171 396931 357646
172 387988 325226
173 369023 276054
174 275301 318826
175 392466 282046
176 298840 312318
177 187078 346850
178 350740 329373
179 346623 302400
180 413814 289837
181 173212 346900
182 429922 219800
183 472905 190462
184 472587 201711
185 508602 193933
186 218020 280913
187 517797 255500
188 517686 250600
189 99560 266560
190 111767 274750
191 140545 283800
192 135508 286440
193 143640 290600
194 166516 297080
195 107872 270900
196 122787 280000
197 123500 277200
198 149804 294155
199 162165 294000
200 160486 304266
201 154786 300066
202 143184 303240
203 160597 287000
204 163237 310200
205 172995 290850
206 120143 309866
207 170022 302200
208 111245 309750
209 153085 325800
210 149783 316866
211 101697 306600
212 142120 332360
213 134248 317000
214 103056 342440
215 126920 324800
216 104907 335800
217 93208 309000
218 112195 324450
219 88388 337120
220 85825 309800
221 74203 332309
222 62928 341600
223 74717 310100
224 92055 324100
225 62256 315466
226 77942 336466
227 64473 326511
228 54448 317000
229 55733 335066
230 57422 318733
231 37674 333800
232 55918 310046
233 29070 336933
234 8782 308466
235 10640 324600
236 11400 316600
237 6333 291977
238 19886 304733
239 12856 295866
240 12856 290266
241 15833 266466
242 11020 278950
243 22745 275400
244 32616 275800
245 76380 275290
246 62911 273311
247 51806 268955
248 96731 279844
249 117192 286440
250 140600 299600
251 128608 305044
252 161717 313000
253 132952 338450
254 112100 341600
255 125345 328200
256 104614 323400
257 122654 193344
258 119272 265650
259 164540 322466
260 164065 301000
261 160993 329000
262 139586 326200
263 117534 320600
264 29640 330400
265 45906 327061
266 20672 320040
267 26600 329000
268 9310 276850
269 18018 315466
270 17290 298900
271 29830 265300
272 23496 269733
273 33060 266600
274 189686 184660
275 427690 226333
276 213995 337516
277 94728 271000
278 108528 281400
279 111340 286066
280 171126 307533
281 141550 309750
282 31920 325266
283 21945 330400
284 37176 265533
285 344179 332111
286 435250 271916
287 506412 274884
288 507426 315000
289 448237 238733
290 380069 265745
291 488000 231000
292 432693 241826
293 436946 348786
294 505354 291800
295 502217 319900
296 425476 249881
297 337177 282558
298 436444 325500
299 416397 325966
300 337245 307829
301 383661 328513
302 356664 310927
303 379861 316018
304 507680 322840
305 468286 328066
306 472793 232806
307 447585 258733
308 395960 362600
309 323389 319318
310 512240 328066
311 409625 298977
312 293164 314912
313 495710 293688
314 458948 319928
315 427563 257833
316 471130 244253
317 326238 344906
318 422876 267400
319 481347 294763
320 357295 333900
321 504133 324333
322 488566 321160
323 496392 332629
324 457130 257666
325 472802 283996
326 474219 266268
327 432309 284025
328 506793 339266
329 496850 330680
330 485260 342440
331 306077 307051
332 431247 276888
333 492986 343933
334 501980 343000
335 487937 270963
336 369642 296151
337 512113 309400
338 504648 234054
339 368600 359800
340 509706 316866
341 58260 182509
342 94149 177313
343 83755 192054
344 63586 193977
345 20662 218400
346 18667 222600
347 30067 222600
348 22372 242200
349 29687 247800
350 21517 247100
351 30827 236600
352 39757 235200
353 39852 241500
354 38617 247100
355 30922 240100
356 17717 208600
357 9072 222600
358 11352 228900
359 11067 212800
360 10022 217700
361 10117 237300
362 11922 240800
363 21327 238000
364 10877 233100
365 21137 226100
366 46027 212800
367 28262 210000
368 19712 231700
369 44048 230533
370 19522 212800
371 36717 225400
372 35102 231000
373 27597 230300
374 43652 224000
375 35862 220500
376 46217 219100
377 243646 214446
378 226092 203622
379 285127 214681
380 501002 244521
381 449872 293300
382 459420 303800
383 384044 300600
384 271051 173352
385 269894 163985
386 235660 174705
387 243354 175852
388 330125 305200
389 508820 306600
390 197973 144470
391 120417 270200
392 510213 302866
393 128693 272533
394 494095 308168
395 138537 274200
396 157024 283888
397 121119 314011
398 105521 317275
399 21302 320600
400 22308 292764
401 21470 280127
402 465373 301933
403 323836 304920
404 463198 311266
405 196446 143620
406 197842 149703
407 209999 139322
408 202595 105180
409 184018 105579
410 203725 109344
411 192531 103554
412 390209 96827
413 178177 146458
414 159868 153082
415 170563 154093
416 166213 147993
417 60089 104819
418 64445 107712
419 53743 108862
420 58587 103825
421 59641 124961
422 75311 122675
423 70430 128537
424 109911 106264
425 69288 120896
426 67114 127866
427 60752 125400
428 61023 129700
429 76668 119903
430 80325 144106
431 81238 151700
432 81747 153700
433 101111 164546
434 151088 182420
435 67450 188440
436 57836 265720
437 166788 335533
438 190400 346684
439 186200 324520
440 200222 310240
441 205200 331000
442 283917 318050
443 176771 345800
444 178803 331000
445 195990 340694
446 210083 347760
447 214870 326642
448 229468 346181
449 214605 349300
450 240774 340364
451 232456 347836
452 229731 351088
453 225796 348040
454 442410 213933
455 444220 220015
456 487480 219800
457 486437 156333
458 189678 315000
459 195111 317100
460 209488 312200
461 231192 325517
462 246192 315000
463 504551 193575
464 501801 181212
465 484823 148866
466 472711 156982
467 184692 359426
468 207332 360422
469 242368 355075
470 252687 360173
471 221603 360733
472 497298 259952
473 464068 305480
474 488978 319933
475 491213 337750
476 283913 342094
477 402847 205800
478 431362 180427
479 185744 176120
480 117474 289800
481 48711 298550
482 55317 287600
483 514737 4200
484 512030 140
485 515390 140
486 419070 367180
487 407870 367180
488 352990 367180
489 414590 367180
490 346270 367180
491 403390 367180
492 392190 367180
493 373150 367180
494 367550 367180
495 336190 367180
496 332830 367180
497 339550 367180
498 350750 367180
499 340670 367180
500 342910 367180
501 359710 367180
502 348510 367180
503 374270 367180
504 382110 367180
505 380990 367180
506 386590 367180
507 383230 367180
508 351870 367180
509 420190 367180
510 522880 257740
511 514270 140
512 140 263340
513 140 162540
514 140 261100
515 140 265580
516 140 248780
517 271230 140
518 221950 367180
519 167070 367180
520 140 244300
521 140 259980
522 516510 140
523 192830 367180
524 140 258860
525 140 167020
526 140 251020
527 140 245420
528 140 254380
529 140 183820
530 140 256620
531 140 252140
532 140 255500
533 198430 367180
534 140 247660
535 140 246540
536 236510 367180
537 248830 367180
538 140 264460
539 140 262220
540 140 249900
541 244350 367180
542 140 253260
543 212990 367180
544 210750 367180
545 209630 367180
546 219710 367180
547 355230 140
548 340670 140
549 286910 140
550 219710 140
551 218590 367180
552 220830 367180
553 236510 140
554 257790 140
555 300350 140
556 288030 140
557 284670 140
558 226430 367180
559 244350 140
560 283550 140
561 224190 367180
562 242110 140
563 263390 140
564 275710 140
565 276830 140
566 274590 140
567 232030 367180
568 251070 367180
569 233150 367180
570 233150 140
571 230910 367180
572 256670 140
573 260030 140
574 245470 140
575 229790 367180
576 243230 140
577 251070 140
578 273470 140
579 294750 140
580 282430 140
581 351870 140
582 346270 140
583 189470 367180
584 202910 367180
585 180510 367180
586 205150 367180
587 193950 367180
588 190590 367180
589 188350 367180
590 206270 367180
591 183870 367180
592 208510 367180
593 197310 367180
594 200670 367180
595 211870 367180
596 199550 367180
597 198430 140
598 201790 367180
599 184990 140
600 191710 367180
601 190590 140
602 184990 367180
603 182750 367180
604 176030 140
605 179390 140
606 177150 140
607 174910 140
608 168190 367180
609 169310 140
610 169310 367180
611 171550 367180
612 170430 140
613 179390 367180
614 187230 367180
615 347390 140
616 522880 261100
617 522880 258860
618 522880 321580
619 428030 367180
620 423550 367180
621 432510 367180
622 411230 367180
623 331710 367180
624 400030 367180
625 398910 367180
626 384350 367180
627 345150 367180
628 338430 367180
629 408990 367180
630 356350 367180
631 337310 367180
632 355230 367180
633 335070 367180
634 360830 367180
635 365310 367180
636 368670 367180
637 376510 367180
638 388830 367180
639 385470 367180
640 447070 367180
641 396670 367180
642 416830 367180
643 431390 367180
644 429150 367180
645 522880 315980
646 522880 320460
647 443710 367180
648 366430 367180
649 430270 367180
650 513150 140
651 195070 367180
652 196190 367180
653 177150 367180
654 178270 367180
655 176030 367180
656 186110 367180
657 214110 367180
658 207390 367180
659 216350 367180
660 227550 367180
661 517630 140
662 255550 367180
663 245470 367180
664 254430 367180
665 260030 367180
666 261150 367180
667 246590 367180
668 235390 367180
669 228670 367180
670 238750 367180
671 234270 367180
672 204030 367180
673 225310 367180
674 223070 367180
675 172670 367180
676 170430 367180
677 181630 367180
678 173790 367180
679 174910 367180
680 215230 367180
681 217470 367180
682 522880 230860
683 522880 252140
684 522880 196140
685 522880 172620
686 522880 187180
687 522880 167020
688 522880 228620
689 522880 192780
690 522880 202860
691 522880 197260
692 522880 198380
693 522880 162540
694 522880 154700
695 522880 191660
696 522880 131180
697 522880 130060
698 522880 146860
699 522880 150220
700 522880 132300
701 522880 181580
702 522880 168140
703 522880 188300
704 522880 161420
705 522880 226380
706 522880 156940
707 522880 227500
708 522880 229740
709 522880 147980
710 522880 135660
711 522880 133420
712 522880 142380
713 522880 134540
714 522880 136780
715 522880 182700
716 522880 253260
717 522880 248780
718 435870 367180
719 397790 367180
720 372030 367180
721 375390 367180
722 389950 367180
723 387710 367180
724 395550 367180
725 391070 367180
726 344030 367180
727 341790 367180
728 349630 367180
729 347390 367180
730 354110 367180
731 333950 367180
732 361950 367180
733 363070 367180
734 522880 308140
735 434750 367180
736 442590 367180
737 522880 259980
