0 360478 79415
1 338587 81684
2 450833 178823
3 351741 142538
4 296733 127084
5 198287 97731
6 341295 141196
7 363300 115996
8 277719 184082
9 346731 71400
10 380146 38945
11 418386 54452
12 403750 108535
13 429948 104420
14 449814 87117
15 531310 154095
16 516718 115304
17 204054 149469
18 523962 142650
19 449920 103600
20 398639 243162
21 504517 202091
22 474503 92076
23 233267 147619
24 210040 136773
25 192685 132240
26 296818 133784
27 230207 137886
28 133453 118456
29 315221 72975
30 157535 136176
31 280633 173861
32 542805 202569
33 500815 156950
34 280416 112466
35 464493 139710
36 471263 203829
37 180377 89916
38 122044 146819
39 394250 105538
40 567150 115325
41 228208 24213
42 252684 108733
43 566029 142904
44 264138 88772
45 291330 95386
46 291469 44212
47 266931 51450
48 271418 46634
49 267715 95695
50 257782 147969
51 229487 276186
52 210437 278887
53 170156 136141
54 127208 197904
55 146536 77316
56 212223 32454
57 261854 56438
58 158782 63237
59 183558 142200
60 415042 196067
61 189163 141065
62 466362 113362
63 482725 212287
64 135794 39561
65 465946 221237
66 470260 208520
67 536579 226944
68 438953 279665
69 460509 227080
70 166129 120029
71 208865 173574
72 141276 227952
73 175853 92213
74 164061 231904
75 203353 201818
76 133860 32885
77 109188 154830
78 116271 109156
79 456548 173585
80 89608 144987
81 526817 245988
82 471544 236807
83 103274 54646
84 102398 217988
85 477786 244792
86 225530 251740
87 215537 230924
88 479857 256686
89 472440 259494
90 120381 73249
91 478791 254418
92 168252 173707
93 484397 180600
94 227458 229962
95 499948 271000
96 463873 258664
97 472851 265461
98 150401 177472
99 508407 259000
100 450585 253800
101 453922 258626
102 439799 145847
103 303265 166221
104 296417 145303
105 422591 271755
106 449065 231000
107 458261 86733
108 556787 179238
109 591026 158666
110 569377 267221
111 586362 207480
112 448751 323400
113 417947 204244
114 379659 269733
115 301894 273024
116 322667 257100
117 295888 254223
118 379319 314475
119 307151 315000
120 290403 335650
121 332707 331036
122 319691 329988
123 616402 226393
124 633328 287855
125 629524 297176
126 624513 239550
127 574210 170856
128 659883 244711
129 549878 287133
130 605883 235938
131 534039 322082
132 604977 223555
133 544413 100022
134 479677 40600
135 475348 35589
136 522663 43974
137 549059 235666
138 548007 7700
139 549226 4200
140 360278 212800
141 349410 197750
142 333703 182466
143 324682 191400
144 318136 196840
145 314868 211960
146 351717 205400
147 342285 185500
148 347795 190400
149 332391 195800
150 312866 184333
151 316666 204244
152 304076 219800
153 303924 198520
154 300145 208600
155 320910 184800
156 304114 236880
157 320007 226450
158 317528 263480
159 326148 237400
160 340252 244440
161 341366 253400
162 308478 270600
163 326637 285400
164 334542 273700
165 345962 262600
166 302708 287840
167 346125 281000
168 318858 294000
169 351547 288400
170 340968 279400
171 282739 287560
172 360565 296600
173 341918 292400
174 358007 302050
175 278388 305200
176 345990 299600
177 343805 306600
178 337440 311850
179 340317 317800
180 339197 319550
181 352467 322636
182 321691 331488
183 324411 341400
184 334922 344400
185 367412 344750
186 330307 341492
187 372692 341707
188 343357 342600
189 339635 203311
190 313576 211400
191 316877 224155
192 330945 243218
193 319027 233290
194 308318 252127
195 332668 258688
196 303447 261290
197 338242 269888
198 383583 201455
199 355173 223222
200 359860 201880
201 295196 238000
202 302262 219800
203 295985 246781
204 323912 259000
205 369197 307000
206 364546 315622
207 358002 333666
208 356554 324520
209 362411 341000
210 357905 339800
211 325531 11375
212 546345 96950
213 511503 315525
214 345124 217000
215 324425 194250
216 357362 193000
217 352996 240975
218 355569 270666
219 359563 294350
220 358340 335533
221 561200 274400
222 679970 76788
223 672278 161531
224 609301 99400
225 601816 178440
226 636091 93281
227 651662 264600
228 679168 274200
229 676599 97976
230 594343 108871
231 576237 212751
232 662747 251550
233 615195 240089
234 558790 264981
235 650614 170138
236 610869 124133
237 557080 348600
238 669745 214884
239 580052 266175
240 658660 105711
241 563187 308381
242 656545 177333
243 683506 169260
244 631116 116333
245 685197 120633
246 657759 119254
247 608857 146394
248 686285 184058
249 608776 250105
250 663738 81773
251 633084 200533
252 681171 146681
253 635664 75306
254 557080 7000
255 407565 310566
256 406857 334300
257 427154 336763
258 419815 314066
259 468587 309400
260 475902 315700
261 474477 308700
262 474762 324800
263 474952 319900
264 474477 331800
265 469347 329700
266 469822 343700
267 464407 344400
268 466117 338100
269 465642 315700
270 435907 310800
271 452912 302400
272 438567 301700
273 459562 308000
274 446167 301700
275 452152 310100
276 439327 316400
277 457282 316400
278 445122 312900
279 459942 296800
280 463837 284900
281 475902 291200
282 462412 290500
283 456031 284666
284 483692 299600
285 477897 299600
286 471722 285600
287 482647 287700
288 476282 282800
289 468967 296100
290 467637 303100
291 419112 150695
292 624922 143453
293 651683 149400
294 386830 26444
295 386612 73404
296 366094 34055
297 619875 240100
298 262880 214290
299 355209 185800
300 350676 231311
301 356700 254284
302 358367 269000
303 360458 313040
304 358322 333327
305 266917 223951
306 271418 225979
307 261115 213116
308 233473 164432
309 232841 164765
310 246252 166329
311 229513 162083
312 237383 219890
313 134016 90440
314 125010 162159
315 238017 242200
316 239026 233893
317 236317 230096
318 184643 265051
319 194833 265825
320 193836 270470
321 195338 264780
322 185237 266587
323 192363 264425
324 189660 258066
325 211850 245451
326 188437 260445
327 151944 256741
328 154692 270489
329 154666 274158
330 156553 257103
331 162842 253309
332 169846 258806
333 168872 263293
334 182773 246716
335 409450 294000
336 358644 335720
337 563247 329000
338 538150 314452
339 530025 320600
340 544811 307800
341 540125 275900
342 516430 338955
343 605793 302776
344 516933 322000
345 508558 326900
346 540504 73400
347 549385 85960
348 468640 14483
349 551720 40452
350 542738 254632
351 508263 293465
352 517425 282935
353 509723 16971
354 451953 16706
355 543130 343442
356 514280 337547
357 493218 342066
358 556007 340600
359 508069 96866
360 487553 60648
361 276160 322515
362 140 13580
363 140 15820
364 561310 353670
365 529950 353670
366 533310 353670
367 529950 140
368 532190 353670
369 541150 353670
370 559070 353670
371 527710 353670
372 543390 353670
373 531070 353670
374 534430 353670
375 526590 353670
376 544510 353670
377 551230 353670
378 485150 353670
379 542270 353670
380 520990 353670
381 550110 353670
382 522110 353670
383 492990 353670
384 519870 353670
385 496350 353670
386 528830 353670
387 526590 140
388 546750 140
389 140 18060
390 498590 353670
391 486270 353670
392 525470 353670
393 523230 353670
394 518750 353670
395 291390 140
396 456030 353670
397 457150 353670
398 454910 353670
399 442590 353670
400 140 14700
401 449310 353670
402 497470 353670
403 452670 353670
404 514270 353670
405 471710 353670
406 515390 353670
407 453790 353670
408 510910 353670
409 489630 353670
410 508670 353670
411 303710 140
412 512030 353670
413 495230 353670
414 517630 353670
415 462750 353670
416 506430 353670
417 516510 353670
418 505310 353670
419 314910 140
420 403390 353670
421 299230 140
422 302590 140
423 369790 140
424 328350 140
425 393310 140
426 378750 140
427 359710 140
428 305950 140
429 304830 140
430 324990 140
431 296990 140
432 368670 140
433 366430 140
434 361950 140
435 357470 140
436 298110 140
437 354110 140
438 352990 140
439 301470 140
440 326110 140
441 364190 140
442 350750 140
443 363070 140
444 360830 140
445 295870 140
446 348510 140
447 300350 140
448 323870 140
449 336190 140
450 367550 140
451 365310 140
452 355230 140
453 335070 140
454 332830 140
455 349630 140
456 351870 140
457 356350 140
458 344030 140
459 392190 140
460 387710 140
461 316030 140
462 322750 140
463 327230 140
464 313790 140
465 321630 140
466 317150 140
467 318270 140
468 307070 140
469 345150 140
470 308190 140
471 342910 140
472 358590 140
473 309310 140
474 312670 140
475 311550 140
476 310430 140
477 319390 140
478 338430 140
479 320510 140
480 333950 140
481 329470 140
482 330590 140
483 331710 140
484 293630 140
485 292510 140
486 339550 140
487 347390 140
488 340670 140
489 341790 140
490 346270 140
491 337310 140
492 294750 140
493 388830 140
494 537790 140
495 544510 140
496 703490 151340
497 592670 353670
498 703490 169260
499 703490 174860
500 703490 186060
501 553470 353670
502 540030 353670
503 624030 353670
504 617310 353670
505 621790 353670
506 594910 353670
507 703490 178220
508 610590 353670
509 608350 353670
510 622910 353670
511 554590 353670
512 618430 353670
513 601630 353670
514 620670 353670
515 606110 353670
516 600510 353670
517 597150 353670
518 703490 142380
519 612830 353670
520 580350 353670
521 703490 171500
522 703490 165900
523 703490 173740
524 703490 160300
525 703490 156940
526 538910 140
527 703490 164780
528 140 19180
529 546750 353670
530 548990 353670
531 545630 353670
532 547870 353670
533 536670 353670
534 537790 353670
535 560190 353670
536 557950 353670
537 501950 353670
538 503070 353670
539 140 16940
540 494110 353670
541 487390 353670
542 490750 353670
543 488510 353670
544 491870 353670
545 500830 353670
546 509790 353670
547 524350 353670
548 507550 353670
549 513150 353670
550 563550 353670
551 499710 353670
552 504190 353670
553 564670 353670
554 562430 353670
555 555710 353670
556 556830 353670
557 552350 353670
558 535550 353670
559 538910 353670
560 501950 140
561 528830 140
562 491870 140
563 482910 140
564 498590 140
565 464990 140
566 520990 140
567 517630 140
568 518750 140
569 532190 140
570 531070 140
571 452670 140
572 400030 140
573 500830 140
574 386590 140
575 382110 140
576 379870 140
577 380990 140
578 383230 140
579 499710 140
580 484030 140
581 497470 140
582 470590 140
583 522110 140
584 448190 140
585 519870 140
586 523230 140
587 408990 140
588 405630 140
589 406750 140
590 439230 140
591 425790 140
592 407870 140
593 496350 140
594 527710 140
595 525470 140
596 703490 172620
597 613950 353670
598 593790 353670
599 603870 353670
600 602750 353670
601 599390 353670
602 615070 353670
603 616190 353670
604 607230 353670
605 596030 353670
606 611710 353670
607 619550 353670
608 604990 353670
609 591550 353670
610 609470 353670
611 598270 353670
612 703490 143500
613 703490 170380
614 703490 158060
615 547870 140
