0 53199 36651
1 41293 38552
2 46785 37300
3 52770 38449
4 41022 42089
5 36208 38383
6 38295 26193
7 39409 30903
8 43849 38503
9 56968 36575
10 36986 27176
11 63143 25388
12 43655 26598
13 52994 29571
14 58672 26121
15 57428 28911
16 50296 22905
17 58619 29300
18 17987 28755
19 32477 23614
20 33195 20124
21 18165 29076
22 27897 22303
23 18527 28109
24 31067 26057
25 72519 40841
26 54093 38508
27 24238 42211
28 35543 41147
29 41948 26558
30 44510 21892
31 53338 20996
32 50170 18860
33 51239 23037
34 44368 19041
35 30197 23463
36 51541 22881
37 52823 46184
38 49015 27617
39 48369 29757
40 48812 29910
41 46917 30632
42 41612 28549
43 45102 31554
44 19467 28563
45 19215 27430
46 27794 28441
47 22258 27225
48 20115 27760
49 16956 26098
50 20624 25515
51 63309 35668
52 38969 27194
53 40566 23788
54 39069 25660
55 37631 42270
56 59120 46812
57 45179 19631
58 26421 17865
59 36421 10985
60 64029 22921
61 29153 18659
62 63979 19561
63 42255 19318
64 24557 44994
65 42330 50239
66 43947 51525
67 30641 21891
68 54302 26586
69 47105 27817
70 30553 21606
71 49544 18819
72 27617 17886
73 55461 43246
74 68100 20196
75 47559 57071
76 50607 52631
77 36608 49360
78 39274 43461
79 57410 46638
80 61500 47017
81 64558 49527
82 63136 47871
83 62281 48838
84 59609 42093
85 50452 16259
86 47271 18744
87 42214 17970
88 72273 17865
89 45847 18348
90 69733 18703
91 68857 18975
92 40759 10476
93 37471 13665
94 56118 44524
95 23850 44595
96 33018 14399
97 64279 49708
98 59303 49165
99 64417 17440
100 37953 15450
101 27396 18924
102 67104 48744
103 23699 41910
104 66894 46765
105 58975 41220
106 43462 6363
107 45171 12436
108 33494 45678
109 40846 48330
110 37172 50670
111 78249 47585
112 66660 36658
113 77616 31112
114 74905 29527
115 70758 36639
116 78151 36813
117 81183 32931
118 84182 34425
119 84572 38454
120 42281 59545
121 37183 59805
122 36898 59434
123 36111 57323
124 33804 56750
125 35237 58617
126 38059 58712
127 25939 50969
128 17076 46699
129 12688 44329
130 11400 46755
131 5065 44640
132 13027 41787
133 9837 35266
134 12374 36231
135 16220 41954
136 28269 60345
137 26199 60165
138 27992 60007
139 29151 60165
140 76211 33148
141 77652 33113
142 77999 33581
143 81504 37755
144 82452 35715
145 83430 38595
146 57023 42870
147 3501 43753
148 12015 38712
149 63732 40760
150 65682 44280
151 64808 40905
152 62607 37496
153 68841 32886
154 70213 32703
155 78444 26685
156 73854 28485
157 80262 36525
158 84799 36333
159 83986 40095
160 83207 39892
161 70827 34290
162 71168 33615
163 71919 26190
164 71210 28407
165 78147 27877
166 74401 31581
167 48868 6733
168 26561 49091
169 25328 48951
170 34077 57708
171 34172 56831
172 31490 56485
173 57681 58350
174 58642 53663
175 24100 57045
176 31725 60345
177 39123 60075
178 48744 58640
179 40124 53248
180 53451 51987
181 62104 58532
182 64017 53763
183 51447 58742
184 33993 60345
185 24942 58443
186 28046 50031
187 34749 59805
188 36587 51405
189 57899 50979
190 63370 51604
191 64167 56565
192 31617 59535
193 54390 56565
194 28485 56326
195 31779 59805
196 29046 48888
197 37233 60345
198 39125 47728
199 16436 46353
200 18762 44587
201 18190 42105
202 30753 48349
203 22703 52252
204 17933 51971
205 16410 52612
206 17387 49912
207 26672 39423
208 69946 44847
209 70741 48563
210 72994 48375
211 74219 49783
212 74238 49027
213 76221 48024
214 72036 48870
215 82036 44256
216 81822 45580
217 79338 46106
218 83149 43119
219 49771 42529
220 46438 46384
221 46667 7564
222 72092 35387
223 72560 33152
224 73925 34655
225 75297 35667
226 77301 35386
227 78670 35997
228 80018 38155
229 80278 38899
230 84060 39690
231 82358 39204
232 9215 43347
233 9682 46713
234 9699 42045
235 8371 43219
236 13756 34612
237 10657 31455
238 8850 32113
239 9279 37551
240 5943 37732
241 10398 35523
242 4091 31671
243 5662 32572
244 4277 37033
245 3553 41769
246 3088 41283
247 4514 41121
248 3477 40365
249 3261 40689
250 4557 40419
251 6534 40365
252 7398 40419
253 5659 40743
254 6760 41175
255 5778 41499
256 6048 42255
257 19971 37304
258 73856 27636
259 72707 27289
260 84020 30182
261 82253 34193
262 81789 34256
263 80282 35389
264 79830 35055
265 69201 35775
266 74823 28282
267 75885 29145
268 74682 29126
269 76747 27033
270 75245 26561
271 75539 31691
272 79508 28721
273 70867 27482
274 75630 28875
275 77337 29475
276 78061 30690
277 80953 28485
278 80868 27472
279 82411 38089
280 76329 29598
281 84166 29256
282 70020 32496
283 78759 28530
284 72591 28170
285 71210 30420
286 70378 29673
287 78324 34215
288 79106 31879
289 78660 31837
290 69093 34263
291 76534 26811
292 80021 29497
293 72993 29523
294 84722 32467
295 73528 26030
296 77290 31016
297 78573 31030
298 69068 29632
299 70267 27101
300 85146 30645
301 68644 35235
302 68971 35707
303 68926 34245
304 81364 36090
305 76828 30206
306 68293 36112
307 79356 34347
308 79707 32805
309 80916 30252
310 79920 29719
311 82539 35350
312 83685 31575
313 83640 37611
314 70423 34965
315 80976 37125
316 81479 31353
317 83352 30799
318 82616 36199
319 82066 33165
320 71157 30765
321 83946 34849
322 72022 29214
323 79935 30953
324 80878 32535
325 82788 29058
326 83841 36247
327 82957 36855
328 70189 35559
329 69312 27825
330 70227 31131
331 70054 28539
332 68747 36369
333 69615 37125
334 82967 33007
335 83542 34335
336 68292 36675
337 66067 32265
338 64230 31242
339 80676 33615
340 85563 44145
341 85563 37125
342 39660 42
343 39372 42
344 39276 62680
345 33516 62680
346 33996 62680
347 39180 62680
348 38028 62680
349 38892 62680
350 39084 62680
351 37068 62680
352 35340 62680
353 34380 62680
354 34764 62680
355 34860 62680
356 36972 62680
357 36876 62680
358 35052 62680
359 34572 62680
360 34956 62680
361 34188 62680
362 34092 62680
363 35244 62680
364 34284 62680
365 33804 62680
366 38604 62680
367 38988 62680
368 28524 62680
369 39468 42
370 87847 44268
371 87847 45612
372 87847 43020
373 87847 45708
374 87847 38508
375 65676 62680
376 53964 62680
377 87847 44748
378 56460 62680
379 87847 43116
380 39276 42
381 87847 42252
382 87847 44556
383 87847 42348
384 87847 43788
385 87847 36972
386 87847 42924
387 87847 40236
388 87847 42732
389 87847 42828
390 87847 42636
391 87847 42444
392 37740 62680
393 87847 42540
394 87847 43692
395 87847 44364
396 87847 43212
397 33228 62680
398 37836 62680
399 87847 42156
400 87847 43980
401 57132 62680
402 57420 62680
403 56172 62680
404 57228 62680
405 49164 42
406 52716 42
407 45900 42
408 42540 62680
409 43020 62680
410 40332 42
411 40428 42
412 40524 42
413 46860 62680
414 44460 42
415 43884 42
416 41484 42
417 41580 42
418 47724 42
419 41676 42
420 41964 42
421 41868 42
422 43596 62680
423 44556 42
424 45036 42
425 41580 62680
426 40620 62680
427 41772 42
428 43020 42
429 43500 42
430 44364 42
431 44652 42
432 43596 42
433 43692 42
434 43788 42
435 43980 42
436 44076 42
437 44172 42
438 45804 62680
439 52908 42
440 54156 62680
441 87847 30252
442 87847 28620
443 87847 31116
444 87847 29580
445 87847 29292
446 87847 30444
447 87847 28812
448 87847 29868
449 87847 29004
450 87847 29388
451 87847 30828
452 87847 30636
453 87847 30060
454 58668 62680
455 87847 31692
456 87847 29100
457 87847 30156
458 87847 30540
459 87847 28716
460 87847 29196
461 87847 29676
462 58476 62680
463 87847 28908
464 87847 31596
465 87847 29772
466 87847 30924
467 87847 29964
468 87847 31788
469 87847 31020
470 87847 29484
471 87847 30348
472 87847 30732
473 45996 42
474 30444 62680
475 27180 62680
476 41004 62680
477 40812 62680
478 31500 62680
479 39372 62680
480 41196 62680
481 39948 62680
482 41292 62680
483 37260 62680
484 33900 62680
485 35916 62680
486 36204 62680
487 40716 62680
488 34668 62680
489 36780 62680
490 37932 62680
491 37452 62680
492 38124 62680
493 37548 62680
494 36684 62680
495 36108 62680
496 31308 62680
497 37644 62680
498 41772 62680
499 36396 62680
500 35820 62680
501 31404 62680
502 36012 62680
503 35148 62680
504 37356 62680
505 36300 62680
506 40524 62680
507 41388 62680
508 39180 42
509 42 44652
510 42 45228
511 42 45132
512 42 45324
513 42 45420
514 42 44556
515 42 44748
516 42 41196
517 42 43884
518 42 40908
519 39564 42
520 42 43980
521 42 43212
522 42 43308
523 42 42540
524 42 42348
525 42 42252
526 42 40236
527 42 39660
528 42 39372
529 42 38892
530 42 40428
531 42 38796
532 42 38700
533 42 39948
534 42 41004
535 42 41580
536 42 41868
537 42 42924
538 42 43596
539 42 43500
540 42 33324
541 42 38988
542 42 30924
543 42 33708
544 42 33516
545 42 32844
546 42 31980
547 42 30252
548 42 30156
549 42 33228
550 42 33612
551 42 34284
552 42 34668
553 42 31020
554 42 35340
555 42 37164
556 42 37068
557 42 36012
558 42 36972
559 42 36204
560 42 36588
561 42 34188
562 42 35052
563 42 33036
564 42 31212
565 42 31116
566 42 31404
567 42 30348
568 42 32460
569 42 32172
570 42 32076
571 42 34092
572 42 30636
573 42 34572
574 42 38604
575 42 38220
576 31596 62680
577 37164 62680
578 36588 62680
579 35628 62680
580 31692 62680
581 33708 62680
582 33612 62680
583 34476 62680
584 35436 62680
585 35724 62680
586 35532 62680
587 36492 62680
588 38412 62680
589 38316 62680
590 38508 62680
591 38220 62680
592 31116 62680
593 31788 62680
594 31212 62680
595 28140 62680
