0 194577 113400
1 237603 199387
2 69940 140585
3 193733 188066
4 181741 163100
5 169626 194669
6 102239 190005
7 186344 169826
8 207442 140789
9 195483 247848
10 249038 312900
11 247630 321236
12 239990 234750
13 237205 186409
14 255536 215672
15 253779 170237
16 242664 141654
17 270581 169625
18 243849 140622
19 182080 213080
20 287411 115676
21 258780 199015
22 277501 154840
23 250990 221480
24 352452 301217
25 319854 189736
26 235291 144578
27 164431 247462
28 117323 254108
29 202984 204707
30 140207 247088
31 207250 240702
32 101099 200393
33 329359 159682
34 324208 193735
35 151909 186200
36 167852 129652
37 307003 206580
38 144612 274600
39 74280 276242
40 136054 180869
41 317091 163916
42 366929 231233
43 74535 316896
44 122360 310380
45 84233 222506
46 149720 118366
47 18405 253309
48 71545 297295
49 279190 121000
50 270503 85400
51 67467 148225
52 180559 121625
53 129338 187864
54 174322 230872
55 153062 189207
56 121363 126390
57 115017 145464
58 114064 201987
59 149318 139948
60 137400 179789
61 169833 216413
62 218812 347516
63 208412 372145
64 215758 333320
65 174816 265939
66 342845 257027
67 117772 222200
68 98785 275357
69 61465 190866
70 84740 139187
71 95316 273000
72 143521 243335
73 311345 253854
74 58651 167569
75 55052 194492
76 80102 189890
77 120299 257008
78 265764 228492
79 382777 224531
80 39696 250600
81 74995 287200
82 114941 245636
83 377333 172853
84 82218 334981
85 380348 234383
86 371592 236100
87 362622 173016
88 22368 222016
89 387175 232866
90 350683 276029
91 174933 263900
92 391348 236854
93 174872 297246
94 54929 256103
95 143625 355526
96 145730 261800
97 141087 329746
98 81556 243057
99 80855 226208
100 92039 262716
101 162606 335930
102 52659 307389
103 50664 198221
104 41013 304475
105 373979 185325
106 397412 238400
107 37209 232194
108 47847 235507
109 403720 242092
110 301118 254266
111 169587 294037
112 386395 202778
113 400567 247566
114 401691 252000
115 50038 278937
116 390573 249760
117 323760 256027
118 125340 280962
119 118764 278169
120 169185 292545
121 92185 321066
122 404046 214375
123 160420 289905
124 393933 205488
125 400031 257933
126 409327 254717
127 331360 236376
128 105274 332301
129 387061 189280
130 397670 266400
131 402014 261986
132 122370 330296
133 195710 215789
134 184540 215847
135 375952 291418
136 380766 295580
137 368952 319400
138 372172 259000
139 244424 210311
140 301469 139608
141 291156 127400
142 275652 96292
143 276155 133903
144 398307 153588
145 284993 149200
146 312466 123032
147 307068 288400
148 413530 301000
149 303762 278425
150 280518 246317
151 329299 327956
152 352592 382827
153 378974 365810
154 384257 369854
155 357342 362483
156 324791 340066
157 357345 297363
158 334685 406525
159 296255 389400
160 286081 367769
161 286841 372938
162 324286 116523
163 419881 66546
164 422580 77865
165 399933 94701
166 414865 87150
167 351522 100882
168 307465 118104
169 321377 93369
170 404679 130394
171 426740 167300
172 402403 144511
173 362694 130536
174 443402 176339
175 251417 90300
176 223529 56542
177 199567 55008
178 329150 150360
179 373170 162711
180 260822 4200
181 259920 7000
182 387932 324800
183 405622 323000
184 424894 330200
185 423320 334600
186 429083 339733
187 434846 344866
188 397052 327600
189 417715 324800
190 412775 321300
191 432566 336933
192 436493 342533
193 440800 354900
194 418633 345333
195 410210 350700
196 429856 362880
197 439204 331800
198 445122 334600
199 420850 374500
200 444431 348911
201 397923 361666
202 430540 368200
203 384750 360360
204 410906 373177
205 418108 364600
206 385776 374640
207 406536 381733
208 396002 394022
209 377502 358200
210 397697 369800
211 378717 394800
212 368708 359000
213 368378 396666
214 363153 349066
215 377672 366800
216 358007 396900
217 357742 349800
218 368505 368550
219 349841 393654
220 351816 350933
221 360810 370533
222 342237 391300
223 354666 373800
224 333437 381640
225 349220 378840
226 334058 349160
227 339910 368550
228 332934 365400
229 324456 365866
230 317442 362600
231 309415 365050
232 296062 343622
233 301482 363300
234 295314 358200
235 285380 344680
236 288230 352800
237 275391 367000
238 274655 346422
239 281580 356066
240 274740 352520
241 389711 336777
242 404193 330866
243 416860 356066
244 398324 359488
245 436728 356200
246 413163 387800
247 395634 388600
248 385776 390320
249 387068 363720
250 290177 279000
251 312720 310558
252 370391 331400
253 397756 318309
254 412775 332500
255 409830 316750
256 434055 379050
257 433960 350700
258 423383 385000
259 395884 355880
260 344605 354600
261 353198 360675
262 346940 365400
263 316371 353266
264 331360 359800
265 303240 347800
266 225130 350515
267 253143 83300
268 277571 87920
269 427077 208961
270 381045 334600
271 416226 336155
272 418000 321533
273 437950 361666
274 430616 347853
275 299896 353080
276 407111 153222
277 355389 68934
278 347327 11044
279 283353 9800
280 293689 20257
281 267366 52933
282 366108 40061
283 279324 65313
284 395444 91738
285 305945 117800
286 411734 62300
287 368642 14653
288 289142 11480
289 349639 127689
290 391866 136563
291 394107 64561
292 296324 8680
293 296324 28434
294 392625 37529
295 304114 50120
296 452200 102200
297 403444 71024
298 303392 10920
299 349838 80926
300 401309 113400
301 379556 11822
302 292569 37240
303 304095 65800
304 397233 48253
305 296620 66248
306 436163 153970
307 389595 14636
308 416955 138600
309 300548 26133
310 314547 13080
311 386555 37800
312 310333 59733
313 300586 254848
314 384746 26243
315 377856 49365
316 295800 54452
317 312758 18466
318 387593 125864
319 300228 51240
320 324266 22866
321 363791 139423
322 322392 29960
323 366406 29145
324 341263 110460
325 271700 7933
326 349736 40730
327 345420 7000
328 280946 7933
329 272684 298709
330 272418 323521
331 283173 322107
332 291531 317975
333 288538 299950
334 425362 288400
335 431442 276500
336 437332 277200
337 440657 282800
338 431917 282100
339 441512 289100
340 433817 288400
341 441797 291900
342 428592 294700
343 442367 296100
344 434767 294700
345 415862 288400
346 428117 299600
347 420707 312900
348 427832 312900
349 427832 307300
350 435812 305900
351 420897 306600
352 436192 310800
353 436287 298900
354 417097 282800
355 409022 283500
356 424222 268100
357 414342 277900
358 400931 282800
359 421942 276500
360 418902 270200
361 405222 271600
362 411587 270900
363 405507 277200
364 424317 281400
365 429447 273700
366 271453 249562
367 297740 236820
368 293860 218822
369 350148 53836
370 267725 44333
371 264353 35000
372 277898 35466
373 317924 103400
374 256999 361337
375 244522 374350
376 257536 389330
377 347125 219344
378 274046 71260
379 262833 23800
380 260960 336593
381 216716 261619
382 264860 10733
383 273351 20246
384 427843 319533
385 437295 325577
386 391484 348133
387 379667 348950
388 341968 359022
389 325816 356505
390 308128 355218
391 263466 37800
392 384460 123200
393 262200 26600
394 275839 29000
395 226758 266186
396 227574 263151
397 219437 267761
398 184575 247258
399 195681 249853
400 197783 245186
401 187064 253580
402 214742 289980
403 226027 306117
404 225245 296146
405 214706 301451
406 155199 347696
407 155954 345712
408 160930 354200
409 156014 346883
410 170062 345529
411 176842 340550
412 173660 345100
413 166421 307503
414 176681 347787
415 166256 362880
416 181646 369165
417 174662 367620
418 172133 361787
419 169347 352240
420 186697 345896
421 179812 351400
422 141034 166866
423 188296 339080
424 289800 309213
425 298046 346266
426 274233 362600
427 434603 182107
428 445197 184200
429 444754 174300
430 435733 179666
431 430784 186200
432 429257 184100
433 384883 118263
434 443966 192733
435 448590 189560
436 437420 190800
437 441047 207382
438 432060 233369
439 427858 228523
440 436719 217730
441 443958 219100
442 440491 211750
443 437213 214200
444 251283 74327
445 252833 77840
446 190658 55250
447 243040 32347
448 401257 178024
449 409523 170476
450 403590 191357
451 402163 213080
452 399988 218680
453 417719 198617
454 410192 187133
455 218383 18838
456 209055 50018
457 196512 26165
458 453593 201600
459 454591 227870
460 439322 239244
461 454416 166755
462 347057 26897
463 275626 13533
464 352133 125533
465 427876 119392
466 253379 135460
467 226907 130900
468 221721 94832
469 221975 353838
470 319428 387800
471 302733 381453
472 72471 4200
473 70750 140
474 74110 140
475 461590 146860
476 461590 141260
477 461590 145740
478 461590 121100
479 461590 165900
480 461590 143500
481 461590 149100
482 461590 151340
483 461590 152460
484 461590 142380
485 461590 169260
486 461590 144620
487 461590 140140
488 461590 162540
489 461590 164780
490 461590 156940
491 461590 167020
492 461590 153580
493 461590 155820
494 461590 154700
495 461590 158060
496 461590 159180
497 461590 160300
498 461590 137900
499 264510 140
500 76350 140
501 461590 268940
502 461590 289100
503 461590 272300
504 461590 303660
505 461590 274540
506 274590 415820
507 267870 415820
508 255550 415820
509 461590 267820
510 461590 245420
511 72990 140
512 244350 140
513 461590 271180
514 461590 270060
515 461590 280140
516 461590 234220
517 461590 277900
518 301470 415820
519 461590 275660
520 461590 242060
521 461590 266700
522 263390 415820
523 461590 231980
524 461590 205100
525 350750 415820
526 264510 415820
527 354110 415820
528 461590 279020
529 461590 273420
530 268990 415820
531 461590 276780
532 235390 415820
533 252190 415820
534 240990 415820
535 246590 415820
536 233150 140
537 187230 415820
538 197310 415820
539 249950 415820
540 253310 415820
541 261150 415820
542 195070 415820
543 205150 415820
544 238750 415820
545 193950 415820
546 198430 415820
547 230910 415820
548 257790 415820
549 216350 415820
550 254430 415820
551 209630 415820
552 207390 415820
553 247710 415820
554 192830 415820
555 200670 415820
556 265630 415820
557 258910 415820
558 260030 415820
559 210750 415820
560 236510 415820
561 212990 415820
562 248830 415820
563 262270 415820
564 256670 415820
565 215230 415820
566 223070 415820
567 251070 415820
568 202910 415820
569 191710 415820
570 230910 140
571 226430 140
572 229790 415820
573 189470 415820
574 237630 415820
575 228670 415820
576 225310 415820
577 219710 415820
578 224190 415820
579 217470 415820
580 243230 415820
581 206270 415820
582 244350 415820
583 266750 415820
584 211870 415820
585 226430 415820
586 201790 415820
587 204030 415820
588 208510 415820
589 239870 415820
590 199550 415820
591 245470 415820
592 218590 415820
593 190590 415820
594 188350 415820
595 196190 415820
596 220830 415820
597 227550 415820
598 233150 415820
599 221950 415820
600 234270 415820
601 214110 415820
602 232030 415820
603 242110 415820
604 245470 140
605 267870 140
606 261150 140
607 333950 140
608 461590 99820
609 461590 98700
610 461590 89740
611 376510 140
612 461590 105420
613 461590 100940
614 461590 63980
615 461590 66220
616 461590 68460
617 461590 72940
618 364190 140
619 461590 96460
620 461590 74060
621 461590 85260
622 461590 102060
623 461590 95340
624 461590 69580
625 461590 78540
626 461590 77420
627 461590 65100
628 461590 90860
629 319390 140
630 461590 93100
631 461590 97580
632 369790 140
633 346270 140
634 347390 140
635 339550 140
636 340670 140
637 345150 140
638 461590 104300
639 71870 140
640 461590 202860
641 461590 193900
642 461590 196140
643 461590 191660
644 461590 207340
645 461590 211820
646 461590 226380
647 461590 228620
648 461590 243180
649 461590 227500
650 75230 140
651 461590 230860
652 461590 238700
653 461590 229740
654 461590 244300
655 461590 236460
656 461590 239820
657 461590 235340
658 461590 233100
659 461590 240940
660 461590 237580
661 461590 147980
662 461590 214060
663 461590 216300
664 461590 163660
665 461590 161420
666 461590 168140
667 461590 150220
668 461590 184940
669 461590 179340
670 461590 173740
671 243230 140
672 461590 111020
673 228670 140
674 199550 140
675 208510 140
676 195070 140
677 229790 140
678 215230 140
679 227550 140
680 223070 140
681 224190 140
682 191710 140
683 178270 140
684 216350 140
685 176030 140
686 177150 140
687 196190 140
688 189470 140
689 179390 140
690 209630 140
691 204030 140
692 210750 140
693 200670 140
694 232030 140
695 170430 140
696 234270 140
697 235390 140
698 169310 140
699 168190 140
700 171550 140
701 180510 140
702 172670 140
703 167070 140
704 207390 140
705 253310 140
706 249950 140
707 461590 86380
708 461590 67340
709 461590 79660
710 461590 83020
711 461590 87500
712 461590 88620
713 461590 91980
714 461590 80780
715 461590 71820
716 461590 75180
717 461590 70700
718 461590 76300
719 461590 84140
720 461590 103180
721 461590 94220
722 461590 81900
723 323870 140
724 367550 140
725 338430 140
726 263390 140
