0 514411 222229
1 436458 188906
2 535872 145793
3 357771 268137
4 365047 220274
5 408845 175832
6 486643 197769
7 454442 148610
8 381534 225451
9 412142 222969
10 305211 195125
11 281117 232426
12 311647 240240
13 427153 241400
14 380006 244152
15 353724 254584
16 418293 257053
17 480060 257727
18 408546 274973
19 366691 171382
20 427606 271372
21 496656 270424
22 324900 242760
23 172062 273417
24 175960 285079
25 332889 284247
26 364016 301845
27 488176 256956
28 325675 178360
29 360595 151301
30 410823 197256
31 360330 158396
32 373392 164052
33 313430 200918
34 281029 180110
35 323438 143966
36 502881 141184
37 541533 286670
38 409673 187660
39 366658 294941
40 345035 120105
41 418726 176300
42 279340 316400
43 367445 85974
44 421812 143266
45 533016 196955
46 341409 124600
47 346619 129640
48 308543 112450
49 413323 233046
50 367695 325261
51 340955 343560
52 535795 130573
53 440142 177584
54 336831 178087
55 551131 178958
56 503358 163141
57 455181 167820
58 503178 203868
59 368501 341937
60 408419 185453
61 125352 164850
62 113582 156100
63 296193 177085
64 343205 134840
65 311087 115780
66 463962 123437
67 553729 151573
68 249292 280516
69 360921 310223
70 340181 115870
71 476549 107027
72 350841 150000
73 314672 251300
74 282455 327200
75 131304 168985
76 258210 322400
77 272294 324373
78 275158 316456
79 331158 125562
80 511317 304458
81 456231 97756
82 264950 324130
83 249815 320345
84 260645 280614
85 254163 163990
86 182174 137148
87 290266 166013
88 400151 135275
89 370085 128240
90 430023 138173
91 207248 135117
92 369553 109783
93 305261 86261
94 470475 299452
95 253776 332007
96 410998 105420
97 398558 97756
98 248037 336969
99 224946 325800
100 169622 172287
101 195951 174848
102 430312 304551
103 229266 336933
104 223808 330976
105 172097 115785
106 341319 111440
107 232080 335000
108 276289 141830
109 233985 172375
110 207588 177300
111 213503 102578
112 413851 309633
113 230291 315875
114 231145 321222
115 276157 141316
116 237221 121390
117 456586 300423
118 224421 304453
119 226049 309213
120 236754 137810
121 287072 272153
122 315950 310714
123 379605 174705
124 366801 200106
125 367331 189411
126 291215 295120
127 172136 304681
128 131670 294280
129 240464 307160
130 453720 249044
131 519842 311227
132 404548 325080
133 463524 336591
134 394546 315962
135 508726 294247
136 534599 337176
137 249297 253909
138 240993 280155
139 190869 327689
140 266223 273329
141 132479 272400
142 76023 225057
143 53966 249245
144 76212 229516
145 115388 289644
146 58752 254889
147 159233 282366
148 36404 269453
149 58300 282873
150 35455 283469
151 506718 377562
152 400765 398258
153 450802 401415
154 461098 384014
155 540653 324672
156 528590 331947
157 482811 368690
158 484222 370569
159 539605 357777
160 466062 429576
161 526230 361072
162 577742 306600
163 601278 235620
164 593814 243950
165 590624 270922
166 558665 307569
167 598927 296800
168 596346 299133
169 137674 250880
170 145974 235000
171 138890 214200
172 123424 217560
173 114443 211866
174 105640 201600
175 138374 242600
176 141550 222250
177 147548 227800
178 130150 224933
179 131252 206920
180 110808 200760
181 95271 199000
182 108224 213080
183 82671 195222
184 115710 196700
185 65317 204866
186 101412 191800
187 80987 203700
188 81434 211680
189 54530 227920
190 55638 218166
191 76997 219450
192 36756 218527
193 74751 245000
194 66717 218200
195 21351 221375
196 59768 246200
197 12075 236133
198 31160 242900
199 42885 254600
200 58852 237300
201 21117 261800
202 30067 243950
203 31508 250833
204 14693 274400
205 13680 252466
206 63481 296100
207 8423 260866
208 72688 256800
209 9595 271600
210 69540 286720
211 49162 273700
212 65902 273000
213 95464 281088
214 91010 288750
215 82792 298200
216 76162 300600
217 61885 300200
218 53437 302750
219 28246 292833
220 25745 302633
221 135137 234850
222 97280 209300
223 91037 222600
224 86133 226955
225 90657 199000
226 50540 206033
227 78141 237109
228 72875 232555
229 82080 230600
230 46977 308700
231 242560 256072
232 228674 249537
233 122275 249666
234 150065 241945
235 153330 233450
236 63677 194200
237 48260 200600
238 10070 281400
239 84590 261400
240 71566 265533
241 96178 299880
242 93575 273700
243 77900 306911
244 87463 300533
245 75746 301311
246 250976 222501
247 574391 308311
248 438194 423266
249 129010 242480
250 124972 214200
251 84296 195533
252 98040 210840
253 439739 338022
254 377684 378556
255 279818 421507
256 242946 344866
257 309252 347400
258 542330 338440
259 341839 404115
260 336488 362865
261 416700 385547
262 455841 410934
263 257088 413600
264 256310 347666
265 500001 342131
266 446598 399917
267 504415 331800
268 385693 356600
269 252352 352651
270 258986 369955
271 307891 362600
272 638020 326200
273 438132 405740
274 309510 343000
275 508966 397346
276 419288 365837
277 263854 407129
278 276742 352907
279 331080 367211
280 332237 396611
281 439517 342883
282 254556 402446
283 413402 343000
284 239178 369133
285 232796 378945
286 317129 401520
287 320435 366566
288 265854 396352
289 299618 399219
290 291186 360325
291 237843 379800
292 496464 369682
293 298746 372680
294 240464 388920
295 252396 388360
296 300099 415909
297 551156 378770
298 225973 351866
299 248785 360620
300 335705 416200
301 393680 446600
302 175318 246909
303 182870 225521
304 166478 233240
305 207013 235836
306 191984 250911
307 174752 334600
308 161072 325500
309 160597 333900
310 139982 327600
311 138652 335300
312 128297 332500
313 149292 331800
314 141027 324100
315 128867 327600
316 126397 324800
317 129532 320600
318 180737 315000
319 147772 316400
320 156132 317100
321 161357 321300
322 171902 321300
323 138937 317800
324 135897 313600
325 126777 312200
326 126302 317800
327 150907 322700
328 156322 338800
329 190047 340900
330 149387 338100
331 151715 325266
332 184632 342300
333 185297 333900
334 178932 339500
335 169052 341600
336 166487 336700
337 171902 330400
338 171427 325500
339 314709 272216
340 352944 282960
341 289318 363109
342 258020 363533
343 562970 375800
344 333844 59574
345 320674 94352
346 339967 51715
347 301492 60165
348 228627 364000
349 211592 202729
350 152235 217400
351 118750 209125
352 108642 215880
353 103427 235447
354 102647 244125
355 104470 270642
356 104455 281400
357 99680 295654
358 409958 195030
359 274360 360733
360 524096 364840
361 265514 370688
362 200613 207537
363 200633 211786
364 205966 197038
365 287159 202720
366 292069 208020
367 289959 203289
368 293214 203186
369 198936 189093
370 349004 112564
371 338875 115920
372 181895 184751
373 191298 187880
374 192856 182840
375 151582 146440
376 163031 152512
377 142100 146131
378 156895 150826
379 149561 146440
380 166083 152162
381 163174 147000
382 174499 169761
383 153678 143640
384 148046 130109
385 134730 128600
386 136331 129100
387 156566 128393
388 159434 130561
389 151305 136379
390 149385 130875
391 172611 150612
392 192166 241640
393 36936 298200
394 22800 288680
395 486918 358866
396 497420 432600
397 489364 435960
398 479275 422100
399 487286 423266
400 482372 438200
401 464835 439800
402 435442 428568
403 420470 437500
404 387270 442306
405 431181 368463
406 422070 431200
407 449179 431293
408 458584 422520
409 448096 424200
410 570959 287400
411 580201 295184
412 585597 228250
413 605840 283463
414 452919 320384
415 547927 310655
416 465409 313173
417 431408 309000
418 454443 319361
419 627304 254720
420 624346 227826
421 365957 438581
422 398480 434810
423 413566 443177
424 376932 430600
425 539220 357933
426 508925 262811
427 546590 248215
428 239324 217840
429 83473 267711
430 63130 284013
431 512030 140
432 515390 140
433 644800 302540
434 644800 300300
435 410110 452520
436 644800 317100
437 413470 452520
438 644800 303660
439 644800 307020
440 644800 314860
441 644800 312620
442 644800 304780
443 415710 452520
444 412350 452520
445 406750 452520
446 404510 452520
447 396670 452520
448 644800 308140
449 393310 452520
450 644800 310380
451 644800 309260
452 644800 315980
453 644800 313740
454 644800 311500
455 394430 452520
456 644800 305900
457 644800 296940
458 517630 140
459 140 303660
460 140 285740
461 140 300300
462 140 313740
463 140 295820
464 285790 452520
465 375390 140
466 416830 140
467 140 310380
468 140 309260
469 514270 140
470 303710 452520
471 140 307020
472 140 280140
473 140 296940
474 140 305900
475 140 301420
476 140 257740
477 140 283500
478 140 304780
479 140 298060
480 340670 140
481 140 299180
482 140 281260
483 140 209580
484 293630 452520
485 140 314860
486 140 308140
487 140 284620
488 280190 452520
489 140 302540
490 277950 452520
491 283550 452520
492 279070 452520
493 286910 452520
494 644800 217420
495 429150 140
496 356350 140
497 289150 140
498 284670 452520
499 281310 140
500 308190 140
501 329470 140
502 360830 140
503 357470 140
504 359710 140
505 290270 140
506 309310 140
507 352990 140
508 291390 140
509 313790 140
510 333950 140
511 345150 140
512 350750 140
513 351870 140
514 283550 140
515 318270 452520
516 300350 452520
517 307070 140
518 292510 140
519 327230 140
520 330590 140
521 310430 140
522 296990 452520
523 314910 140
524 326110 140
525 344030 140
526 368670 140
527 358590 140
528 433630 140
529 432510 140
530 260030 140
531 261150 140
532 264510 140
533 253310 140
534 245470 140
535 240990 140
536 239870 140
537 263390 140
538 262270 452520
539 262270 140
540 263390 452520
541 266750 452520
542 255550 140
543 251070 140
544 246590 140
545 247710 140
546 235390 140
547 271230 452520
548 232030 140
549 270110 140
550 230910 140
551 238750 140
552 234270 140
553 233150 140
554 229790 140
555 248830 140
556 254430 452520
557 246590 452520
558 247710 452520
559 245470 452520
560 254430 140
561 271230 140
562 644800 223020
563 644800 301420
564 644800 294700
565 527710 452520
566 495230 452520
567 500830 452520
568 501950 452520
569 487390 452520
570 395550 452520
571 644800 322700
572 445950 452520
573 439230 452520
574 402270 452520
575 391070 452520
576 481790 452520
577 423550 452520
578 408990 452520
579 425790 452520
580 397790 452520
581 428030 452520
582 433630 452520
583 447070 452520
584 454910 452520
585 463870 452520
586 462750 452520
587 503070 452520
588 470590 452520
589 489630 452520
590 505310 452520
591 498590 452520
592 524350 452520
593 523230 452520
594 506430 452520
595 392190 452520
596 504190 452520
597 513150 140
598 221950 452520
599 219710 452520
600 220830 452520
601 230910 452520
602 225310 452520
603 228670 452520
604 270110 452520
605 272350 452520
606 291390 452520
607 290270 452520
608 516510 140
609 322750 452520
610 331710 452520
611 337310 452520
612 336190 452520
613 330590 452520
614 321630 452520
615 312670 452520
616 304830 452520
617 316030 452520
618 308190 452520
619 237630 452520
620 299230 452520
621 298110 452520
622 244350 452520
623 252190 452520
624 260030 452520
625 238750 452520
626 236510 452520
627 281310 452520
628 282430 452520
629 644800 262220
630 644800 290220
631 644800 251020
632 644800 235340
633 644800 252140
634 644800 226380
635 644800 261100
636 644800 253260
637 644800 265580
638 644800 263340
639 644800 254380
640 644800 218540
641 644800 209580
642 644800 245420
643 644800 195020
644 644800 196140
645 644800 210700
646 644800 219660
647 644800 197260
648 644800 240940
649 644800 236460
650 644800 247660
651 644800 229740
652 644800 264460
653 644800 198380
654 644800 255500
655 644800 259980
656 644800 199500
657 644800 191660
658 644800 190540
659 644800 202860
660 644800 192780
661 644800 193900
662 644800 242060
663 644800 291340
664 644800 285740
665 510910 452520
666 444830 452520
667 457150 452520
668 456030 452520
669 466110 452520
670 464990 452520
671 469470 452520
672 441470 452520
673 401150 452520
674 400030 452520
675 417950 452520
676 411230 452520
677 416830 452520
678 407870 452520
679 430270 452520
680 432510 452520
681 509790 452520
682 508670 452520
683 507550 452520
684 644800 295820
