0 23877 37819
1 33535 37937
2 39096 34766
3 33033 41484
4 27188 40048
5 18552 30163
6 19062 28752
7 34249 34746
8 30637 38626
9 34561 36529
10 28282 26399
11 26294 26461
12 19955 17722
13 13055 26381
14 31520 22387
15 14109 23001
16 36165 24002
17 15249 21133
18 22285 33834
19 33078 30707
20 24134 34810
21 35686 26439
22 31167 28590
23 23693 34741
24 58824 33875
25 36618 38587
26 25762 45427
27 39551 44277
28 29455 26820
29 30556 22480
30 27029 22970
31 32520 21550
32 31140 20929
33 35154 15569
34 32415 21272
35 37120 22772
36 35350 23461
37 44816 42748
38 15110 20405
39 8440 19767
40 12438 20439
41 7767 20642
42 9467 21767
43 7707 23805
44 11560 24165
45 12141 23110
46 20688 25633
47 21065 27867
48 25964 28951
49 12268 24100
50 22270 27264
51 23557 23895
52 26437 22898
53 27026 22581
54 37771 43272
55 51115 43763
56 43656 21199
57 33435 18004
58 50845 17647
59 25612 14988
60 31345 19744
61 32609 27657
62 25409 11816
63 38561 23526
64 35490 24714
65 22852 14433
66 25886 15155
67 18439 19237
68 26393 46816
69 33846 48569
70 43854 47275
71 42687 45810
72 27936 21998
73 22863 18252
74 13885 20150
75 34350 26203
76 31799 22097
77 33789 28650
78 35173 28276
79 55051 36858
80 45797 40736
81 27510 10926
82 33298 18403
83 54447 54873
84 54256 47633
85 37584 43651
86 53573 43868
87 55455 39576
88 55501 42861
89 54720 43958
90 49238 32508
91 38101 18233
92 23216 13891
93 35322 17886
94 39607 12739
95 31520 6872
96 38522 16650
97 32169 6865
98 29722 8600
99 53270 15663
100 53259 15619
101 42818 20490
102 46296 41175
103 27708 48364
104 56148 43465
105 50037 20281
106 56592 42206
107 55674 45099
108 50672 18004
109 48499 21872
110 42687 17955
111 57544 40818
112 10839 17865
113 24601 47153
114 38586 22179
115 57100 38982
116 48617 39915
117 37949 24915
118 62255 37777
119 5056 35141
120 7871 35552
121 30772 48147
122 41908 47970
123 46843 47664
124 36956 49178
125 66832 40759
126 60541 39800
127 55242 31037
128 55685 53059
129 64655 27041
130 61458 24301
131 61371 25873
132 58800 29265
133 66018 27721
134 69352 29146
135 72024 29357
136 74055 32033
137 26488 44262
138 45593 59658
139 43691 59688
140 50382 59185
141 37810 57732
142 45814 57852
143 31680 55018
144 23625 52639
145 17105 50958
146 20503 54218
147 18129 55930
148 14645 48838
149 12901 45181
150 19639 45957
151 27621 60345
152 26379 59895
153 27441 60075
154 62732 28485
155 64405 30037
156 71310 32197
157 73099 32467
158 47771 38809
159 51164 33913
160 53156 38677
161 53921 37854
162 52266 32934
163 51237 32709
164 54591 25218
165 64476 23355
166 60739 24266
167 69814 30876
168 74147 30297
169 72930 33311
170 72954 33460
171 55782 27168
172 56079 26402
173 60723 22506
174 58303 23422
175 64679 24410
176 61324 26938
177 8354 36192
178 31548 52266
179 29207 52218
180 45777 54858
181 42564 54393
182 45350 54920
183 59810 53055
184 59439 49439
185 41445 58995
186 45711 60345
187 36434 58808
188 58869 46698
189 62612 55568
190 64248 49698
191 56606 56278
192 41445 59535
193 49640 56054
194 37607 47881
195 41661 59265
196 37947 55547
197 55766 48586
198 63667 47441
199 64512 52916
200 43821 59265
201 45783 52893
202 43497 59265
203 47641 55890
204 20886 50895
205 21367 49622
206 21847 48091
207 20166 47174
208 34293 52245
209 29406 54412
210 27203 56572
211 27887 58110
212 24842 54862
213 24399 43206
214 61365 43486
215 63711 43177
216 63803 44309
217 64558 44361
218 65726 43038
219 64968 41073
220 62253 43695
221 69590 37250
222 68690 38978
223 67644 36894
224 70106 35741
225 45165 34953
226 40233 36240
227 9819 34506
228 57564 27909
229 58507 26482
230 60043 28225
231 61956 30092
232 65421 30881
233 66978 31286
234 68418 32805
235 69427 33311
236 71830 33386
237 74363 33129
238 15372 52956
239 19549 54451
240 15099 51825
241 15165 53890
242 12586 44632
243 7169 42201
244 5138 42877
245 11348 48270
246 7335 48224
247 10655 44158
248 3362 43816
249 5072 44666
250 5003 48010
251 13202 53406
252 9244 51867
253 10000 50409
254 9374 51219
255 9050 50571
256 9428 50085
257 10670 51327
258 11642 51489
259 11059 50625
260 11826 50409
261 12225 49869
262 14493 50409
263 13273 50247
264 41209 48850
265 17797 41806
266 61303 24030
267 60363 23535
268 70574 26170
269 70944 29565
270 70219 29603
271 68796 30855
272 68310 30037
273 56907 29250
274 62707 24097
275 62244 25965
276 61799 24671
277 63648 22692
278 62683 22747
279 63689 26223
280 65522 27168
281 58686 22506
282 64848 23355
283 62856 24820
284 64557 28005
285 64890 25695
286 65988 24782
287 63217 26190
288 66018 23779
289 72292 32175
290 68456 32052
291 70060 24750
292 55281 27331
293 59140 23220
294 56276 25328
295 57431 24336
296 56754 23031
297 66258 29835
298 66431 28677
299 66469 28462
300 65980 26055
301 60036 25635
302 70702 28181
303 62049 22545
304 64216 27675
305 65340 28785
306 56154 22680
307 58799 22376
308 69979 27585
309 64722 29063
310 55819 29187
311 56791 29403
312 54648 27720
313 71091 30456
314 63689 26595
315 57501 30015
316 67407 29895
317 67468 28530
318 67068 26662
319 63434 29372
320 66867 26633
321 59192 24840
322 71377 26730
323 72855 30885
324 54292 26550
325 55966 28080
326 70962 31485
327 68553 26156
328 69552 26787
329 69457 28980
330 73436 28586
331 67878 27135
332 65427 30307
333 68722 27713
334 67878 24975
335 68883 24941
336 71947 30297
337 56484 28701
338 57587 22197
339 55182 25515
340 55674 23793
341 56952 22635
342 58568 29997
343 59986 23547
344 59092 30429
345 72279 27405
346 72857 28369
347 58061 30722
348 28336 60075
349 48944 27568
350 48036 27881
351 74763 33885
352 54732 42
353 54444 42
354 39372 62524
355 39468 62524
356 37356 62524
357 40620 62524
358 37836 62524
359 40428 62524
360 37260 62524
361 40236 62524
362 40044 62524
363 40716 62524
364 39564 62524
365 37932 62524
366 39660 62524
367 41292 62524
368 39948 62524
369 41196 62524
370 38796 62524
371 39852 62524
372 41100 62524
373 38892 62524
374 40812 62524
375 37644 62524
376 37740 62524
377 39756 62524
378 28236 62524
379 54636 42
380 77166 29964
381 77166 43980
382 77166 30252
383 77166 41676
384 77166 35628
385 77166 41196
386 44460 62524
387 62412 62524
388 77166 30732
389 51756 62524
390 54540 42
391 77166 37548
392 77166 42732
393 77166 38892
394 77166 44076
395 77166 33804
396 77166 42252
397 77166 35820
398 77166 42348
399 77166 44364
400 77166 43020
401 77166 39180
402 48972 62524
403 77166 43884
404 77166 39564
405 77166 40812
406 52044 62524
407 41388 62524
408 45420 62524
409 77166 33132
410 77166 44268
411 41004 62524
412 40140 62524
413 40524 62524
414 40908 62524
415 34188 62524
416 32748 62524
417 42 34476
418 42 33228
419 42 33612
420 42 34092
421 42 36012
422 42 34956
423 42 36588
424 42 34284
425 42 36492
426 42 33132
427 42 33420
428 28524 62524
429 42 34188
430 42 35820
431 42 35244
432 42 36396
433 42 34572
434 42 35724
435 42 32748
436 42 32844
437 42 32940
438 42 36780
439 42 33324
440 42 35052
441 27276 62524
442 42 33516
443 42 33996
444 42 35916
445 42 35148
446 26700 62524
447 42 34380
448 42 35532
449 34284 62524
450 34764 62524
451 47436 42
452 49644 42
453 47628 42
454 47916 42
455 47820 42
456 47532 42
457 46092 42
458 45516 42
459 45420 42
460 48108 42
461 47340 42
462 47052 42
463 48492 42
464 48396 42
465 48684 42
466 46284 42
467 45324 42
468 45228 42
469 47148 42
470 46668 42
471 48588 42
472 48876 42
473 50124 42
474 48780 42
475 47244 42
476 48012 42
477 49836 42
478 48972 42
479 50028 42
480 46572 42
481 49932 42
482 49740 42
483 32652 62524
484 31788 62524
485 27660 62524
486 45516 62524
487 45804 62524
488 41676 62524
489 45708 62524
490 45324 62524
491 43404 62524
492 44940 62524
493 43116 62524
494 41580 62524
495 42540 62524
496 42732 62524
497 46764 62524
498 42060 62524
499 43308 62524
500 43788 62524
501 43692 62524
502 43980 62524
503 42636 62524
504 45228 62524
505 44268 62524
506 43500 62524
507 44364 62524
508 45900 62524
509 44748 62524
510 45612 62524
511 42828 62524
512 46956 62524
513 46860 62524
514 47820 62524
515 44556 62524
516 44172 62524
517 43596 62524
518 54348 42
519 23916 62524
520 23628 62524
521 23436 62524
522 22476 62524
523 21612 62524
524 22380 62524
525 21228 62524
526 42 50412
527 42 51948
528 42 49356
529 54252 42
530 20748 62524
531 20076 62524
532 18828 62524
533 19596 62524
534 42 51180
535 42 50796
536 42 50124
537 42 49740
538 42 48972
539 42 48876
540 42 47244
541 42 47340
542 42 47052
543 42 48012
544 42 47436
545 42 48108
546 42 48204
547 42 51084
548 42 51660
549 42 51468
550 42 42348
551 42 46764
552 42 38316
553 42 41292
554 42 41100
555 42 41580
556 42 40428
557 42 39852
558 42 39756
559 42 42252
560 42 42540
561 42 42444
562 42 42156
563 42 38220
564 42 45900
565 42 45996
566 42 41676
567 42 45612
568 42 45804
569 42 44556
570 42 45516
571 42 45420
572 42 44748
573 42 41964
574 42 39180
575 42 42060
576 42 41772
577 42 38412
578 42 39372
579 42 38028
580 42 38796
581 42 41196
582 42 40332
583 42 41868
584 42 46380
585 42 45708
586 42444 62524
587 41484 62524
588 44652 62524
589 44844 62524
590 43884 62524
591 45132 62524
592 42924 62524
593 42348 62524
594 42252 62524
595 42156 62524
596 41868 62524
597 41964 62524
598 44076 62524
599 43212 62524
600 45036 62524
601 41772 62524
602 36492 62524
603 43020 62524
604 40332 62524
605 27756 62524
