0 510822 206584
1 359246 245198
2 563290 131898
3 374825 205745
4 474071 195118
5 415635 177240
6 454506 178747
7 493586 132502
8 386195 209094
9 425145 212697
10 301542 184520
11 284587 201626
12 318258 222218
13 476852 225500
14 398292 230845
15 372605 245778
16 436208 247853
17 490010 255500
18 426914 266980
19 386035 160011
20 271401 278895
21 390816 258766
22 506598 267349
23 346028 234640
24 192511 264183
25 181024 274275
26 455982 274521
27 489585 248168
28 406742 155428
29 338231 156316
30 365982 138724
31 362661 154688
32 364851 188838
33 245092 164248
34 333995 120915
35 349002 155600
36 521360 118533
37 558667 286917
38 352004 307174
39 415680 169516
40 510362 194339
41 382897 289928
42 285891 145455
43 460370 160384
44 295386 311266
45 337476 80133
46 432655 122733
47 421443 60375
48 326059 91627
49 427573 222600
50 382487 322865
51 348023 341880
52 376770 146510
53 453929 154910
54 344287 164528
55 567652 159813
56 513927 143696
57 507026 159481
58 531430 185266
59 517186 188710
60 377695 340456
61 410062 168028
62 139034 155786
63 310713 160183
64 353204 110055
65 509896 123293
66 574693 117629
67 380190 112509
68 523707 100607
69 406371 309687
70 321054 117358
71 361000 132393
72 337270 242462
73 289422 321553
74 220031 80942
75 280378 318700
76 296552 322280
77 290340 311800
78 521314 295882
79 370694 65373
80 253362 288466
81 267813 321618
82 271357 266431
83 256486 140941
84 302556 156022
85 411961 113166
86 449366 117052
87 385620 105632
88 208678 116433
89 386218 87029
90 470720 55557
91 502747 57866
92 475874 86858
93 374849 112300
94 489303 307440
95 267750 330400
96 485579 76880
97 423768 84665
98 343090 93066
99 258853 334276
100 176011 158900
101 262821 89281
102 211192 156762
103 222648 80888
104 456750 304517
105 245100 329763
106 240550 326511
107 359400 88480
108 231664 331533
109 290144 117061
110 251771 152444
111 184096 117533
112 434956 319327
113 174770 107046
114 422238 304446
115 240175 311266
116 241046 91933
117 457817 300253
118 254410 298100
119 247985 305025
120 249359 122033
121 314444 258760
122 391006 159866
123 381697 186290
124 374853 172200
125 306761 286345
126 188028 293944
127 213921 307503
128 174641 289177
129 264765 299600
130 480847 241577
131 535565 313055
132 416480 329560
133 479506 338252
134 524267 296744
135 555019 340415
136 256186 241780
137 200236 318990
138 251821 255500
139 290320 262675
140 147078 263507
141 75691 229178
142 86357 220058
143 183162 271907
144 47995 246704
145 81270 288521
146 26448 259933
147 57228 267960
148 60230 280430
149 25460 278600
150 41523 278090
151 540087 374266
152 407050 402040
153 466325 405185
154 478263 407235
155 551716 329000
156 489206 362706
157 502608 378323
158 472413 369672
159 563356 326200
160 535245 373240
161 490046 435400
162 596742 311500
163 599179 238861
164 600627 223939
165 587417 263084
166 626294 259666
167 638922 303800
168 632066 305666
169 152646 239680
170 161717 224200
171 158025 203000
172 140057 206600
173 133000 196466
174 121600 189466
175 156686 233333
176 156885 212600
177 162097 217400
178 149382 198955
179 126388 190120
180 113873 188066
181 133434 197000
182 116508 198520
183 89933 193200
184 134216 186760
185 76518 198418
186 130796 187880
187 94468 187320
188 69255 198800
189 91797 195000
190 77330 220920
191 90756 206733
192 102684 219800
193 62027 223246
194 62911 231622
195 95271 244600
196 106210 224933
197 36376 214200
198 88431 247800
199 19603 217988
200 77472 249900
201 81537 241000
202 40660 259466
203 63948 246200
204 19211 231155
205 26790 266933
206 25270 248266
207 13462 254200
208 57684 250040
209 7505 257950
210 89262 278320
211 11324 267960
212 68542 267400
213 91896 274400
214 104215 281050
215 89384 300377
216 93860 289100
217 84550 291200
218 75493 292600
219 57807 297150
220 29222 287000
221 29165 294700
222 143042 225800
223 136293 222600
224 108110 196700
225 101004 205520
226 113185 185000
227 101755 223222
228 101384 191240
229 94857 236250
230 83752 221760
231 47120 234600
232 96761 237618
233 249679 235248
234 140165 244200
235 163210 232400
236 146680 214900
237 169955 224000
238 63460 190120
239 87970 186900
240 53580 198200
241 105830 212100
242 113392 233800
243 13300 271600
244 112494 256200
245 76506 259000
246 103930 266000
247 99826 292600
248 113088 269640
249 71820 302050
250 45925 300200
251 107312 290360
252 97605 294200
253 261540 106621
254 587434 313800
255 454170 427933
256 142246 235200
257 147114 230600
258 93290 191100
259 65892 207200
260 116330 210840
261 117483 245466
262 465505 335300
263 382977 382056
264 287534 424041
265 240295 350600
266 311772 346386
267 567875 340963
268 333553 384208
269 460099 416150
270 259974 413950
271 235524 359053
272 519630 341648
273 447782 399161
274 448485 399933
275 427746 389557
276 524384 340900
277 499004 358945
278 261942 368967
279 340854 404769
280 321727 361900
281 634600 326200
282 228836 364840
283 522739 398842
284 434452 358137
285 265630 406663
286 277400 349384
287 336937 366400
288 344339 397775
289 339515 369815
290 450231 349434
291 438862 344120
292 234491 371000
293 234584 380040
294 320312 382866
295 270523 398017
296 449396 416054
297 307629 398883
298 296360 355673
299 240739 381800
300 505791 368200
301 299563 360920
302 239552 390040
303 553014 369352
304 248976 390600
305 303124 416952
306 573304 381721
307 249960 355632
308 334257 420991
309 403940 446600
310 210000 219505
311 188309 236180
312 196860 215673
313 224719 229693
314 202666 241266
315 182922 324800
316 172377 324800
317 162782 327600
318 154232 324800
319 144732 328300
320 145017 322000
321 163447 324100
322 163257 317100
323 152332 319200
324 142927 319200
325 141217 313600
326 181877 308000
327 161927 305900
328 166107 313600
329 172947 310100
330 152997 303800
331 156797 310800
332 144162 309400
333 139507 306600
334 143117 302400
335 180927 315700
336 194322 331800
337 181592 331100
338 172187 331800
339 171475 315933
340 188337 335300
341 218262 329000
342 213322 331100
343 207812 335300
344 199167 335300
345 191187 325500
346 182067 319900
347 328405 263625
348 370095 275606
349 360884 414339
350 300130 373545
351 264100 368200
352 591144 365800
353 341531 28505
354 330911 64920
355 306550 35000
356 330076 305791
357 356226 362668
358 223311 191529
359 166566 235355
360 243200 363720
361 168846 210700
362 170831 207044
363 145054 205177
364 121283 236911
365 115150 264600
366 291157 105787
367 118604 276129
368 117713 284200
369 280440 366333
370 531696 371000
371 268280 374360
372 274870 363560
373 212695 190931
374 218572 197882
375 223679 186741
376 293695 189560
377 304242 197013
378 296144 189965
379 304893 187786
380 213351 174440
381 368030 93755
382 342426 88729
383 198798 169110
384 205713 171733
385 209513 166693
386 160195 130853
387 166855 137462
388 149674 132710
389 166433 134493
390 154843 130200
391 168803 135975
392 158578 131425
393 181768 152238
394 157491 128426
395 152459 114303
396 136570 113303
397 139466 112917
398 156492 112587
399 158846 116106
400 153729 120351
401 149530 115910
402 177931 134445
403 294165 233000
404 204047 230626
405 37113 293066
406 16815 287000
407 525764 358055
408 508598 439600
409 516404 376833
410 492065 432600
411 510456 322777
412 496985 423000
413 500536 442680
414 484412 442938
415 446169 437226
416 405138 436261
417 426210 430536
418 450288 435487
419 454332 441311
420 417240 431666
421 424056 429800
422 587299 291800
423 600647 302120
424 600231 222124
425 613860 286263
426 561368 313300
427 458062 315000
428 446377 323266
429 474213 318089
430 619830 256404
431 585715 238850
432 630188 223465
433 363872 441494
434 388613 433533
435 417451 443955
436 353607 436163
437 543780 367266
438 432123 372129
439 519378 256066
440 548080 240637
441 247820 100163
442 144617 214600
443 83264 267235
444 508670 140
445 514270 140
446 644800 308140
447 644800 309260
448 644800 314860
449 644800 318220
450 644800 329420
451 644800 320460
452 644800 313740
453 644800 322700
454 644800 321580
455 644800 328300
456 644800 317100
457 644800 305900
458 644800 315980
459 411230 452520
460 406750 452520
461 644800 310380
462 410110 452520
463 644800 312620
464 644800 319340
465 644800 327180
466 644800 324940
467 644800 326060
468 404510 452520
469 644800 311500
470 644800 303660
471 512030 140
472 140 304780
473 140 302540
474 206270 452520
475 225310 452520
476 209630 452520
477 365310 140
478 376510 140
479 425790 140
480 140 290220
481 218590 452520
482 513150 140
483 292510 452520
484 217470 452520
485 140 289100
486 210750 452520
487 214110 452520
488 140 286860
489 140 258860
490 211870 452520
491 212990 452520
492 208510 452520
493 309310 452520
494 246590 452520
495 140 287980
496 140 211820
497 291390 452520
498 216350 452520
499 215230 452520
500 207390 452520
501 299230 452520
502 140 303660
503 276830 140
504 284670 452520
505 281310 452520
506 286910 452520
507 644800 215180
508 644800 206220
509 340670 140
510 290270 140
511 288030 452520
512 284670 140
513 310430 140
514 332830 140
515 373150 140
516 341790 140
517 366430 140
518 291390 140
519 313790 140
520 367550 140
521 294750 140
522 318270 140
523 335070 140
524 357470 140
525 342910 140
526 358590 140
527 285790 140
528 312670 140
529 303710 452520
530 308190 140
531 292510 140
532 331710 140
533 346270 140
534 314910 140
535 299230 140
536 319390 140
537 328350 140
538 355230 140
539 348510 140
540 361950 140
541 644800 214060
542 644800 209580
543 271230 140
544 272350 140
545 258910 140
546 262270 140
547 256670 140
548 246590 140
549 245470 140
550 274590 140
551 263390 452520
552 273470 140
553 258910 452520
554 264510 452520
555 264510 140
556 255550 140
557 253310 140
558 252190 140
559 237630 140
560 268990 140
561 235390 140
562 265630 140
563 230910 140
564 240990 140
565 233150 140
566 232030 140
567 234270 140
568 249950 140
569 244350 140
570 243230 140
571 242110 140
572 251070 140
573 254430 140
574 267870 140
575 644800 220780
576 644800 307020
577 644800 302540
578 546750 452520
579 501950 452520
580 507550 452520
581 515390 452520
582 496350 452520
583 405630 452520
584 644800 323820
585 473950 452520
586 450430 452520
587 415710 452520
588 400030 452520
589 489630 452520
590 432510 452520
591 412350 452520
592 429150 452520
593 407870 452520
594 434750 452520
595 440350 452520
596 452670 452520
597 457150 452520
598 470590 452520
599 460510 452520
600 524350 452520
601 480670 452520
602 495230 452520
603 514270 452520
604 508670 452520
605 544510 452520
606 540030 452520
607 523230 452520
608 403390 452520
609 512030 452520
610 509790 140
611 226430 452520
612 233150 452520
613 239870 452520
614 224190 452520
615 232030 452520
616 234270 452520
617 273470 452520
618 274590 452520
619 298110 452520
620 295870 452520
621 510910 140
622 330590 452520
623 322750 452520
624 339550 452520
625 332830 452520
626 338430 452520
627 323870 452520
628 312670 452520
629 305950 452520
630 308190 452520
631 316030 452520
632 244350 452520
633 289150 452520
634 296990 452520
635 251070 452520
636 261150 452520
637 262270 452520
638 252190 452520
639 245470 452520
640 283550 452520
641 285790 452520
642 644800 271180
643 644800 300300
644 644800 255500
645 644800 239820
646 644800 254380
647 644800 229740
648 644800 266700
649 644800 261100
650 644800 273420
651 644800 275660
652 644800 264460
653 644800 216300
654 644800 207340
655 644800 249900
656 644800 192780
657 644800 191660
658 644800 208460
659 644800 217420
660 644800 195020
661 644800 245420
662 644800 236460
663 644800 253260
664 644800 230860
665 644800 267820
666 644800 190540
667 644800 262220
668 644800 274540
669 644800 196140
670 644800 193900
671 644800 197260
672 644800 201740
673 644800 221900
674 644800 189420
675 644800 248780
676 644800 301420
677 644800 298060
678 516510 452520
679 487390 452520
680 458270 452520
681 459390 452520
682 471710 452520
683 469470 452520
684 479550 452520
685 464990 452520
686 414590 452520
687 413470 452520
688 430270 452520
689 421310 452520
690 426910 452520
691 417950 452520
692 435870 452520
693 438110 452520
694 522110 452520
695 513150 452520
696 520990 452520
697 644800 304780
