0 140906 106830
1 126313 182777
2 62105 166329
3 247463 168546
4 181003 173711
5 155023 192126
6 114594 172454
7 70141 183633
8 148160 167316
9 162515 134842
10 236921 275561
11 240060 273133
12 212944 209452
13 215238 199577
14 208216 163984
15 228959 175411
16 226284 143423
17 206944 125109
18 247651 143622
19 152785 210466
20 318902 215981
21 248449 132194
22 223250 183400
23 327156 258080
24 337111 256305
25 294732 162535
26 187387 152600
27 164029 262560
28 113093 243852
29 166194 189700
30 139790 239896
31 99780 249917
32 169286 182022
33 116006 257352
34 51295 184520
35 110492 273350
36 311365 124270
37 271130 167274
38 127835 177800
39 128281 138016
40 244471 195703
41 71980 285968
42 105066 183345
43 299549 135764
44 332854 180981
45 54585 286590
46 66639 231653
47 71558 286790
48 63124 301875
49 190396 135058
50 191783 165953
51 261704 114216
52 232845 105000
53 38950 149495
54 118144 182567
55 132862 201380
56 86146 131771
57 77844 117023
58 95708 170733
59 116202 129745
60 113403 134834
61 255887 95900
62 118505 188066
63 215689 332958
64 200381 312989
65 149614 260182
66 82184 263333
67 66534 308509
68 41885 211834
69 49507 145637
70 61145 141018
71 29272 154280
72 80674 281000
73 306829 212744
74 16805 176834
75 251771 147000
76 109471 263303
77 116752 200557
78 252293 175043
79 353347 179344
80 155333 243472
81 84750 250280
82 356467 187270
83 347636 184100
84 339333 185900
85 333505 133700
86 16146 226968
87 359255 194090
88 160093 286950
89 49204 249529
90 148473 352962
91 126302 258241
92 59648 255920
93 65467 235260
94 78622 272552
95 160687 330820
96 43312 320942
97 53161 195844
98 349759 136472
99 369970 193600
100 35941 234888
101 90795 266506
102 377573 195569
103 32208 260737
104 294292 200581
105 196903 311266
106 113461 317391
107 150731 291389
108 345631 147753
109 382169 198450
110 375767 209222
111 46070 295891
112 50532 312200
113 386233 205800
114 313044 199850
115 105844 272353
116 130484 299066
117 373376 153372
118 116006 294239
119 358266 161777
120 362809 214200
121 368980 206458
122 294071 196192
123 112402 286485
124 96647 329918
125 349253 163900
126 347845 202533
127 353096 208040
128 115123 331848
129 187846 206446
130 169277 207573
131 163025 206325
132 362310 242511
133 380153 232445
134 359912 254022
135 336205 200200
136 232218 173880
137 296336 115528
138 268888 121240
139 367480 110234
140 250574 124512
141 278533 126500
142 279360 74760
143 300627 245980
144 313620 236010
145 400705 244720
146 297998 179611
147 290845 290221
148 239728 293760
149 340314 333968
150 339592 324211
151 303050 345854
152 331018 323680
153 341507 254503
154 317135 328066
155 292828 366333
156 273893 335363
157 246278 340480
158 255030 332733
159 309332 44053
160 310765 17266
161 329938 32088
162 345185 16800
163 321576 56098
164 293178 91509
165 291416 56107
166 349394 68945
167 317795 131843
168 406695 109900
169 341649 72692
170 413987 114717
171 210377 98700
172 126696 67260
173 132046 56980
174 156676 54934
175 357390 122123
176 212467 4900
177 220526 4200
178 342712 294000
179 359290 295400
180 384306 301933
181 378860 306133
182 394668 311080
183 389880 315000
184 349708 295000
185 373160 298200
186 369645 293650
187 363388 303800
188 393300 306133
189 397955 314300
190 394725 320600
191 386523 313133
192 370196 317240
193 383657 329000
194 396264 302120
195 402420 307300
196 364040 328066
197 399912 324520
198 367697 352800
199 382660 341800
200 381266 331333
201 369056 346360
202 371070 333200
203 362330 337400
204 348574 350560
205 332500 316680
206 342794 326709
207 335255 350175
208 338846 358120
209 329514 308200
210 322654 351145
211 321968 311400
212 333830 333200
213 310560 349336
214 315906 308466
215 326344 329560
216 307854 309800
217 319817 337050
218 299668 350560
219 311315 336000
220 288728 348250
221 294158 304920
222 303511 330600
223 296257 328650
224 289614 353000
225 269303 297984
226 273220 354200
227 271795 334250
228 275215 313250
229 257678 301000
230 268660 308000
231 262362 308600
232 249802 322350
233 248477 307844
234 255486 314066
235 242527 331153
236 241196 316781
237 351373 303800
238 366472 313320
239 366826 324022
240 391552 327320
241 357917 347044
242 351228 324200
243 349382 346200
244 343520 337145
245 299852 269137
246 328272 297850
247 353572 290309
248 387283 346733
249 394250 329350
250 386894 320600
251 379185 350600
252 385396 340200
253 353843 333666
254 328016 329560
255 315823 320815
256 313753 329933
257 308053 321533
258 279354 321400
259 279870 341133
260 277843 307533
261 268786 305666
262 225634 294280
263 223901 97533
264 148706 43540
265 402111 158200
266 334628 299880
267 339502 302200
268 371344 304733
269 379646 111455
270 254211 44676
271 176682 23540
272 234764 19880
273 218575 68079
274 193441 66123
275 215257 74013
276 349286 43276
277 276139 81454
278 353956 18951
279 183670 12716
280 252586 9800
281 312884 100172
282 331017 40764
283 344676 32025
284 350411 111872
285 304105 80733
286 256348 7000
287 268660 30731
288 201651 54670
289 238422 66866
290 294880 4200
291 358350 85450
292 268128 22680
293 317793 38652
294 335450 87937
295 193546 15088
296 265832 41384
297 239630 71400
298 208176 48151
299 398018 109783
300 263023 69533
301 201932 16408
302 378575 108500
303 262611 9333
304 278422 10129
305 251211 65566
306 213456 18403
307 211790 35700
308 258940 57547
309 275364 13400
310 292885 12600
311 342484 82600
312 251341 64680
313 290852 18200
314 288876 23800
315 183893 35168
316 310137 65870
317 231926 6066
318 182644 54102
319 294500 7000
320 229520 13533
321 376839 265745
322 378785 282860
323 393957 277738
324 398287 267575
325 385058 258650
326 411397 232400
327 423747 230300
328 418047 230300
329 417002 240800
330 417192 235200
331 427452 239400
332 424982 235900
333 430302 241500
334 415007 247100
335 427547 245700
336 421562 248500
337 405127 235200
338 422132 254800
339 419282 262500
340 421277 259700
341 416242 252000
342 415292 255500
343 408927 258300
344 412157 261800
345 409687 248500
346 402562 233800
347 390877 234500
348 404462 220500
349 396387 230300
350 383071 232400
351 404842 226800
352 397527 221200
353 389832 223300
354 397622 226800
355 388882 229600
356 410257 225400
357 416717 224700
358 269905 233070
359 277590 189933
360 265679 221080
361 243176 216418
362 185461 52118
363 226894 47727
364 234992 35000
365 298327 68200
366 243784 246776
367 235847 252436
368 253194 274493
369 294169 176733
370 221205 83666
371 242782 8680
372 256073 258164
373 187358 244909
374 230786 6066
375 365813 291200
376 241533 21516
377 381538 292600
378 393511 295555
379 384315 322800
380 354307 325733
381 335742 325640
382 300230 316031
383 289285 312822
384 282184 309145
385 239336 39200
386 320416 73640
387 251940 31266
388 194284 244324
389 194828 248668
390 189736 241387
391 149603 245090
392 150158 253303
393 162266 247124
394 150584 250058
395 186622 266587
396 194409 298779
397 194731 286160
398 188400 291064
399 154782 353387
400 159730 350000
401 162227 353331
402 162584 354380
403 172746 349864
404 171641 344050
405 176913 345975
406 152116 298200
407 172097 344806
408 166497 350000
409 183481 347151
410 176352 350048
411 170748 339296
412 175452 333293
413 188453 328420
414 185603 333344
415 192457 318161
416 283440 251336
417 393034 269826
418 253156 307160
419 241775 337400
420 409366 145096
421 414865 123900
422 418095 122220
423 406524 131320
424 398620 134200
425 365031 85162
426 417088 130200
427 412321 134866
428 405232 136920
429 415340 146634
430 418204 163800
431 407573 173425
432 409260 175000
433 407749 157000
434 415743 158900
435 408753 151977
436 413083 149450
437 187104 82333
438 206668 90745
439 122486 62066
440 156960 31757
441 381900 125377
442 352558 134300
443 380535 141739
444 369251 147000
445 382698 168504
446 377482 159337
447 143038 55394
448 127148 31024
449 428724 133622
450 427333 157325
451 426499 175933
452 431236 167533
453 426692 112175
454 396091 71029
455 353020 76066
456 219196 124600
457 227413 123200
458 172010 98268
459 224428 292320
460 269643 327023
461 52331 4200
462 56190 140
463 52830 140
464 437390 124460
465 437390 111020
466 437390 123340
467 437390 112140
468 437390 128940
469 437390 118860
470 437390 160300
471 437390 147980
472 437390 144620
473 437390 130060
474 437390 142380
475 437390 141260
476 437390 117740
477 437390 143500
478 437390 151340
479 437390 158060
480 437390 135660
481 437390 136780
482 437390 134540
483 437390 145740
484 437390 153580
485 437390 139020
486 437390 116620
487 437390 121100
488 214110 140
489 55070 140
490 437390 264460
491 437390 258860
492 437390 261100
493 437390 272300
494 437390 262220
495 271230 394040
496 270110 394040
497 268990 394040
498 437390 246540
499 437390 247660
500 53950 140
501 260030 394040
502 437390 302540
503 437390 256620
504 437390 254380
505 437390 253260
506 437390 300300
507 277950 394040
508 437390 295820
509 437390 255500
510 437390 248780
511 254430 394040
512 437390 259980
513 437390 263340
514 255550 394040
515 267870 394040
516 437390 252140
517 437390 251020
518 437390 257740
519 275710 394040
520 437390 249900
521 264510 394040
522 261150 394040
523 235390 394040
524 251070 394040
525 211870 394040
526 140 211820
527 140 223020
528 262270 394040
529 242110 394040
530 258910 394040
531 140 254380
532 140 242060
533 266750 394040
534 140 225260
535 140 233100
536 248830 394040
537 253310 394040
538 140 231980
539 247710 394040
540 140 249900
541 140 244300
542 244350 394040
543 215230 394040
544 140 229740
545 245470 394040
546 256670 394040
547 257790 394040
548 140 253260
549 263390 394040
550 140 243180
551 237630 394040
552 252190 394040
553 249950 394040
554 140 248780
555 212990 394040
556 246590 394040
557 140 224140
558 140 230860
559 140 206220
560 140 207340
561 228670 394040
562 225310 394040
563 233150 394040
564 217470 394040
565 216350 394040
566 140 266700
567 218590 394040
568 140 261100
569 243230 394040
570 140 265580
571 239870 394040
572 240990 394040
573 140 262220
574 140 274540
575 140 272300
576 140 273420
577 140 276780
578 234270 394040
579 214110 394040
580 238750 394040
581 221950 394040
582 219710 394040
583 224190 394040
584 220830 394040
585 223070 394040
586 226430 394040
587 227550 394040
588 232030 394040
589 265630 394040
590 230910 394040
591 229790 394040
592 236510 394040
593 437390 179340
594 226430 140
595 209630 140
596 251070 140
597 304830 140
598 273470 140
599 277950 140
600 290270 140
601 295870 140
602 293630 140
603 307070 140
604 314910 140
605 320510 140
606 316030 140
607 286910 140
608 326110 140
609 308190 140
610 327230 140
611 299230 140
612 333950 140
613 329470 140
614 338430 140
615 337310 140
616 336190 140
617 321630 140
618 247710 140
619 317150 140
620 305950 140
621 272350 140
622 271230 140
623 266750 140
624 260030 140
625 255550 140
626 292510 140
627 280190 140
628 51710 140
629 437390 133420
630 437390 131180
631 437390 137900
632 437390 132300
633 437390 140140
634 437390 146860
635 437390 156940
636 437390 154700
637 437390 159180
638 437390 162540
639 50590 140
640 437390 161420
641 437390 167020
642 437390 168140
643 437390 173740
644 437390 171500
645 437390 163660
646 437390 150220
647 437390 155820
648 437390 172620
649 437390 169260
650 437390 113260
651 437390 149100
652 437390 152460
653 437390 115500
654 437390 119980
655 437390 125580
656 437390 114380
657 437390 122220
658 437390 126700
659 437390 127820
660 205150 140
661 437390 89740
662 192830 140
663 164830 140
664 186110 140
665 169310 140
666 199550 140
667 182750 140
668 193950 140
669 191710 140
670 187230 140
671 159230 140
672 148030 140
673 173790 140
674 144670 140
675 145790 140
676 160350 140
677 163710 140
678 146910 140
679 179390 140
680 171550 140
681 188350 140
682 172670 140
683 200670 140
684 141310 140
685 184990 140
686 195070 140
687 149150 140
688 140190 140
689 139070 140
690 158110 140
691 142430 140
692 143550 140
693 178270 140
694 217470 140
695 212990 140
696 270110 140
697 310430 140
698 335070 140
699 332830 140
700 328350 140
701 323870 140
702 313790 140
703 311550 140
704 319390 140
705 318270 140
706 312670 140
707 309310 140
708 322750 140
709 302590 140
710 331710 140
711 330590 140
712 233150 140
713 268990 140
714 252190 140
715 211870 140
