0 446420 179083
1 339969 271010
2 366709 121295
3 341010 211400
4 332818 188576
5 334224 174260
6 313865 129640
7 386627 193466
8 259234 155706
9 255117 326694
10 282607 334981
11 412428 219100
12 383948 236821
13 337983 240899
14 407367 247250
15 452896 248733
16 411567 272217
17 399972 301236
18 237135 170175
19 241223 291791
20 405423 276643
21 306394 238000
22 187125 284257
23 189866 287187
24 331830 311117
25 358276 225400
26 243059 179049
27 232694 143211
28 319821 210416
29 232510 158298
30 339502 200900
31 261653 225633
32 205211 159727
33 251643 172256
34 312485 114492
35 370816 325521
36 354241 296405
37 333812 169018
38 400470 165930
39 439891 192178
40 359639 278786
41 218695 174915
42 399231 150652
43 276464 310692
44 150539 121187
45 249280 124600
46 207584 72032
47 172885 109953
48 149723 107613
49 135474 144080
50 415049 234966
51 358834 224504
52 427580 283743
53 458641 270760
54 360647 89320
55 392280 164960
56 341562 125695
57 229211 171791
58 351310 166264
59 443948 147400
60 425250 133180
61 396001 134137
62 325504 146278
63 371111 178675
64 353266 153637
65 356984 166040
66 454229 279003
67 317384 192940
68 234453 209412
69 113770 224531
70 96147 221666
71 208818 181612
72 202126 132720
73 146860 114492
74 321221 120011
75 372000 115856
76 276490 136800
77 278720 96384
78 316705 104391
79 389421 287329
80 203416 148140
81 298231 243600
82 288990 318230
83 211351 87710
84 201026 198751
85 302311 352229
86 218684 135450
87 264226 317053
88 279630 315000
89 275918 309400
90 330465 339150
91 230173 73383
92 191375 137704
93 269040 321208
94 209982 291927
95 252890 321872
96 196873 127180
97 58980 180362
98 221201 153825
99 193445 105686
100 182882 99866
101 240676 119840
102 102141 176278
103 210489 175090
104 118814 96824
105 297046 101187
106 247565 298826
107 308560 345333
108 272555 330700
109 144802 72632
110 219188 88412
111 201312 98466
112 190370 131770
113 272740 276640
114 272766 336430
115 139624 212240
116 183127 185039
117 156072 182416
118 294638 363363
119 262136 337633
120 256610 342852
121 114380 104745
122 132822 124040
123 251512 335720
124 258086 290860
125 210881 154858
126 211192 150661
127 166996 145937
128 304268 374294
129 193420 205200
130 317159 356096
131 55230 118705
132 239025 341560
133 107071 140900
134 39052 139569
135 329529 355854
136 232017 330200
137 230812 333666
138 288173 223054
139 287989 206453
140 282046 205160
141 301530 283850
142 140712 252189
143 151051 268866
144 120541 278600
145 239495 309400
146 411392 238311
147 422192 319480
148 433048 300440
149 416515 291550
150 403377 309503
151 447944 331128
152 214253 313880
153 101356 270200
154 105310 254986
155 208928 296450
156 284430 248200
157 140324 300133
158 201970 257133
159 95068 341195
160 117990 342577
161 134000 356546
162 128327 345327
163 94855 301337
164 154593 279546
165 37329 324552
166 50856 328066
167 16411 338100
168 30633 334169
169 453220 344244
170 479540 391778
171 482885 397366
172 471830 392840
173 460421 409769
174 452333 383460
175 463980 376288
176 437926 324916
177 474956 347307
178 377225 377810
179 269230 382200
180 420643 384377
181 417327 362815
182 252460 386826
183 469157 261100
184 539622 231379
185 526238 237833
186 322050 328784
187 590187 279300
188 588113 274866
189 160170 322280
190 185494 332200
191 210411 349000
192 182305 347900
193 198132 359240
194 181488 366520
195 163653 331800
196 198502 341950
197 197708 337400
198 197904 354480
199 197676 364280
200 188697 374600
201 52336 345036
202 184224 358120
203 176320 363300
204 166012 361200
205 211605 358200
206 205627 365750
207 194607 371000
208 136040 366100
209 147820 373800
210 162042 369400
211 134773 341133
212 135660 371000
213 147440 371000
214 118636 370440
215 137180 363800
216 110960 359290
217 92561 363766
218 131648 333666
219 131100 360733
220 90091 359800
221 125345 331800
222 86640 351400
223 65577 352600
224 116280 327800
225 115628 348600
226 81157 344200
227 112100 323800
228 106115 342300
229 103022 337088
230 115791 316200
231 109677 329700
232 93142 327444
233 101992 306320
234 103848 325000
235 79528 322800
236 95597 319800
237 91875 298822
238 92910 320600
239 84436 308280
240 75683 304266
241 66832 297850
242 55717 300300
243 44982 298550
244 22078 302960
245 38443 301000
246 30273 309400
247 16416 332640
248 15846 313040
249 21584 318360
250 15276 323400
251 172773 347200
252 157396 361480
253 150805 357400
254 177731 371400
255 146148 363160
256 115520 359488
257 126751 348911
258 91124 310520
259 188224 312296
260 147874 320600
261 180690 328300
262 180626 340666
263 203680 333200
264 163948 375977
265 175940 367500
266 147060 376600
267 143576 350466
268 134368 352520
269 119003 338333
270 110200 312200
271 70680 299133
272 90463 303100
273 56316 295960
274 35767 301000
275 37164 292040
276 30291 292200
277 242040 365252
278 473290 268333
279 287099 392280
280 160233 327600
281 161795 332733
282 177840 337400
283 193420 373400
284 130340 375000
285 183261 354573
286 196080 345800
287 401110 388574
288 502216 307449
289 568335 268540
290 584186 317800
291 564880 325506
292 515840 321705
293 459067 379034
294 501093 267192
295 496536 322060
296 450879 322700
297 538381 397500
298 542911 268733
299 570114 334600
300 403197 336700
301 491240 371210
302 437570 371254
303 449160 361776
304 585428 335160
305 548666 342272
306 494659 272737
307 505895 326930
308 440800 413000
309 523097 381883
310 572964 339080
311 520830 359500
312 373949 351050
313 528595 381400
314 543780 277044
315 530252 338744
316 492036 318500
317 492841 287333
318 481726 322168
319 391986 400489
320 489601 393400
321 547943 286878
322 411825 390250
323 555211 343933
324 572885 345696
325 499035 320600
326 570449 296520
327 302717 250233
328 523834 294063
329 522448 322127
330 584946 354200
331 569420 349800
332 430668 361425
333 521843 313981
334 575953 359800
335 582616 357560
336 571157 290818
337 471621 354063
338 580716 312200
339 522283 268246
340 383040 413000
341 587606 321533
342 172900 243821
343 219203 246540
344 142360 244705
345 220612 244011
346 200711 251300
347 92197 273700
348 73482 270900
349 73767 268100
350 72627 277900
351 75762 280700
352 78707 285600
353 87542 286300
354 82887 275100
355 86117 280700
356 93717 277900
357 83837 270200
358 108347 260400
359 104072 255500
360 94762 255500
361 79087 255500
362 86877 254100
363 75287 263900
364 94382 265300
365 86022 261100
366 75667 259000
367 107587 264600
368 112622 268800
369 100557 288400
370 109867 286300
371 116691 273000
372 96472 286300
373 109202 277200
374 114142 280000
375 101222 276500
376 104167 280700
377 102932 269500
378 91247 268100
379 270441 263200
380 311355 261296
381 355069 262541
382 517091 281673
383 542085 313133
384 555712 314440
385 475678 362200
386 322645 60253
387 321975 72200
388 323148 49302
389 285661 65258
390 290662 56741
391 315665 294618
392 442510 361200
393 471589 308280
394 582198 328440
395 298015 92250
396 212021 214290
397 192364 328066
398 583452 312200
399 518700 331800
400 426284 333480
401 210604 340200
402 215808 343000
403 202708 353422
404 148178 345800
405 136977 343186
406 122550 311181
407 107338 303470
408 81387 291282
409 54426 289545
410 553216 316866
411 410476 365400
412 560563 324955
413 210126 218931
414 206398 217579
415 215931 213206
416 234871 190960
417 230954 198365
418 238725 199234
419 232401 191053
420 188448 213826
421 137225 217772
422 157478 217653
423 149042 213360
424 73808 187320
425 87791 191887
426 81457 193731
427 83378 184053
428 70825 195066
429 78220 195387
430 67746 196175
431 140557 181593
432 65315 189840
433 49283 185929
434 56534 191027
435 52459 192862
436 68393 185567
437 75564 194780
438 69199 205027
439 58552 199717
440 351626 159533
441 101331 198935
442 226936 264180
443 180310 246866
444 13908 317240
445 402952 373843
446 292125 350700
447 249171 379400
448 310211 380046
449 250344 388920
450 286876 368112
451 276802 387000
452 231040 388360
453 236592 393711
454 238412 395080
455 250337 399973
456 293550 393521
457 272080 397880
458 262342 406350
459 300022 401240
460 300656 395080
461 315744 404250
462 303481 402054
463 327180 409080
464 301458 398300
465 492262 255266
466 480933 258784
467 526759 203525
468 547120 252663
469 548178 211909
470 274581 372166
471 278609 370872
472 293964 377618
473 292315 375200
474 319173 384479
475 331981 369981
476 571551 233916
477 538785 218942
478 548387 203700
479 572646 208258
480 532190 210890
481 582558 232264
482 213201 405222
483 282221 405825
484 301251 410573
485 236650 406073
486 250245 403433
487 567150 283485
488 430257 254600
489 456712 245700
490 480532 223605
491 225302 368480
492 63921 318400
493 44333 323400
494 488137 4200
495 490750 140
496 487390 140
497 452670 417760
498 443710 417760
499 398910 417760
500 461630 417760
501 422430 417760
502 448190 417760
503 429150 417760
504 415710 417760
505 410110 417760
506 393310 417760
507 391070 417760
508 392190 417760
509 396670 417760
510 379870 417760
511 387710 417760
512 405630 417760
513 386590 417760
514 420190 417760
515 426910 417760
516 425790 417760
517 433630 417760
518 432510 417760
519 385470 417760
520 463870 417760
521 595150 280140
522 489630 140
523 188350 417760
524 140 279020
525 191710 417760
526 205150 417760
527 192830 417760
528 275710 417760
529 366430 140
530 376510 140
531 140 265580
532 201790 417760
533 488510 140
534 300350 140
535 198430 417760
536 140 267820
537 140 281260
538 200670 417760
539 140 266700
540 140 237580
541 190590 417760
542 202910 417760
543 195070 417760
544 284670 417760
545 199550 417760
546 140 268940
547 327230 140
548 283550 417760
549 204030 417760
550 193950 417760
551 189470 417760
552 298110 140
553 140 280140
554 265630 417760
555 268990 417760
556 264510 417760
557 270110 417760
558 595150 202860
559 403390 140
560 330590 140
561 273470 140
562 271230 417760
563 266750 417760
564 291390 140
565 312670 140
566 347390 140
567 331710 140
568 339550 140
569 272350 140
570 293630 140
571 340670 140
572 273470 417760
573 296990 140
574 317150 140
575 332830 140
576 323870 140
577 328350 140
578 267870 140
579 294750 140
580 282430 417760
581 289150 140
582 274590 140
583 311550 140
584 313790 140
585 292510 140
586 279070 417760
587 299230 140
588 309310 140
589 329470 140
590 333950 140
591 348510 140
592 595150 201740
593 407870 140
594 252190 417760
595 246590 417760
596 249950 417760
597 262270 417760
598 236510 417760
599 224190 417760
600 226430 417760
601 256670 417760
602 253310 417760
603 245470 417760
604 247710 417760
605 244350 417760
606 254430 417760
607 239870 417760
608 234270 417760
609 235390 417760
610 214110 417760
611 261150 417760
612 218590 417760
613 258910 417760
614 216350 417760
615 228670 417760
616 217470 417760
617 220830 417760
618 219710 417760
619 233150 417760
620 238750 417760
621 237630 417760
622 232030 417760
623 230910 417760
624 242110 417760
625 260030 417760
626 414590 417760
627 595150 283500
628 595150 282380
629 506430 417760
630 462750 417760
631 473950 417760
632 484030 417760
633 457150 417760
634 377630 417760
635 447070 417760
636 438110 417760
637 419070 417760
638 384350 417760
639 376510 417760
640 454910 417760
641 404510 417760
642 388830 417760
643 397790 417760
644 378750 417760
645 406750 417760
646 411230 417760
647 424670 417760
648 421310 417760
649 436990 417760
650 430270 417760
651 485150 417760
652 445950 417760
653 460510 417760
654 476190 417760
655 472830 417760
656 504190 417760
657 499710 417760
658 486270 417760
659 380990 417760
660 466110 417760
661 486270 140
662 206270 417760
663 211870 417760
664 215230 417760
665 207390 417760
666 208510 417760
667 212990 417760
668 243230 417760
669 248830 417760
670 263390 417760
671 255550 417760
672 485150 140
673 298110 417760
674 296990 417760
675 307070 417760
676 310430 417760
677 304830 417760
678 290270 417760
679 281310 417760
680 274590 417760
681 286910 417760
682 280190 417760
683 223070 417760
684 272350 417760
685 267870 417760
686 229790 417760
687 227550 417760
688 240990 417760
689 221950 417760
690 225310 417760
691 251070 417760
692 257790 417760
693 595150 251020
694 595150 284620
695 595150 236460
696 595150 227500
697 595150 235340
698 595150 212940
699 595150 247660
700 595150 242060
701 595150 245420
702 595150 252140
703 595150 240940
704 595150 196140
705 595150 189420
706 595150 231980
707 595150 178220
708 595150 180460
709 595150 191660
710 595150 203980
711 595150 179340
712 595150 228620
713 595150 226380
714 595150 234220
715 595150 206220
716 595150 248780
717 595150 182700
718 595150 243180
719 595150 246540
720 595150 183820
721 595150 181580
722 595150 177100
723 595150 188300
724 595150 205100
725 595150 175980
726 595150 229740
727 595150 279020
728 595150 275660
729 477310 417760
730 442590 417760
731 428030 417760
732 423550 417760
733 439230 417760
734 435870 417760
735 444830 417760
736 417950 417760
737 383230 417760
738 382110 417760
739 402270 417760
740 394430 417760
741 395550 417760
742 389950 417760
743 407870 417760
744 408990 417760
745 481790 417760
746 475070 417760
747 482910 417760
748 595150 281260
