0 47301 25278
1 51393 20878
2 49061 23402
3 56034 24968
4 51127 24326
5 30989 17139
6 52128 26105
7 47456 44607
8 35406 22395
9 30961 14213
10 33215 12933
11 34031 19433
12 19171 22677
13 22454 13648
14 22497 22955
15 20120 16372
16 42645 27021
17 22805 17402
18 34421 12561
19 45211 20702
20 41403 13718
21 40043 31828
22 36734 21095
23 40962 15136
24 62181 39673
25 54550 30856
26 66687 22153
27 53981 25871
28 47204 27256
29 58815 24610
30 33924 22137
31 24040 25731
32 19589 26661
33 23460 25304
34 31952 27339
35 41557 26731
36 30002 33844
37 41809 26695
38 35269 28681
39 33523 32523
40 38514 25569
41 61432 21601
42 22573 19710
43 19155 19935
44 20551 20417
45 19202 19652
46 25956 16675
47 22014 17901
48 29994 16413
49 30182 15975
50 35158 17199
51 30540 17980
52 34563 20752
53 40014 16801
54 32415 18117
55 40487 17191
56 57090 41786
57 32061 20094
58 30841 21898
59 32157 22865
60 32621 23193
61 58613 41391
62 66303 31869
63 31066 35128
64 32013 25279
65 30892 32894
66 30466 41419
67 20657 24956
68 35841 24027
69 34940 28252
70 20299 30892
71 18360 33855
72 44905 29084
73 41689 24798
74 72515 25768
75 67194 18200
76 64100 18240
77 64184 17361
78 38150 27987
79 24907 24512
80 22070 18663
81 43286 26415
82 21378 23827
83 41852 23929
84 69767 15134
85 30289 17913
86 58933 34833
87 19160 27469
88 59629 30527
89 17525 31645
90 32532 30003
91 57146 13935
92 65349 12186
93 55638 23589
94 69708 24223
95 66570 33437
96 69510 35348
97 34182 28437
98 66440 34313
99 29205 37785
100 31511 34912
101 30157 30800
102 31113 33170
103 18502 35913
104 16686 37138
105 33324 44860
106 34609 44439
107 62484 32192
108 68082 34503
109 41786 37251
110 69191 35765
111 68931 32535
112 35777 35580
113 42414 39513
114 21229 36053
115 44753 36225
116 19992 29216
117 17867 29033
118 68140 37443
119 76066 25548
120 23463 25965
121 66278 37485
122 67869 40828
123 55548 33279
124 47310 38530
125 47570 36237
126 68988 18965
127 68298 16219
128 63699 14701
129 76129 14913
130 59558 46175
131 53403 40757
132 53123 41248
133 77246 45419
134 76107 44448
135 66002 47286
136 82267 39393
137 85459 39285
138 87763 37665
139 72493 13290
140 74702 4590
141 75640 2925
142 75075 6877
143 72226 4128
144 74433 7112
145 74484 4680
146 78716 19035
147 71644 14683
148 73991 34901
149 74321 31492
150 72372 32769
151 71799 39103
152 68340 29666
153 50123 9207
154 67329 25720
155 61155 2295
156 62199 2835
157 61983 2385
158 77500 40736
159 78068 38899
160 77177 38205
161 84888 36662
162 86832 37356
163 58748 31081
164 53152 9832
165 51559 36883
166 52182 39420
167 53064 36714
168 54682 38019
169 71919 47175
170 80028 45450
171 76710 43965
172 81716 35824
173 87777 39465
174 80699 36528
175 87120 35745
176 87026 35775
177 70574 44916
178 71536 44145
179 76959 46575
180 74689 44453
181 76042 41860
182 48246 38839
183 78585 17544
184 78852 20506
185 80133 10545
186 79651 9999
187 80381 10676
188 56883 7513
189 64681 7459
190 79691 8535
191 67419 11226
192 74169 2295
193 74979 2295
194 59163 13938
195 71433 11000
196 60009 5107
197 65163 4092
198 59583 11168
199 74763 4185
200 82078 8068
201 82136 8714
202 74579 21988
203 68523 9225
204 74817 2295
205 72567 12480
206 68094 7177
207 68283 4065
208 57305 3879
209 76313 7197
210 74493 2295
211 57274 10570
212 77665 7572
213 74655 2295
214 74331 2295
215 76262 16433
216 71913 29672
217 72069 27860
218 74969 28345
219 77982 27619
220 71915 27344
221 78211 17935
222 82593 15486
223 82632 19769
224 84806 18037
225 83339 22680
226 71654 20058
227 52561 19127
228 67989 40391
229 67302 42907
230 69070 42410
231 66873 44437
232 68013 42300
233 51452 45929
234 52446 44967
235 55752 46505
236 49904 45319
237 62344 28164
238 63036 23343
239 47893 36827
240 71039 43158
241 72561 42155
242 73359 41422
243 74022 40601
244 76064 38448
245 78634 36956
246 80302 36886
247 83398 37170
248 39175 26032
249 84709 37530
250 87363 36675
251 85504 35977
252 73143 33628
253 73981 33705
254 77823 30615
255 77417 32963
256 76314 31785
257 77238 33696
258 45653 9235
259 48116 4995
260 48767 3253
261 53845 8681
262 53706 5137
263 49237 8366
264 44227 3595
265 44376 6028
266 52372 3878
267 73037 37224
268 74941 36045
269 79034 34695
270 78980 34803
271 78969 34479
272 77932 35721
273 77252 35991
274 76399 36585
275 76204 36207
276 75384 37287
277 74962 37719
278 74066 38259
279 73980 38259
280 49268 14595
281 76865 44607
282 76325 45765
283 83953 42086
284 83686 38385
285 83030 38691
286 81050 36888
287 77898 44106
288 77415 41883
289 77166 43305
290 80082 46608
291 78728 46237
292 80560 42486
293 76807 46266
294 79893 44921
295 77898 42910
296 78959 41946
297 79098 40480
298 79978 43236
299 80804 43233
300 81425 45697
301 85738 37327
302 86879 37935
303 78158 41917
304 83683 44010
305 70308 45873
306 75622 44460
307 72026 45053
308 73335 43605
309 73758 45333
310 79515 38070
311 80320 39375
312 80262 39487
313 79123 45450
314 80182 41560
315 83979 40215
316 78234 46485
317 78802 40162
318 79596 39870
319 73254 46806
320 75906 46845
321 83387 40866
322 78925 38385
323 68461 46980
324 70081 47493
325 83416 36675
326 78261 40943
327 66585 47047
328 67284 47340
329 80635 37935
330 81273 38937
331 81558 42120
332 77635 39366
333 80831 41445
334 75001 43312
335 84534 38025
336 84742 41040
337 87102 39231
338 71155 47493
339 69508 46143
340 82627 42139
341 83214 40950
342 85570 38436
343 74461 45540
344 86862 40837
345 69133 47160
346 76264 44718
347 81954 41265
348 79956 36900
349 79722 38115
350 81945 39207
351 82272 43952
352 82204 37800
353 82957 43807
354 86140 38367
355 83580 35852
356 75174 46811
357 71987 45819
358 73227 44325
359 73098 45360
360 82426 36810
361 66150 47317
362 64632 47385
363 70124 46359
364 85551 41505
365 86095 41097
366 74179 46642
367 71050 44887
368 64656 47160
369 61195 2970
370 45563 47095
371 43313 45120
372 83052 38205
373 2673 4223
374 51597 47655
375 54945 47655
376 42 4524
377 42 4044
378 67212 42
379 67308 42
380 67404 42
381 67596 42
382 70668 42
383 67980 42
384 68364 42
385 68076 42
386 70572 42
387 69132 42
388 69900 42
389 69036 42
390 68940 42
391 67692 42
392 67884 42
393 67788 42
394 68172 42
395 68460 42
396 69516 42
397 69420 42
398 67116 42
399 69228 42
400 66444 42
401 65580 42
402 61644 42
403 42 4332
404 48684 50259
405 61260 50259
406 47916 50259
407 65484 50259
408 55692 50259
409 67500 50259
410 48780 50259
411 67980 50259
412 48012 50259
413 68940 50259
414 42 4428
415 47820 50259
416 66060 50259
417 47532 50259
418 67884 50259
419 54732 50259
420 61836 50259
421 51468 50259
422 68268 50259
423 69420 50259
424 69228 50259
425 46572 42
426 61932 50259
427 69516 50259
428 47724 50259
429 45996 42
430 64140 50259
431 50604 42
432 47628 50259
433 51372 50259
434 63948 50259
435 44844 50259
436 46284 50259
437 45708 50259
438 45612 50259
439 45516 42
440 42732 42
441 41004 50259
442 45804 42
443 42444 42
444 44652 50259
445 42060 42
446 41100 50259
447 46188 50259
448 42060 50259
449 44556 50259
450 45900 42
451 43596 42
452 45420 50259
453 44652 42
454 41964 42
455 41964 50259
456 45900 50259
457 41388 50259
458 44364 50259
459 45420 42
460 43692 42
461 44748 50259
462 41772 42
463 46284 42
464 41484 50259
465 46476 50259
466 44268 42
467 45324 50259
468 43020 42
469 42924 50259
470 46380 50259
471 41580 50259
472 44460 50259
473 44940 42
474 43212 42
475 43692 50259
476 41292 50259
477 43596 50259
478 43884 50259
479 44268 50259
480 44172 50259
481 42636 50259
482 42252 50259
483 41676 50259
484 42348 50259
485 43500 50259
486 42732 50259
487 44076 50259
488 45516 50259
489 45036 50259
490 42828 50259
491 41868 50259
492 42540 50259
493 42444 50259
494 43212 50259
495 43980 50259
496 45228 50259
497 41196 50259
498 44940 50259
499 43788 50259
500 43020 50259
501 43116 50259
502 45132 50259
503 42156 50259
504 43308 50259
505 41772 50259
506 43404 50259
507 46092 42
508 61548 42
509 61452 42
510 72780 42
511 74316 42
512 74508 42
513 74700 42
514 72876 42
515 73356 42
516 76332 42
517 77484 42
518 75180 42
519 73164 42
520 76236 42
521 75372 42
522 74892 42
523 77292 42
524 74796 42
525 73740 42
526 76620 42
527 75948 42
528 74124 42
529 76812 42
530 75084 42
531 75468 42
532 73836 42
533 73260 42
534 73452 42
535 75276 42
536 74604 42
537 74220 42
538 74028 42
539 77388 42
540 74988 42
541 76524 42
542 42 4236
543 71532 50259
544 71148 50259
545 70956 50259
546 68172 50259
547 68076 50259
548 68556 50259
549 68460 50259
550 71628 50259
551 70572 50259
552 96560 29388
553 42 4140
554 69324 50259
555 69132 50259
556 69612 50259
557 70092 50259
558 69996 50259
559 72300 50259
560 96560 29484
561 96560 29580
562 72108 50259
563 71052 50259
564 70668 50259
565 70764 50259
566 70860 50259
567 71244 50259
568 70284 50259
569 69804 50259
570 69708 50259
571 72204 50259
572 71436 50259
573 71916 50259
574 52524 42
575 64812 50259
576 48588 42
577 44844 42
578 42636 42
579 42348 42
580 42540 42
581 42828 42
582 42924 42
583 46188 42
584 47052 42
585 50508 42
586 52236 42
587 48972 42
588 52620 42
589 53388 42
590 51660 42
591 50124 42
592 49548 42
593 50316 42
594 49932 42
595 50028 42
596 47436 42
597 45228 42
598 51084 42
599 45036 42
600 45132 42
601 52044 42
602 52332 42
603 53292 42
604 50796 42
605 47340 42
606 47532 42
607 45612 42
608 63660 50259
609 63564 50259
610 74412 42
611 76908 42
612 76428 42
613 77100 42
614 73932 42
615 75756 42
616 76044 42
617 73068 42
618 72972 42
619 76140 42
620 77196 42
621 77004 42
622 75564 42
623 75852 42
624 76716 42
625 73644 42
626 68268 42
627 75660 42
628 73548 42
629 61356 42
