0 52723 26668
1 55254 22201
2 55597 25260
3 56550 26409
4 59837 24147
5 56382 20424
6 53981 16824
7 56090 23785
8 65692 20992
9 53953 40856
10 40683 23600
11 35799 15728
12 35000 16260
13 34402 16428
14 22082 24851
15 24231 17768
16 26412 23989
17 21496 19160
18 27913 19076
19 46849 31385
20 46909 28557
21 22370 23403
22 25771 19864
23 42382 27395
24 36155 14640
25 49945 23791
26 39423 15531
27 43628 36252
28 47555 25906
29 39906 22026
30 43963 17030
31 66196 41101
32 59905 26192
33 61364 14252
34 64856 19339
35 34408 26874
36 38207 24622
37 34562 22946
38 40206 24818
39 23162 29739
40 35613 30540
41 35148 23424
42 37076 34853
43 64333 23565
44 72153 27670
45 46102 21603
46 34484 22943
47 22280 21722
48 26478 18445
49 23938 22177
50 22416 22519
51 29079 19751
52 25742 18097
53 33266 19915
54 33267 18469
55 49518 21555
56 34876 21105
57 41267 15105
58 42372 19292
59 37901 21562
60 43826 20058
61 52899 39619
62 35671 23586
63 35223 22919
64 34899 25771
65 33714 36925
66 37142 24826
67 33952 25210
68 25710 21940
69 62924 20283
70 59623 31001
71 35629 32154
72 34783 33226
73 34438 44351
74 23219 27448
75 37399 26553
76 25705 30131
77 49174 31310
78 38936 32628
79 26511 27657
80 67427 14085
81 40797 22762
82 67659 18229
83 73410 23311
84 78462 24390
85 44580 27161
86 35743 18034
87 46680 28527
88 25913 21609
89 41823 27726
90 45464 27765
91 48821 28969
92 47559 27815
93 28609 27708
94 47099 26137
95 79209 20729
96 35327 19327
97 26334 21532
98 43753 28389
99 59685 33652
100 37846 26916
101 64492 27157
102 22120 32366
103 22026 29641
104 27903 37002
105 35473 32499
106 84024 24599
107 79367 27567
108 75611 19409
109 36024 27424
110 59886 30187
111 61544 17706
112 28045 28432
113 35816 26871
114 63099 14970
115 35848 40824
116 61896 31297
117 64558 31699
118 59593 30263
119 25070 29203
120 64112 32916
121 59009 33050
122 35359 32848
123 35955 36860
124 34068 35002
125 32718 40006
126 19817 38376
127 35111 36141
128 20196 39647
129 21877 39162
130 37109 48155
131 38215 48552
132 67257 32038
133 36332 28280
134 65998 13041
135 61935 32805
136 46145 33297
137 48555 28665
138 43578 41932
139 57012 33277
140 58237 31465
141 39980 44299
142 45665 44345
143 24565 39267
144 25440 33333
145 25903 38455
146 48527 39399
147 37193 41625
148 23838 35483
149 55933 31063
150 44980 33757
151 21521 31401
152 20785 31572
153 43551 32237
154 55513 33287
155 62358 12771
156 20309 31368
157 47197 31908
158 27189 27585
159 55399 29529
160 60163 27870
161 68616 41977
162 67654 38107
163 50090 48587
164 50638 43867
165 69376 15560
166 75649 21285
167 79820 23798
168 81506 19395
169 74054 37524
170 59098 41346
171 64076 48685
172 64313 48118
173 60600 43305
174 71166 46879
175 71578 47982
176 74637 48525
177 77648 45157
178 81986 18678
179 81159 8167
180 81162 3307
181 81281 3105
182 83122 4239
183 77429 5465
184 79782 4887
185 81939 4873
186 79153 3105
187 70613 10594
188 76986 10540
189 59816 7929
190 62767 3678
191 68390 3053
192 57380 5445
193 53163 7832
194 51114 8492
195 57492 9514
196 58862 11556
197 55323 2565
198 56907 3555
199 56331 2835
200 55458 2295
201 65599 45765
202 67199 45610
203 68580 45957
204 75594 43815
205 76023 47577
206 76641 44085
207 64608 29646
208 53787 36825
209 55692 35280
210 55456 37512
211 55659 39225
212 53509 37013
213 55222 47269
214 63714 49545
215 61309 46883
216 73656 45855
217 77014 42660
218 56814 45157
219 56842 46035
220 60228 50220
221 58320 49072
222 64648 49167
223 62806 47340
224 49892 47302
225 53300 43729
226 81116 14168
227 76601 17300
228 86419 11103
229 87985 14991
230 87532 11874
231 86745 28083
232 83234 31753
233 74994 17118
234 85466 14043
235 78751 30568
236 82301 10134
237 78651 2835
238 78489 2835
239 84793 22266
240 77484 30019
241 87470 22811
242 89757 30185
243 84544 34965
244 87339 20475
245 79029 2565
246 72471 7441
247 61343 34533
248 78597 2565
249 86108 33387
250 73123 6697
251 80404 33817
252 75233 14018
253 82294 35003
254 90331 26293
255 78219 3915
256 84733 14217
257 86324 25234
258 86196 14136
259 78867 2565
260 75354 15914
261 82593 2565
262 65556 9040
263 69069 10065
264 68760 9615
265 66420 9351
266 65068 9402
267 61098 9782
268 74646 15708
269 74538 18675
270 80277 14338
271 76860 7929
272 76488 6315
273 74222 9067
274 76680 14085
275 75276 20182
276 57969 14794
277 57149 16224
278 70313 7830
279 64503 36225
280 73370 33165
281 74297 34492
282 77589 34605
283 77247 35876
284 77913 35145
285 77469 35505
286 76833 34155
287 73190 36045
288 72380 35572
289 72414 34897
290 72225 33345
291 72225 36045
292 72117 34065
293 71991 33435
294 75501 33795
295 74079 33975
296 78357 38870
297 76449 39653
298 74406 40002
299 79342 39258
300 75006 41085
301 70107 28483
302 71826 23744
303 52695 48150
304 50602 48647
305 58527 44741
306 59555 45778
307 62122 45112
308 63776 44788
309 64648 44685
310 67473 44715
311 70353 44901
312 72105 44859
313 74583 44586
314 20892 25305
315 37951 31795
316 75044 35119
317 74742 43571
318 77398 42795
319 72896 44289
320 78445 43389
321 68023 5367
322 67533 4810
323 67803 6853
324 61125 5115
325 61934 5519
326 65792 6480
327 64457 6311
328 63348 6122
329 62673 7305
330 47724 9767
331 50267 4185
332 45253 7315
333 43793 6409
334 46262 4500
335 53791 6596
336 53445 4335
337 49455 6995
338 44012 3363
339 52626 3368
340 68359 3073
341 62845 3051
342 61840 3537
343 62596 2997
344 61754 2835
345 60836 3645
346 60858 2835
347 60102 2727
348 59583 3267
349 58892 2565
350 57888 3375
351 58276 2889
352 57974 3051
353 73879 20230
354 52800 13395
355 61715 48161
356 60615 48915
357 73740 50928
358 74812 47700
359 73863 48240
360 72672 46112
361 59443 43389
362 63247 47925
363 63986 46608
364 62867 48349
365 63753 48060
366 63210 50355
367 62196 50663
368 64939 46215
369 64660 47925
370 67790 50490
371 58547 49892
372 64498 50085
373 64537 47423
374 65749 47340
375 66582 47283
376 65741 49236
377 66681 48960
378 65475 49747
379 76189 45180
380 65731 47115
381 72849 50509
382 56270 46062
383 66170 50355
384 59140 49072
385 56490 46710
386 56562 47745
387 57688 48276
388 56926 48937
389 69898 46530
390 69358 48330
391 69241 48420
392 56207 44448
393 62478 49320
394 67947 49853
395 74655 49467
396 61104 50055
397 67881 48040
398 68346 48510
399 55149 49352
400 58952 50123
401 73804 49275
402 69163 46575
403 67641 46710
404 56877 43682
405 60102 43537
406 55917 44190
407 74595 46359
408 66774 47655
409 61362 43920
410 70693 46420
411 70519 48240
412 69174 50523
413 68994 49725
414 59112 47925
415 75501 47655
416 75195 50470
417 77701 47475
418 55458 45720
419 57298 44055
420 75303 46215
421 71043 49713
422 72337 49185
423 62890 46150
424 75694 45855
425 61414 48161
426 71966 46999
427 77661 48960
428 57703 43290
429 60264 47250
430 70263 49365
431 71744 48573
432 70398 50445
433 72927 46935
434 72504 49095
435 71469 50557
436 72913 48532
437 76777 46683
438 76572 47655
439 74577 45225
440 57597 50557
441 77220 45630
442 56154 46791
443 56489 49005
444 57418 49977
445 73710 46629
446 59487 43740
447 61257 42903
448 60294 48619
449 75958 49429
450 76768 49043
451 55967 50321
452 62080 43296
453 56092 2565
454 49330 43283
455 50866 42316
456 51088 42034
457 59103 51165
458 61911 51165
459 12588 42
460 12972 42
461 68364 42
462 67020 42
463 67500 42
464 66732 42
465 68460 42
466 66540 42
467 67788 42
468 66348 42
469 68076 42
470 66828 42
471 67980 42
472 67596 42
473 67692 42
474 66252 42
475 66444 42
476 64140 42
477 65676 42
478 66060 42
479 64236 42
480 64524 42
481 68172 42
482 65868 42
483 68268 42
484 66156 42
485 55020 42
486 12684 42
487 53868 53588
488 50124 42
489 52140 53588
490 65292 42
491 60972 53588
492 65484 42
493 48204 42
494 65196 42
495 48492 42
496 64428 42
497 12876 42
498 51756 42
499 51564 42
500 51852 42
501 48396 42
502 61068 53588
503 64812 42
504 57612 53588
505 65100 42
506 64716 42
507 64908 42
508 52044 42
509 64620 42
510 53964 42
511 52908 42
512 51660 42
513 65772 42
514 54828 42
515 52524 42
516 58860 53588
517 65388 42
518 50220 53588
519 51276 53588
520 49740 53588
521 49932 53588
522 50508 42
523 48108 42
524 45996 53588
525 50892 53588
526 48684 53588
527 46668 42
528 46764 42
529 47916 42
530 51372 53588
531 46284 42
532 50604 53588
533 51084 53588
534 49164 53588
535 50796 53588
536 46476 53588
537 46860 42
538 48300 42
539 50988 53588
540 46092 42
541 50124 53588
542 50700 53588
543 48588 53588
544 46188 53588
545 46284 53588
546 51180 53588
547 48588 42
548 51564 53588
549 50316 53588
550 46668 53588
551 46860 53588
552 48780 53588
553 51468 53588
554 46188 42
555 50412 53588
556 48972 42
557 48876 42
558 46572 53588
559 50508 53588
560 48300 53588
561 49068 53588
562 49836 53588
563 49644 53588
564 46764 53588
565 46092 53588
566 47148 53588
567 50028 53588
568 48396 53588
569 48492 53588
570 47724 53588
571 47244 53588
572 47916 53588
573 47052 53588
574 46956 53588
575 47436 53588
576 47340 53588
577 48204 53588
578 47820 53588
579 47628 53588
580 49452 53588
581 48012 53588
582 46380 53588
583 49356 53588
584 49260 53588
585 47532 53588
586 48972 53588
587 48108 53588
588 49548 53588
589 48876 53588
590 51948 42
591 58380 42
592 54732 42
593 77388 42
594 79596 42
595 78252 42
596 77964 42
597 79212 42
598 76620 42
599 79500 42
600 81612 42
601 78540 42
602 80556 42
603 81036 42
604 81228 42
605 78156 42
606 80364 42
607 78828 42
608 81420 42
609 80172 42
610 79692 42
611 78924 42
612 79980 42
613 77580 42
614 77484 42
615 76140 42
616 77772 42
617 76236 42
618 78636 42
619 78444 42
620 81132 42
621 79020 42
622 79404 42
623 77292 42
624 79308 42
625 12492 42
626 66924 42
627 67116 42
628 67212 42
629 68652 42
630 68556 42
631 68940 42
632 68844 42
633 62796 42
634 65964 42
635 61452 42
636 12780 42
637 68748 42
638 67308 42
639 66636 42
640 67884 42
641 67404 42
642 63948 42
643 62700 42
644 61836 42
645 60684 42
646 60204 42
647 58476 42
648 59244 42
649 59052 42
650 58092 42
651 57804 42
652 57900 42
653 57996 42
654 64332 42
655 65004 42
656 65580 42
657 44748 42
658 56652 42
659 42348 42
660 41964 42
661 42156 42
662 42252 42
663 42732 42
664 42444 42
665 44460 42
666 45420 42
667 45516 42
668 45612 42
669 47340 42
670 42540 42
671 47820 42
672 49932 42
673 49836 42
674 50028 42
675 48780 42
676 51180 42
677 52140 42
678 52236 42
679 50220 42
680 49164 42
681 44556 42
682 49260 42
683 48684 42
684 41868 42
685 41772 42
686 42060 42
687 41676 42
688 42636 42
689 42828 42
690 42924 42
691 56748 42
692 56844 42
693 78348 42
694 80652 42
695 79884 42
696 80268 42
697 78060 42
698 77676 42
699 77868 42
700 81516 42
701 81324 42
702 80748 42
703 80460 42
704 80940 42
705 79116 42
706 79788 42
707 80844 42
708 80076 42
709 72012 42
710 78732 42
711 75852 42
712 54636 42
