0 379977 149882
1 276390 143266
2 284754 222274
3 297453 180157
4 351370 132720
5 288993 141290
6 284336 132028
7 262622 58771
8 314627 147000
9 346949 175000
10 218298 346458
11 226540 363363
12 236292 216400
13 314137 231890
14 264005 226259
15 304101 220767
16 351240 211909
17 313485 250260
18 219788 134282
19 315044 255679
20 341580 248441
21 266038 234920
22 145413 298913
23 149590 304380
24 297983 288020
25 330615 202410
26 236209 147176
27 195733 137633
28 205342 117172
29 250781 173815
30 194446 143374
31 198327 120840
32 178353 79940
33 213304 90710
34 328207 308682
35 268024 264719
36 283408 130900
37 211065 237527
38 182185 137260
39 248494 111906
40 258899 314688
41 168829 96175
42 215130 68226
43 192157 24541
44 202098 72619
45 209635 109085
46 291518 200092
47 367745 248850
48 307118 52346
49 369202 271357
50 295470 62545
51 317743 51275
52 351973 93161
53 323100 76115
54 290025 99400
55 357040 122024
56 324850 128431
57 234600 163617
58 86395 212500
59 84680 205625
60 182493 159571
61 159839 92466
62 105678 101022
63 313750 58566
64 215470 308520
65 169330 95666
66 139311 46200
67 308459 254717
68 270539 251693
69 267918 327565
70 249310 328189
71 252824 319720
72 137646 54918
73 309556 342318
74 233468 26425
75 164255 304163
76 195388 74312
77 243661 333400
78 215178 304820
79 149197 56200
80 56557 146693
81 192735 151649
82 87203 140767
83 188940 80266
84 172335 87436
85 110467 149584
86 152655 173358
87 123470 45815
88 236566 15521
89 79106 62881
90 124667 65400
91 296766 330693
92 246950 339266
93 162443 51900
94 149186 58829
95 137646 111778
96 248829 345074
97 102134 188710
98 139516 159259
99 280293 344120
100 243512 352388
101 239277 353047
102 232693 50719
103 231186 347072
104 166615 113400
105 142348 114426
106 93939 111241
107 300934 362751
108 219092 359240
109 326962 354520
110 235099 366800
111 236253 363125
112 261189 284536
113 232686 269966
114 254331 187360
115 233292 283794
116 108217 283381
117 90250 287000
118 233225 313600
119 265788 221977
120 356537 309983
121 367308 290920
122 366625 365156
123 346707 259311
124 389136 320435
125 349388 294725
126 387371 330384
127 190014 333831
128 195077 325266
129 60380 268391
130 229676 264929
131 115964 317868
132 100296 373118
133 122334 365164
134 195387 404160
135 69236 375853
136 58850 320157
137 49712 373800
138 27273 350254
139 13205 367266
140 24725 364653
141 450008 319760
142 475866 337400
143 443235 333055
144 487965 350616
145 449319 328918
146 391218 304690
147 442276 307246
148 303874 372176
149 401791 347744
150 341797 385000
151 282749 389630
152 366937 229600
153 415406 159539
154 445987 175324
155 452252 175675
156 324677 335960
157 514662 203700
158 514266 201133
159 145958 342720
160 165680 353850
161 213306 372866
162 193103 371466
163 189696 378280
164 172737 383400
165 154185 350350
166 199391 364200
167 187007 360150
168 185883 365866
169 206340 382200
170 196164 388733
171 178600 397800
172 192406 382822
173 160532 398745
174 175598 390880
175 141360 407711
176 115710 404880
177 134520 399000
178 137892 390250
179 117135 392700
180 126974 387000
181 99813 397755
182 111014 363000
183 115248 388200
184 79673 385933
185 102220 360600
186 84840 368347
187 92482 358750
188 96688 383755
189 90060 344866
190 91247 375200
191 83251 346500
192 91851 333800
193 95712 356300
194 71938 349825
195 94857 345100
196 86450 338800
197 65645 327133
198 61275 320600
199 52896 319200
200 37810 320600
201 30653 319200
202 23614 317400
203 15390 332733
204 10990 358076
205 6321 334090
206 159642 361355
207 152570 381150
208 139628 376600
209 128397 366333
210 158792 390250
211 126455 401177
212 118845 366100
213 92948 392000
214 106172 386120
215 48640 315700
216 167403 331220
217 134857 343933
218 153574 401000
219 181602 382480
220 143070 402500
221 123880 382900
222 77900 325640
223 99152 327533
224 36543 320133
225 25916 316120
226 11188 320911
227 21533 305666
228 15742 305000
229 372264 231266
230 142120 354480
231 166345 359100
232 178296 397880
233 151932 383517
234 363238 379248
235 489809 204109
236 488943 262876
237 420359 237160
238 472744 352569
239 406949 294643
240 437270 222410
241 459200 357478
242 499038 369986
243 501007 222681
244 482154 283412
245 401239 237609
246 369936 324268
247 479215 349706
248 369100 348090
249 465855 287316
250 424374 253540
251 373920 410200
252 398270 359222
253 442670 283230
254 409429 262550
255 381526 357180
256 498999 243731
257 336042 379200
258 492638 281866
259 357286 400527
260 504142 288894
261 440700 251533
262 471606 239344
263 428687 254380
264 500871 294116
265 398860 346541
266 433363 254365
267 500182 302507
268 475096 215203
269 430655 312541
270 493994 266612
271 444014 209008
272 374680 410200
273 93998 257472
274 127560 241681
275 121962 252890
276 125695 262733
277 46407 289100
278 29497 296800
279 30542 302400
280 43747 303100
281 53152 300300
282 43652 298200
283 50302 305200
284 41182 295400
285 29307 290500
286 37952 288400
287 29687 286300
288 59166 271880
289 41277 270200
290 38902 276500
291 49352 275100
292 31967 270200
293 47927 282800
294 39377 281400
295 30352 274400
296 29877 282100
297 60182 277200
298 72152 277200
299 56097 289800
300 59707 285600
301 73055 284666
302 52487 295400
303 71487 300300
304 69872 296800
305 61322 294000
306 63317 300300
307 65122 289800
308 74242 290500
309 185720 258639
310 447388 213956
311 430587 270666
312 432087 297000
313 42340 231098
314 96961 239182
315 39281 245748
316 502894 270550
317 174867 194058
318 164540 347977
319 171760 354200
320 185349 370200
321 131733 379555
322 117111 376075
323 111543 336600
324 62789 308741
325 37015 307109
326 460727 274120
327 179365 201862
328 189204 198537
329 181670 198393
330 200180 171748
331 206826 176662
332 208501 182525
333 207081 172290
334 326537 112047
335 137799 195954
336 125970 204351
337 132574 205413
338 132601 194058
339 58017 157567
340 63210 160650
341 60439 164546
342 64581 156845
343 53414 175632
344 63424 176662
345 55765 176487
346 115330 158380
347 57974 174096
348 52801 167503
349 48214 173455
350 46130 171620
351 56810 163980
352 58219 177348
353 79641 187880
354 63257 186946
355 93510 182948
356 110972 256013
357 10564 340200
358 266207 376090
359 312794 387400
360 402847 362150
361 257640 376040
362 244787 376800
363 254492 375010
364 294511 399084
365 297392 393555
366 263076 398784
367 411320 393903
368 322711 402341
369 333868 404600
370 343064 405720
371 423917 199933
372 381813 223872
373 486067 154700
374 483340 186789
375 293915 366450
376 324410 381214
377 278896 359800
378 501111 171500
379 452813 156134
380 439386 137413
381 480636 152911
382 244720 394545
383 297272 410072
384 249111 409266
385 284891 406100
386 401280 325266
387 356824 219153
388 397798 186155
389 193884 408644
390 177878 409640
391 189335 369950
392 54424 341911
393 38932 339690
394 27824 349222
395 456030 140
396 451550 140
397 358590 416670
398 370910 416670
399 339550 416670
400 386590 416670
401 356350 416670
402 396670 416670
403 346270 416670
404 348510 416670
405 344030 416670
406 368670 416670
407 336190 416670
408 340670 416670
409 355230 416670
410 335070 416670
411 337310 416670
412 333950 416670
413 332830 416670
414 347390 416670
415 345150 416670
416 338430 416670
417 341790 416670
418 342910 416670
419 331710 416670
420 377630 416670
421 519870 206220
422 453790 140
423 224190 416670
424 140 251020
425 225310 416670
426 357470 416670
427 140 243180
428 167070 416670
429 140 247660
430 140 246540
431 140 245420
432 282430 416670
433 452670 140
434 140 252140
435 279070 416670
436 140 249900
437 140 242060
438 270110 416670
439 165950 416670
440 276830 416670
441 280190 416670
442 271230 416670
443 273470 416670
444 140 244300
445 274590 416670
446 327230 416670
447 262270 416670
448 140 248780
449 388830 416670
450 389950 416670
451 281310 416670
452 140 240940
453 140 254380
454 226430 416670
455 236510 416670
456 227550 416670
457 234270 416670
458 249950 140
459 238750 140
460 140 217420
461 140 234220
462 140 239820
463 140 238700
464 140 226380
465 140 220780
466 141310 140
467 140 214060
468 140 207340
469 140 233100
470 140 236460
471 140 212940
472 140 231980
473 140 221900
474 140 211820
475 140 210700
476 140 218540
477 140 206220
478 140 235340
479 140 237580
480 140 227500
481 140 225260
482 140 229740
483 140 219660
484 140 209580
485 140 230860
486 140 228620
487 140 223020
488 140 224140
489 140 216300
490 140 215180
491 140 208460
492 253310 140
493 251070 140
494 196190 416670
495 195070 416670
496 205150 416670
497 188350 416670
498 190590 416670
499 182750 416670
500 180510 416670
501 183870 416670
502 218590 416670
503 186110 416670
504 208510 416670
505 217470 416670
506 192830 416670
507 177150 416670
508 178270 416670
509 176030 416670
510 170430 416670
511 207390 416670
512 171550 416670
513 199550 416670
514 172670 416670
515 181630 416670
516 173790 416670
517 179390 416670
518 174910 416670
519 187230 416670
520 189470 416670
521 191710 416670
522 198430 416670
523 184990 416670
524 197310 416670
525 204030 416670
526 242110 140
527 519870 215180
528 519870 202860
529 519870 272300
530 519870 293580
531 519870 302540
532 519870 268940
533 412350 416670
534 392190 416670
535 374270 416670
536 519870 326060
537 519870 328300
538 519870 324940
539 398910 416670
540 519870 279020
541 519870 321580
542 413470 416670
543 519870 333900
544 394430 416670
545 519870 332780
546 420190 416670
547 519870 342860
548 519870 340620
549 519870 335020
550 419070 416670
551 519870 289100
552 519870 319340
553 519870 315980
554 519870 300300
555 519870 276780
556 519870 274540
557 519870 273420
558 519870 292460
559 375390 416670
560 519870 281260
561 450430 140
562 256670 416670
563 248830 416670
564 247710 416670
565 255550 416670
566 239870 416670
567 240990 416670
568 243230 416670
569 251070 416670
570 252190 416670
571 242110 416670
572 454910 140
573 292510 416670
574 254430 416670
575 261150 416670
576 244350 416670
577 253310 416670
578 293630 416670
579 291390 416670
580 285790 416670
581 258910 416670
582 245470 416670
583 284670 416670
584 302590 416670
585 301470 416670
586 265630 416670
587 272350 416670
588 277950 416670
589 266750 416670
590 267870 416670
591 275710 416670
592 283550 416670
593 519870 173740
594 519870 212940
595 519870 164780
596 519870 180460
597 519870 181580
598 519870 162540
599 519870 189420
600 519870 186060
601 519870 188300
602 519870 174860
603 519870 170380
604 519870 154700
605 519870 119980
606 519870 165900
607 519870 133420
608 519870 121100
609 519870 122220
610 519870 123340
611 519870 124460
612 519870 131180
613 519870 125580
614 519870 135660
615 519870 139020
616 519870 190540
617 519870 140140
618 519870 187180
619 519870 191660
620 519870 153580
621 519870 142380
622 519870 136780
623 519870 147980
624 519870 152460
625 519870 137900
626 519870 151340
627 519870 211820
628 519870 209580
629 519870 298060
630 519870 322700
631 519870 338380
632 519870 337260
633 519870 331660
634 519870 330540
635 519870 320460
636 519870 327180
637 519870 329420
638 426910 416670
639 519870 323820
640 424670 416670
641 519870 339500
642 433630 416670
643 519870 336140
644 519870 341740
645 519870 253260
646 519870 299180
647 519870 291340
648 519870 205100
