0 346023 71400
1 430301 165689
2 228240 36228
3 321313 132017
4 260594 123932
5 283831 111976
6 176041 86831
7 312457 138395
8 208343 111414
9 354675 36200
10 403363 45850
11 370279 97411
12 395725 94027
13 414082 78789
14 440817 72927
15 468882 121018
16 444685 95335
17 229179 122882
18 410780 191769
19 468522 124384
20 417354 95480
21 364514 225557
22 369633 232083
23 462097 188303
24 425077 95900
25 209149 152085
26 188465 170243
27 187645 131387
28 181708 126386
29 298930 144147
30 172701 55446
31 167850 197547
32 511133 183235
33 466358 150595
34 255632 97573
35 298010 73104
36 327200 95200
37 447878 133346
38 197147 170388
39 132060 110600
40 245634 96288
41 444473 194288
42 190524 94681
43 209372 69261
44 157662 82693
45 293408 38179
46 101931 51348
47 148662 131782
48 100998 140796
49 448226 85482
50 379400 103384
51 510425 132562
52 527535 103880
53 219129 19560
54 324433 65545
55 243307 79572
56 223158 129150
57 269125 34954
58 248078 41886
59 293445 56144
60 537066 129781
61 244612 138918
62 246548 101500
63 203330 259361
64 219486 245133
65 206219 154085
66 179976 30610
67 109071 163223
68 151291 76016
69 211200 28948
70 198440 117133
71 398413 176604
72 130092 77121
73 302666 71429
74 474924 114800
75 158333 127503
76 196352 102781
77 432323 105689
78 117262 29809
79 138850 69275
80 350921 230660
81 122525 240947
82 129080 122840
83 436636 211894
84 441329 204700
85 439675 197166
86 501621 212644
87 94044 82520
88 503737 208600
89 518181 261862
90 427344 215218
91 141625 114158
92 169584 159737
93 155690 100409
94 133321 213533
95 177861 187600
96 105840 34407
97 104550 104315
98 494072 231329
99 441437 227000
100 76452 83261
101 110655 59548
102 66064 129788
103 94307 147576
104 445988 237676
105 122727 80372
106 192173 239050
107 93207 160573
108 188741 216621
109 338200 36351
110 476936 247100
111 446025 244766
112 435810 249421
113 92905 172882
114 105179 71023
115 68985 101640
116 440266 247400
117 392544 179025
118 167976 165168
119 142821 167461
120 72358 154816
121 144610 235051
122 126267 207530
123 467590 252718
124 425127 238200
125 111910 179044
126 103369 189000
127 490383 243693
128 410875 234800
129 416024 239586
130 259830 121955
131 275720 147151
132 264338 135880
133 430293 167059
134 415055 281213
135 399217 263962
136 382111 277355
137 413155 214200
138 439998 169156
139 422348 63155
140 522787 169120
141 508592 147560
142 508284 116963
143 507713 171463
144 504930 155400
145 566928 165433
146 368818 176120
147 422640 308350
148 383800 191975
149 344510 240948
150 275559 253315
151 276332 234500
152 299447 271544
153 370250 255557
154 344329 292721
155 273878 291480
156 267567 313687
157 294322 300440
158 287280 304500
159 572793 197026
160 594233 279872
161 582570 211481
162 594484 285693
163 591345 224432
164 535931 158092
165 601291 180169
166 568331 219608
167 505875 299320
168 534324 258218
169 565186 200666
170 536237 307160
171 521217 90300
172 437617 23916
173 482499 30537
174 515014 29260
175 496382 48311
176 513655 220475
177 487017 7700
178 492100 7933
179 333488 202720
180 324852 185150
181 308451 171400
182 303164 175560
183 293816 175000
184 278286 175933
185 328066 194133
186 316445 177450
187 322457 179400
188 298376 181440
189 285633 177800
190 288800 193200
191 276450 183750
192 299202 166950
193 269040 198800
194 286757 167300
195 288800 217466
196 271662 179200
197 282023 229133
198 267583 224466
199 283100 215250
200 294167 225400
201 293022 245622
202 298965 231700
203 282454 248640
204 310016 244066
205 306822 236200
206 282953 255984
207 317965 255150
208 276205 269200
209 319896 262733
210 315231 249977
211 266038 272160
212 328428 269400
213 311885 258650
214 255233 267711
215 329776 276266
216 306931 270200
217 248055 275488
218 313174 274600
219 241553 283500
220 313880 281800
221 306422 286300
222 305791 292200
223 297302 298550
224 296732 318500
225 343562 324022
226 296542 323400
227 309130 321650
228 323380 323050
229 304475 312200
230 343662 313250
231 315146 320600
232 300784 310046
233 337750 308127
234 311695 191450
235 300057 197400
236 284176 196933
237 278920 207480
238 286194 212200
239 274740 192920
240 275837 236911
241 297811 222200
242 301150 231700
243 266597 244200
244 311980 243133
245 354821 188613
246 328591 215000
247 333165 191800
248 307166 182466
249 332405 178850
250 283765 177100
251 260870 210933
252 276165 191100
253 257830 223066
254 318858 233800
255 333694 283000
256 324314 264600
257 340100 291200
258 323000 272200
259 325497 312200
260 320416 294840
261 328826 313133
262 330220 308200
263 324301 9940
264 514510 97533
265 478617 294362
266 323380 207666
267 319031 199888
268 266823 186200
269 268090 231350
270 525735 261177
271 629898 56381
272 630546 118066
273 571665 97511
274 561786 162040
275 581392 67846
276 562342 93434
277 614071 249121
278 634006 251351
279 635698 75040
280 625523 139618
281 539586 201358
282 530048 232527
283 557640 214789
284 644936 136360
285 614916 157192
286 583478 80870
287 573154 116200
288 525160 326200
289 619065 246848
290 625976 248876
291 628330 152600
292 635214 205246
293 637407 82288
294 600172 149016
295 565426 119000
296 609556 88617
297 560097 116088
298 531683 285775
299 557220 251774
300 533482 278600
301 616138 156333
302 638297 153129
303 587470 107800
304 636776 100418
305 612062 97434
306 577659 141050
307 641693 167533
308 638160 161884
309 565397 233077
310 574740 135100
311 650686 164733
312 646836 157080
313 617572 69565
314 596443 183330
315 641060 123581
316 587360 56944
317 645620 166600
318 647266 117133
319 368730 290150
320 379837 294200
321 368360 313052
322 383800 312433
323 395905 317600
324 388402 292600
325 432867 288400
326 442082 290500
327 444742 289800
328 437142 297500
329 442937 298900
330 440277 304500
331 438852 308700
332 433912 322700
333 438757 315700
334 434767 319900
335 431632 303100
336 403227 291900
337 416622 288400
338 408642 293300
339 424792 291200
340 409877 289100
341 414912 299600
342 408262 301000
343 425172 299600
344 406077 302400
345 423652 282800
346 428592 268100
347 444077 282100
348 424412 274400
349 421641 266933
350 446262 280700
351 440040 277666
352 436905 278600
353 437332 269500
354 444362 271600
355 447592 270200
356 431252 276500
357 432202 282800
358 410877 140239
359 386674 140038
360 413107 134036
361 601387 63730
362 598223 111109
363 615980 120120
364 596247 173800
365 376229 48615
366 370449 26090
367 352645 40489
368 364179 74705
369 454736 168553
370 564712 218544
371 551760 95097
372 641186 127400
373 233031 200561
374 335757 187000
375 646076 115640
376 328573 168600
377 311346 166600
378 316512 216200
379 323368 228200
380 324805 241150
381 324277 289800
382 323844 301777
383 327784 310163
384 610736 133000
385 570998 235408
386 636901 131755
387 234577 208696
388 241385 211979
389 229611 200380
390 202229 151013
391 212308 156655
392 209360 156655
393 207106 151853
394 208259 206266
395 103850 163063
396 208678 225786
397 210412 216720
398 207879 217280
399 158561 257600
400 174372 252525
401 163419 266917
402 168017 256946
403 160328 254893
404 169907 249375
405 165216 252437
406 187762 232264
407 166028 251066
408 137338 249853
409 140475 259772
410 138981 260062
411 141819 245270
412 142987 246120
413 152655 251951
414 144249 253206
415 278901 71000
416 160819 236238
417 357371 162960
418 389310 309586
419 328472 303800
420 307420 303800
421 577849 235681
422 531430 312200
423 520100 312494
424 510981 310450
425 508133 260264
426 511534 285800
427 514976 311080
428 502126 307030
429 476420 308182
430 460881 310692
431 568837 294162
432 458452 295909
433 490364 297563
434 490936 306600
435 486315 302866
436 485378 304850
437 506449 76333
438 520391 82040
439 450726 19048
440 450776 16828
441 516280 56221
442 512050 272000
443 509308 232800
444 493257 257345
445 465987 269546
446 459420 264600
447 482554 277441
448 494597 264600
449 518607 21297
450 440164 13138
451 447406 36018
452 502550 320226
453 470677 314650
454 460032 317022
455 538472 322466
456 569366 218866
457 477978 112304
458 471185 90856
459 458985 53944
460 323608 7840
461 267710 221200
462 250800 306755
463 183757 5800
464 187230 140
465 183870 140
466 533310 330210
467 495230 330210
468 500830 330210
469 497470 330210
470 512030 330210
471 515390 330210
472 448190 330210
473 461630 330210
474 470590 330210
475 525470 330210
476 498590 330210
477 484030 330210
478 505310 330210
479 522110 330210
480 485150 330210
481 523230 330210
482 514270 330210
483 518750 330210
484 524350 330210
485 486270 330210
486 487390 330210
487 459390 330210
488 503070 330210
489 513150 330210
490 488510 140
491 186110 140
492 491870 330210
493 489630 330210
494 468350 330210
495 479550 330210
496 482910 330210
497 301470 330210
498 426910 330210
499 423550 330210
500 424670 330210
501 454910 330210
502 184990 140
503 425790 330210
504 480670 330210
505 421310 330210
506 469470 330210
507 450430 330210
508 460510 330210
509 422430 330210
510 478430 330210
511 481790 330210
512 449310 330210
513 285790 140
514 475070 330210
515 472830 330210
516 492990 330210
517 429150 330210
518 494110 330210
519 528830 330210
520 464990 330210
521 293630 140
522 290270 140
523 295870 140
524 294750 140
525 296990 140
526 289150 140
527 368670 140
528 299230 140
529 355230 140
530 303710 140
531 348510 140
532 313790 140
533 316030 140
534 366430 140
535 365310 140
536 358590 140
537 347390 140
538 305950 140
539 341790 140
540 344030 140
541 304830 140
542 320510 140
543 363070 140
544 360830 140
545 361950 140
546 357470 140
547 302590 140
548 314910 140
549 301470 140
550 319390 140
551 292510 140
552 364190 140
553 359710 140
554 337310 140
555 291390 140
556 286910 140
557 345150 140
558 354110 140
559 350750 140
560 336190 140
561 330590 140
562 346270 140
563 298110 140
564 317150 140
565 323870 140
566 300350 140
567 318270 140
568 321630 140
569 322750 140
570 312670 140
571 333950 140
572 307070 140
573 367550 140
574 332830 140
575 308190 140
576 309310 140
577 311550 140
578 310430 140
579 324990 140
580 328350 140
581 288030 140
582 351870 140
583 326110 140
584 335070 140
585 338430 140
586 339550 140
587 331710 140
588 356350 140
589 352990 140
590 349630 140
591 342910 140
592 329470 140
593 340670 140
594 327230 140
595 369790 140
596 496350 140
597 484030 140
598 656570 154700
599 554590 330210
600 656570 171500
601 656570 174860
602 555710 330210
603 517630 330210
604 504190 330210
605 583710 330210
606 580350 330210
607 569150 330210
608 557950 330210
609 656570 175980
610 575870 330210
611 582590 330210
612 571390 330210
613 520990 330210
614 574750 330210
615 563550 330210
616 579230 330210
617 568030 330210
618 566910 330210
619 559070 330210
620 656570 147980
621 656570 226380
622 545630 330210
623 656570 173740
624 656570 167020
625 656570 179340
626 656570 164780
627 656570 158060
628 656570 163660
629 656570 165900
630 182750 140
631 501950 330210
632 508670 330210
633 507550 330210
634 506430 330210
635 496350 330210
636 490750 330210
637 471710 330210
638 476190 330210
639 466110 330210
640 467230 330210
641 181630 140
642 463870 330210
643 457150 330210
644 452670 330210
645 451550 330210
646 453790 330210
647 456030 330210
648 458270 330210
649 509790 330210
650 473950 330210
651 477310 330210
652 527710 330210
653 462750 330210
654 488510 330210
655 532190 330210
656 531070 330210
657 519870 330210
658 526590 330210
659 529950 330210
660 516510 330210
661 510910 330210
662 489630 140
663 499710 330210
664 479550 140
665 476190 140
666 492990 140
667 463870 140
668 506430 140
669 509790 140
670 507550 140
671 525470 140
672 524350 140
673 451550 140
674 377630 140
675 490750 140
676 380990 140
677 376510 140
678 375390 140
679 378750 140
680 384350 140
681 503070 140
682 477310 140
683 491870 140
684 461630 140
685 508670 140
686 450430 140
687 510910 140
688 512030 140
689 407870 140
690 396670 140
691 397790 140
692 432510 140
693 417950 140
694 404510 140
695 513150 140
696 497470 140
697 499710 140
698 656570 177100
699 573630 330210
700 581470 330210
701 564670 330210
702 561310 330210
703 560190 330210
704 656570 227500
705 572510 330210
706 565790 330210
707 556830 330210
708 578110 330210
709 570270 330210
710 553470 330210
711 552350 330210
712 576990 330210
713 562430 330210
714 656570 145740
715 656570 172620
716 656570 156940
717 487390 140
