0 35465 31658
1 32407 33544
2 47487 35646
3 35098 37595
4 28918 33786
5 19748 20633
6 39499 32744
7 34946 34693
8 48607 33287
9 34190 22886
10 21505 17761
11 30559 18668
12 26813 17471
13 35689 27626
14 21709 26919
15 39125 15456
16 21648 23393
17 41338 21371
18 24340 26097
19 24867 8078
20 38188 17418
21 24206 15197
22 44970 8565
23 35243 8123
24 25362 9670
25 65722 38525
26 43992 35608
27 18671 37746
28 29900 38256
29 33903 21173
30 36704 17661
31 37973 21250
32 43412 18311
33 41420 23359
34 55593 17030
35 42078 21982
36 50840 17763
37 40742 12135
38 43822 18503
39 35871 38865
40 44554 44614
41 26401 20520
42 13956 21246
43 19829 18927
44 13889 18700
45 26853 19140
46 17402 21424
47 26880 8403
48 23805 12709
49 26632 17101
50 23850 15833
51 21531 10416
52 27375 9118
53 27972 9444
54 26475 12414
55 31738 17225
56 39233 11939
57 37698 16411
58 38261 16271
59 58888 20723
60 51166 44262
61 52878 18846
62 48843 7461
63 56151 7186
64 39512 11590
65 45746 22381
66 37155 8016
67 55181 23023
68 29712 17361
69 44119 13263
70 46708 25626
71 19134 41830
72 28331 43294
73 35603 46730
74 38160 47880
75 38454 10439
76 40230 21619
77 25879 20351
78 37445 25997
79 34524 7492
80 61237 39938
81 38920 15538
82 47772 40278
83 51562 27351
84 38757 17943
85 48624 18783
86 43272 54592
87 45233 49950
88 31727 41218
89 44960 26862
90 53710 44917
91 65056 44030
92 55155 46604
93 55377 45368
94 52955 37462
95 47440 18011
96 54915 18005
97 72882 25778
98 56830 16952
99 75085 20594
100 71928 22178
101 62078 9252
102 63782 15230
103 41668 20884
104 64539 17582
105 50617 40087
106 63789 18821
107 54791 29954
108 19315 41152
109 53888 8922
110 57152 47552
111 52002 46919
112 57742 8043
113 54744 7175
114 56157 17536
115 49529 25364
116 60080 47192
117 18872 38016
118 47813 26199
119 59896 45085
120 51247 36681
121 40336 13876
122 38694 30811
123 38999 31228
124 26058 43201
125 34060 45000
126 39939 47929
127 29518 47454
128 73911 48080
129 56727 34388
130 70847 31769
131 68611 29893
132 63894 35265
133 76426 32805
134 77831 36896
135 77750 40905
136 29438 48127
137 34816 55427
138 30873 56232
139 30697 54121
140 32565 55863
141 27516 54567
142 26073 56295
143 16983 49145
144 30917 48605
145 10097 40725
146 8425 44187
147 3844 44277
148 7392 36439
149 11253 31352
150 14417 37038
151 20439 56025
152 14265 56295
153 19629 56115
154 71451 33615
155 73145 34020
156 75052 39407
157 76563 40446
158 49714 40121
159 9108 33603
160 59377 38262
161 61164 43110
162 57605 39425
163 57841 38272
164 59325 31353
165 71145 28530
166 68127 32501
167 76788 36199
168 79005 39555
169 76798 41647
170 75906 41175
171 62316 32940
172 62312 32342
173 66420 28305
174 65097 29457
175 72240 29055
176 69670 33156
177 44812 30877
178 18671 46348
179 16593 46890
180 22873 54319
181 24451 53820
182 28331 53280
183 56765 55037
184 57055 50641
185 19492 53538
186 47137 50131
187 25839 56565
188 35235 56295
189 47695 55010
190 61446 50925
191 35207 51065
192 62149 55047
193 27189 56295
194 13957 54563
195 21387 47921
196 50713 49252
197 28431 56025
198 32947 49626
199 53863 49590
200 51746 53694
201 63274 50032
202 66186 53845
203 25677 56025
204 26217 56565
205 36963 56565
206 65448 51846
207 13760 42301
208 13085 37897
209 24369 45147
210 13506 48225
211 7956 49950
212 7596 51187
213 7016 48307
214 22577 45045
215 23012 33928
216 63675 45585
217 65853 47845
218 68580 48397
219 69273 49925
220 71451 48798
221 71292 49741
222 68166 48195
223 75661 44968
224 76414 46673
225 74994 45058
226 78291 43935
227 43789 39239
228 39186 42821
229 64122 34031
230 65184 32927
231 67225 34025
232 69046 35067
233 71172 35330
234 72506 36163
235 73037 37738
236 73458 39345
237 78921 41823
238 7214 39927
239 7563 44265
240 8427 38595
241 6245 40054
242 8038 39726
243 12370 29715
244 8856 25717
245 6961 26404
246 8077 33177
247 5155 33322
248 9382 30575
249 3569 25878
250 5264 26920
251 3774 32507
252 3366 41931
253 4244 38799
254 2829 37935
255 4060 37989
256 2883 37179
257 4158 37179
258 3067 36369
259 4017 35775
260 4849 36045
261 2937 35775
262 4158 39501
263 4201 40311
264 3067 40581
265 32469 45147
266 18652 31721
267 68194 30220
268 67437 29655
269 79646 31686
270 77820 35032
271 78750 34920
272 75009 36165
273 75387 35066
274 61344 34803
275 69552 30172
276 70210 31050
277 68907 30780
278 69972 27915
279 68823 27675
280 70463 32501
281 75160 27983
282 63762 28677
283 71634 27506
284 70659 30678
285 71995 31725
286 73381 29745
287 73548 28552
288 74533 28125
289 72549 27641
290 77486 39555
291 76417 36932
292 71496 30953
293 79638 29372
294 60597 32657
295 75396 27920
296 61738 31293
297 62566 31602
298 63828 30456
299 62082 29340
300 75051 32715
301 75042 31365
302 74103 32959
303 74532 31579
304 69190 28863
305 78505 33311
306 67980 28215
307 73505 30722
308 74968 29457
309 59943 30003
310 64928 29092
311 78789 32096
312 72938 32997
313 60021 33855
314 60463 34641
315 59027 33075
316 77787 35032
317 72722 30953
318 61079 35451
319 74658 34665
320 75345 29025
321 77652 28383
322 65487 30448
323 66808 29902
324 77509 37356
325 79396 33345
326 59167 32103
327 61629 33422
328 75396 37755
329 76533 30645
330 77144 31347
331 77193 38127
332 76054 38769
333 67723 30375
334 77332 33390
335 63061 30003
336 79407 37665
337 66654 31605
338 76659 29835
339 76228 32727
340 76086 30285
341 76288 35460
342 78489 30341
343 61538 33993
344 62025 28755
345 60733 31455
346 61263 29950
347 62338 35100
348 63498 35883
349 78809 35268
350 79315 36450
351 60757 29295
352 62280 35910
353 21370 56295
354 53274 31927
355 60345 35370
356 64476 28620
357 79792 11629
358 64665 56565
359 60345 56565
360 82221 11916
361 82221 11628
362 32556 58742
363 27756 58742
364 32844 58742
365 33516 58742
366 27852 58742
367 33612 58742
368 32748 58742
369 27948 58742
370 31404 58742
371 28908 58742
372 29388 58742
373 29004 58742
374 29964 58742
375 30348 58742
376 29868 58742
377 29484 58742
378 30252 58742
379 28812 58742
380 28716 58742
381 30444 58742
382 29292 58742
383 28620 58742
384 32940 58742
385 32652 58742
386 20748 58742
387 82221 11820
388 62028 58742
389 68268 58742
390 65964 58742
391 63756 58742
392 82221 37932
393 62412 58742
394 82221 38316
395 63564 58742
396 41772 58742
397 62124 58742
398 82221 11724
399 67980 58742
400 62316 58742
401 68364 58742
402 63948 58742
403 60396 58742
404 63852 58742
405 82221 40236
406 62508 58742
407 63660 58742
408 65004 58742
409 69804 58742
410 31212 58742
411 64524 58742
412 69996 58742
413 69900 58742
414 70092 58742
415 28044 58742
416 31500 58742
417 64428 58742
418 62700 58742
419 49644 58742
420 50604 58742
421 49164 58742
422 50508 58742
423 41580 58742
424 45996 42
425 41484 42
426 38220 58742
427 38124 58742
428 39180 42
429 34860 42
430 42732 58742
431 41676 58742
432 39276 42
433 41484 58742
434 43020 58742
435 39372 42
436 42924 42
437 39468 42
438 39564 42
439 41388 58742
440 39564 58742
441 40428 42
442 40716 58742
443 35916 58742
444 36588 58742
445 38028 42
446 39660 42
447 39756 42
448 39852 42
449 42636 58742
450 39948 42
451 40044 42
452 40140 42
453 40236 42
454 40332 42
455 40524 42
456 41292 58742
457 43308 42
458 42060 42
459 51468 58742
460 82221 29004
461 51660 58742
462 82221 28908
463 52236 58742
464 51948 58742
465 82221 27468
466 82221 28332
467 82221 27564
468 82221 28236
469 51852 58742
470 50316 42
471 82221 29484
472 51564 58742
473 53772 58742
474 82221 27372
475 50124 42
476 50028 42
477 82221 27180
478 51948 42
479 82221 29868
480 52428 58742
481 82221 28140
482 53868 58742
483 51468 42
484 52716 58742
485 82221 29772
486 52524 58742
487 82221 30444
488 52236 42
489 82221 30348
490 53292 58742
491 40332 58742
492 23820 58742
493 19116 58742
494 36108 58742
495 34764 58742
496 25644 58742
497 34668 58742
498 35628 58742
499 30540 58742
500 35724 58742
501 33228 58742
502 27276 58742
503 32172 58742
504 31116 58742
505 34380 58742
506 28236 58742
507 31308 58742
508 30636 58742
509 31596 58742
510 33420 58742
511 30732 58742
512 32076 58742
513 31020 58742
514 25548 58742
515 33324 58742
516 36684 58742
517 34572 58742
518 30924 58742
519 25740 58742
520 32268 58742
521 30828 58742
522 36972 58742
523 33132 58742
524 35820 58742
525 35052 58742
526 82221 11532
527 42 42732
528 42 43212
529 42 43116
530 42 43980
531 42 44364
532 42 44748
533 42 44844
534 42 38412
535 42 42348
536 42 37740
537 82221 11436
538 42 44556
539 42 43788
540 42 43692
541 42 43020
542 42 42060
543 42 40332
544 42 37260
545 42 36972
546 42 36684
547 42 36204
548 42 38796
549 42 35532
550 42 35724
551 42 35628
552 42 39660
553 42 40428
554 42 40524
555 42 41004
556 42 41292
557 42 41676
558 42 29580
559 42 35436
560 42 27948
561 42 30444
562 42 29772
563 42 28620
564 42 26508
565 42 26604
566 42 26412
567 42 28332
568 42 28716
569 42 28524
570 42 29292
571 42 28236
572 42 30924
573 42 32268
574 42 32844
575 42 32748
576 42 31404
577 42 32364
578 42 30828
579 42 29868
580 42 30156
581 42 29388
582 42 26316
583 42 27468
584 42 27372
585 42 26220
586 42 28140
587 42 28428
588 42 28908
589 42 31308
590 42 26124
591 42 31500
592 42 35340
593 42 34956
594 25452 58742
595 32364 58742
596 31980 58742
597 30060 58742
598 25836 58742
599 33036 58742
600 31884 58742
601 29580 58742
602 32460 58742
603 30156 58742
604 29100 58742
605 29196 58742
606 29772 58742
607 31788 58742
608 33708 58742
609 29676 58742
610 25356 58742
611 25932 58742
612 27660 58742
613 20364 58742
