0 35092 36444
1 36220 29634
2 38651 26268
3 35935 34030
4 30241 27907
5 24622 28358
6 35026 21370
7 32958 29295
8 33059 34947
9 36805 27452
10 46305 37308
11 29957 18495
12 39345 20745
13 33579 21994
14 59585 17384
15 54575 20189
16 48995 17415
17 54970 19713
18 39314 13164
19 58665 17455
20 54525 19028
21 8690 16005
22 9507 19649
23 34689 18272
24 25849 20223
25 13483 13176
26 14749 15620
27 8806 17041
28 14961 19258
29 64818 28827
30 35808 31937
31 20210 32756
32 32326 32277
33 35010 30467
34 59200 25024
35 42383 31806
36 32480 17431
37 37175 16963
38 49480 15457
39 40300 14046
40 42421 14337
41 39103 10748
42 36940 32523
43 48388 37491
44 38308 18855
45 52356 18237
46 53839 18276
47 49928 19044
48 51912 19791
49 49761 21773
50 45957 21030
51 47891 22656
52 12835 20396
53 18989 20187
54 15486 19536
55 26991 20471
56 19622 19433
57 18139 20062
58 14513 19403
59 12692 18581
60 23221 18706
61 34992 16812
62 32061 16081
63 40832 9747
64 35368 15067
65 50207 18160
66 31422 32040
67 54713 36217
68 7823 12304
69 37971 12169
70 20376 6196
71 58143 13697
72 8772 14805
73 60835 17455
74 64405 8379
75 35626 12238
76 33010 12766
77 57949 13512
78 52824 14571
79 20512 36733
80 30223 19611
81 29079 36266
82 40845 37497
83 42138 39240
84 15998 14364
85 47199 14828
86 47756 14910
87 50479 19816
88 16871 15055
89 19460 14544
90 30990 13832
91 40253 13920
92 11908 14850
93 11291 14478
94 20102 15784
95 25403 13640
96 38490 39753
97 28126 20814
98 10026 15518
99 56326 31370
100 30389 14809
101 50767 32994
102 14980 16682
103 66392 11535
104 61739 13659
105 16659 14054
106 17085 13743
107 45618 27617
108 35538 13720
109 68188 40674
110 72786 42008
111 53359 36407
112 49078 13948
113 20576 34615
114 31886 34449
115 56948 37052
116 54878 35288
117 60233 36808
118 24435 14503
119 67732 32840
120 58284 38614
121 37633 12340
122 41423 8074
123 39714 11239
124 35520 9896
125 39793 11781
126 37375 10620
127 67891 8544
128 61434 7742
129 25123 4481
130 30919 4873
131 60890 7630
132 49934 30540
133 20186 35259
134 59134 38241
135 55565 32171
136 15610 8550
137 59550 36710
138 55055 38145
139 11133 8651
140 20549 7546
141 11059 8791
142 58886 8460
143 60894 12883
144 56615 8865
145 35442 8671
146 15938 10277
147 11223 8915
148 61638 10837
149 63549 12609
150 17460 12006
151 62675 12744
152 59307 12780
153 24651 12461
154 61685 35495
155 19674 32982
156 9478 12985
157 49995 14625
158 61726 34342
159 69313 28745
160 53419 33721
161 37347 3595
162 35404 9762
163 28284 36337
164 36229 37935
165 45531 39702
166 24787 32786
167 32039 39677
168 73011 36402
169 60710 26398
170 71167 38205
171 67306 19272
172 70441 20582
173 68359 20059
174 66895 25812
175 73188 20821
176 73708 24729
177 75649 26644
178 40063 46305
179 34969 46507
180 34473 46530
181 44735 45777
182 34009 44385
183 38801 45009
184 37666 46085
185 36000 46665
186 32042 39137
187 27219 41602
188 29174 41920
189 17350 42504
190 9010 34305
191 3767 37580
192 4645 39463
193 6285 33176
194 8918 29002
195 10036 27488
196 12010 31218
197 12879 32413
198 21087 46575
199 14157 46665
200 19215 46845
201 70348 18765
202 70512 19729
203 70821 20688
204 70947 25875
205 73845 26919
206 74746 27607
207 51961 32292
208 57119 30582
209 60453 33075
210 58382 29377
211 56601 27059
212 55989 29855
213 60850 22930
214 70745 14877
215 66863 18765
216 69120 24907
217 75801 25639
218 75244 28260
219 64269 24255
220 63916 23895
221 64621 17631
222 64837 20418
223 72640 15201
224 67692 18687
225 40865 12946
226 44333 3454
227 34752 43117
228 21512 39222
229 27101 44503
230 25331 43624
231 25061 45153
232 54597 40311
233 58014 42543
234 42771 41899
235 68691 43875
236 72140 43525
237 31833 46845
238 23196 39507
239 27621 46845
240 16776 42381
241 64838 42971
242 49427 44199
243 29013 44977
244 59460 45867
245 64713 39735
246 31995 46845
247 38539 43990
248 26317 39152
249 70673 44947
250 33615 46035
251 56390 45064
252 25198 41551
253 32662 42810
254 63870 45360
255 60784 45338
256 52414 45502
257 37989 46845
258 44367 42442
259 59981 40635
260 38040 41814
261 37665 46845
262 38745 46575
263 66062 41980
264 12814 37665
265 15262 37202
266 14994 36740
267 14428 35381
268 14090 33521
269 17566 39902
270 29790 39015
271 16187 42606
272 10597 43414
273 8745 44190
274 10185 41640
275 17316 39555
276 30429 38205
277 24569 34020
278 19108 30710
279 21931 29807
280 65457 34695
281 65699 38034
282 67952 37057
283 67923 38475
284 68904 37395
285 68733 39195
286 69531 39352
287 70821 39555
288 73446 39217
289 72177 39487
290 74961 38475
291 71883 38565
292 72711 38205
293 71127 37035
294 69975 38385
295 67491 37485
296 66933 37845
297 74082 34471
298 72551 34339
299 73603 32352
300 75712 34080
301 74664 31365
302 45219 31863
303 43307 35685
304 42876 5027
305 66236 24383
306 65629 22928
307 66649 21407
308 67518 21920
309 68166 22431
310 69217 21802
311 69415 23473
312 69802 26423
313 54792 15315
314 71064 37777
315 72063 27135
316 74838 27729
317 76599 28125
318 76477 27450
319 7097 40103
320 6409 40057
321 6696 39270
322 8433 39892
323 7239 35595
324 7698 36110
325 9564 37260
326 8304 37968
327 7743 37185
328 11473 26952
329 4230 27616
330 9531 24113
331 8308 23091
332 8275 30582
333 4560 30574
334 7087 27543
335 4124 22131
336 4375 24127
337 3525 29795
338 3162 40428
339 3153 35991
340 2980 36531
341 2894 37233
342 3229 37665
343 4374 36099
344 3024 35451
345 2862 33939
346 2797 33831
347 2926 34641
348 5324 34371
349 4741 34965
350 4039 34047
351 34490 38436
352 17325 27652
353 66204 17145
354 64545 17723
355 76081 22275
356 71793 23571
357 72598 22770
358 70775 22835
359 65221 25569
360 68094 16720
361 68823 17347
362 68580 15471
363 68600 15592
364 66166 15862
365 69973 17091
366 70744 15930
367 75886 16443
368 64273 19271
369 70042 15525
370 69207 16841
371 72009 16450
372 72751 17190
373 73413 15693
374 72765 16695
375 71401 16470
376 72163 15795
377 72424 26271
378 73746 26235
379 70200 17280
380 76228 21310
381 61843 24107
382 75147 15930
383 65185 19652
384 63509 22815
385 63522 22437
386 64983 21411
387 63579 21303
388 72504 20205
389 74250 18765
390 73147 19327
391 67509 15615
392 73989 17100
393 73153 23152
394 65350 16659
395 72571 18405
396 73976 17762
397 61783 21580
398 67348 17415
399 64692 16335
400 63333 18675
401 74284 22082
402 71323 19629
403 62650 25380
404 63103 25740
405 63034 24651
406 69778 24597
407 70591 23625
408 71043 17988
409 64276 26257
410 72175 21015
411 75065 19575
412 76703 17607
413 75069 17640
414 66006 20235
415 65880 18731
416 73203 23658
417 71419 24390
418 75885 22755
419 74353 25470
420 61263 23940
421 63904 24885
422 70146 25191
423 75267 19530
424 74867 20770
425 71962 25013
426 72138 25635
427 65937 17313
428 75168 21645
429 75951 24480
430 76038 16875
431 64012 25380
432 75252 18263
433 72219 21789
434 74479 20520
435 76230 18990
436 72004 22590
437 76383 20081
438 62955 23985
439 62991 19372
440 73882 26595
441 62580 23409
442 72423 26685
443 62766 22005
444 63617 20493
445 64027 26001
446 65917 26433
447 74828 23663
448 75124 24131
449 62474 20553
450 64926 26550
451 70923 17847
452 69098 17955
453 71431 18657
454 21316 46845
455 51624 27300
456 52655 25403
457 49825 25722
458 75114 20655
459 76784 6075
460 65205 46575
461 76761 30915
462 79289 6348
463 79289 6060
464 29004 49157
465 25260 49157
466 25452 49157
467 25644 49157
468 25356 49157
469 25932 49157
470 26892 49157
471 27468 49157
472 30540 49157
473 29964 49157
474 31020 49157
475 29196 49157
476 29484 49157
477 31308 49157
478 32748 49157
479 29388 49157
480 30252 49157
481 30636 49157
482 33132 49157
483 32940 49157
484 31596 49157
485 31212 49157
486 28524 49157
487 31500 49157
488 21132 49157
489 79289 6252
490 60204 49157
491 60780 49157
492 65100 49157
493 61068 49157
494 60972 49157
495 60492 49157
496 65964 49157
497 63180 49157
498 29580 49157
499 61644 49157
500 79289 5964
501 67020 49157
502 63756 49157
503 66924 49157
504 68172 49157
505 79289 31404
506 68364 49157
507 79289 33708
508 62412 49157
509 62220 49157
510 62028 49157
511 62124 49157
512 29100 49157
513 66732 49157
514 61356 49157
515 62892 49157
516 60876 49157
517 23916 49157
518 29292 49157
519 62316 49157
520 61452 49157
521 48300 49157
522 48396 49157
523 46476 49157
524 47916 49157
525 36300 49157
526 39852 49157
527 40716 42
528 39852 42
529 39180 42
530 39660 42
531 39468 42
532 39564 42
533 40140 49157
534 40140 42
535 40332 42
536 39756 42
537 40620 42
538 43116 42
539 39372 42
540 40044 42
541 36204 42
542 39372 49157
543 40908 42
544 42732 42
545 37356 49157
546 36108 42
547 39276 42
548 40236 42
549 40428 42
550 40524 42
551 40044 49157
552 41004 42
553 40812 42
554 41388 42
555 41292 42
556 39948 42
557 41100 42
558 41196 42
559 38028 49157
560 39948 49157
561 50988 49157
562 52044 42
563 50316 49157
564 51084 49157
565 50220 42
566 50220 49157
567 53580 42
568 53772 42
569 53676 42
570 51084 42
571 50508 49157
572 48972 42
573 52812 49157
574 50412 49157
575 52524 49157
576 53388 42
577 49164 42
578 49068 42
579 53292 42
580 51276 42
581 52908 49157
582 50796 49157
583 52716 42
584 51852 49157
585 50316 42
586 51372 49157
587 53388 49157
588 50892 49157
589 53580 49157
590 51756 42
591 53196 42
592 53292 49157
593 36972 49157
594 20940 49157
595 19980 49157
596 26028 49157
597 30732 49157
598 31788 49157
599 27564 49157
600 25548 49157
601 25836 49157
602 25740 49157
603 32652 49157
604 31692 49157
605 32172 49157
606 33228 49157
607 31116 49157
608 33612 49157
609 33996 49157
610 34476 49157
611 34860 49157
612 35820 49157
613 33036 49157
614 32076 49157
615 37068 49157
616 37740 49157
617 36684 49157
618 37260 49157
619 36780 49157
620 32844 49157
621 37644 49157
622 34956 49157
623 30924 49157
624 37452 49157
625 36396 49157
626 30828 49157
627 26220 49157
628 79289 5868
629 42 37932
630 42 37356
631 42 36684
632 11052 49157
633 11148 49157
634 10956 49157
635 42 37068
636 42 35916
637 42 37260
638 42 36588
639 79289 6156
640 42 36780
641 42 37548
642 42 36492
643 42 37452
644 42 36876
645 42 38124
646 42 37164
647 42 37836
648 42 36012
649 42 35532
650 42 35436
651 42 34476
652 42 34188
653 42 35052
654 42 34668
655 42 35148
656 42 34572
657 42 38412
658 42 38316
659 42 38028
660 42 24684
661 42 30540
662 42 22188
663 42 24972
664 42 24492
665 42 24012
666 42 23244
667 42 21708
668 42 21612
669 42 23148
670 42 23340
671 42 23052
672 42 23820
673 42 22092
674 42 25260
675 42 27372
676 42 26124
677 42 27276
678 42 27084
679 42 26412
680 42 25740
681 42 24876
682 42 24300
683 42 23724
684 42 22668
685 42 21996
686 42 22572
687 42 21900
688 42 23628
689 42 23916
690 42 23532
691 42 25836
692 42 24108
693 42 25644
694 42 30060
695 42 29100
696 32460 49157
697 32364 49157
698 36876 49157
699 37164 49157
700 37932 49157
701 38124 49157
702 35148 49157
703 32268 49157
704 32556 49157
705 31980 49157
706 33900 49157
707 34380 49157
708 34764 49157
709 35052 49157
710 35916 49157
711 35724 49157
712 31404 49157
713 37836 49157
714 31884 49157
715 20844 49157
