0 42629 31561
1 32986 32875
2 37684 30334
3 34971 36033
4 28289 33011
5 23374 32110
6 26439 25492
7 32005 24769
8 34057 33159
9 47136 31475
10 22593 21068
11 38485 25903
12 36754 25243
13 36420 25769
14 13764 20049
15 17043 24576
16 18706 20694
17 22923 24165
18 35507 15907
19 15204 20451
20 18371 23260
21 31434 23198
22 25028 18858
23 30131 25308
24 28046 21963
25 35725 24483
26 47804 16828
27 30854 22960
28 41092 24981
29 62225 34257
30 43474 33097
31 19284 37116
32 31776 38003
33 52770 37284
34 37170 37325
35 19879 21264
36 38234 20336
37 34130 16662
38 36997 23957
39 36278 17896
40 43421 17474
41 41216 23117
42 54456 16733
43 37724 12712
44 34953 37486
45 43955 41812
46 41049 21465
47 54393 20704
48 59776 20115
49 53751 22375
50 48020 20082
51 59159 21002
52 52118 20772
53 49681 22905
54 49945 21406
55 47092 21186
56 51889 20043
57 53107 22127
58 49824 20822
59 44680 23712
60 51658 22201
61 50483 21508
62 41961 20854
63 37123 19738
64 41889 19366
65 41337 19144
66 42164 12810
67 38848 17066
68 53579 21195
69 32890 37804
70 50903 41218
71 48872 14142
72 33848 15441
73 33063 12751
74 53678 12892
75 23292 14715
76 32760 16867
77 37028 18759
78 21037 13516
79 42289 14899
80 37293 15801
81 19329 16234
82 20389 40855
83 25434 22359
84 29240 39609
85 36212 44398
86 38247 45379
87 57347 18982
88 46917 20992
89 46858 18787
90 22836 16189
91 20610 18588
92 33921 17696
93 16531 18533
94 19434 16633
95 47893 21937
96 45326 20574
97 47064 21277
98 52292 35500
99 46892 17957
100 25458 18198
101 47019 37107
102 19670 11443
103 36268 12121
104 17611 15635
105 42884 50701
106 44010 46210
107 30536 43455
108 53835 18259
109 53333 42264
110 54314 40772
111 20356 15345
112 25006 16580
113 19876 39092
114 32654 39290
115 53271 42058
116 52974 42288
117 32933 12174
118 35791 35748
119 33367 17926
120 64528 38651
121 54259 18123
122 56696 43498
123 50689 35293
124 44920 14226
125 39318 12610
126 23881 5758
127 41399 12510
128 35654 5595
129 29053 7529
130 52703 9855
131 51134 8775
132 49026 37234
133 37815 17116
134 36521 15764
135 37175 13600
136 18684 39498
137 54894 43362
138 18423 15296
139 28048 14193
140 17268 17595
141 46764 12753
142 54933 41522
143 51423 43395
144 47421 10231
145 51338 12547
146 29142 9137
147 57071 41310
148 26393 9295
149 42154 8785
150 46401 8401
151 14850 13428
152 17025 13185
153 56937 40249
154 18416 36767
155 14643 13577
156 22632 14635
157 24959 14107
158 44361 29199
159 30033 17685
160 57559 39038
161 52072 17415
162 43769 17765
163 64838 34841
164 50882 38456
165 34169 3270
166 35371 9541
167 42027 14702
168 24634 37412
169 27246 40408
170 34016 42602
171 40932 46415
172 31013 44513
173 68595 42362
174 46365 36283
175 58774 32080
176 65561 24985
177 69049 28296
178 65719 26145
179 63396 31104
180 70753 28812
181 73687 30976
182 73964 34920
183 31802 44363
184 38255 52661
185 31420 52746
186 32353 52630
187 28399 50764
188 30795 51975
189 31606 52809
190 32344 52022
191 26757 52785
192 26959 44617
193 9523 38945
194 18525 46542
195 3891 41852
196 8373 35662
197 9567 32424
198 10006 30379
199 11648 34508
200 12492 36099
201 22761 53055
202 19809 53235
203 22329 53235
204 67187 26402
205 67980 27945
206 68550 29775
207 71161 33021
208 72792 34755
209 72558 35595
210 48228 37305
211 3889 38657
212 53733 35205
213 57987 37980
214 54414 35640
215 56339 34155
216 53548 32205
217 56148 35422
218 59697 28125
219 58698 27180
220 69449 22653
221 64812 23175
222 70952 31151
223 74729 33594
224 69479 32277
225 72046 36045
226 58590 36369
227 51670 34077
228 61332 28909
229 61409 28407
230 62796 22545
231 62512 24975
232 69906 23046
233 65892 25845
234 40681 3267
235 33853 48749
236 20567 43638
237 31241 50330
238 37596 49191
239 33069 49609
240 52582 51523
241 52215 46800
242 24086 42315
243 25733 50805
244 48003 46778
245 45652 45423
246 25731 53325
247 33939 53325
248 44714 51620
249 56417 46832
250 17213 45865
251 31803 48798
252 47650 51416
253 56926 51698
254 59077 46845
255 29241 53325
256 19543 52257
257 20217 51252
258 49118 45132
259 29403 52515
260 23725 51117
261 29734 47179
262 54538 44980
263 59410 45484
264 59153 49902
265 26595 53325
266 49298 49730
267 27054 50422
268 26757 53325
269 23156 44404
270 36153 53325
271 59234 47871
272 30619 45670
273 32630 42549
274 11305 41342
275 11854 41937
276 14176 41198
277 14593 39600
278 14023 36905
279 12961 38568
280 17847 43685
281 27288 42975
282 16119 45462
283 11875 47202
284 11739 48270
285 10485 45570
286 17694 42075
287 29872 42309
288 21545 33792
289 22116 44817
290 19588 34644
291 61875 40455
292 62046 43112
293 61713 43425
294 63153 44505
295 62910 43976
296 63783 45045
297 64374 45225
298 65475 44055
299 67581 44505
300 67736 44752
301 67905 43965
302 67797 42075
303 67581 41805
304 65529 42345
305 65781 43335
306 64377 42255
307 63280 43065
308 62973 43785
309 72154 39607
310 71500 40635
311 67875 39290
312 70657 38276
313 73043 38144
314 71442 40725
315 41437 37241
316 39130 40717
317 45185 3285
318 38781 3924
319 63050 29757
320 63252 29128
321 63441 27975
322 64548 28102
323 65430 28500
324 65952 29875
325 66587 30645
326 67912 31502
327 69282 33025
328 70095 34502
329 72697 35707
330 74700 36405
331 7393 42435
332 8257 42687
333 6132 41359
334 8037 37785
335 7333 37896
336 7005 39665
337 8661 38415
338 11111 28985
339 4573 30303
340 8883 25617
341 7288 25039
342 6841 33093
343 4651 32872
344 7599 30139
345 3598 26121
346 5956 26892
347 3494 31930
348 3193 41953
349 2916 37881
350 3164 37233
351 4158 36639
352 3121 36747
353 3121 36207
354 3164 35775
355 5043 35775
356 4082 35505
357 4860 37071
358 5000 37881
359 4309 38421
360 4946 38691
361 16481 31328
362 65509 23740
363 63534 23509
364 75124 27236
365 72661 30555
366 72556 29912
367 70485 30683
368 69579 30529
369 61596 30510
370 66474 24131
371 67261 23535
372 66270 23085
373 67570 23463
374 67977 21825
375 65644 21812
376 67108 25582
377 68593 23490
378 71094 24589
379 62262 23355
380 69427 22329
381 67721 24489
382 69358 24255
383 69885 24885
384 71733 23463
385 72738 23625
386 71617 22781
387 72076 33705
388 73164 34047
389 70728 32110
390 68094 24936
391 74773 25852
392 59745 28935
393 71698 23996
394 63075 24131
395 61762 27135
396 62163 27135
397 63018 26440
398 61425 25560
399 70404 27906
400 68989 28485
401 70257 26903
402 69397 27019
403 67602 22599
404 65812 22342
405 73756 24589
406 64846 25343
407 73254 28957
408 63636 22155
409 68827 26235
410 70250 26016
411 59670 26170
412 61876 23740
413 72888 28099
414 60304 29880
415 61273 30537
416 59038 29241
417 71725 31635
418 68634 25605
419 61254 31140
420 69906 29680
421 70894 25437
422 72729 25470
423 63689 23490
424 73278 30015
425 72825 31455
426 74817 28755
427 73885 32940
428 58973 28107
429 61112 29372
430 72085 32175
431 72068 27027
432 72846 27630
433 72376 32670
434 72154 28620
435 62337 25623
436 74553 31792
437 60223 27540
438 63688 25357
439 71946 25965
440 70369 27597
441 70699 30105
442 71676 28080
443 71667 26370
444 73946 26527
445 73798 32226
446 61715 30105
447 61092 24300
448 60345 27783
449 71418 34116
450 60831 26556
451 61090 31131
452 60165 30600
453 62299 31833
454 67963 26280
455 74268 29520
456 74944 30490
457 60321 24915
458 73608 31590
459 61335 31815
460 68385 27405
461 23827 53055
462 54618 29820
463 51948 28893
464 49368 29918
465 71820 24435
466 63153 41445
467 75195 35775
468 77594 7692
469 77594 7980
470 29004 55503
471 28140 55503
472 28044 55503
473 32652 55503
474 28524 55503
475 32844 55503
476 28236 55503
477 28428 55503
478 29676 55503
479 29964 55503
480 28620 55503
481 29292 55503
482 29388 55503
483 30828 55503
484 29868 55503
485 30348 55503
486 29580 55503
487 28908 55503
488 28716 55503
489 29772 55503
490 28332 55503
491 28812 55503
492 32748 55503
493 27756 55503
494 23340 55503
495 77594 8172
496 60204 55503
497 58284 55503
498 62316 55503
499 58860 55503
500 77594 36204
501 58380 55503
502 33324 55503
503 58476 55503
504 36300 55503
505 58764 55503
506 77594 7884
507 64332 55503
508 58572 55503
509 63852 55503
510 58668 55503
511 77594 35532
512 67212 55503
513 77594 36972
514 59628 55503
515 59916 55503
516 61260 55503
517 65292 55503
518 31212 55503
519 61740 55503
520 65676 55503
521 65868 55503
522 66156 55503
523 29484 55503
524 31116 55503
525 63372 55503
526 59724 55503
527 47532 55503
528 47820 55503
529 46380 55503
530 47628 55503
531 41484 55503
532 45036 55503
533 37356 42
534 30444 42
535 30540 42
536 31596 42
537 30636 42
538 30732 42
539 30828 42
540 35916 42
541 38412 55503
542 32556 42
543 32460 42
544 39372 55503
545 32364 42
546 33132 42
547 32652 42
548 33228 42
549 36204 42
550 37068 42
551 32748 42
552 30348 42
553 33900 42
554 35532 42
555 34860 42
556 35148 42
557 35820 42
558 34668 42
559 34764 42
560 34956 42
561 35052 42
562 35436 42
563 32844 42
564 38220 55503
565 43500 55503
566 44556 55503
567 49548 42
568 77594 26316
569 49548 55503
570 50700 42
571 49836 42
572 49932 42
573 50508 42
574 48780 42
575 50892 42
576 50796 42
577 49452 42
578 47820 42
579 77594 27276
580 77594 29100
581 77594 28908
582 49644 42
583 47436 42
584 47628 42
585 50412 42
586 48300 42
587 77594 27372
588 49836 55503
589 77594 26220
590 77594 28812
591 49356 42
592 77594 27948
593 77594 27180
594 77594 29196
595 77594 28140
596 48684 42
597 77594 27852
598 77594 28044
599 40140 55503
600 24876 55503
601 22284 55503
602 35628 55503
603 33804 55503
604 25836 55503
605 34188 55503
606 34284 55503
607 33228 55503
608 35340 55503
609 32940 55503
610 29196 55503
611 31596 55503
612 31692 55503
613 33516 55503
614 29100 55503
615 31404 55503
616 30540 55503
617 31980 55503
618 33132 55503
619 31308 55503
620 32268 55503
621 31500 55503
622 26124 55503
623 33036 55503
624 35916 55503
625 34380 55503
626 30732 55503
627 25932 55503
628 32076 55503
629 30060 55503
630 36108 55503
631 33420 55503
632 34956 55503
633 35436 55503
634 77594 7788
635 42 40236
636 42 40428
637 42 40812
638 42 41964
639 42 42060
640 42 41772
641 42 42156
642 42 37836
643 42 40044
644 42 37260
645 77594 8076
646 42 41868
647 42 41292
648 42 41388
649 42 40620
650 42 39852
651 42 38604
652 42 36684
653 42 36204
654 42 36108
655 42 35532
656 42 37740
657 42 35244
658 42 35052
659 42 36876
660 42 38316
661 42 38412
662 42 38508
663 42 39180
664 42 39084
665 42 39660
666 42 29292
667 42 34668
668 42 26988
669 42 29772
670 42 29004
671 42 27180
672 42 26508
673 42 25356
674 42 25260
675 42 27756
676 42 28140
677 42 28236
678 42 28908
679 42 27084
680 42 30444
681 42 32172
682 42 32076
683 42 31308
684 42 31596
685 42 30636
686 42 31020
687 42 29196
688 42 29580
689 42 28524
690 42 26412
691 42 26892
692 42 26796
693 42 25164
694 42 27372
695 42 26700
696 42 27276
697 42 29676
698 42 26604
699 42 29868
700 42 34380
701 42 33996
702 26028 55503
703 32364 55503
704 32556 55503
705 31020 55503
706 26412 55503
707 27948 55503
708 27852 55503
709 30252 55503
710 31788 55503
711 30924 55503
712 30156 55503
713 30444 55503
714 30636 55503
715 32460 55503
716 32172 55503
717 31884 55503
718 26508 55503
719 26220 55503
720 26316 55503
721 22956 55503
