0 321670 64947
1 281258 64657
2 348177 156717
3 298863 122369
4 282824 89735
5 243435 104473
6 224427 73043
7 210113 80864
8 290400 125471
9 307784 94935
10 232568 159264
11 302527 64884
12 311627 41400
13 349469 63058
14 356484 66952
15 346030 93620
16 374177 88393
17 388518 70122
18 414770 67836
19 429946 95238
20 180008 126455
21 422866 123318
22 446475 102504
23 395960 88480
24 344942 214411
25 446420 178227
26 422282 81994
27 191514 140393
28 152259 107476
29 161737 123013
30 250350 145531
31 255240 143596
32 189836 209082
33 160523 127788
34 118070 99400
35 150010 67200
36 478509 167752
37 432230 134229
38 232742 95550
39 138368 174569
40 230250 84957
41 414662 182280
42 51142 108073
43 137053 81588
44 53794 53154
45 87356 134768
46 354408 96276
47 476168 121429
48 492689 94080
49 189648 19390
50 214912 78811
51 202955 120691
52 210117 23666
53 248111 33340
54 222470 40600
55 194608 43320
56 268244 20170
57 273053 44362
58 270088 55429
59 505103 116431
60 211729 138257
61 184385 254944
62 189365 149621
63 141655 128357
64 162492 47444
65 111896 71013
66 166075 30464
67 134196 133983
68 101383 86400
69 443080 104440
70 145807 122370
71 408455 97300
72 423890 189207
73 97681 28777
74 82594 194190
75 412363 200284
76 410558 192266
77 421534 191520
78 413566 184216
79 480596 213775
80 65982 87070
81 75225 202497
82 86546 149628
83 403404 204527
84 124512 114261
85 130512 234645
86 161837 156172
87 117091 205724
88 121394 67480
89 98387 56512
90 132895 101342
91 125891 209897
92 372255 178708
93 95294 31457
94 41212 99272
95 82968 102200
96 470250 208958
97 419189 214303
98 62666 130386
99 423597 225723
100 417782 231494
101 387030 153745
102 170376 191072
103 183817 228092
104 172864 207313
105 453114 219281
106 414083 227888
107 86202 63100
108 414536 241818
109 129258 157984
110 153100 183473
111 446183 235200
112 402942 221316
113 86974 183866
114 463013 224082
115 389377 222600
116 392718 227150
117 110793 188440
118 388497 124310
119 422761 158542
120 243041 115400
121 250096 142005
122 240657 123611
123 405847 154828
124 368640 246820
125 389690 262937
126 351082 257320
127 393490 203700
128 418047 91000
129 493110 155361
130 476748 131320
131 505408 233263
132 474382 103512
133 476652 149800
134 534416 148568
135 339917 166962
136 361643 183244
137 408407 275185
138 397207 286712
139 416171 150325
140 321359 230112
141 254729 236356
142 276234 219100
143 255809 223237
144 323344 268175
145 218167 263375
146 250166 297033
147 278643 281654
148 269757 283733
149 537871 161466
150 587789 222840
151 587183 239691
152 573971 198200
153 566188 204848
154 506980 150690
155 565951 162076
156 541585 201427
157 503565 285551
158 533669 195618
159 496327 80500
160 448347 23124
161 471777 35251
162 485983 200415
163 465832 4900
164 470946 5133
165 311106 189280
166 305085 172200
167 291586 161466
168 280168 171800
169 272650 170333
170 267976 168280
171 304814 181000
172 295070 166250
173 300851 167400
174 286444 172200
175 277970 163800
176 265176 166133
177 255360 163800
178 276754 174440
179 255402 177488
180 279897 157400
181 268062 157800
182 242198 203509
183 260137 160600
184 249042 220150
185 248302 216000
186 268470 209650
187 274034 231800
188 277096 216160
189 262115 231933
190 285506 234266
191 286791 220200
192 262073 252466
193 274246 253120
194 296671 240200
195 254144 254800
196 296942 247800
197 289560 237533
198 240920 252636
199 300453 252933
200 293512 244720
201 232294 249480
202 296305 260050
203 289451 255800
204 232872 270858
205 282991 263800
206 275988 266200
207 278065 270900
208 282448 275000
209 315469 280890
210 282394 279800
211 284667 288050
212 277542 302400
213 323506 303177
214 303525 301000
215 296997 303400
216 292362 302750
217 278954 293363
218 315210 290966
219 292853 180600
220 264670 186666
221 263466 186511
222 264100 200900
223 271995 208911
224 249877 184200
225 261820 179400
226 281390 217000
227 257190 225909
228 261725 239050
229 290776 226520
230 333698 180503
231 307325 201600
232 312532 173727
233 310175 165900
234 244036 184520
235 242928 203400
236 308116 266466
237 311762 272600
238 296336 265533
239 301948 276920
240 303780 293246
241 317517 298600
242 309510 296333
243 307745 293400
244 301836 10536
245 492778 74200
246 489408 97533
247 459929 275800
248 301931 191800
249 250040 170800
250 288871 205450
251 302311 226644
252 304554 256200
253 499916 243567
254 552912 154736
255 589394 39146
256 592673 95666
257 593283 100163
258 535592 83837
259 539835 54503
260 527837 79927
261 574977 234692
262 526559 141018
263 598584 249544
264 599694 56950
265 585326 126000
266 524976 182241
267 585730 217675
268 500235 209363
269 521697 192888
270 583058 129181
271 582839 132315
272 544831 61320
273 538295 97745
274 489060 303800
275 579054 220614
276 594971 182130
277 533371 227850
278 573642 120664
279 595326 64816
280 562067 131016
281 526367 102200
282 548506 70787
283 529836 109846
284 501956 270083
285 496786 252466
286 591945 133933
287 604908 135290
288 560554 73200
289 596290 79210
290 570144 74686
291 545480 122780
292 604019 138333
293 540823 212712
294 543713 111860
295 605720 121450
296 607976 115150
297 577119 50262
298 559592 161910
299 605285 96600
300 551012 42840
301 492480 303800
302 350892 275380
303 348425 295018
304 365340 294323
305 374965 294933
306 361356 276850
307 415957 268100
308 423652 272300
309 426882 269500
310 421752 281400
311 413677 275800
312 422797 277900
313 415387 281400
314 419662 288400
315 412157 287700
316 417477 294700
317 413582 298200
318 394107 273700
319 404747 276500
320 405602 268800
321 398097 269500
322 402657 278600
323 410067 301700
324 403512 303100
325 395722 302400
326 402657 296100
327 400472 263900
328 403322 254100
329 423652 254100
330 401232 249200
331 397575 257600
332 424982 261100
333 419377 261100
334 410922 255500
335 414627 249900
336 420517 252700
337 409307 259700
338 410922 266000
339 358952 133024
340 387721 123322
341 562763 48573
342 560050 92018
343 576992 98840
344 551298 154200
345 357759 43244
346 351374 25269
347 329319 29572
348 516686 82400
349 604711 99400
350 337085 70940
351 215478 190625
352 306388 157000
353 286560 159231
354 300523 215320
355 304643 270822
356 304633 284355
357 580184 100520
358 533192 218846
359 606353 109666
360 588340 109941
361 214359 201551
362 223381 200875
363 206995 191348
364 181469 146720
365 190229 151344
366 188565 148641
367 185902 145506
368 233309 57050
369 190361 199546
370 100168 80200
371 85403 148941
372 189534 217000
373 190449 207760
374 190082 210560
375 149683 243103
376 158875 242025
377 153395 256296
378 159530 246680
379 147940 245466
380 156726 237125
381 153258 237475
382 170748 227477
383 152525 244626
384 125406 242200
385 125616 251372
386 125092 257165
387 126668 239851
388 129953 232806
389 137127 243165
390 132888 247993
391 148059 230096
392 371602 288306
393 365152 289400
394 301276 285600
395 532090 219400
396 508746 297015
397 496508 279944
398 487850 285218
399 483285 247375
400 484500 277400
401 490732 293160
402 480605 288800
403 457692 295145
404 440332 291523
405 541452 271000
406 445170 252147
407 440097 278973
408 466323 281400
409 457097 285755
410 454313 288050
411 479017 71266
412 497230 69066
413 426772 13022
414 488460 56221
415 425680 17990
416 482632 216420
417 466902 245000
418 464263 258694
419 439280 248500
420 499123 26498
421 433690 38487
422 414573 16510
423 484642 300300
424 452010 303275
425 434213 295088
426 532532 118160
427 609995 123200
428 541120 190866
429 436007 84933
430 433680 48195
431 306166 7373
432 234671 287000
433 258471 294700
434 617980 74060
435 617980 79660
436 499710 310920
437 497470 310920
438 485150 310920
439 479550 310920
440 473950 310920
441 469470 310920
442 423550 310920
443 438110 310920
444 431390 310920
445 498590 310920
446 489630 310920
447 463870 310920
448 471710 310920
449 462750 310920
450 461630 310920
451 466110 310920
452 490750 310920
453 504190 310920
454 494110 310920
455 467230 310920
456 425790 310920
457 454910 310920
458 478430 310920
459 472830 310920
460 467230 140
461 617980 77420
462 439230 310920
463 458270 310920
464 444830 310920
465 451550 310920
466 400030 310920
467 267870 140
468 393310 310920
469 397790 310920
470 394430 310920
471 426910 310920
472 617980 76300
473 398910 310920
474 453790 310920
475 395550 310920
476 456030 310920
477 387710 310920
478 450430 310920
479 396670 310920
480 449310 310920
481 459390 310920
482 447070 310920
483 282430 140
484 436990 310920
485 440350 310920
486 488510 310920
487 406750 310920
488 468350 310920
489 460510 310920
490 457150 310920
491 274590 310920
492 284670 310920
493 272350 140
494 275710 140
495 268990 140
496 271230 140
497 349630 140
498 273470 140
499 328350 140
500 280190 140
501 296990 140
502 281310 140
503 345150 140
504 346270 140
505 340670 140
506 329470 140
507 348510 140
508 293630 140
509 284670 140
510 341790 140
511 317150 140
512 326110 140
513 344030 140
514 337310 140
515 324990 140
516 342910 140
517 294750 140
518 279070 140
519 274590 140
520 313790 140
521 301470 140
522 339550 140
523 336190 140
524 270110 140
525 316030 140
526 330590 140
527 347390 140
528 332830 140
529 323870 140
530 338430 140
531 310430 140
532 307070 140
533 292510 140
534 299230 140
535 295870 140
536 283550 140
537 298110 140
538 277950 140
539 300350 140
540 285790 140
541 318270 140
542 291390 140
543 319390 140
544 312670 140
545 286910 140
546 288030 140
547 290270 140
548 289150 140
549 304830 140
550 302590 140
551 303710 140
552 305950 140
553 308190 140
554 322750 140
555 335070 140
556 311550 140
557 314910 140
558 327230 140
559 331710 140
560 320510 140
561 321630 140
562 333950 140
563 309310 140
564 276830 140
565 350750 140
566 475070 140
567 463870 140
568 617980 150220
569 617980 251020
570 617980 163660
571 617980 165900
572 617980 183820
573 492990 310920
574 484030 310920
575 617980 227500
576 617980 226380
577 617980 238700
578 531070 310920
579 617980 161420
580 617980 233100
581 617980 247660
582 617980 249900
583 496350 310920
584 617980 229740
585 537790 310920
586 617980 245420
587 617980 242060
588 617980 243180
589 532190 310920
590 617980 143500
591 617980 239820
592 514270 310920
593 617980 167020
594 617980 170380
595 617980 169260
596 617980 159180
597 617980 158060
598 482910 310920
599 617980 177100
600 617980 78540
601 477310 310920
602 481790 310920
603 480670 310920
604 486270 310920
605 475070 310920
606 503070 310920
607 424670 310920
608 448190 310920
609 442590 310920
610 443710 310920
611 617980 75180
612 434750 310920
613 432510 310920
614 428030 310920
615 429150 310920
616 430270 310920
617 435870 310920
618 464990 310920
619 470590 310920
620 433630 310920
621 445950 310920
622 501950 310920
623 452670 310920
624 441470 310920
625 507550 310920
626 505310 310920
627 495230 310920
628 506430 310920
629 500830 310920
630 491870 310920
631 487390 310920
632 468350 140
633 476190 310920
634 454910 140
635 459390 140
636 461630 140
637 452670 140
638 481790 140
639 486270 140
640 487390 140
641 495230 140
642 504190 140
643 453790 140
644 358590 140
645 462750 140
646 365310 140
647 359710 140
648 360830 140
649 361950 140
650 363070 140
651 488510 140
652 460510 140
653 458270 140
654 451550 140
655 482910 140
656 450430 140
657 484030 140
658 489630 140
659 386590 140
660 379870 140
661 380990 140
662 422430 140
663 405630 140
664 393310 140
665 490750 140
666 473950 140
667 476190 140
668 617980 168140
669 617980 237580
670 617980 240940
671 617980 244300
672 536670 310920
673 534430 310920
674 617980 228620
675 617980 234220
676 617980 248780
677 540030 310920
678 617980 235340
679 617980 230860
680 617980 236460
681 538910 310920
682 617980 231980
683 617980 246540
684 617980 145740
685 617980 164780
686 617980 156940
687 466110 140
