0 370030 71400
1 422391 155782
2 357405 127219
3 343219 76591
4 309777 100095
5 187887 78155
6 350926 129181
7 373160 101618
8 344652 63422
9 383687 32836
10 418159 54333
11 411471 87357
12 438650 92076
13 457518 77564
14 510473 118417
15 500688 101987
16 326305 107165
17 456570 99960
18 409911 244764
19 499472 168763
20 273551 152065
21 251249 139254
22 309681 116604
23 245064 136360
24 326527 165410
25 278809 253625
26 324152 76756
27 215880 135853
28 471550 145186
29 522798 169933
30 422795 121015
31 455135 176544
32 223942 96329
33 239434 143157
34 205284 159393
35 534031 104489
36 567506 86275
37 202116 22719
38 282106 75218
39 250875 144301
40 291867 34819
41 313786 77171
42 263048 42648
43 281422 45282
44 553354 88514
45 301670 104756
46 219532 30779
47 210961 143367
48 187845 189264
49 170015 100688
50 173752 89288
51 214812 135545
52 419664 181528
53 173846 125548
54 491895 124185
55 460080 109049
56 470371 180743
57 172219 85525
58 457300 190031
59 456363 180352
60 520808 184032
61 438117 243076
62 458802 198100
63 215185 131827
64 239962 227650
65 272423 170922
66 221473 110272
67 199957 191157
68 274485 196256
69 163322 66369
70 143632 147466
71 164477 132331
72 517260 186200
73 470954 207165
74 286971 232662
75 282568 194530
76 507133 217339
77 465000 213757
78 173767 101988
79 467122 218166
80 236047 209100
81 502700 248190
82 441818 207480
83 433000 204621
84 211043 190400
85 512911 224358
86 420253 203675
87 468413 156772
88 434960 133905
89 447653 156253
90 385781 184723
91 417481 246018
92 425125 189700
93 453048 85400
94 532382 124911
95 564908 114520
96 544269 220514
97 586150 137504
98 463681 192520
99 390159 184717
100 442512 240175
101 389089 265621
102 403791 321336
103 403185 300533
104 421932 318309
105 352130 279328
106 367169 319447
107 335870 311834
108 360924 276920
109 355545 282717
110 580854 182767
111 602601 200282
112 587512 212544
113 597518 190945
114 547080 123977
115 532800 246612
116 580546 200050
117 531188 316527
118 571858 181898
119 532063 79400
120 466355 30907
121 472553 24815
122 512077 35261
123 526149 224411
124 518462 4900
125 524526 7933
126 439736 282520
127 459968 286688
128 479876 292600
129 468051 299800
130 475532 306600
131 474837 314600
132 450173 284666
133 472007 289450
134 470765 285800
135 467628 295960
136 485682 301311
137 489186 311577
138 490390 323400
139 470923 304563
140 474620 317800
141 474535 328377
142 457857 334288
143 476757 338800
144 435998 328745
145 449458 342200
146 456047 329350
147 431796 338692
148 437712 324800
149 420132 336000
150 413144 297577
151 423522 317426
152 399988 333340
153 403885 295800
154 397955 297850
155 409925 311150
156 382700 336810
157 388550 294933
158 400187 308350
159 380950 294000
160 392708 309400
161 364942 341600
162 384180 312550
163 375582 311500
164 363448 307222
165 353365 301509
166 339991 308600
167 324243 307872
168 319890 309145
169 313690 292833
170 320577 289100
171 336300 276150
172 325660 279066
173 347173 272569
174 338656 266840
175 451677 291200
176 465310 322000
177 445740 319836
178 483631 333000
179 429051 308000
180 378454 201940
181 425388 287622
182 454652 279872
183 467352 281400
184 477111 343000
185 461591 346200
186 368156 294933
187 349156 307533
188 333545 303380
189 323506 270822
190 325820 295184
191 327686 280000
192 336137 275400
193 319437 9800
194 544404 31266
195 511689 296100
196 439014 289800
197 478800 326600
198 480652 313075
199 536560 221767
200 665973 75950
201 660022 138324
202 598449 76207
203 625712 181138
204 572871 136733
205 628148 87671
206 610797 205411
207 629484 232781
208 669568 91324
209 584113 86651
210 547435 158586
211 540856 166815
212 615274 196286
213 637584 145629
214 599767 96560
215 539220 12600
216 547918 211137
217 539689 269101
218 670535 106551
219 536243 244533
220 641471 149333
221 667208 148400
222 644404 104486
223 595322 123666
224 666145 159270
225 579405 209423
226 594500 114660
227 646832 72193
228 596056 168748
229 661877 125872
230 627115 67859
231 543400 12600
232 659327 70375
233 365231 223745
234 350718 248111
235 364264 241563
236 368642 222911
237 482837 250600
238 481887 258300
239 480557 263900
240 482837 270200
241 487872 274400
242 489772 275100
243 489867 260400
244 476092 265300
245 478752 273000
246 475712 272300
247 469442 266700
248 455192 250600
249 454717 261100
250 463362 260400
251 465547 253400
252 457377 256900
253 456047 271600
254 455002 272300
255 467542 272300
256 460132 270900
257 468872 258300
258 489677 249900
259 481412 233100
260 489392 255500
261 469458 258066
262 486542 240800
263 476092 233800
264 488822 231700
265 490817 235900
266 488537 244300
267 476947 249200
268 473812 251300
269 394698 135486
270 406779 136733
271 621826 109092
272 630859 125080
273 568804 190976
274 393568 48258
275 388814 25800
276 367938 27694
277 382523 64627
278 320983 192612
279 486020 284466
280 489102 300688
281 428051 307860
282 414508 306600
283 385915 303053
284 372350 302031
285 327609 202187
286 331476 198574
287 287759 79279
288 319500 199296
289 291931 153683
290 305733 155050
291 305626 154000
292 294996 154858
293 302964 202729
294 182131 105420
295 183212 174233
296 315803 213937
297 312930 210406
298 308100 213025
299 239461 248974
300 249366 244745
301 250182 246400
302 243782 242470
303 246613 250690
304 257000 254333
305 253097 252890
306 268359 229645
307 252277 250600
308 228275 239761
309 234697 242287
310 235077 235637
311 233387 245722
312 243586 240483
313 248050 235462
314 247106 238350
315 261899 233167
316 357263 270200
317 535705 290733
318 540981 307872
319 520008 303177
320 534768 287400
321 516881 280828
322 571541 253111
323 508374 316507
324 512626 309400
325 524526 57800
326 535010 61061
327 462222 29750
328 528295 260736
329 515798 278492
330 501859 259933
331 502150 10765
332 447886 16088
333 521844 343541
334 512127 333581
335 497441 343155
336 528403 330400
337 496337 85643
338 482003 46892
339 477660 301000
340 381900 289800
341 344880 327673
342 342977 298400
343 140 16940
344 140 20300
345 513150 140
346 512030 140
347 509790 140
348 518750 140
349 537790 353670
350 520990 140
351 534430 353670
352 527710 353670
353 491870 353670
354 523230 353670
355 520990 353670
356 507550 353670
357 515390 353670
358 492990 353670
359 494110 353670
360 499710 353670
361 498590 353670
362 506430 353670
363 505310 353670
364 495230 353670
365 504190 353670
366 501950 353670
367 508670 353670
368 510910 140
369 514270 140
370 140 18060
371 513150 353670
372 471710 353670
373 460510 353670
374 514270 353670
375 486270 353670
376 370910 140
377 367550 140
378 282430 140
379 456030 353670
380 469470 353670
381 140 21420
382 305950 353670
383 489630 353670
384 302590 140
385 466110 353670
386 468350 353670
387 470590 353670
388 392190 353670
389 463870 353670
390 464990 353670
391 462750 353670
392 360830 140
393 467230 353670
394 472830 353670
395 516510 353670
396 363070 140
397 518750 353670
398 526590 353670
399 461630 353670
400 359710 140
401 366430 140
402 335070 140
403 358590 140
404 346270 140
405 338430 140
406 357470 140
407 361950 140
408 330590 140
409 316030 140
410 291390 140
411 350750 140
412 299230 140
413 365310 140
414 342910 140
415 326110 140
416 331710 140
417 294750 140
418 319390 140
419 332830 140
420 347390 140
421 293630 140
422 348510 140
423 355230 140
424 296990 140
425 295870 140
426 318270 140
427 329470 140
428 341790 140
429 298110 140
430 327230 140
431 352990 140
432 349630 140
433 336190 140
434 356350 140
435 339550 140
436 345150 140
437 351870 140
438 292510 140
439 289150 140
440 368670 140
441 354110 140
442 314910 140
443 317150 140
444 320510 140
445 300350 140
446 301470 140
447 303710 140
448 313790 140
449 311550 140
450 333950 140
451 304830 140
452 328350 140
453 337310 140
454 309310 140
455 307070 140
456 308190 140
457 305950 140
458 312670 140
459 283550 140
460 310430 140
461 322750 140
462 288030 140
463 323870 140
464 285790 140
465 286910 140
466 284670 140
467 324990 140
468 340670 140
469 364190 140
470 344030 140
471 369790 140
472 321630 140
473 290270 140
474 372030 140
475 517630 140
476 515390 140
477 703490 127820
478 566910 140
479 703490 141260
480 574750 140
481 565790 140
482 524350 140
483 522110 140
484 587070 353670
485 584830 353670
486 564670 353670
487 563550 140
488 570270 140
489 570270 353670
490 576990 140
491 578110 353670
492 526590 140
493 582590 353670
494 571390 353670
495 576990 353670
496 572510 353670
497 575870 353670
498 566910 353670
499 573630 140
500 703490 163660
501 555710 140
502 703490 143500
503 575870 140
504 572510 140
505 703490 139020
506 571390 140
507 519870 140
508 568030 140
509 140 19180
510 525470 353670
511 531070 353670
512 533310 353670
513 532190 353670
514 529950 353670
515 522110 353670
516 519870 353670
517 517630 353670
518 482910 353670
519 479550 353670
520 140 22540
521 478430 353670
522 477310 353670
523 485150 353670
524 481790 353670
525 488510 353670
526 490750 353670
527 503070 353670
528 500830 353670
529 496350 353670
530 497470 353670
531 512030 353670
532 509790 353670
533 510910 353670
534 542270 353670
535 543390 353670
536 535550 353670
537 536670 353670
538 541150 353670
539 524350 353670
540 528830 353670
541 480670 140
542 507550 140
543 475070 140
544 450430 140
545 472830 140
546 454910 140
547 491870 140
548 458270 140
549 489630 140
550 496350 140
551 481790 140
552 440350 140
553 411230 140
554 466110 140
555 382110 140
556 385470 140
557 425790 140
558 383230 140
559 397790 140
560 482910 140
561 453790 140
562 473950 140
563 457150 140
564 492990 140
565 435870 140
566 459390 140
567 490750 140
568 404510 140
569 377630 140
570 378750 140
571 422430 140
572 379870 140
573 380990 140
574 484030 140
575 506430 140
576 504190 140
577 703490 144620
578 579230 353670
579 581470 353670
580 573630 353670
581 565790 353670
582 569150 353670
583 703490 164780
584 583710 353670
585 574750 353670
586 564670 140
587 703490 172620
588 703490 173740
589 585950 353670
590 528830 140
591 580350 353670
592 568030 353670
593 551230 140
594 703490 142380
595 569150 140
596 516510 140
