0 312850 168793
1 286248 173078
2 293162 257577
3 257694 224911
4 245200 185361
5 205721 111533
6 276545 194213
7 302955 213910
8 229326 362864
9 256169 408495
10 282760 403393
11 275082 249275
12 291321 265618
13 318637 254821
14 226737 211648
15 331106 227194
16 293170 278040
17 180296 348622
18 180600 354408
19 272272 339588
20 165680 176759
21 164396 163905
22 229347 223275
23 150415 163918
24 182092 216836
25 121268 127288
26 108248 251356
27 302910 136579
28 151420 158543
29 359308 329533
30 288547 291503
31 250620 171035
32 230340 266232
33 258431 345351
34 339594 296969
35 166472 101083
36 155444 166805
37 341895 281567
38 360722 275713
39 362733 256550
40 239703 115176
41 241275 91446
42 244741 139793
43 281922 136500
44 382413 271470
45 235252 182386
46 148355 232696
47 258655 103280
48 91304 156751
49 229388 93266
50 152734 144263
51 286542 289036
52 287182 361130
53 282697 352116
54 346476 357785
55 250014 319442
56 49777 210020
57 154198 183400
58 154701 137572
59 99161 221866
60 86113 174840
61 73084 203857
62 137483 210454
63 93275 99901
64 145345 100768
65 129293 79627
66 44749 119271
67 331292 361533
68 271861 374347
69 83895 143622
70 273867 383492
71 149081 220805
72 311895 368250
73 114892 116000
74 256580 378969
75 105834 168456
76 122287 205558
77 312921 366051
78 260497 388808
79 267567 393680
80 326604 347918
81 263366 399772
82 277261 314192
83 253490 299111
84 191842 371646
85 156370 377160
86 261250 362600
87 340670 304015
88 374060 306461
89 359784 290920
90 388930 350079
91 428869 338138
92 181126 370854
93 214636 343678
94 239020 392073
95 136667 325874
96 61919 332818
97 65477 353640
98 77820 360441
99 81126 354556
100 91893 312333
101 55703 330152
102 55510 312048
103 14543 319836
104 31495 321094
105 472649 297800
106 484072 281244
107 463951 305191
108 450151 307650
109 406446 297230
110 457307 352418
111 390689 397374
112 327893 396257
113 388227 230020
114 373359 168793
115 384911 179124
116 394507 167917
117 362951 359724
118 515232 163800
119 510213 161000
120 129960 362880
121 131733 379400
122 119130 388850
123 104065 377400
124 99831 381000
125 93923 385466
126 132002 372400
127 124091 385000
128 130394 384200
129 109923 393909
130 98356 383366
131 88540 395640
132 85635 384400
133 98356 396200
134 65930 392350
135 37736 372076
136 52352 383492
137 48302 390600
138 44161 371600
139 33962 384650
140 38912 360920
141 27787 358750
142 24754 379000
143 38827 349752
144 13408 347400
145 69265 349066
146 8468 340600
147 12364 365184
148 9228 336200
149 8854 354200
150 81087 340666
151 32300 337166
152 22504 345177
153 84221 324545
154 93030 341981
155 101242 334600
156 103782 320911
157 100842 314650
158 100458 302018
159 87291 303400
160 82118 302400
161 60040 300200
162 48640 296022
163 24349 313492
164 26570 303153
165 35448 305000
166 121638 374080
167 84256 377618
168 71668 369880
169 77942 394022
170 58773 366022
171 183465 336957
172 118475 356377
173 113715 376600
174 73036 386120
175 112974 398300
176 60474 387000
177 89131 329000
178 102231 348775
179 108517 330200
180 87508 297400
181 110257 311640
182 67165 294700
183 117293 305200
184 98420 308600
185 204630 408540
186 388550 208113
187 376886 389523
188 117705 363300
189 66167 398825
190 21744 367266
191 395259 374763
192 451510 196570
193 479416 255649
194 407216 236916
195 408785 296722
196 418187 219637
197 463356 315192
198 494919 316418
199 481223 207626
200 388951 244779
201 393365 316641
202 442899 299819
203 466154 264987
204 410815 256078
205 391020 413000
206 380837 328825
207 392976 371570
208 484461 223712
209 484324 254748
210 503129 263302
211 451281 229040
212 424586 255033
213 506451 256200
214 429031 334515
215 462294 214383
216 442973 321146
217 484943 241811
218 428464 207884
219 393680 410200
220 180620 307490
221 153527 308155
222 194575 312083
223 194011 318111
224 202112 394100
225 205342 399700
226 195082 399700
227 179597 408100
228 169812 401100
229 167912 406000
230 183682 400400
231 177127 403900
232 159267 403900
233 159932 406700
234 158412 396900
235 204677 387800
236 168387 396200
237 149102 391300
238 148057 395500
239 157842 391300
240 164492 392000
241 149007 387800
242 151002 397600
243 177222 396900
244 188242 395500
245 194797 394100
246 227952 396900
247 196317 388500
248 191615 386400
249 221492 396900
250 227382 394800
251 219307 389200
252 226337 388500
253 212372 389200
254 213132 399700
255 211517 394100
256 208916 288311
257 435713 239615
258 423231 367591
259 152276 283332
260 133778 277782
261 449065 336700
262 186622 232354
263 139916 379026
264 134248 393266
265 29800 387063
266 110569 339733
267 108628 305581
268 186874 234974
269 189442 241387
270 190631 228200
271 170601 184393
272 172979 186019
273 178030 188638
274 173371 181412
275 152288 229464
276 124018 123315
277 58475 146802
278 144933 237954
279 147519 236509
280 27029 221245
281 35886 224042
282 43375 226032
283 32722 221335
284 51355 230187
285 62625 229981
286 66563 235157
287 116580 212483
288 58832 233800
289 52997 217361
290 70833 231180
291 71360 225219
292 57447 220161
293 89355 233980
294 112406 241929
295 108145 242637
296 114263 234703
297 37544 309960
298 345653 395984
299 328478 396666
300 358991 384200
301 475713 369670
302 375685 396783
303 401302 397764
304 389766 211400
305 361434 152650
306 413220 185905
307 330131 383350
308 421760 168241
309 371749 137268
310 319782 408935
311 379075 408418
312 387431 409266
313 364121 407500
314 345474 241800
315 357118 201948
316 453177 4200
317 456030 140
318 451550 140
319 404510 416670
320 397790 416670
321 400030 416670
322 392190 416670
323 398910 416670
324 391070 416670
325 383230 416670
326 382110 416670
327 384350 416670
328 389950 416670
329 385470 416670
330 378750 416670
331 388830 416670
332 354110 416670
333 368670 416670
334 377630 416670
335 374270 416670
336 401150 416670
337 375390 416670
338 403390 416670
339 402270 416670
340 379870 416670
341 363070 416670
342 395550 416670
343 519870 163660
344 453790 140
345 312670 416670
346 164830 416670
347 309310 416670
348 380990 416670
349 152510 416670
350 177150 416670
351 230910 416670
352 190590 416670
353 178270 416670
354 367550 416670
355 452670 140
356 228670 416670
357 335070 416670
358 196190 416670
359 161470 416670
360 313790 416670
361 370910 416670
362 279070 416670
363 326110 416670
364 322750 416670
365 324990 416670
366 225310 416670
367 323870 416670
368 369790 416670
369 386590 416670
370 209630 416670
371 394430 416670
372 396670 416670
373 305950 416670
374 229790 416670
375 188350 416670
376 224190 416670
377 232030 416670
378 233150 416670
379 227550 416670
380 238750 416670
381 219710 416670
382 155870 416670
383 140 255500
384 140 261100
385 140 264460
386 140 248780
387 158110 416670
388 180510 416670
389 154750 416670
390 162590 416670
391 140 253260
392 160350 416670
393 167070 416670
394 140 262220
395 140 247660
396 140 243180
397 181630 416670
398 140 239820
399 169310 416670
400 140 256620
401 168190 416670
402 151390 416670
403 140 249900
404 140 254380
405 156990 416670
406 176030 416670
407 163710 416670
408 140 259980
409 140 246540
410 165950 416670
411 179390 416670
412 140 237580
413 159230 416670
414 226430 416670
415 239870 416670
416 210750 416670
417 211870 416670
418 223070 416670
419 212990 416670
420 214110 416670
421 202910 416670
422 201790 416670
423 191710 416670
424 220830 416670
425 204030 416670
426 218590 416670
427 221950 416670
428 205150 416670
429 193950 416670
430 186110 416670
431 195070 416670
432 183870 416670
433 215230 416670
434 192830 416670
435 217470 416670
436 182750 416670
437 198430 416670
438 187230 416670
439 189470 416670
440 184990 416670
441 200670 416670
442 207390 416670
443 208510 416670
444 199550 416670
445 197310 416670
446 206270 416670
447 216350 416670
448 233150 140
449 519870 175980
450 519870 161420
451 519870 199500
452 519870 235340
453 519870 231980
454 519870 214060
455 519870 227500
456 412350 416670
457 387710 416670
458 519870 286860
459 519870 284620
460 519870 271180
461 519870 274540
462 519870 236460
463 519870 257740
464 519870 283500
465 519870 267820
466 519870 273420
467 519870 264460
468 519870 277900
469 519870 280140
470 519870 282380
471 519870 279020
472 519870 270060
473 519870 211820
474 519870 247660
475 519870 234220
476 519870 228620
477 519870 212940
478 519870 202860
479 519870 200620
480 519870 230860
481 393310 416670
482 519870 215180
483 450430 140
484 332830 416670
485 330590 416670
486 319390 416670
487 320510 416670
488 333950 416670
489 321630 416670
490 336190 416670
491 328350 416670
492 342910 416670
493 329470 416670
494 454910 140
495 360830 416670
496 356350 416670
497 358590 416670
498 364190 416670
499 365310 416670
500 366430 416670
501 361950 416670
502 357470 416670
503 373150 416670
504 372030 416670
505 359710 416670
506 376510 416670
507 355230 416670
508 344030 416670
509 338430 416670
510 350750 416670
511 339550 416670
512 345150 416670
513 351870 416670
514 352990 416670
515 519870 146860
516 519870 168140
517 519870 121100
518 519870 122220
519 519870 127820
520 519870 119980
521 519870 143500
522 519870 136780
523 519870 142380
524 519870 131180
525 519870 125580
526 519870 112140
527 354110 140
528 519870 106540
529 335070 140
530 337310 140
531 361950 140
532 372030 140
533 348510 140
534 519870 93100
535 519870 94220
536 519870 104300
537 380990 140
538 519870 144620
539 360830 140
540 519870 137900
541 519870 145740
542 329470 140
543 327230 140
544 328350 140
545 355230 140
546 373150 140
547 330590 140
548 519870 113260
549 519870 169260
550 519870 164780
551 519870 233100
552 519870 244300
553 519870 259980
554 519870 265580
555 519870 261100
556 519870 266700
557 519870 248780
558 519870 285740
559 519870 276780
560 519870 275660
561 519870 262220
562 519870 281260
563 519870 268940
564 519870 272300
565 519870 263340
566 519870 258860
567 519870 187180
568 519870 226380
569 519870 229740
570 519870 162540
