0 32404 41136
1 35490 36495
2 34623 30769
3 39483 29557
4 38757 41730
5 33947 39350
6 13811 26551
7 13271 33865
8 36596 35198
9 39757 28419
10 26570 33768
11 23283 33331
12 10925 31511
13 21176 20796
14 13993 22098
15 15481 36409
16 29199 28902
17 25771 25074
18 27887 26083
19 17037 38513
20 53951 22912
21 43364 34356
22 29643 48548
23 39248 37497
24 25832 30708
25 21983 22100
26 12719 35152
27 23022 21358
28 22655 21662
29 24020 14032
30 20262 18975
31 24849 14318
32 26460 16738
33 49359 37101
34 10814 24195
35 6566 20899
36 16298 23668
37 9261 21362
38 13176 26314
39 8052 26165
40 23575 37485
41 15473 33525
42 23731 37027
43 22911 37189
44 22255 36670
45 18902 31023
46 18286 34871
47 17502 26845
48 14666 23219
49 22159 26325
50 54332 33765
51 24820 17465
52 29637 22170
53 37777 14397
54 13385 17437
55 30122 22073
56 12960 14120
57 27369 19714
58 34731 48060
59 41253 48325
60 49703 45220
61 51021 43875
62 17130 17240
63 29166 24715
64 17856 20135
65 19823 15505
66 29065 23001
67 30802 25330
68 46344 31158
69 17118 10874
70 60163 47497
71 59687 38756
72 43008 37645
73 32197 49160
74 56746 33018
75 56240 27557
76 56609 31737
77 58519 32600
78 25521 14906
79 27470 15790
80 21854 17598
81 21742 3690
82 16815 4776
83 14392 10895
84 41254 11707
85 49707 32542
86 43841 13536
87 33224 48333
88 37972 16937
89 55930 30285
90 55923 34087
91 54827 28475
92 30932 27401
93 38687 48370
94 51199 28692
95 43870 30522
96 26909 47701
97 28138 46491
98 36902 50600
99 48298 46845
100 48094 50588
101 64130 28766
102 45718 20262
103 52516 12800
104 53988 13266
105 49453 20486
106 58287 14913
107 62686 15176
108 65277 17311
109 49742 59494
110 51091 57777
111 48233 54999
112 51370 57969
113 40278 54508
114 50529 56876
115 30332 54744
116 21297 53389
117 26517 56995
118 24615 59350
119 18533 54020
120 10706 49944
121 13336 50690
122 22518 50364
123 24759 60075
124 29799 59175
125 29601 59715
126 54132 15855
127 55825 16301
128 62682 17445
129 64144 17439
130 64743 18825
131 49569 31123
132 44955 22647
133 46719 23568
134 43523 25447
135 46129 16233
136 53325 8145
137 52177 11970
138 60361 17077
139 65187 15390
140 64669 19485
141 48377 17786
142 48909 17205
143 48970 10665
144 50103 13875
145 52245 9787
146 29370 44635
147 27508 43650
148 41154 51512
149 56005 55253
150 56278 53247
151 57444 55506
152 64516 47851
153 59410 37668
154 44955 56835
155 50571 59805
156 43644 58816
157 62981 53498
158 63376 42443
159 58092 48539
160 34392 56561
161 47385 59805
162 41646 46629
163 47547 59805
164 45842 55766
165 64688 39469
166 64976 51082
167 47547 60075
168 59943 47962
169 47601 59535
170 66339 49545
171 28822 53301
172 26247 52518
173 25981 51087
174 45691 50837
175 40452 54497
176 33598 58126
177 33785 55256
178 42856 45585
179 24686 44901
180 61857 32888
181 63787 32990
182 64103 30603
183 62964 31635
184 64711 25449
185 63361 23625
186 62185 22950
187 65254 22396
188 49481 36871
189 46224 40338
190 50175 18412
191 50826 16710
192 52487 17125
193 54256 17752
194 56392 18123
195 58152 18309
196 61483 19530
197 62772 19575
198 65313 19260
199 66001 18135
200 20385 56030
201 26368 57211
202 18693 56055
203 22230 57203
204 11406 49374
205 6939 47418
206 4749 48465
207 6060 49911
208 11803 53278
209 10397 54020
210 9979 49489
211 3343 48999
212 9436 54222
213 20918 59346
214 17339 59153
215 19379 57746
216 16812 57303
217 48870 48079
218 17089 47101
219 50073 10742
220 48336 10766
221 61173 11955
222 61510 15885
223 60584 15018
224 59546 16643
225 58690 16335
226 47811 20169
227 51522 10935
228 53098 9888
229 53019 12645
230 50816 8424
231 49896 8955
232 53652 12315
233 57081 9825
234 48799 12501
235 53132 8775
236 52665 11513
237 54409 14580
238 54428 10361
239 55543 12015
240 55246 10215
241 54154 9816
242 61364 17865
243 53871 12318
244 60226 11373
245 46955 17577
246 56129 9430
247 50882 13005
248 47965 16087
249 50690 14962
250 48991 14850
251 57062 16065
252 57037 13702
253 56783 13676
254 56079 11407
255 60760 14343
256 49061 9486
257 55400 13263
258 56416 13455
259 47466 14518
260 47628 11643
261 60221 13712
262 55399 15525
263 58824 17605
264 46888 18832
265 47175 19905
266 47064 18495
267 61171 16929
268 63163 18603
269 54573 13027
270 47968 20601
271 58077 16132
272 58054 13905
273 58099 10075
274 56854 11899
275 50262 11595
276 61988 15756
277 61880 13403
278 64374 15660
279 46116 17190
280 47928 18340
281 58236 12366
282 59298 13035
283 62689 16200
284 51006 9922
285 59791 14895
286 49473 13635
287 64087 13533
288 57771 16155
289 59026 14490
290 59208 10755
291 63468 16380
292 48093 13095
293 47773 16497
294 48350 15693
295 47837 13162
296 47749 20745
297 49581 21240
298 62427 13061
299 63145 13133
300 62619 15322
301 50532 20462
302 24799 59805
303 45153 11080
304 66555 25245
305 42 2316
306 42 2604
307 39852 62405
308 41580 62405
309 41772 62405
310 42540 62405
311 40524 62405
312 39468 62405
313 39084 62405
314 39372 62405
315 40428 62405
316 42732 62405
317 42444 62405
318 41388 62405
319 41868 62405
320 43404 62405
321 44076 62405
322 43212 62405
323 43500 62405
324 43980 62405
325 43884 62405
326 43692 62405
327 43788 62405
328 43596 62405
329 41676 62405
330 43308 62405
331 25164 62405
332 42 2412
333 39468 42
334 68899 33996
335 38700 42
336 59052 62405
337 68899 26988
338 58956 62405
339 39372 42
340 58284 62405
341 38892 42
342 59724 62405
343 42 2508
344 68899 28716
345 68899 34092
346 68899 29676
347 58572 62405
348 68899 31788
349 58668 62405
350 68899 30348
351 59916 62405
352 59820 62405
353 58860 62405
354 42636 42
355 44556 62405
356 58476 62405
357 40620 42
358 68899 27084
359 55692 62405
360 68899 28044
361 68899 42540
362 68899 25452
363 68899 49836
364 68899 26124
365 68899 26412
366 68899 25644
367 68899 26316
368 42 34476
369 42 33324
370 30636 62405
371 26412 62405
372 25548 62405
373 27756 62405
374 28332 62405
375 25932 62405
376 29388 62405
377 29868 62405
378 29292 62405
379 27468 62405
380 27084 62405
381 29484 62405
382 27852 62405
383 28236 62405
384 26028 62405
385 31116 62405
386 31212 62405
387 29580 62405
388 25452 62405
389 24780 62405
390 25068 62405
391 27948 62405
392 26796 62405
393 26124 62405
394 31404 62405
395 26508 62405
396 26316 62405
397 28044 62405
398 26220 62405
399 30060 62405
400 29676 62405
401 29196 62405
402 34764 62405
403 34572 62405
404 43788 42
405 43212 42
406 43692 42
407 44652 42
408 44364 42
409 44460 42
410 42252 42
411 42540 42
412 42444 42
413 43980 42
414 44556 42
415 43020 42
416 45804 42
417 46092 42
418 45708 42
419 41868 42
420 41964 42
421 42348 42
422 42732 42
423 42060 42
424 45996 42
425 46284 42
426 44172 42
427 45900 42
428 43596 42
429 45036 42
430 44940 42
431 46188 42
432 44748 42
433 42156 42
434 44844 42
435 43884 42
436 34284 62405
437 39756 62405
438 23916 62405
439 68899 49740
440 47820 62405
441 44652 62405
442 48300 62405
443 48780 62405
444 45228 62405
445 48588 62405
446 48108 62405
447 46860 62405
448 47628 62405
449 48012 62405
450 49740 62405
451 47148 62405
452 46668 62405
453 45324 62405
454 48204 62405
455 46188 62405
456 44940 62405
457 48876 62405
458 46572 62405
459 47340 62405
460 46956 62405
461 45804 62405
462 48492 62405
463 46380 62405
464 47436 62405
465 50028 62405
466 49932 62405
467 68899 49452
468 45420 62405
469 48396 62405
470 48684 62405
471 42 2700
472 25836 62405
473 24588 62405
474 25644 62405
475 27660 62405
476 28524 62405
477 26700 62405
478 28620 62405
479 17676 62405
480 20844 62405
481 17100 62405
482 42 2796
483 23436 62405
484 22764 62405
485 21420 62405
486 21996 62405
487 20268 62405
488 19404 62405
489 18732 62405
490 17196 62405
491 18348 62405
492 17292 62405
493 18252 62405
494 17580 62405
495 17484 62405
496 17388 62405
497 18636 62405
498 20076 62405
499 19308 62405
500 18444 62405
501 18156 62405
502 19788 62405
503 42 50316
504 19596 62405
505 42 44940
506 42 49836
507 42 49260
508 42 48396
509 42 47436
510 42 47244
511 42 46860
512 42 50700
513 42 51276
514 42 51084
515 42 53772
516 42 45228
517 42 53196
518 14988 62405
519 42 53676
520 16140 62405
521 42 53100
522 16044 62405
523 42 53868
524 42 53580
525 42 53484
526 42 52524
527 42 48492
528 42 50892
529 42 52236
530 42 45900
531 42 47532
532 42 46764
533 42 46668
534 42 49164
535 42 48300
536 42 49740
537 19692 62405
538 19212 62405
539 45612 62405
540 47724 62405
541 46284 62405
542 46476 62405
543 46764 62405
544 45132 62405
545 45516 62405
546 47532 62405
547 47052 62405
548 47244 62405
549 44748 62405
550 45708 62405
551 46092 62405
552 45996 62405
553 45036 62405
554 45900 62405
555 44460 62405
556 47916 62405
557 44844 62405
558 24876 62405
