0 43285 33215
1 42570 46168
2 41026 41178
3 46666 43578
4 48669 44874
5 43502 46983
6 39738 50755
7 21809 47324
8 44062 43019
9 43313 31416
10 33731 40084
11 19926 46461
12 26563 43028
13 7624 39747
14 20450 40706
15 10243 45839
16 11861 40236
17 8437 44145
18 32371 32815
19 8659 34305
20 10513 41609
21 20211 47468
22 31396 37755
23 24584 50928
24 37976 40952
25 27735 50295
26 34289 31548
27 37365 38245
28 30208 43355
29 25678 50010
30 52455 23184
31 48125 39431
32 44890 54308
33 49200 44139
34 26504 39136
35 21667 37747
36 11509 43420
37 20417 35036
38 29879 33411
39 48733 29512
40 28602 30110
41 22004 28563
42 57948 43105
43 29708 39983
44 17442 39069
45 4961 39477
46 10479 41485
47 6319 39695
48 4948 40120
49 13681 40775
50 10101 42779
51 20217 43781
52 18016 42280
53 20522 43283
54 28259 48304
55 29015 42819
56 22178 41423
57 27886 41386
58 50165 43140
59 19449 39114
60 20856 36666
61 20981 34132
62 20308 41994
63 18884 27986
64 49411 44677
65 59075 35465
66 20173 31494
67 22038 32025
68 20117 19401
69 7589 34983
70 25261 37761
71 9688 32765
72 5688 25328
73 37044 32047
74 30464 40083
75 25388 41819
76 29035 31875
77 6815 33969
78 12216 35637
79 49201 55275
80 50745 51424
81 59330 49295
82 58923 47115
83 28362 37462
84 22342 43755
85 29259 33077
86 12533 35357
87 13570 40393
88 29390 35188
89 33755 35494
90 34711 35011
91 29515 36075
92 31048 37066
93 15370 34155
94 31140 37225
95 31750 35405
96 24911 44611
97 6751 39768
98 10494 39487
99 26725 53145
100 50690 31926
101 21660 34725
102 27447 32102
103 36199 43065
104 35139 37603
105 57274 37629
106 6183 29760
107 21960 34866
108 9056 32440
109 65627 49582
110 64859 40808
111 60920 53720
112 61349 34560
113 47514 54472
114 51101 46442
115 59469 34201
116 61615 36196
117 27266 33348
118 34060 31266
119 48853 39852
120 63576 33603
121 49359 33760
122 21367 31177
123 19313 25832
124 21144 29011
125 21870 28280
126 22906 27412
127 11810 34350
128 20361 27985
129 16028 19765
130 19452 22637
131 9149 23282
132 23539 17010
133 25222 17070
134 54521 31231
135 63909 35055
136 11859 26244
137 54846 35269
138 47390 54895
139 62072 33711
140 34411 24939
141 60217 32342
142 61803 35805
143 32546 21472
144 36099 24502
145 7904 25956
146 60974 31455
147 13431 30609
148 10445 26698
149 38117 25836
150 25017 22243
151 52565 36887
152 7317 31472
153 31007 29602
154 8738 31941
155 8936 32229
156 59153 30963
157 30907 38475
158 45180 54397
159 32804 31625
160 36554 31657
161 56154 33183
162 15165 35325
163 55675 31401
164 57067 25284
165 35386 35042
166 53837 20287
167 48053 34738
168 55865 31921
169 39851 40740
170 45379 40217
171 51144 55170
172 59638 50175
173 60390 47560
174 64026 53349
175 50093 37776
176 62988 23026
177 62038 25386
178 46579 24300
179 54777 24437
180 40654 16862
181 44661 15513
182 47023 15675
183 43004 16414
184 48643 22167
185 46296 14486
186 50353 13635
187 55063 14631
188 65399 56048
189 64499 66965
190 63350 63569
191 62451 67770
192 63468 67653
193 66478 62498
194 62679 56705
195 63636 65421
196 64227 65205
197 62646 65578
198 72576 55125
199 57468 60862
200 57728 60867
201 45363 62929
202 41614 62505
203 36888 60420
204 36234 59215
205 33773 59739
206 40740 59235
207 42743 56929
208 38583 67095
209 41355 64125
210 38871 66285
211 43269 16180
212 45262 16281
213 46068 16065
214 53163 16380
215 50989 14557
216 54096 16296
217 55207 16759
218 51804 34992
219 45407 66790
220 45189 29655
221 53496 30150
222 48987 30465
223 44991 30195
224 48764 27286
225 44541 27945
226 43983 28035
227 44037 27225
228 42356 22882
229 38097 13635
230 38394 14377
231 40668 18022
232 49842 15563
233 54376 13239
234 55183 17235
235 46701 28215
236 47043 30285
237 45549 28935
238 44019 29475
239 44073 28755
240 45240 23316
241 43504 23586
242 38107 18171
243 39762 20331
244 38893 13140
245 42214 16875
246 43204 36229
247 39699 37596
248 63970 55892
249 60268 55901
250 71377 59265
251 71245 57874
252 71923 59327
253 69403 47139
254 68870 42676
255 56334 52169
256 69068 58891
257 65478 41511
258 72191 48380
259 67356 51069
260 62870 41445
261 71163 43573
262 75627 55485
263 75519 57105
264 59555 59914
265 69737 51618
266 74668 48152
267 59199 66721
268 73654 41742
269 70106 53829
270 61479 68175
271 67835 63474
272 69523 62932
273 68054 63986
274 63181 44638
275 61209 68175
276 57063 63950
277 67368 41734
278 54620 53082
279 71086 40919
280 74074 52518
281 62127 68445
282 68455 58665
283 68471 49319
284 67569 58641
285 75789 54135
286 54329 50688
287 75249 54945
288 73899 44166
289 67460 52371
290 49443 60294
291 49308 62505
292 46716 58953
293 46871 60385
294 43932 59425
295 45067 58087
296 58590 54855
297 62817 58553
298 55664 61134
299 55982 64987
300 54027 60535
301 59454 59085
302 59742 53415
303 41363 51261
304 42521 51957
305 53667 26055
306 62620 30060
307 65805 27067
308 66555 29205
309 66789 27495
310 66345 27270
311 66825 28755
312 66561 27877
313 64809 29025
314 62835 27945
315 63213 28350
316 61263 27765
317 61391 28080
318 61281 28845
319 61839 27135
320 63207 28845
321 61263 29295
322 61209 29655
323 66591 29655
324 61471 22557
325 63705 22877
326 60225 21583
327 64496 22091
328 60516 20025
329 54423 39499
330 56251 43171
331 42663 38957
332 39997 42385
333 40602 38170
334 46473 22905
335 44049 20370
336 44775 19260
337 45351 18933
338 47272 18400
339 48348 18017
340 49248 17839
341 50454 17910
342 51933 17979
343 12048 36645
344 22323 35309
345 47665 27739
346 64499 27540
347 53119 17651
348 55215 17415
349 50323 16892
350 56043 16155
351 55636 15525
352 50767 65229
353 49801 65217
354 49324 65659
355 49699 63315
356 44049 64755
357 44579 64696
358 47763 64496
359 45925 65921
360 45935 65720
361 35304 58367
362 32302 62580
363 30025 62453
364 29547 64536
365 35725 64284
366 37141 63450
367 37287 61443
368 32176 59493
369 36451 65075
370 31712 66791
371 33457 65856
372 36924 63769
373 51333 67736
374 47713 67635
375 42573 66663
376 42606 67419
377 41601 68121
378 42562 68175
379 41180 67905
380 41623 67095
381 40381 65907
382 40521 67311
383 40662 66717
384 41742 65367
385 40543 64665
386 41126 65097
387 59600 51280
388 38218 53895
389 36508 55302
390 40075 17492
391 39456 18315
392 47944 11436
393 49968 13995
394 48901 14040
395 48654 16227
396 47930 21519
397 39952 16373
398 40860 16380
399 39288 14792
400 40098 17043
401 38880 15705
402 37368 15332
403 37438 16335
404 41402 15486
405 41760 11565
406 38475 19215
407 37453 14400
408 40203 15558
409 40975 14580
410 41814 13590
411 39566 12593
412 40383 13590
413 38178 13442
414 53190 15435
415 53586 14850
416 50848 16257
417 41436 15030
418 46829 11320
419 43311 21870
420 40041 12150
421 39378 19455
422 41235 22515
423 41703 21619
424 41259 20958
425 39360 21033
426 46632 15409
427 44650 14483
428 44222 14242
429 45060 21600
430 38403 16155
431 41220 12960
432 42642 17910
433 42719 18603
434 48650 12979
435 38538 17595
436 43527 14907
437 42975 13365
438 38748 21812
439 37298 17299
440 37995 19203
441 47839 12870
442 44349 15332
443 48222 11565
444 47083 20700
445 47428 20925
446 45451 22437
447 50616 15075
448 41922 14490
449 48202 20385
450 47388 14830
451 45387 12825
452 43065 11475
453 45072 13995
454 42057 12780
455 40203 18697
456 50976 14355
457 49336 11667
458 43425 23175
459 46200 22236
460 51505 15741
461 44582 12771
462 46062 12791
463 51534 14490
464 52457 15563
465 48154 15120
466 52470 12690
467 41279 19960
468 43261 12902
469 46666 13473
470 44343 11700
471 48748 15165
472 47128 13230
473 45360 11475
474 53129 14040
475 52196 13959
476 42012 19215
477 47110 21780
478 38353 20047
479 41596 23139
480 40019 22869
481 38979 22005
482 48573 20925
483 54286 15471
484 49167 21249
485 50290 12622
486 51458 12940
487 38350 20756
488 49095 20430
489 39298 66690
490 41751 26355
491 40753 25752
492 40861 26781
493 39474 16335
494 39636 11475
495 44496 13635
496 53595 25515
497 75519 26325
498 27660 42
499 27372 42
500 54252 70543
501 56364 70543
502 56172 70543
503 57900 70543
504 57324 70543
505 57804 70543
506 57132 70543
507 57708 70543
508 57612 70543
509 57516 70543
510 57420 70543
511 55596 70543
512 56748 70543
513 57996 70543
514 57228 70543
515 53484 70543
516 54924 70543
517 54732 70543
518 55884 70543
519 53868 70543
520 54156 70543
521 54060 70543
522 55308 70543
523 53964 70543
524 38988 70543
525 27564 42
526 77941 31884
527 77941 48972
528 77941 31980
529 47628 70543
530 50604 42
531 47148 70543
532 77941 31404
533 47916 70543
534 44268 42
535 47244 70543
536 27276 42
537 46668 42
538 77941 41964
539 77941 31788
540 48396 70543
541 77941 26412
542 47340 70543
543 77941 33132
544 48012 70543
545 47436 70543
546 77941 44172
547 47916 42
548 48588 70543
549 47820 70543
550 47820 42
551 49356 42
552 50796 70543
553 49740 70543
554 77941 44652
555 53100 42
556 77941 44556
557 77941 31212
558 77941 31692
559 77941 30924
560 77941 31116
561 77941 34572
562 77941 32268
563 42 39180
564 42 40428
565 42 40332
566 42 40236
567 42 40524
568 42 40140
569 39756 70543
570 42 39564
571 40044 70543
572 42 41100
573 35052 70543
574 42 37452
575 34092 70543
576 35340 70543
577 42 41004
578 39852 70543
579 42 38988
580 42 38508
581 42 39468
582 42 37548
583 42 37068
584 42 39948
585 42 39660
586 42 39084
587 39948 70543
588 42 39756
589 42 37356
590 42 39372
591 42 39276
592 39564 70543
593 33996 70543
594 39660 70543
595 77941 32556
596 77941 33228
597 77941 29772
598 41388 42
599 40908 42
600 42156 42
601 41868 42
602 39084 42
603 39852 42
604 39468 42
605 39372 42
606 41772 42
607 40812 42
608 77941 29580
609 41484 42
610 77941 30060
611 40044 42
612 40140 42
613 38892 42
614 38796 42
615 40716 42
616 40620 42
617 41676 42
618 77941 29964
619 41580 42
620 40236 42
621 40524 42
622 41004 42
623 42060 42
624 77941 29868
625 40428 42
626 40332 42
627 39948 42
628 41964 42
629 42060 70543
630 52332 70543
631 37548 70543
632 77941 51564
633 63180 70543
634 77941 53004
635 77941 53676
636 62988 70543
637 77941 54444
638 62796 70543
639 62412 70543
640 61452 70543
641 62316 70543
642 62604 70543
643 63852 70543
644 60300 70543
645 61164 70543
646 60492 70543
647 62220 70543
648 61356 70543
649 60684 70543
650 62892 70543
651 61932 70543
652 61548 70543
653 61644 70543
654 77941 45612
655 77941 54348
656 60108 70543
657 77941 52812
658 63372 70543
659 63756 70543
660 77941 53100
661 77941 54156
662 77941 53484
663 77941 52236
664 27180 42
665 48108 70543
666 48300 70543
667 48204 70543
668 47532 70543
669 47724 70543
670 46860 70543
671 46956 70543
672 41580 70543
673 45996 70543
674 41964 70543
675 27468 42
676 44460 70543
677 43884 70543
678 43212 70543
679 44076 70543
680 43116 70543
681 43308 70543
682 41196 70543
683 41868 70543
684 40428 70543
685 40332 70543
686 39468 70543
687 39372 70543
688 38796 70543
689 38700 70543
690 38316 70543
691 38508 70543
692 38604 70543
693 44940 70543
694 45420 70543
695 45900 70543
696 29196 70543
697 38220 70543
698 31884 70543
699 33804 70543
700 33036 70543
701 30732 70543
702 29100 70543
703 28716 70543
704 28812 70543
705 32172 70543
706 32556 70543
707 29292 70543
708 29868 70543
709 31692 70543
710 31788 70543
711 35724 70543
712 34476 70543
713 35820 70543
714 33516 70543
715 35916 70543
716 34188 70543
717 32940 70543
718 30828 70543
719 30540 70543
720 28908 70543
721 29004 70543
722 28620 70543
723 28524 70543
724 30924 70543
725 34572 70543
726 33900 70543
727 35148 70543
728 28428 70543
729 35244 70543
730 38028 70543
731 38124 70543
732 77941 53196
733 62028 70543
734 61836 70543
735 63084 70543
736 61740 70543
737 61260 70543
738 77941 54540
739 62124 70543
740 62508 70543
741 62700 70543
742 60780 70543
743 60972 70543
744 60876 70543
745 60588 70543
746 61068 70543
747 60396 70543
748 77941 51180
749 77941 52908
750 77941 52332
751 38412 70543
