0 42048 31229
1 33555 32698
2 41302 29719
3 42624 32639
4 36361 35478
5 28838 32640
6 31725 25189
7 35066 32927
8 46926 31021
9 21251 21888
10 34055 24107
11 23689 25493
12 37656 23816
13 13017 17922
14 15627 23535
15 16152 18123
16 23629 23250
17 37909 14946
18 13150 19912
19 16114 21998
20 30085 25058
21 26800 20094
22 33045 24909
23 46449 16487
24 28269 22060
25 35602 22610
26 61365 33866
27 44071 32805
28 19291 37069
29 30516 36675
30 17353 19281
31 31446 17903
32 38904 20781
33 34733 17242
34 39823 16403
35 44244 12095
36 43806 16613
37 34303 19810
38 50294 17807
39 39907 11325
40 44236 41560
41 37459 22085
42 57729 20693
43 46518 19499
44 57683 21837
45 51888 21547
46 49795 22740
47 53140 21958
48 52407 20243
49 49241 21886
50 49790 20372
51 40113 24275
52 51172 22410
53 51548 21432
54 39616 19375
55 35784 37447
56 37638 19363
57 38668 16929
58 40856 18935
59 29305 36495
60 51341 41455
61 32040 12610
62 49121 16572
63 51535 18214
64 53899 13095
65 28197 13028
66 32142 18231
67 28212 11437
68 41265 13753
69 36466 15000
70 22886 14463
71 33763 16583
72 19842 40783
73 16580 36395
74 28781 39135
75 35727 43968
76 38070 45045
77 53462 19245
78 46665 22153
79 33767 17914
80 49498 21042
81 22185 14938
82 20094 15968
83 16016 16803
84 46893 18867
85 52316 19939
86 47733 17204
87 42095 20781
88 46230 18273
89 23073 13675
90 47895 36859
91 20265 10572
92 47169 16516
93 36217 15531
94 19494 14584
95 43061 50728
96 45932 46626
97 51825 42842
98 34200 15816
99 19643 38851
100 31987 39312
101 54062 42634
102 62171 39241
103 34702 15697
104 53107 42618
105 52733 17389
106 55692 44117
107 51566 35992
108 42305 9462
109 45603 14556
110 40039 12814
111 40787 11155
112 25886 4705
113 39184 4808
114 28605 8257
115 50473 8685
116 48991 7320
117 49774 37248
118 18868 39309
119 56530 43413
120 23561 14711
121 16364 14864
122 42604 12985
123 56619 41917
124 50490 9630
125 52546 12922
126 58536 41863
127 19594 13898
128 47405 7746
129 51403 12045
130 25995 9709
131 13479 12467
132 17491 11349
133 29998 14137
134 58256 40654
135 18349 36536
136 58204 39490
137 63724 34771
138 51574 37973
139 33818 2742
140 32318 8695
141 28053 40647
142 33923 42177
143 39929 45045
144 30296 44955
145 69808 41755
146 58869 31430
147 66840 26507
148 63051 29722
149 69840 27758
150 73517 30358
151 73889 34193
152 30990 46440
153 31290 51352
154 30829 52930
155 31212 52768
156 27958 48441
157 29340 51907
158 34647 52626
159 25596 52965
160 31043 43335
161 19173 46513
162 30619 45747
163 9524 40266
164 4764 37998
165 8818 35572
166 9576 31989
167 9831 30206
168 11702 36013
169 19683 53055
170 19701 37575
171 7083 41445
172 66393 25542
173 67587 29055
174 71658 32535
175 72693 30360
176 72732 33855
177 72829 34938
178 48639 37508
179 55536 35524
180 58815 38295
181 56621 34648
182 53941 32003
183 58225 26662
184 68976 21915
185 64842 24666
186 70763 30413
187 74817 32477
188 72094 35370
189 60689 28215
190 60707 27597
191 62622 21465
192 62508 22950
193 61756 23393
194 70006 22618
195 65441 25177
196 41178 4306
197 34398 48731
198 20484 43481
199 30547 50342
200 37136 50574
201 27649 50200
202 54155 51755
203 55061 47313
204 24302 42694
205 45982 46007
206 25623 52785
207 33291 53055
208 45254 51447
209 15346 45841
210 58502 51502
211 35965 48115
212 60541 47357
213 48272 51869
214 26865 53055
215 18474 52138
216 16836 50957
217 19216 52281
218 49705 45382
219 27567 52785
220 32338 46680
221 52804 45607
222 21827 45092
223 59847 45545
224 61437 49944
225 25896 51159
226 25623 52245
227 50240 49911
228 23502 50463
229 24975 53055
230 23063 43193
231 13909 44485
232 35289 52785
233 32743 42156
234 13065 41758
235 13158 41961
236 14043 39337
237 13531 36909
238 17515 43755
239 24624 42447
240 15457 45576
241 10319 48312
242 10470 48337
243 9471 45682
244 20127 34232
245 21469 33446
246 63531 40725
247 63172 43229
248 65349 44370
249 64868 44374
250 65697 45495
251 68269 43119
252 67911 45022
253 64908 43020
254 71871 39179
255 72445 40659
256 70987 39157
257 73950 37928
258 42673 36692
259 39961 40514
260 37683 4323
261 62312 28226
262 62667 26760
263 64221 27508
264 65178 29133
265 65832 30088
266 67424 30847
267 69012 32633
268 67970 43527
269 69741 33422
270 73542 35073
271 74911 34875
272 6720 42975
273 5601 41891
274 7905 42900
275 6705 37815
276 7435 37181
277 7503 39201
278 7222 41107
279 7175 38547
280 11033 27921
281 4797 29052
282 7438 31167
283 8592 24057
284 5302 23573
285 6346 25890
286 6435 32171
287 4599 32040
288 7571 29655
289 3634 24996
290 3318 31259
291 3290 42023
292 3330 39177
293 2732 36639
294 4050 35559
295 2916 35883
296 2948 35181
297 3013 34641
298 4374 34965
299 5810 34803
300 5443 35397
301 4698 35991
302 4892 37071
303 4147 37719
304 4978 37935
305 16184 31195
306 64788 22425
307 63010 22313
308 74847 26710
309 72664 29526
310 71977 28845
311 70315 30105
312 69189 29865
313 61897 29835
314 66211 22930
315 66231 23996
316 67851 22815
317 65084 23207
318 66970 23220
319 67881 21465
320 65903 21195
321 71962 24312
322 61846 22437
323 69879 21580
324 68838 23547
325 72049 22950
326 70500 22506
327 72066 33267
328 73450 33075
329 71218 31030
330 67361 24126
331 74639 25437
332 59055 27405
333 70935 23523
334 60050 26136
335 61580 25042
336 61292 24754
337 69106 29070
338 69694 26170
339 68890 26325
340 59026 28620
341 66123 21519
342 72113 23779
343 73281 27945
344 63870 21225
345 67712 25582
346 69193 25476
347 59148 25275
348 60719 22622
349 72775 27033
350 68450 28647
351 59754 29396
352 60039 30150
353 58887 28539
354 67574 24907
355 61124 30543
356 70102 29133
357 70674 26672
358 70215 24859
359 68086 27675
360 67611 26561
361 63068 24357
362 72301 30465
363 75009 27776
364 58195 27675
365 60610 28710
366 71184 31815
367 71550 26286
368 72421 26826
369 72672 30953
370 63568 23031
371 71266 27990
372 74489 30746
373 62410 24401
374 61024 29520
375 63677 24473
376 71442 25245
377 70653 29403
378 71248 27495
379 71542 25669
380 72657 25947
381 73058 32033
382 73674 31095
383 59870 23123
384 59881 27045
385 60628 24030
386 73696 25110
387 61168 30510
388 62559 31140
389 74523 28635
390 74506 29880
391 59747 23692
392 61533 31230
393 20452 53055
394 53118 29700
395 52289 28590
396 49816 29152
397 69627 31920
398 69714 25515
399 75071 6692
400 60939 53055
401 74655 36045
402 77594 7020
403 77594 6732
404 31884 55503
405 26700 55503
406 31788 55503
407 32076 55503
408 26892 55503
409 31980 55503
410 30732 55503
411 26988 55503
412 30540 55503
413 28524 55503
414 27660 55503
415 28428 55503
416 29100 55503
417 29388 55503
418 29004 55503
419 28620 55503
420 28716 55503
421 27756 55503
422 28044 55503
423 28140 55503
424 27276 55503
425 28332 55503
426 31692 55503
427 27852 55503
428 20076 55503
429 77594 6924
430 59436 55503
431 60492 55503
432 62508 55503
433 58860 55503
434 77594 35532
435 58572 55503
436 27180 55503
437 59052 55503
438 31020 55503
439 58764 55503
440 77594 6828
441 63852 55503
442 58476 55503
443 64524 55503
444 58668 55503
445 77594 36012
446 62988 55503
447 67692 55503
448 63564 55503
449 60396 55503
450 58380 55503
451 65388 55503
452 30348 55503
453 61740 55503
454 65964 55503
455 65868 55503
456 66348 55503
457 26796 55503
458 29580 55503
459 60780 55503
460 58956 55503
461 46956 55503
462 47724 55503
463 46476 55503
464 47532 55503
465 40140 55503
466 44076 55503
467 37836 42
468 33132 42
469 32268 42
470 32556 42
471 33228 42
472 32940 42
473 32460 42
474 36300 42
475 38412 55503
476 30924 42
477 31020 42
478 39948 55503
479 31404 42
480 33804 42
481 31308 42
482 33420 42
483 36780 42
484 38508 42
485 30828 42
486 31116 42
487 34092 42
488 35724 42
489 35820 42
490 35916 42
491 36588 42
492 35532 42
493 35436 42
494 36012 42
495 35628 42
496 36108 42
497 31596 42
498 31212 42
499 41676 55503
500 43404 55503
501 48684 42
502 77594 26700
503 48876 55503
504 49836 42
505 49356 42
506 49452 42
507 50892 42
508 49548 42
509 51180 42
510 49932 42
511 49164 42
512 47820 55503
513 77594 28044
514 49548 55503
515 77594 29196
516 51564 42
517 47244 42
518 47340 42
519 50412 42
520 47916 42
521 77594 27372
522 48972 55503
523 77594 26508
524 77594 29100
525 48588 42
526 77594 28140
527 77594 28236
528 77594 29292
529 77594 28428
530 48492 42
531 77594 27276
532 77594 28524
533 39276 55503
534 23340 55503
535 42 39180
536 34764 55503
537 33708 55503
538 25068 55503
539 33516 55503
540 34476 55503
541 29772 55503
542 34380 55503
543 32172 55503
544 26412 55503
545 31308 55503
546 30444 55503
547 33804 55503
548 27372 55503
549 29868 55503
550 29676 55503
551 30636 55503
552 32268 55503
553 30252 55503
554 31116 55503
555 30156 55503
556 25356 55503
557 32460 55503
558 35148 55503
559 32364 55503
560 29964 55503
561 25164 55503
562 31500 55503
563 30060 55503
564 34860 55503
565 32556 55503
566 34668 55503
567 34572 55503
568 77594 6636
569 42 40044
570 42 39948
571 42 40716
572 42 41196
573 42 41388
574 42 41580
575 42 41676
576 42 36972
577 42 39084
578 42 35148
579 77594 6540
580 42 40620
581 42 40524
582 42 39852
583 42 39468
584 42 37836
585 42 37548
586 42 35532
587 42 34668
588 42 34476
589 42 33996
590 42 36300
591 42 33708
592 42 33612
593 42 36108
594 42 36876
595 42 37932
596 42 38124
597 42 38988
598 42 38316
599 42 38508
600 42 28140
601 42 33804
602 42 26604
603 42 28908
604 42 28236
605 42 27564
606 42 25260
607 42 25452
608 42 25356
609 42 26892
610 42 27276
611 42 27180
612 42 27948
613 42 26988
614 42 29484
615 42 31020
616 42 31116
617 42 30828
618 42 30540
619 42 30060
620 42 29388
621 42 28332
622 42 28716
623 42 27852
624 42 25164
625 42 26220
626 42 26316
627 42 25548
628 42 27660
629 42 25068
630 42 24972
631 42 29676
632 42 24876
633 42 29580
634 42 33516
635 42 33132
636 24588 55503
637 31596 55503
638 30828 55503
639 29484 55503
640 25644 55503
641 27948 55503
642 27564 55503
643 27468 55503
644 31212 55503
645 29292 55503
646 28236 55503
647 28812 55503
648 29196 55503
649 30924 55503
650 31404 55503
651 28908 55503
652 24300 55503
653 24972 55503
654 24204 55503
655 19596 55503
