0 41867 54261
1 43895 50587
2 43980 48152
3 41819 41223
4 50278 52887
5 44192 50899
6 20576 49144
7 44758 47217
8 44827 42852
9 39141 43216
10 22880 48597
11 35465 57391
12 32155 47119
13 22893 42297
14 15043 42309
15 10600 47719
16 17442 42234
17 10913 45168
18 31527 36574
19 15740 38874
20 12121 42445
21 26863 52830
22 36116 43499
23 27101 55120
24 35039 34925
25 40369 39532
26 32009 47018
27 25790 53002
28 57248 32126
29 50429 45172
30 45198 60904
31 49890 48890
32 49233 47841
33 34734 42640
34 23440 42501
35 23193 37769
36 23730 30695
37 23872 36048
38 29904 38286
39 26937 31046
40 50147 49975
41 58253 52623
42 27382 43648
43 11729 41003
44 6483 41149
45 8826 41661
46 6684 42383
47 16393 41855
48 7744 44129
49 24060 46633
50 25334 44928
51 17332 44415
52 25542 45408
53 24333 46613
54 26526 49778
55 27689 46538
56 21176 43322
57 22817 44720
58 48020 31418
59 20484 41368
60 20855 41635
61 24620 39082
62 15068 41433
63 25461 35249
64 48429 49940
65 59573 42406
66 25685 33279
67 28398 24902
68 8969 37470
69 29818 42267
70 8442 33456
71 9806 27825
72 32532 36976
73 12292 35846
74 18442 38345
75 49295 61625
76 51953 57696
77 63305 54730
78 65404 51327
79 22138 34777
80 16142 37890
81 14407 36235
82 36109 37260
83 30820 38999
84 32279 44934
85 37968 38266
86 37145 39408
87 25450 39875
88 31117 41775
89 38000 41580
90 24980 46704
91 30763 44223
92 53042 39315
93 57237 38814
94 28241 38599
95 56246 44643
96 17124 27389
97 26003 34646
98 18664 33382
99 69430 59690
100 69132 50648
101 62388 60004
102 24197 37263
103 59321 43335
104 27350 38214
105 48522 60922
106 50339 52363
107 62770 41860
108 58139 40409
109 61853 44222
110 49204 42309
111 60441 33541
112 65230 41761
113 52481 41175
114 25533 34383
115 24206 27372
116 28186 30047
117 14512 36857
118 22856 32861
119 24261 31241
120 20557 20431
121 11963 25350
122 30915 22937
123 30845 22768
124 25234 29647
125 25206 29465
126 35237 28823
127 60617 45825
128 47229 61164
129 64053 41575
130 38598 38688
131 41406 30345
132 60445 39699
133 60175 42815
134 39375 27412
135 43012 28192
136 25794 37491
137 9717 28629
138 58497 40410
139 18863 32662
140 11329 29155
141 33835 25445
142 17497 33768
143 18967 32940
144 16956 34308
145 40326 36149
146 58576 38745
147 45402 60714
148 42206 35649
149 54913 39613
150 60092 28090
151 51714 41112
152 34108 55828
153 35225 55499
154 51537 61806
155 62671 56070
156 65254 53376
157 65756 60390
158 65439 34308
159 51156 45465
160 52623 30522
161 57031 29962
162 51416 20570
163 51712 21499
164 56764 26757
165 57112 20318
166 56994 18742
167 59349 19690
168 61388 20500
169 63699 22752
170 63596 64384
171 64811 67825
172 65543 73241
173 64788 73324
174 67634 72046
175 62248 70127
176 64041 71145
177 66033 71625
178 61857 73845
179 62915 73089
180 59683 66906
181 41805 67795
182 59384 66480
183 41990 72874
184 43738 72678
185 39034 69300
186 35359 67100
187 34058 66133
188 42306 63405
189 40527 71955
190 40491 70245
191 40329 71325
192 53500 19845
193 55140 20823
194 61434 24855
195 60613 21426
196 62577 24210
197 63405 24385
198 54935 43503
199 36861 67123
200 47939 35302
201 50994 37890
202 50667 34706
203 50502 34281
204 49862 25683
205 48341 18263
206 48720 21045
207 58680 23145
208 63136 25623
209 54067 24671
210 52021 24589
211 46224 21240
212 46977 23415
213 50476 20205
214 35312 54368
215 39788 53960
216 65559 64376
217 61319 61897
218 72352 68219
219 72323 65896
220 75312 66309
221 75058 57548
222 75574 52960
223 72330 67816
224 69834 51852
225 61695 73845
226 56363 58559
227 65313 73845
228 70053 60079
229 58657 65658
230 79419 58725
231 59674 72246
232 79981 52799
233 73268 61164
234 61533 73845
235 72672 68432
236 69912 54405
237 62397 73575
238 79287 54871
239 59678 69555
240 72528 52729
241 55270 59525
242 77498 51514
243 79000 62044
244 62397 72495
245 68519 66597
246 72693 58786
247 62721 73845
248 66015 73845
249 62468 57915
250 49518 66472
251 49089 69023
252 49849 67593
253 46668 66772
254 44148 65276
255 44288 64515
256 58293 61915
257 59958 60975
258 63925 63748
259 55470 68524
260 54120 69652
261 53850 66870
262 61164 63675
263 61171 59805
264 54841 57258
265 43027 58671
266 42004 58170
267 57303 36045
268 65322 38892
269 69464 35775
270 67950 37000
271 69399 36405
272 70317 36675
273 69801 36855
274 69471 38205
275 66447 36495
276 66683 37327
277 64377 36945
278 64647 37035
279 66447 37575
280 64323 38115
281 66123 38565
282 69399 38475
283 68061 31975
284 66100 31234
285 64909 30029
286 69086 31259
287 65844 28665
288 57575 48157
289 56600 52009
290 37742 55985
291 37336 52875
292 55539 24491
293 51416 23696
294 52420 23017
295 53562 22899
296 55555 22969
297 56848 22882
298 58254 23135
299 59548 24075
300 35112 37760
301 67534 36642
302 60652 24570
303 63477 24921
304 64224 24660
305 49717 71789
306 48909 71388
307 48649 71427
308 48474 69907
309 42423 70425
310 43025 69672
311 45894 70035
312 44557 70978
313 43479 70995
314 32924 64903
315 27450 66669
316 26866 67333
317 34520 68947
318 34083 70770
319 30524 65544
320 27214 71646
321 28808 71107
322 33269 71874
323 46479 73005
324 38124 72981
325 37130 73521
326 39247 73575
327 38664 73521
328 37108 73521
329 36979 72819
330 37206 71631
331 36957 72441
332 38080 72117
333 37616 70605
334 37724 71091
335 39484 72063
336 37203 61414
337 48636 20565
338 47243 21330
339 59643 16836
340 60028 20963
341 59125 19440
342 57618 20925
343 55786 26550
344 49018 19676
345 51030 19305
346 48708 19536
347 51921 20148
348 46612 18427
349 46104 19189
350 52295 18803
351 52518 15717
352 46046 22159
353 47253 17550
354 49741 18996
355 51851 17993
356 52499 17183
357 49674 16815
358 50175 16740
359 48468 16913
360 61860 23432
361 51151 18731
362 58667 16200
363 52472 25785
364 50994 15795
365 47794 22225
366 50429 24840
367 48395 26093
368 50382 26286
369 47995 24907
370 46272 24435
371 55998 20539
372 55120 17055
373 54994 17977
374 47169 19143
375 51696 16665
376 51870 21349
377 59675 18981
378 46422 20295
379 53611 18832
380 53559 16965
381 46463 25360
382 46100 22197
383 58630 18045
384 55468 19575
385 54490 19080
386 53919 26175
387 54756 26703
388 54091 25083
389 59477 22352
390 52590 18345
391 54637 27337
392 56710 20223
393 56331 17280
394 55579 16200
395 53939 15525
396 53361 16380
397 48793 23035
398 60243 22173
399 60091 18090
400 62867 20809
401 51391 25731
402 55226 25245
403 56514 16566
404 57780 17010
405 60999 21836
406 61041 23301
407 57720 19953
408 47989 24232
409 62294 19845
410 50540 22005
411 55018 16489
412 56584 20616
413 57236 17607
414 55900 15363
415 58288 20565
416 58206 17793
417 57246 15660
418 61695 21966
419 55760 25731
420 59967 24242
421 45873 23051
422 62424 23517
423 50808 24867
424 49253 24651
425 47133 23805
426 58935 21735
427 54855 27000
428 55668 27729
429 61147 18765
430 61633 19189
431 45825 24255
432 55071 27765
433 40756 71415
434 48976 27768
435 49573 28914
436 48771 28730
437 23409 2603
438 81729 31995
439 65205 34695
440 23244 42
441 23532 42
442 60012 76134
443 57900 76134
444 57804 76134
445 60108 76134
446 59148 76134
447 59916 76134
448 59820 76134
449 58956 76134
450 58188 76134
451 59724 76134
452 60300 76134
453 58668 76134
454 58092 76134
455 59628 76134
456 60204 76134
457 59340 76134
458 57996 76134
459 57708 76134
460 59244 76134
461 59052 76134
462 59436 76134
463 57612 76134
464 58860 76134
465 59532 76134
466 40716 76134
467 23724 42
468 48972 42
469 84154 52620
470 47532 42
471 49548 76134
472 84154 35820
473 49452 76134
474 84154 35148
475 48300 76134
476 49164 42
477 50412 76134
478 23436 42
479 51372 42
480 69804 76134
481 84154 28812
482 52620 76134
483 84154 35052
484 53772 76134
485 84154 34956
486 53580 76134
487 51468 76134
488 52908 76134
489 51276 42
490 51948 76134
491 48396 76134
492 51948 42
493 50604 42
494 56076 76134
495 48492 42
496 56172 76134
497 84154 31596
498 55020 76134
499 44748 42
500 43596 76134
501 43692 76134
502 44268 76134
503 38508 76134
504 37548 76134
505 42 48300
506 31308 76134
507 42 46476
508 42 47244
509 42 49932
510 30924 76134
511 34092 76134
512 42 49548
513 32268 76134
514 31404 76134
515 42 47436
516 32748 76134
517 42 47148
518 42 49356
519 30732 76134
520 33708 76134
521 42 48396
522 32460 76134
523 42 46092
524 42 45708
525 42 45612
526 42 50028
527 42 46284
528 30636 76134
529 34188 76134
530 42 46188
531 42 46572
532 42 47820
533 42 48012
534 33324 76134
535 42 49164
536 34380 76134
537 38220 76134
538 38988 76134
539 49644 42
540 51852 42
541 49836 42
542 50796 42
543 50412 42
544 50124 42
545 47820 42
546 48684 42
547 47916 42
548 50700 42
549 50220 42
550 49452 42
551 50988 42
552 49932 42
553 50028 42
554 48204 42
555 48012 42
556 48108 42
557 49356 42
558 48396 42
559 51180 42
560 50508 42
561 51756 42
562 49740 42
563 49548 42
564 51084 42
565 51468 42
566 50892 42
567 50316 42
568 48300 42
569 51660 42
570 51564 42
571 40140 76134
572 52812 76134
573 39660 76134
574 84154 56076
575 60492 76134
576 61164 76134
577 64524 76134
578 64236 76134
579 62220 76134
580 64332 76134
581 64140 76134
582 60876 76134
583 63468 76134
584 63852 76134
585 65196 76134
586 60972 76134
587 60780 76134
588 61452 76134
589 63276 76134
590 62604 76134
591 61644 76134
592 64716 76134
593 63948 76134
594 62028 76134
595 63372 76134
596 84154 53676
597 63180 76134
598 62412 76134
599 62892 76134
600 65100 76134
601 65004 76134
602 65580 76134
603 63564 76134
604 63756 76134
605 64428 76134
606 23340 42
607 47340 76134
608 47148 76134
609 47052 76134
610 46380 76134
611 45996 76134
612 45900 76134
613 45420 76134
614 37452 76134
615 44172 76134
616 37260 76134
617 23628 42
618 42924 76134
619 42252 76134
620 41388 76134
621 40524 76134
622 40332 76134
623 41100 76134
624 38124 76134
625 38700 76134
626 37164 76134
627 36876 76134
628 38796 76134
629 36780 76134
630 36684 76134
631 36972 76134
632 37068 76134
633 37356 76134
634 38892 76134
635 42828 76134
636 43500 76134
637 44364 76134
638 27372 76134
639 38412 76134
640 30348 76134
641 30540 76134
642 29964 76134
643 28908 76134
644 25740 76134
645 25644 76134
646 25548 76134
647 30252 76134
648 31212 76134
649 25452 76134
650 27276 76134
651 30156 76134
652 30444 76134
653 33132 76134
654 32364 76134
655 34284 76134
656 32172 76134
657 33996 76134
658 31116 76134
659 30060 76134
660 29004 76134
661 28236 76134
662 27084 76134
663 26988 76134
664 26892 76134
665 42 53004
666 28812 76134
667 32652 76134
668 31596 76134
669 33612 76134
670 27180 76134
671 33420 76134
672 37740 76134
673 36588 76134
674 62508 76134
675 63660 76134
676 60684 76134
677 63084 76134
678 61740 76134
679 62988 76134
680 61548 76134
681 62700 76134
682 64044 76134
683 62796 76134
684 62124 76134
685 61932 76134
686 61836 76134
687 61068 76134
688 62316 76134
689 61260 76134
690 60396 76134
691 61356 76134
692 60588 76134
693 40236 76134
