0 44460 43076
1 41919 45407
2 45872 40612
3 39688 48039
4 34449 44204
5 30702 43136
6 47653 34975
7 39745 44894
8 39657 42660
9 59814 42968
10 31247 32159
11 44505 34756
12 43344 35855
13 42037 34159
14 22517 28809
15 51490 35094
16 28307 33858
17 28359 29765
18 25812 33203
19 60274 24590
20 23139 29713
21 28880 32670
22 63850 33788
23 54855 31617
24 65862 34095
25 67990 25132
26 52555 29793
27 63035 32643
28 76306 45945
29 44368 49952
30 24432 46738
31 45313 47016
32 62407 43112
33 42470 47073
34 38147 29823
35 47054 26275
36 37060 27443
37 50668 26688
38 46706 21647
39 48183 25730
40 51392 20680
41 48110 49763
42 56912 54715
43 47853 32205
44 20405 29757
45 24819 30882
46 21521 32586
47 30689 32300
48 26916 35362
49 32733 33603
50 33327 33111
51 39061 33936
52 43590 35105
53 44406 33692
54 57141 33441
55 54682 33615
56 30108 31757
57 47664 33333
58 50274 27326
59 44622 29016
60 44688 28863
61 46890 25534
62 44293 48490
63 65235 53465
64 72930 25258
65 74648 21254
66 31362 23772
67 66988 28239
68 29013 22209
69 35719 15495
70 65233 24942
71 63159 25712
72 62839 29819
73 32001 24478
74 33344 25101
75 24630 51058
76 36778 50450
77 32841 32966
78 43329 54703
79 46035 54945
80 60495 27592
81 48800 24830
82 26869 31361
83 50225 28381
84 57493 24204
85 54673 25958
86 46206 25360
87 35241 27184
88 35181 24309
89 61952 27479
90 50417 28599
91 43927 32795
92 21674 30307
93 28578 29667
94 70616 29055
95 57489 27135
96 60383 49628
97 66730 42494
98 26827 22479
99 28782 24285
100 53562 58657
101 63366 58003
102 36469 53985
103 56042 25794
104 62373 53720
105 41908 48962
106 38217 25879
107 53703 28709
108 24603 49143
109 67437 54038
110 79472 49957
111 26653 23473
112 62485 25831
113 68375 56127
114 64499 47925
115 50764 23592
116 51211 19951
117 47865 21145
118 48169 23069
119 53535 21391
120 49209 17798
121 32201 16025
122 41705 12798
123 68479 19092
124 72651 18951
125 61884 49815
126 56137 25759
127 23938 49453
128 69751 55659
129 43647 25040
130 64351 22057
131 71154 54742
132 65461 55395
133 70146 20415
134 73219 21255
135 37629 16155
136 72517 54395
137 31465 18495
138 60735 19221
139 68897 20529
140 73815 47117
141 25515 21173
142 23876 22878
143 25515 22131
144 56672 41556
145 72832 53604
146 24299 46656
147 25177 22612
148 50200 25225
149 55922 25177
150 24597 27225
151 71983 51575
152 55564 26966
153 64336 50667
154 49336 43101
155 48732 43583
156 33456 51016
157 41458 52875
158 46891 55705
159 26595 61195
160 85093 53273
161 51088 50449
162 72158 43089
163 79408 36527
164 85155 38960
165 76567 42328
166 87966 40840
167 90393 41326
168 91497 45441
169 41236 64571
170 33661 60314
171 39440 64951
172 39192 64896
173 34283 60809
174 37611 64035
175 40453 63839
176 35670 64065
177 32535 65475
178 33064 64827
179 33775 58582
180 18744 51791
181 38491 56763
182 13478 48727
183 23484 56700
184 5761 46110
185 4906 48024
186 13782 45202
187 12208 41896
188 14091 39924
189 16331 43974
190 17862 45336
191 25569 65475
192 24993 64845
193 24795 65295
194 80919 39892
195 82624 41150
196 83963 42255
197 88492 44988
198 89934 46035
199 61216 49120
200 68987 44742
201 71883 49050
202 67982 45377
203 66108 44288
204 72306 38306
205 83568 34386
206 79218 35865
207 88058 42640
208 89623 46980
209 74570 39863
210 74716 39207
211 78615 33570
212 75927 35080
213 80014 36558
214 52226 42255
215 48580 43173
216 26987 54405
217 37281 62209
218 30282 62418
219 36144 61787
220 59900 61124
221 67258 61622
222 30096 54119
223 23523 61752
224 66632 58352
225 36208 59222
226 32805 65475
227 37291 54663
228 36779 61405
229 43011 65475
230 49926 59283
231 59262 64234
232 42156 59035
233 67528 63774
234 49152 61727
235 34263 65475
236 31899 63634
237 68989 58035
238 36045 65475
239 66399 63988
240 39808 57249
241 70718 60246
242 28408 55113
243 66662 61965
244 52066 64486
245 33669 65205
246 34515 61997
247 53493 61419
248 32859 64935
249 29148 53767
250 44091 65205
251 16236 51130
252 19068 50220
253 19023 49113
254 18113 46595
255 17858 48407
256 24035 53795
257 35658 53955
258 23207 57587
259 17442 57196
260 15894 58125
261 16937 55305
262 24282 54135
263 38628 54135
264 26653 44570
265 28379 43690
266 74979 51525
267 77241 54816
268 79515 55485
269 82071 56475
270 82653 56058
271 79605 56745
272 80169 56767
273 81315 56565
274 83315 53898
275 83288 55147
276 83517 54371
277 81054 53865
278 80001 53505
279 79227 54045
280 79299 54765
281 79295 55330
282 78471 56385
283 87772 51816
284 87747 50563
285 87161 48844
286 90596 50807
287 89010 48285
288 54672 49811
289 51992 53631
290 57169 42042
291 55083 43321
292 76338 40567
293 76827 38695
294 78522 40311
295 79388 42093
296 81664 42811
297 83559 43149
298 86296 44685
299 24936 26775
300 81705 54848
301 87213 45726
302 90909 46620
303 92055 44768
304 10556 51148
305 10420 50981
306 8142 50702
307 12978 51097
308 10041 46935
309 10767 47297
310 10948 49376
311 9180 47440
312 16076 39666
313 7305 39575
314 12060 36257
315 11638 35187
316 9930 41156
317 6864 41367
318 13437 39631
319 5408 35813
320 6217 37227
321 5171 40517
322 5897 47766
323 4730 44145
324 3834 44145
325 4503 45441
326 3909 44901
327 5702 44361
328 6588 44145
329 8100 45009
330 8467 44145
331 7581 44199
332 9201 44523
333 6879 45333
334 7192 45819
335 39898 53170
336 22312 41355
337 79488 35437
338 77598 34579
339 90141 37335
340 89782 40789
341 88803 40789
342 86388 43185
343 80721 36225
344 81625 36315
345 80655 39435
346 81519 35032
347 81418 33507
348 84692 37867
349 76896 33750
350 84259 33923
351 81276 36585
352 82966 37125
353 83634 37973
354 84044 35606
355 85797 35595
356 85275 34905
357 89680 45315
358 90774 45090
359 87838 43913
360 81648 37279
361 89653 36315
362 73453 38880
363 83840 36639
364 76980 34733
365 74728 37665
366 75807 36477
367 74742 35745
368 84972 41483
369 84031 41175
370 84950 39866
371 73062 40056
372 81126 34470
373 85029 36956
374 79380 38552
375 89386 39352
376 79938 33795
377 83279 38937
378 84498 39747
379 72637 36430
380 75735 34335
381 89458 38397
382 73429 40959
383 73413 41850
384 72430 40149
385 88969 42615
386 82512 38137
387 74367 42750
388 85666 41805
389 86621 38961
390 86319 38238
391 82208 40263
392 85233 38529
393 77260 36153
394 78216 35505
395 89707 42075
396 90825 38355
397 75465 34560
398 91455 42997
399 71928 39060
400 74362 40410
401 89024 43767
402 87685 37341
403 89007 37742
404 90310 43110
405 89316 44307
406 88301 40172
407 91789 40837
408 74569 41355
409 74935 41985
410 86663 38711
411 86323 42255
412 87295 39915
413 87390 36810
414 87393 42093
415 88492 36213
416 90562 43695
417 78176 37009
418 74466 34323
419 73417 38295
420 73908 36585
421 75216 42417
422 75691 43281
423 91924 39555
424 91896 39940
425 73477 35201
426 74547 43380
427 26338 65205
428 65777 41496
429 66592 39342
430 67986 39285
431 84024 37665
432 90666 40905
433 92691 47925
434 92421 46035
435 35916 42
436 36204 42
437 42060 67612
438 36108 67612
439 36780 67612
440 42636 67612
441 41292 67612
442 42444 67612
443 39564 67612
444 40428 67612
445 42348 67612
446 38220 67612
447 38508 67612
448 40044 67612
449 39084 67612
450 39948 67612
451 39468 67612
452 37836 67612
453 36876 67612
454 37356 67612
455 40140 67612
456 38796 67612
457 41964 67612
458 36204 67612
459 42156 67612
460 42252 67612
461 26124 67612
462 36396 42
463 94892 45324
464 94892 48492
465 94892 44940
466 94892 48108
467 94892 41004
468 94892 46860
469 62028 67612
470 94892 46764
471 61548 67612
472 94892 45804
473 36012 42
474 94892 44172
475 94892 46092
476 94892 44460
477 94892 45420
478 94892 39564
479 94892 45708
480 94892 42540
481 94892 44652
482 94892 44748
483 94892 44556
484 94892 44364
485 40620 67612
486 94892 44844
487 94892 46380
488 94892 47916
489 94892 46476
490 38316 67612
491 42732 67612
492 94892 44268
493 94892 46668
494 61260 67612
495 61452 67612
496 60876 67612
497 61356 67612
498 55212 67612
499 57324 67612
500 48588 42
501 51468 67612
502 45516 67612
503 41196 42
504 41292 42
505 51372 67612
506 41868 42
507 47244 42
508 49836 67612
509 52908 67612
510 52620 67612
511 50604 67612
512 43020 42
513 44460 42
514 50988 67612
515 45804 67612
516 48012 42
517 49548 42
518 43692 67612
519 41484 67612
520 45036 42
521 46860 42
522 51564 67612
523 47916 67612
524 47148 42
525 52524 67612
526 46092 42
527 46380 42
528 51276 67612
529 46476 42
530 46188 42
531 49452 67612
532 57420 67612
533 58284 67612
534 94892 33132
535 94892 31692
536 64236 67612
537 94892 32652
538 94892 32268
539 94892 33612
540 94892 31788
541 94892 32844
542 94892 32556
543 94892 32364
544 64044 67612
545 94892 33708
546 94892 33324
547 64140 67612
548 65580 67612
549 94892 31980
550 94892 33420
551 94892 33516
552 94892 31884
553 94892 32076
554 94892 33228
555 63948 67612
556 94892 32172
557 65676 67612
558 94892 33036
559 94892 33996
560 94892 32748
561 64428 67612
562 94892 33804
563 94892 32460
564 94892 32940
565 94892 33900
566 39372 67612
567 30924 67612
568 24588 67612
569 42540 67612
570 43116 67612
571 32460 67612
572 43212 67612
573 44652 67612
574 43020 67612
575 44556 67612
576 40524 67612
577 34092 67612
578 40716 67612
579 38124 67612
580 42924 67612
581 35820 67612
582 38412 67612
583 39276 67612
584 39180 67612
585 41100 67612
586 38028 67612
587 38892 67612
588 38604 67612
589 32844 67612
590 40812 67612
591 44364 67612
592 38700 67612
593 42828 67612
594 32364 67612
595 38988 67612
596 37548 67612
597 44268 67612
598 40236 67612
599 43980 67612
600 44748 67612
601 36108 42
602 42 47436
603 42 47916
604 42 47820
605 42 47724
606 42 48492
607 42 48396
608 42 48588
609 42 43788
610 42 46956
611 42 43308
612 36300 42
613 42 47628
614 42 45804
615 42 45900
616 42 44748
617 42 44076
618 42 44268
619 42 42540
620 42 42732
621 42 41868
622 42 41676
623 42 43212
624 42 42156
625 42 41484
626 42 43884
627 42 44556
628 42 45228
629 42 45420
630 42 46764
631 42 46572
632 42 46380
633 42 36108
634 42 41388
635 42 33516
636 42 36588
637 42 36396
638 42 35820
639 42 34668
640 42 33228
641 42 33324
642 42 36300
643 42 36876
644 42 36684
645 42 37644
646 42 33420
647 42 38028
648 42 39948
649 42 39852
650 42 38988
651 42 39660
652 42 39468
653 42 38796
654 42 37164
655 42 37548
656 42 35724
657 42 33996
658 42 33804
659 42 34092
660 42 32748
661 42 35148
662 42 35244
663 42 35340
664 42 36780
665 42 33900
666 42 36492
667 42 41196
668 42 40812
669 31788 67612
670 39852 67612
671 37260 67612
672 37932 67612
673 32748 67612
674 36492 67612
675 36396 67612
676 34860 67612
677 41388 67612
678 36300 67612
679 35628 67612
680 37740 67612
681 37452 67612
682 39756 67612
683 41196 67612
684 37644 67612
685 31692 67612
686 32172 67612
687 31596 67612
688 25740 67612
