0 542317 181264
1 534385 166185
2 542110 120530
3 344805 195234
4 385807 174160
5 476206 115569
6 500927 104138
7 387865 170703
8 428459 185052
9 324318 135653
10 296109 168905
11 321885 181745
12 484242 204100
13 441814 211965
14 420237 229911
15 462618 234171
16 489940 237363
17 415459 263440
18 440847 188688
19 389155 236600
20 453125 267858
21 401774 241080
22 183829 201884
23 180881 214581
24 360239 258589
25 497905 241757
26 371705 109526
27 411441 108068
28 408984 99213
29 474608 182350
30 544825 99330
31 450233 283064
32 351085 242342
33 437419 146766
34 384833 206424
35 463342 133641
36 281570 244263
37 440049 70525
38 481889 92445
39 482600 40409
40 385162 57255
41 438059 267960
42 352767 276964
43 304023 278075
44 598174 109933
45 480007 140991
46 418099 157933
47 561303 155929
48 549995 138333
49 481030 139548
50 342915 288781
51 397132 126861
52 351090 138815
53 166911 101888
54 163970 86268
55 325390 108150
56 573389 120761
57 372235 82524
58 496833 108600
59 510153 76250
60 376390 96157
61 268339 215871
62 546634 73666
63 375831 242581
64 252048 132400
65 258086 243460
66 277811 241655
67 404776 285768
68 526980 70700
69 279870 51572
70 243690 245077
71 225360 252368
72 327678 111151
73 454330 80450
74 289064 60369
75 250711 66027
76 448430 45200
77 510219 63682
78 557557 79187
79 379430 30644
80 355663 295835
81 445266 47870
82 359320 67464
83 235177 251051
84 209963 101524
85 255850 105350
86 230770 100505
87 311055 287653
88 219986 247305
89 257752 42107
90 425201 82923
91 226818 238426
92 360503 87769
93 281795 107418
94 263647 151633
95 268624 288664
96 210976 247688
97 345080 110515
98 365136 71657
99 292828 281640
100 193945 248453
101 201856 249666
102 320526 242200
103 329343 222133
104 408716 129136
105 389148 141470
106 395615 149975
107 322641 227815
108 161554 227463
109 121638 218960
110 201875 240100
111 471560 219947
112 469513 303138
113 399380 279720
114 334837 343121
115 459584 285996
116 453618 321346
117 162799 226303
118 270456 189610
119 253359 205470
120 119899 243810
121 298015 246400
122 133676 205158
123 66219 161356
124 99087 170156
125 76283 154587
126 90301 214600
127 66187 182905
128 33250 204527
129 7790 204400
130 17032 201023
131 442717 350466
132 290370 358976
133 368781 348439
134 295204 367129
135 467984 314784
136 423488 334988
137 173396 361307
138 421556 336488
139 516657 307300
140 596022 259107
141 571651 266861
142 562144 276137
143 459018 293222
144 636832 283500
145 635233 286066
146 139080 178818
147 153368 178360
148 161690 163100
149 163128 145000
150 148706 146533
151 141106 143733
152 130872 127960
153 155990 170450
154 163495 154350
155 170240 157800
156 156712 136640
157 142310 132300
158 121762 130600
159 133760 137800
160 104753 129266
161 143450 126350
162 121937 122733
163 55012 135584
164 88730 126350
165 80332 130480
166 51749 141145
167 76285 137900
168 34118 147600
169 90982 165000
170 79445 149053
171 27197 154400
172 68273 163100
173 116026 165200
174 42095 165511
175 117745 171800
176 80433 159444
177 115330 178266
178 102220 164500
179 41610 174720
180 110091 183000
181 108173 174377
182 17395 174066
183 98467 182700
184 21952 181892
185 89490 187600
186 79293 193355
187 85234 204960
188 72896 201133
189 76855 209650
190 65835 215833
191 46915 218938
192 13268 211633
193 18503 225830
194 26030 220266
195 148048 162400
196 117293 132688
197 102853 140466
198 90060 145950
199 97707 123200
200 85288 153844
201 42629 144454
202 79990 199500
203 247373 187455
204 140684 178733
205 149796 155960
206 58472 125650
207 49732 127750
208 95095 147000
209 94831 193977
210 81367 219450
211 70157 222600
212 59660 225400
213 48766 224933
214 37782 225000
215 272165 155540
216 500903 308200
217 200640 356533
218 142025 170800
219 148242 151355
220 147250 137200
221 116216 129266
222 106043 137725
223 84850 215133
224 84892 218680
225 309736 346157
226 305485 329100
227 97389 315207
228 166630 319248
229 201134 315523
230 181669 279752
231 380487 333108
232 482019 317000
233 108926 278651
234 328324 374500
235 102620 302350
236 188765 323700
237 213623 276344
238 417895 312393
239 348731 357439
240 332794 349366
241 368536 346733
242 216506 328127
243 197542 274095
244 348840 382200
245 352298 358120
246 406097 355475
247 310477 314737
248 127693 304466
249 229216 311080
250 139834 275887
251 247300 352100
252 280711 347400
253 215048 330400
254 172838 335835
255 192216 278200
256 158805 304360
257 334233 375072
258 156801 290338
259 230707 292460
260 183601 335900
261 373299 310882
262 210662 292460
263 154908 338907
264 127758 315274
265 489518 332209
266 100926 289621
267 351500 382200
268 200553 163036
269 191921 174792
270 226963 173345
271 221751 159444
272 137987 251300
273 136942 257600
274 128677 255500
275 100177 253400
276 107682 254800
277 118512 255500
278 94762 249900
279 87827 239400
280 103597 238000
281 89157 243600
282 112147 237300
283 133038 233800
284 81652 236600
285 123072 231700
286 83172 233800
287 105212 233100
288 93432 235900
289 114047 231000
290 90012 231000
291 99417 228900
292 137892 247800
293 154612 259000
294 169622 246400
295 145492 260400
296 151208 242666
297 160977 247800
298 170192 252000
299 165062 259700
300 173612 258300
301 160312 253400
302 151382 254800
303 149767 249900
304 333170 196792
305 126816 290591
306 188632 292226
307 496415 335800
308 372090 13414
309 347184 52323
310 314357 13479
311 199494 267312
312 159074 326858
313 230580 134987
314 165300 171577
315 174781 148066
316 143893 138755
317 108186 149100
318 105585 156800
319 107856 189560
320 354247 72746
321 94525 194444
322 89635 208105
323 190638 322392
324 226912 140241
325 221598 135413
326 241318 138329
327 301431 133722
328 310977 137151
329 303941 136089
330 313003 132819
331 230420 120174
332 411805 73242
333 413121 46470
334 410158 67804
335 207263 111372
336 213461 114365
337 229109 114212
338 202969 89735
339 193431 87237
340 196320 93146
341 201050 89374
342 193070 79619
343 192945 81200
344 202822 78527
345 224316 96058
346 198856 75916
347 211335 53877
348 204554 48440
349 197929 53200
350 222428 51709
351 213872 62458
352 206270 67946
353 207657 63186
354 221497 75916
355 202350 173506
356 22103 219800
357 180215 348400
358 156401 351866
359 385516 307200
360 218662 349800
361 157333 352000
362 242455 333648
363 177840 371215
364 283744 328653
365 204721 362703
366 219437 365120
367 227113 372866
368 234721 372750
369 392052 301305
370 179425 372158
371 512366 285800
372 521075 300160
373 584264 253659
374 551960 289652
375 268968 299573
376 294349 303552
377 587082 287000
378 603244 248237
379 627154 253088
380 566211 259109
381 136471 378000
382 198001 380022
383 150401 371164
384 433960 338333
385 477192 261800
386 533149 249463
387 254372 152320
388 43655 191141
389 42413 200200
390 596437 4200
391 599390 140
392 596030 140
393 257790 387060
394 340670 387060
395 277950 387060
396 406750 387060
397 328350 387060
398 344030 387060
399 318270 387060
400 271230 387060
401 286910 387060
402 317150 387060
403 276830 387060
404 264510 387060
405 291390 387060
406 243230 387060
407 232030 387060
408 262270 387060
409 230910 387060
410 263390 387060
411 254430 387060
412 245470 387060
413 244350 387060
414 252190 387060
415 260030 387060
416 411230 387060
417 642530 282380
418 598270 140
419 140 271180
420 411230 140
421 313790 140
422 412350 140
423 247710 140
424 251070 140
425 298110 140
426 309310 140
427 299230 140
428 140 282380
429 597150 140
430 270110 140
431 140 281260
432 296990 140
433 140 275660
434 140 279020
435 140 276780
436 140 193900
437 140 280140
438 140 273420
439 140 272300
440 406750 140
441 140 277900
442 140 274540
443 415710 140
444 428030 140
445 443710 387060
446 642530 177100
447 368670 140
448 407870 140
449 410110 140
450 293630 140
451 301470 140
452 295870 387060
453 302590 140
454 642530 184940
455 642530 179340
456 375390 140
457 323870 140
458 303710 140
459 300350 140
460 341790 140
461 358590 140
462 397790 140
463 376510 140
464 392190 140
465 326110 140
466 311550 140
467 394430 140
468 310430 140
469 350750 140
470 365310 140
471 377630 140
472 374270 140
473 395550 140
474 318270 140
475 320510 140
476 304830 140
477 340670 140
478 324990 140
479 359710 140
480 360830 140
481 322750 140
482 312670 140
483 351870 140
484 348510 140
485 378750 140
486 382110 140
487 401150 140
488 642530 183820
489 642530 182700
490 279070 140
491 290270 140
492 291390 140
493 273470 140
494 262270 140
495 258910 140
496 257790 140
497 281310 140
498 285790 140
499 288030 140
500 292510 140
501 284670 140
502 275710 140
503 265630 140
504 264510 140
505 268990 140
506 249950 140
507 289150 140
508 252190 140
509 286910 140
510 244350 140
511 253310 140
512 243230 140
513 242110 140
514 248830 140
515 263390 140
516 271230 140
517 266750 140
518 261150 140
519 260030 140
520 272350 140
521 280190 140
522 452670 387060
523 507550 387060
524 642530 284620
525 480670 387060
526 391070 387060
527 414590 387060
528 438110 387060
529 400030 387060
530 366430 387060
531 347390 387060
532 324990 387060
533 326110 387060
534 319390 387060
535 363070 387060
536 380990 387060
537 302590 387060
538 311550 387060
539 303710 387060
540 367550 387060
541 300350 387060
542 292510 387060
543 274590 387060
544 275710 387060
545 281310 387060
546 329470 387060
547 467230 387060
548 336190 387060
549 413470 387060
550 448190 387060
551 445950 387060
552 456030 387060
553 476190 387060
554 458270 387060
555 350750 387060
556 419070 387060
557 594910 140
558 132350 387060
559 122270 387060
560 121150 387060
561 128990 387060
562 114430 387060
563 116670 387060
564 164830 387060
565 165950 387060
566 173790 387060
567 174910 387060
568 593790 140
569 176030 387060
570 186110 387060
571 188350 387060
572 184990 387060
573 189470 387060
574 190590 387060
575 191710 387060
576 177150 387060
577 202910 387060
578 205150 387060
579 163710 387060
580 210750 387060
581 209630 387060
582 150270 387060
583 134590 387060
584 141310 387060
585 133470 387060
586 131230 387060
587 159230 387060
588 168190 387060
589 522110 387060
590 520990 387060
591 642530 244300
592 642530 261100
593 642530 249900
594 642530 255500
595 537790 387060
596 642530 262220
597 545630 387060
598 642530 279020
599 642530 276780
600 642530 243180
601 642530 239820
602 642530 246540
603 642530 227500
604 642530 226380
605 642530 231980
606 642530 247660
607 642530 229740
608 642530 258860
609 642530 259980
610 642530 248780
611 642530 256620
612 536670 387060
613 642530 245420
614 642530 263340
615 544510 387060
616 535550 387060
617 642530 230860
618 642530 228620
619 642530 237580
620 642530 251020
621 642530 233100
622 642530 264460
623 519870 387060
624 526590 387060
625 450430 387060
626 327230 387060
627 273470 387060
628 272350 387060
629 323870 387060
630 330590 387060
631 333950 387060
632 322750 387060
633 320510 387060
634 321630 387060
635 310430 387060
636 309310 387060
637 308190 387060
638 360830 387060
639 299230 387060
640 293630 387060
641 468350 387060
642 449310 387060
643 460510 387060
644 642530 283500
