0 165902 124018
1 271013 164675
2 193056 191657
3 172180 194745
4 130302 183151
5 82826 185312
6 190706 167246
7 197157 144314
8 174288 278658
9 255531 308301
10 258770 313800
11 241564 232000
12 236446 177411
13 255790 202496
14 253061 161325
15 237655 134272
16 275812 150610
17 180935 213748
18 311212 201613
19 267737 139358
20 247456 212240
21 355134 294810
22 369117 285948
23 329092 173330
24 221861 140753
25 140450 240384
26 161302 254296
27 127605 246824
28 139673 254715
29 203405 246811
30 127815 272520
31 80770 178027
32 336914 148976
33 313589 187739
34 151105 190283
35 154817 136991
36 297518 203264
37 154115 257673
38 130419 202479
39 366187 212146
40 46295 276818
41 90060 224186
42 143194 125613
43 71112 294298
44 263838 104125
45 55242 144200
46 285269 115659
47 133163 188674
48 159905 257600
49 56346 150841
50 116242 130474
51 87102 145218
52 117141 208164
53 141873 146377
54 165593 231000
55 198740 250815
56 213854 353041
57 193800 358830
58 180415 269544
59 99513 270814
60 78514 320490
61 50481 207734
62 74199 145579
63 84872 271133
64 45483 193738
65 326430 279052
66 279148 169400
67 126051 261580
68 258057 218739
69 381257 208793
70 94324 256433
71 386580 218357
72 379164 214312
73 371313 215656
74 368734 156333
75 22517 208274
76 36127 273166
77 395565 220661
78 328841 244614
79 95904 264712
80 137743 358423
81 169779 273269
82 84026 239100
83 155825 342557
84 46720 300525
85 61016 196820
86 379212 167618
87 385955 230942
88 52668 247069
89 50815 237650
90 92710 279965
91 209201 343000
92 84192 323064
93 195282 294687
94 173377 302967
95 394511 180530
96 392835 237429
97 400397 237752
98 56292 268800
99 386342 240866
100 112244 291095
101 133471 325658
102 396161 181475
103 403124 246050
104 409602 239586
105 108660 317047
106 390249 170760
107 404643 256760
108 406574 251533
109 197941 220589
110 187188 219800
111 203355 220788
112 327162 227794
113 388593 284113
114 379113 307222
115 365750 244300
116 243664 205488
117 322068 132494
118 306334 126600
119 367783 108920
120 353759 105529
121 306002 144158
122 345335 267989
123 322004 278376
124 418902 295050
125 313947 271352
126 329126 325517
127 371348 375080
128 366666 358729
129 384990 364200
130 363410 291655
131 331128 336060
132 338512 405094
133 310317 397250
134 299235 381446
135 284654 359545
136 290252 367541
137 317762 340686
138 359363 84045
139 424621 56127
140 400723 66093
141 445582 62806
142 319975 101640
143 334794 84753
144 406087 180733
145 381006 113929
146 425464 191933
147 413321 133622
148 375020 104034
149 243247 106400
150 173340 64680
151 194976 56933
152 202916 63950
153 185611 19600
154 329679 133215
155 250752 4200
156 240033 4200
157 395124 321160
158 410291 320200
159 432883 328066
160 425663 332733
161 438520 336840
162 436348 343000
163 402610 321300
164 423157 323800
165 420171 319000
166 416968 329800
167 440382 331520
168 441256 339640
169 434804 352333
170 424460 343350
171 431342 368511
172 449777 334250
173 449065 346500
174 408272 370440
175 436022 366600
176 424270 369880
177 403940 385233
178 410685 364700
179 397638 389900
180 383040 354900
181 397480 360150
182 386303 393564
183 372888 355800
184 373996 395360
185 366082 350350
186 380855 368200
187 362796 395945
188 360050 347666
189 371782 369250
190 350782 395266
191 354811 353400
192 364040 371400
193 347573 390600
194 356012 371700
195 338550 380261
196 350197 369400
197 342855 366100
198 334495 361550
199 326942 363300
200 319152 365400
201 311647 363300
202 303683 357933
203 297540 356533
204 286187 359450
205 291270 352100
206 277809 363676
207 280509 343000
208 400064 329560
209 427880 349300
210 407898 357700
211 442048 354200
212 393870 356720
213 391932 365400
214 305090 279452
215 323412 306020
216 375487 329700
217 418000 314300
218 433417 381400
219 438995 357700
220 429997 384600
221 405612 378280
222 349545 358600
223 357615 359800
224 339577 348950
225 322335 348950
226 309102 347000
227 301435 341950
228 293360 341950
229 300833 349533
230 298571 345400
231 231995 348372
232 239780 100400
233 263033 108446
234 429628 195860
235 383968 331488
236 420575 385311
237 434910 347550
238 414297 138097
239 259781 14538
240 264100 41720
241 257468 71933
242 258557 76517
243 330844 107640
244 274410 32946
245 269949 85200
246 408250 59916
247 416647 30066
248 289878 12350
249 278856 41533
250 286849 80539
251 359401 108668
252 408771 37232
253 393055 117200
254 280753 46626
255 299469 54206
256 288546 30240
257 277970 76461
258 454480 96600
259 400482 28728
260 364137 49890
261 302243 15172
262 300975 57960
263 300349 79400
264 302755 28045
265 443713 144141
266 401531 97593
267 428881 142163
268 301118 43866
269 290706 43247
270 311066 52466
271 330236 12845
272 328696 24791
273 292286 73360
274 325470 45309
275 389058 101788
276 304890 78768
277 342456 40600
278 340176 37240
279 244082 16937
280 349382 83214
281 251072 32139
282 453340 91000
283 278488 286236
284 291790 321042
285 297502 323400
286 296400 313600
287 284945 302600
288 281664 291044
289 431062 282800
290 442842 268100
291 435812 268800
292 442652 275800
293 435337 275100
294 447117 280000
295 439042 282800
296 444742 287000
297 436382 289100
298 445122 292600
299 436762 294000
300 422607 284200
301 442272 305200
302 433532 303100
303 442462 301000
304 442937 297500
305 426502 302400
306 431917 308000
307 424982 310100
308 431252 298200
309 425647 278600
310 417192 278600
311 427547 262500
312 417572 272300
313 407645 273933
314 426502 268100
315 421277 261100
316 409402 263200
317 416717 262500
318 411207 268100
319 426597 273000
320 433152 263900
321 288815 251060
322 290845 240964
323 285577 224119
324 237914 72418
325 234586 65800
326 332907 78600
327 252909 374531
328 260634 358448
329 240023 379487
330 260339 391533
331 336399 204156
332 247110 60768
333 363356 100520
334 235848 48138
335 263804 317622
336 225211 269477
337 408120 313133
338 432367 316866
339 442425 322466
340 393020 346389
341 382327 345800
342 344632 357666
343 323042 354511
344 311340 351145
345 162225 187495
346 238070 59338
347 370956 103320
348 235809 270875
349 234977 276862
350 227944 271012
351 193477 254333
352 205141 256586
353 206962 255717
354 196061 258066
355 120448 144033
356 224624 304266
357 76639 282172
358 230273 316641
359 230083 305760
360 224751 314066
361 145196 359529
362 150598 356650
363 148861 362020
364 152335 359053
365 161189 360546
366 169776 353412
367 169100 356825
368 173470 314909
369 168865 365493
370 162548 363954
371 173692 374958
372 169512 372448
373 170086 365851
374 167549 350135
375 185820 349275
376 180113 356710
377 185715 333877
378 294436 302306
379 282416 344680
380 392293 97160
381 392885 161636
382 396340 196700
383 408652 213080
384 405351 195800
385 404396 208040
386 411445 220000
387 424823 220408
388 434405 207000
389 434047 217215
390 432657 104166
391 437190 210000
392 441453 194950
393 441957 187981
394 449920 192111
395 449231 198800
396 436864 229000
397 223946 78733
398 236094 96600
399 168931 64120
400 209380 28957
401 412268 156800
402 384317 153565
403 412233 166843
404 441590 166796
405 417908 181683
406 406491 187000
407 190018 18266
408 163099 56504
409 156424 28200
410 181402 29166
411 150504 56669
412 427035 235822
413 449041 228900
414 452917 221822
415 454123 184100
416 241046 133000
417 202740 97647
418 226062 350000
419 420931 331800
420 322642 385823
421 140 56140
422 140 52780
423 461590 146860
424 461590 139020
425 461590 144620
426 461590 127820
427 461590 141260
428 461590 137900
429 461590 142380
430 461590 145740
431 461590 143500
432 461590 134540
433 461590 136780
434 461590 153580
435 461590 133420
436 461590 158060
437 461590 152460
438 461590 156940
439 461590 159180
440 461590 154700
441 461590 150220
442 461590 147980
443 461590 149100
444 461590 151340
445 461590 155820
446 461590 140140
447 252190 140
448 140 50540
449 461590 277900
450 461590 275660
451 461590 314860
452 461590 295820
453 461590 270060
454 274590 415820
455 273470 415820
456 267870 415820
457 461590 263340
458 461590 264460
459 140 53900
460 268990 415820
461 461590 271180
462 461590 268940
463 461590 266700
464 461590 259980
465 461590 265580
466 310430 415820
467 461590 267820
468 461590 242060
469 461590 249900
470 265630 415820
471 461590 247660
472 461590 253260
473 355230 415820
474 264510 415820
475 461590 276780
476 461590 273420
477 461590 274540
478 279070 415820
479 461590 272300
480 272350 415820
481 260030 415820
482 246590 415820
483 253310 415820
484 229790 140
485 190590 415820
486 200670 415820
487 198430 415820
488 244350 415820
489 256670 415820
490 193950 415820
491 205150 415820
492 227550 415820
493 192830 415820
494 191710 415820
495 215230 415820
496 254430 415820
497 214110 415820
498 266750 415820
499 207390 415820
500 208510 415820
501 245470 415820
502 210750 415820
503 209630 415820
504 271230 415820
505 263390 415820
506 262270 415820
507 216350 415820
508 237630 415820
509 202910 415820
510 270110 415820
511 255550 415820
512 252190 415820
513 212990 415820
514 220830 415820
515 261150 415820
516 204030 415820
517 195070 415820
518 221950 415820
519 226430 140
520 236510 415820
521 228670 415820
522 243230 415820
523 235390 415820
524 229790 415820
525 201790 415820
526 223070 415820
527 217470 415820
528 258910 415820
529 218590 415820
530 251070 415820
531 257790 415820
532 199550 415820
533 206270 415820
534 196190 415820
535 219710 415820
536 211870 415820
537 248830 415820
538 224190 415820
539 249950 415820
540 230910 415820
541 225310 415820
542 226430 415820
543 232030 415820
544 197310 415820
545 233150 415820
546 240990 415820
547 234270 415820
548 242110 415820
549 239870 415820
550 238750 415820
551 247710 415820
552 235390 140
553 256670 140
554 248830 140
555 332830 140
556 461590 95340
557 367550 140
558 364190 140
559 461590 76300
560 461590 94220
561 461590 93100
562 461590 88620
563 461590 57260
564 461590 59500
565 461590 65100
566 359710 140
567 461590 87500
568 461590 67340
569 461590 75180
570 461590 91980
571 461590 77420
572 461590 63980
573 461590 69580
574 461590 71820
575 461590 80780
576 461590 79660
577 324990 140
578 461590 84140
579 461590 89740
580 366430 140
581 348510 140
582 347390 140
583 340670 140
584 338430 140
585 461590 90860
586 357470 140
587 140 55020
588 461590 239820
589 461590 238700
590 461590 240940
591 461590 228620
592 461590 229740
593 461590 235340
594 461590 209580
595 461590 227500
596 461590 219660
597 461590 217420
598 140 51660
599 461590 234220
600 461590 210700
601 461590 236460
602 461590 212940
603 461590 216300
604 461590 215180
605 461590 218540
606 461590 230860
607 461590 231980
608 461590 211820
609 461590 169260
610 461590 208460
611 461590 214060
612 461590 178220
613 461590 183820
614 461590 237580
615 461590 189420
616 461590 193900
617 461590 233100
618 461590 226380
619 217470 140
620 461590 116620
621 195070 140
622 170430 140
623 187230 140
624 163710 140
625 205150 140
626 193950 140
627 206270 140
628 192830 140
629 191710 140
630 155870 140
631 161470 140
632 171550 140
633 144670 140
634 146910 140
635 167070 140
636 156990 140
637 148030 140
638 177150 140
639 180510 140
640 190590 140
641 173790 140
642 211870 140
643 136830 140
644 197310 140
645 207390 140
646 158110 140
647 135710 140
648 137950 140
649 159230 140
650 149150 140
651 139070 140
652 178270 140
653 242110 140
654 237630 140
655 368670 140
656 461590 83020
657 461590 62860
658 461590 58380
659 461590 81900
660 461590 78540
661 461590 85260
662 461590 72940
663 461590 66220
664 461590 70700
665 461590 86380
666 461590 68460
667 461590 60620
668 461590 96460
669 461590 61740
670 461590 74060
671 328350 140
672 365310 140
673 337310 140
674 251070 140
