0 453347 158415
1 350657 129251
2 465452 90030
3 286849 198468
4 294120 148964
5 344875 134366
6 382416 124705
7 386848 93426
8 298736 150474
9 350902 153900
10 231590 131936
11 222881 211674
12 259928 216618
13 393686 162550
14 375719 176374
15 356640 199075
16 400469 190093
17 415806 178818
18 373910 207020
19 294075 110736
20 414298 226022
21 274718 197613
22 372970 214352
23 353742 187040
24 125429 190514
25 118564 202188
26 273366 220011
27 415375 189147
28 291934 109194
29 201914 107683
30 274299 101126
31 278975 99496
32 236717 132054
33 414990 136776
34 250472 94966
35 284564 65117
36 414649 85809
37 316421 232967
38 290794 207436
39 327599 127866
40 420795 141914
41 308525 176747
42 368523 121200
43 183685 197680
44 286494 37240
45 341594 87360
46 455088 134898
47 329491 37488
48 283661 77247
49 235630 62955
50 368263 163800
51 381445 222282
52 425002 215800
53 465916 80703
54 358614 122188
55 244615 125285
56 465593 120560
57 439635 112221
58 328368 98887
59 410350 231672
60 294512 114333
61 349267 130375
62 69716 97565
63 49628 111253
64 198501 114055
65 383686 99240
66 461608 96058
67 376507 70992
68 245923 78187
69 390442 68874
70 343140 213080
71 263879 92300
72 337186 102386
73 341958 179010
74 197272 205220
75 280605 82509
76 204514 205460
77 178356 205576
78 169274 199528
79 171600 209331
80 281587 239607
81 291509 44266
82 203386 209618
83 201598 188650
84 176869 109078
85 337541 57900
86 126788 82276
87 200509 114827
88 337417 82937
89 290172 78192
90 142388 73243
91 284983 57000
92 429153 54460
93 382083 66200
94 232160 245116
95 183265 214925
96 320251 54103
97 172599 41066
98 351120 49247
99 192966 220984
100 97208 103337
101 194661 57400
102 107668 113248
103 217256 249136
104 182724 223917
105 178315 223533
106 108927 67666
107 266262 65698
108 208972 219800
109 214583 94876
110 205871 51893
111 145962 119361
112 94669 117237
113 160180 52966
114 197621 255111
115 162545 220150
116 210921 105000
117 187991 72933
118 222395 257188
119 144862 219613
120 153959 222775
121 178102 95000
122 293015 107578
123 283111 133823
124 281664 119855
125 258698 191640
126 84877 178192
127 75197 186511
128 161348 213640
129 364145 173911
130 351238 243755
131 375440 237160
132 260012 289675
133 368387 221694
134 344662 229328
135 371022 253400
136 158270 164066
137 180466 169235
138 39404 166121
139 100088 207575
140 203775 238720
141 44029 251782
142 52635 250677
143 75657 258203
144 77962 256848
145 64951 214562
146 12468 243775
147 37324 227888
148 7220 229133
149 18552 231988
150 367912 263248
151 336794 311080
152 331002 299432
153 273895 314688
154 324520 304920
155 312512 296313
156 358750 254856
157 372326 268692
158 275710 266227
159 132352 299075
160 295570 271292
161 446832 234500
162 504513 196333
163 494925 205444
164 491691 215439
165 193718 239900
166 529767 240800
167 523006 239400
168 133798 228760
169 137017 239000
170 138700 259800
171 122197 255800
172 128060 263200
173 120966 269733
174 136467 233100
175 136257 248600
176 139785 245400
177 141816 268240
178 128228 267400
179 114295 271133
180 124091 277977
181 82417 276422
182 73593 282333
183 99053 282955
184 42826 284760
185 85642 287000
186 44966 284200
187 76217 288600
188 38906 281400
189 21232 279650
190 62035 263200
191 65968 292600
192 27410 271506
193 59985 262600
194 25523 263900
195 60202 255800
196 54382 287311
197 32468 257444
198 76633 254800
199 62557 269850
200 36437 250600
201 83980 251066
202 66065 258200
203 60515 246050
204 91905 254200
205 96266 247333
206 100842 237650
207 97497 232200
208 83388 222911
209 71820 216720
210 60876 219800
211 45304 217000
212 39520 209844
213 26457 214550
214 11020 221666
215 12643 208600
216 122528 240955
217 104234 266560
218 89541 266890
219 111264 281960
220 77393 273933
221 69492 271950
222 58710 291200
223 90345 224700
224 193021 164640
225 167901 167662
226 122064 226333
227 128060 248920
228 145635 240450
229 88793 274866
230 108632 276150
231 136564 279933
232 77302 275800
233 82688 294840
234 88920 243133
235 106035 245933
236 94335 230300
237 106020 245000
238 56176 210466
239 96220 219505
240 27034 208200
241 56667 213733
242 41637 211800
243 36425 212200
244 220827 240940
245 453421 233000
246 417556 242200
247 120460 234150
248 128592 255640
249 126431 271800
250 247570 294340
251 406548 274955
252 434069 311392
253 504948 245000
254 440044 246367
255 450762 292040
256 427239 252570
257 307048 299307
258 382677 249072
259 270612 311710
260 468499 306200
261 513202 254393
262 327612 253689
263 312911 303660
264 329235 288018
265 353900 274400
266 487078 264155
267 443537 250727
268 307800 317800
269 333761 297640
270 352812 292435
271 475749 304783
272 487175 261800
273 427848 262500
274 467518 286650
275 421257 266900
276 199737 301116
277 254875 259180
278 209422 291355
279 513791 263200
280 516186 268280
281 461383 277133
282 501350 295842
283 491692 286941
284 460263 261275
285 513552 269690
286 283943 265258
287 454698 268940
288 511556 278600
289 519916 279160
290 420447 304898
291 349158 267470
292 500166 244872
293 428609 293872
294 313120 315000
295 59003 156800
296 112603 159782
297 102380 153892
298 88397 150325
299 63958 154000
300 32537 177800
301 11827 174300
302 12207 177100
303 22087 177100
304 24462 181300
305 13252 180600
306 11067 183400
307 15817 185500
308 26077 185500
309 14677 190400
310 25697 189700
311 50397 177100
312 35387 193200
313 26552 198100
314 36812 189000
315 23607 194600
316 47452 195300
317 45267 191100
318 41752 198800
319 36907 197400
320 46692 187600
321 39947 182700
322 26552 168000
323 34817 184800
324 52091 182000
325 24082 172900
326 13252 167300
327 19522 165200
328 13727 170100
329 38047 168700
330 42607 177800
331 43462 173600
332 265653 169457
333 276011 184933
334 411608 290872
335 459689 252466
336 471656 253400
337 386921 278600
338 299509 15439
339 283208 37082
340 256800 13433
341 255533 206469
342 322240 277900
343 411140 257276
344 483063 243250
345 102189 132909
346 145117 232866
347 145956 255400
348 119781 284800
349 101903 290888
350 92957 288750
351 108670 226726
352 479668 261400
353 274895 278885
354 479792 255266
355 96559 143620
356 92425 139275
357 107043 138600
358 175211 139533
359 185590 143717
360 178567 142172
361 187004 138786
362 96716 127306
363 268692 66721
364 83580 120158
365 85676 122668
366 97273 118626
367 87058 96133
368 84466 94325
369 84615 96889
370 93993 91653
371 96691 89786
372 98325 92575
373 97410 85662
374 119411 108522
375 104037 84653
376 103108 59477
377 93643 55179
378 88127 57013
379 110255 57490
380 111027 65980
381 100188 73427
382 102396 60296
383 380325 116866
384 116899 82238
385 76696 158946
386 14440 212520
387 269974 278200
388 121196 289100
389 143336 301980
390 153670 294073
391 103892 294280
392 173442 252741
393 149557 286200
394 99408 297640
395 104052 302200
396 158362 285311
397 144476 302120
398 134520 313800
399 198547 278666
400 155268 302680
401 174046 298832
402 180044 303800
403 184513 306250
404 448544 223266
405 461130 231000
406 508630 185214
407 468060 220536
408 161792 260507
409 178752 265160
410 186688 248600
411 487772 231622
412 507759 229735
413 486501 183221
414 513617 189000
415 517712 179941
416 526490 184333
417 94767 313444
418 161927 309750
419 163906 315466
420 129470 311610
421 412099 198177
422 468942 185932
423 206910 242760
424 92340 247800
425 72706 233644
426 41442 229682
427 494597 4200
428 497470 140
429 494110 140
430 190590 322440
431 291390 322440
432 189470 322440
433 357470 322440
434 274590 322440
435 308190 322440
436 255550 322440
437 239870 322440
438 183870 322440
439 256670 322440
440 184990 322440
441 216350 322440
442 187230 322440
443 191710 322440
444 180510 322440
445 208510 322440
446 188350 322440
447 215230 322440
448 200670 322440
449 192830 322440
450 199550 322440
451 193950 322440
452 186110 322440
453 360830 322440
454 534830 255500
455 496350 140
456 134590 322440
457 355230 140
458 279070 140
459 344030 140
460 153630 322440
461 251070 322440
462 238750 322440
463 243230 322440
464 237630 322440
465 141310 322440
466 495230 140
467 206270 322440
468 152510 322440
469 240990 140
470 144670 322440
471 139070 322440
472 146910 322440
473 140 162540
474 148030 322440
475 140 212940
476 140 214060
477 534830 145740
478 145790 322440
479 142430 322440
480 534830 144620
481 367550 140
482 534830 141260
483 534830 142380
484 310430 140
485 333950 140
486 349630 140
487 234270 322440
488 240990 322440
489 235390 322440
490 242110 322440
491 534830 150220
492 534830 143500
493 302590 140
494 265630 140
495 244350 322440
496 248830 140
497 282430 140
498 276830 140
499 331710 140
500 303710 140
501 318270 140
502 266750 140
503 254430 140
504 317150 140
505 247710 140
506 288030 140
507 290270 140
508 307070 140
509 300350 140
510 312670 140
511 262270 140
512 249950 140
513 243230 140
514 281310 140
515 264510 140
516 280190 140
517 296990 140
518 256670 140
519 251070 140
520 289150 140
521 275710 140
522 305950 140
523 313790 140
524 323870 140
525 534830 147980
526 534830 149100
527 233150 322440
528 236510 322440
529 230910 322440
530 226430 322440
531 223070 322440
532 214110 322440
533 211870 322440
534 233150 140
535 224190 322440
536 230910 140
537 221950 322440
538 217470 322440
539 225310 322440
540 218590 322440
541 227550 322440
542 220830 322440
543 207390 322440
544 228670 322440
545 210750 322440
546 232030 322440
547 205150 322440
548 196190 322440
549 198430 322440
550 197310 322440
551 195070 322440
552 212990 322440
553 202910 322440
554 204030 322440
555 201790 322440
556 209630 322440
557 219710 322440
558 229790 322440
559 534830 153580
560 442590 322440
561 534830 243180
562 428030 322440
563 310430 322440
564 383230 322440
565 388830 322440
566 350750 322440
567 321630 322440
568 304830 322440
569 270110 322440
570 282430 322440
571 279070 322440
572 326110 322440
573 341790 322440
574 263390 322440
575 264510 322440
576 265630 322440
577 322750 322440
578 261150 322440
579 257790 322440
580 248830 322440
581 249950 322440
582 247710 322440
583 290270 322440
584 417950 322440
585 293630 322440
586 366430 322440
587 401150 322440
588 400030 322440
589 408990 322440
590 423550 322440
591 415710 322440
592 312670 322440
593 370910 322440
594 492990 140
595 79710 322440
596 135710 322440
597 81950 322440
598 84190 322440
599 83070 322440
600 80830 322440
601 136830 322440
602 137950 322440
603 151390 322440
604 150270 322440
605 491870 140
606 158110 322440
607 156990 322440
608 163710 322440
609 155870 322440
610 171550 322440
611 165950 322440
612 172670 322440
613 154750 322440
614 170430 322440
615 164830 322440
616 143550 322440
617 182750 322440
618 181630 322440
619 128990 322440
620 123390 322440
621 133470 322440
622 122270 322440
623 121150 322440
624 140190 322440
625 149150 322440
626 449310 322440
627 450430 322440
628 534830 249900
629 534830 253260
630 534830 239820
631 534830 238700
632 534830 254380
633 534830 251020
634 534830 237580
635 534830 245420
636 534830 246540
637 534830 244300
638 534830 191660
639 534830 235340
640 534830 170380
641 534830 171500
642 534830 187180
643 534830 229740
644 534830 175980
645 534830 227500
646 534830 252140
647 534830 240940
648 534830 233100
649 534830 247660
650 534830 230860
651 534830 228620
652 534830 236460
653 534830 190540
654 534830 186060
655 534830 184940
656 534830 226380
657 534830 248780
658 534830 183820
659 534830 234220
660 451550 322440
661 534830 231980
662 398910 322440
663 283550 322440
664 253310 322440
665 252190 322440
666 289150 322440
667 294750 322440
668 292510 322440
669 281310 322440
670 277950 322440
671 280190 322440
672 267870 322440
673 266750 322440
674 272350 322440
675 307070 322440
676 260030 322440
677 258910 322440
678 414590 322440
679 402270 322440
680 413470 322440
681 534830 242060
