0 30673 40403
1 35571 42153
2 40632 39823
3 48874 41853
4 35171 47451
5 28410 44622
6 15939 24165
7 18399 26597
8 32893 44375
9 38274 40095
10 32940 31823
11 30706 29818
12 30265 13256
13 16161 17571
14 37222 15675
15 17469 18275
16 41587 24405
17 23739 15224
18 15387 29251
19 33131 35835
20 17513 32400
21 50027 28612
22 39137 32283
23 16709 33028
24 69984 41346
25 40055 45021
26 25176 50680
27 42454 50391
28 29705 28270
29 35005 17317
30 35338 12259
31 31641 18045
32 41425 25507
33 40077 23208
34 36587 23026
35 47786 18253
36 36853 23394
37 35243 26979
38 42304 27265
39 41897 47173
40 53955 49083
41 28409 16769
42 25970 13789
43 31085 15903
44 29292 13763
45 28907 29338
46 25832 26716
47 29459 38226
48 33255 36970
49 29378 38507
50 31610 37896
51 34460 28300
52 29628 37542
53 28836 36779
54 34204 37371
55 31089 25077
56 29384 22242
57 55321 51318
58 46850 22246
59 43556 21027
60 62979 21534
61 32651 12241
62 33266 24705
63 41960 27526
64 35222 10869
65 49189 7764
66 43708 28906
67 33210 28925
68 28297 54234
69 33842 54290
70 47124 54177
71 45246 52974
72 42434 29655
73 33389 17687
74 38705 30022
75 35818 25938
76 36438 12702
77 38916 30066
78 29114 34255
79 27734 19917
80 50459 46917
81 41712 9726
82 38919 25407
83 39096 23976
84 59019 64260
85 60948 58644
86 41194 51404
87 45217 23220
88 26459 51222
89 57847 51309
90 70501 48230
91 61896 54085
92 57154 53190
93 59630 51025
94 58307 42410
95 53516 17254
96 38081 14026
97 48108 22832
98 50215 24955
99 47809 7463
100 51933 8177
101 65960 21157
102 67733 20655
103 54928 45173
104 25581 55428
105 60681 52549
106 59855 28126
107 62316 53749
108 62425 26033
109 57861 29997
110 49530 11728
111 56361 26255
112 65426 53132
113 25145 52818
114 39126 12528
115 45097 29509
116 50153 50038
117 35595 17235
118 64426 51102
119 53941 46928
120 39744 32555
121 72175 43428
122 4564 38327
123 9610 38409
124 31136 54609
125 44473 54450
126 51123 55377
127 41243 58455
128 81097 49851
129 77927 52582
130 64812 38818
131 76545 32206
132 79992 37359
133 75536 33032
134 70885 38097
135 60905 34284
136 82090 36171
137 84346 40167
138 84862 43971
139 49773 67222
140 47448 68850
141 47935 69457
142 39604 66535
143 48231 66780
144 51574 68566
145 45405 68580
146 30466 63111
147 39032 62465
148 15749 58455
149 15211 63590
150 13987 55806
151 13145 49037
152 19749 50895
153 27405 69525
154 26811 69165
155 26721 69435
156 79566 40405
157 78716 35697
158 78573 37163
159 81307 43267
160 82811 43929
161 54703 45237
162 62602 42476
163 65961 49050
164 64183 43487
165 63143 42541
166 67581 32882
167 78957 29115
168 74532 31155
169 82225 39487
170 83796 45315
171 83040 44877
172 69504 35100
173 69663 34386
174 74151 27765
175 71898 29461
176 79695 29992
177 75832 33885
178 9876 39318
179 33916 60496
180 47630 63132
181 47218 61038
182 46146 65300
183 68385 65235
184 68654 59041
185 35336 59589
186 49289 59805
187 44901 69525
188 49059 69525
189 59968 67271
190 38718 67952
191 63047 59406
192 70452 67831
193 72958 60655
194 62683 68944
195 62143 66806
196 45225 69525
197 54119 63390
198 45063 69525
199 39825 63610
200 64661 56553
201 73375 57915
202 73589 64575
203 47601 69255
204 63590 63704
205 49658 59823
206 45819 68445
207 37079 57600
208 51853 64530
209 42385 55067
210 17848 56805
211 21402 56982
212 22542 50631
213 20326 54135
214 20199 53203
215 28349 60267
216 34945 59901
217 31128 64418
218 24910 64609
219 24273 66427
220 23672 62295
221 24559 46914
222 37941 55345
223 69908 53608
224 73012 53550
225 73325 55293
226 75298 54822
227 76208 53667
228 72036 53325
229 81389 50445
230 81903 49396
231 79475 47855
232 83480 47416
233 50743 39677
234 45257 41881
235 11380 37620
236 71299 36086
237 72119 34263
238 73667 35961
239 74992 38043
240 76828 38475
241 78114 39048
242 78862 39442
243 79452 41535
244 79615 42872
245 83997 45009
246 11353 58248
247 16740 62189
248 15987 61778
249 18301 61637
250 10641 57825
251 14358 60675
252 11453 60178
253 10867 58806
254 9715 51931
255 13633 48504
256 7632 45481
257 5065 45244
258 11544 53758
259 7112 54317
260 10808 48573
261 3543 47396
262 5638 48520
263 4840 53577
264 8784 60795
265 5713 58293
266 6879 58131
267 4384 58185
268 3196 57915
269 3283 57051
270 5508 57375
271 5637 56403
272 4428 56241
273 4492 57159
274 7300 56403
275 8737 56295
276 9871 56187
277 18084 44337
278 75222 30330
279 73575 29295
280 86002 33962
281 84375 38937
282 83578 37440
283 82427 38629
284 81644 38238
285 69538 37530
286 75762 31107
287 77250 31860
288 75824 31455
289 77790 28350
290 76575 27829
291 77469 33682
292 80622 31647
293 72099 28800
294 78990 29055
295 76392 31635
296 79236 31365
297 79546 32715
298 81684 29880
299 81324 29092
300 82273 42930
301 81057 41085
302 77863 32152
303 85965 32235
304 67767 34845
305 80532 30780
306 70842 31671
307 69304 33099
308 69935 29889
309 80352 37202
310 81067 33840
311 80419 34537
312 76771 28971
313 82775 31016
314 73710 32670
315 85113 36795
316 75282 28095
317 78729 33855
318 80325 33120
319 67808 30876
320 72036 28518
321 84876 35273
322 79744 36045
323 67959 36199
324 67901 37125
325 67570 35451
326 82228 40005
327 68522 38166
328 80929 37557
329 81805 35235
330 81293 32573
331 77999 35042
332 82788 31522
333 72195 31164
334 73584 30195
335 83102 40500
336 86342 36720
337 85225 42336
338 67500 33795
339 69097 35820
340 83268 33795
341 84030 34931
342 83970 41085
343 82056 41946
344 83634 36199
345 70316 31185
346 86160 40567
347 69268 36675
348 82974 32766
349 82971 35620
350 82512 33255
351 84440 33576
352 83551 42120
353 70061 28832
354 68458 33165
355 68985 31563
356 70270 29457
357 68917 38407
358 70000 38961
359 86337 37245
360 85486 39060
361 68873 29497
362 84192 40162
363 68544 39060
364 28498 69525
365 64154 33848
366 83711 2565
367 86589 48465
368 86589 41175
369 83916 42
370 83436 42
371 43980 72006
372 42252 72006
373 39660 72006
374 43596 72006
375 41100 72006
376 44172 72006
377 39564 72006
378 43788 72006
379 43500 72006
380 43884 72006
381 43404 72006
382 40908 72006
383 42444 72006
384 44460 72006
385 44268 72006
386 42348 72006
387 40812 72006
388 43308 72006
389 44556 72006
390 41004 72006
391 42156 72006
392 40428 72006
393 41484 72006
394 44364 72006
395 28236 72006
396 83820 42
397 89018 47340
398 89018 50988
399 46476 42
400 89018 51372
401 89018 41484
402 89018 51276
403 46092 42
404 89018 51180
405 46284 42
406 89018 50412
407 83532 42
408 89018 45036
409 89018 51084
410 89018 44940
411 89018 51660
412 89018 40908
413 89018 53964
414 89018 42732
415 89018 52620
416 89018 50700
417 89018 52524
418 89018 45132
419 57036 72006
420 89018 52908
421 89018 48492
422 89018 50316
423 59436 72006
424 38220 72006
425 38892 72006
426 89018 43020
427 89018 51564
428 45420 42
429 43692 72006
430 44652 72006
431 44076 72006
432 38316 72006
433 37644 72006
434 42 37548
435 42 36588
436 42 37164
437 42 36876
438 42 38124
439 42 39468
440 42 39948
441 42 37356
442 42 38796
443 42 36396
444 42 36684
445 42 39084
446 42 36780
447 42 38220
448 42 39660
449 42 40044
450 42 37452
451 42 38892
452 42 36204
453 42 35916
454 42 35820
455 42 38412
456 42 36492
457 42 39852
458 42 40236
459 42 36300
460 42 36108
461 42 38316
462 42 39564
463 42 40140
464 42 37260
465 42 38988
466 40140 72006
467 40332 72006
468 89018 33612
469 89018 31980
470 89018 34284
471 89018 33036
472 89018 33228
473 89018 34764
474 52332 42
475 51276 42
476 52620 42
477 89018 32844
478 89018 34092
479 54060 42
480 89018 32748
481 89018 32652
482 89018 33708
483 51756 42
484 51372 42
485 52524 42
486 53676 42
487 52140 42
488 89018 32460
489 89018 32556
490 89018 31788
491 89018 33996
492 89018 32940
493 89018 33804
494 89018 31884
495 89018 33324
496 89018 33900
497 51948 42
498 89018 33420
499 89018 34188
500 37452 72006
501 30636 72006
502 26796 72006
503 48492 72006
504 49356 72006
505 45228 72006
506 49068 72006
507 47340 72006
508 47052 72006
509 47436 72006
510 46956 72006
511 45516 72006
512 46092 72006
513 46476 72006
514 51372 72006
515 45324 72006
516 46860 72006
517 47532 72006
518 48204 72006
519 47148 72006
520 46284 72006
521 48780 72006
522 48588 72006
523 47724 72006
524 48396 72006
525 49644 72006
526 49164 72006
527 49452 72006
528 46188 72006
529 51468 72006
530 51276 72006
531 52236 72006
532 47820 72006
533 48684 72006
534 47244 72006
535 83628 42
536 18060 72006
537 18252 72006
538 17772 72006
539 19884 72006
540 20172 72006
541 20940 72006
542 21036 72006
543 42 57132
544 42 58380
545 42 56268
546 83724 42
547 19116 72006
548 17868 72006
549 16428 72006
550 16524 72006
551 42 59244
552 42 57228
553 42 56172
554 42 55884
555 42 55212
556 42 55116
557 42 53388
558 42 53772
559 42 53580
560 42 54156
561 42 53484
562 42 54540
563 42 54732
564 42 57516
565 42 58092
566 42 58284
567 42 47532
568 17580 72006
569 42 42636
570 42 45996
571 42 46188
572 42 47148
573 42 45420
574 42 44556
575 42 44460
576 42 48204
577 42 49068
578 42 48972
579 42 50796
580 42 42540
581 42 50988
582 42 51276
583 42 51468
584 42 50700
585 42 51180
586 42 51372
587 42 51084
588 42 50892
589 42 50604
590 42 48876
591 42 44076
592 42 47244
593 42 48396
594 42 42060
595 42 44844
596 42 41964
597 42 42348
598 42 46092
599 42 45132
600 42 46764
601 17676 72006
602 17964 72006
603 45612 72006
604 46668 72006
605 48300 72006
606 48972 72006
607 48012 72006
608 48876 72006
609 47916 72006
610 45996 72006
611 45900 72006
612 45804 72006
613 45420 72006
614 45708 72006
615 47628 72006
616 48108 72006
617 46764 72006
618 46572 72006
619 40716 72006
620 46380 72006
621 45132 72006
622 27852 72006
