0 328735 126700
1 262540 215538
2 233890 127400
3 258590 159716
4 249926 135985
5 214980 52469
6 299934 135737
7 300774 154565
8 195253 151617
9 196862 199431
10 207814 198333
11 219395 190400
12 257778 188345
13 247333 209180
14 279471 202293
15 307782 191545
16 285429 221382
17 205545 145904
18 207692 267237
19 304609 230187
20 245632 216440
21 145887 295032
22 254909 253616
23 288975 181557
24 252674 140212
25 127796 166685
26 192195 98368
27 168526 136360
28 185357 169761
29 163431 118300
30 147298 116395
31 183841 55752
32 302480 272258
33 253355 237423
34 240389 118533
35 297819 118377
36 199467 217691
37 97436 119905
38 206335 105700
39 241526 288723
40 143265 89320
41 176028 68320
42 149121 96600
43 170077 97844
44 255433 175323
45 312273 250836
46 316328 242664
47 324805 217875
48 255744 47502
49 235107 104300
50 266755 45315
51 291321 89223
52 263320 72405
53 254262 85244
54 294918 99880
55 317166 103340
56 338271 238667
57 235485 122373
58 205212 147595
59 75012 197960
60 148254 137168
61 122412 94640
62 101754 73920
63 169438 54208
64 276942 57575
65 198983 279729
66 249200 58800
67 252560 37986
68 140985 85021
69 129051 99324
70 103273 96747
71 98263 50804
72 148016 95296
73 251416 227393
74 247280 299670
75 138852 165106
76 233070 300484
77 237179 292920
78 299110 306188
79 197444 27703
80 217627 291708
81 226275 305307
82 127328 148026
83 38713 144659
84 158719 125800
85 73842 139774
86 155732 59658
87 140267 52831
88 140957 81368
89 73247 147832
90 97263 43786
91 60065 53271
92 282041 299800
93 222941 315490
94 142582 22079
95 148791 46955
96 224566 315800
97 225320 323621
98 97456 182434
99 118133 142610
100 260420 314346
101 190315 47054
102 210247 318530
103 129930 105430
104 109963 111787
105 103627 116718
106 61071 114666
107 266180 318080
108 204485 330232
109 48187 96466
110 279234 299250
111 219747 334320
112 220400 331240
113 238818 259219
114 84680 87356
115 215903 242122
116 213921 167282
117 215259 158440
118 208693 151900
119 220202 253015
120 159716 317242
121 174340 329451
122 135850 324520
123 213940 301000
124 237732 201600
125 324686 270938
126 352260 248360
127 332640 319200
128 307902 227518
129 373024 254733
130 199280 297610
131 142178 337328
132 243105 263725
133 116789 305712
134 173993 212800
135 41473 298419
136 64587 291406
137 50037 287035
138 107939 326864
139 16411 325675
140 56655 343962
141 37170 353945
142 49471 350700
143 418646 280093
144 443578 281050
145 406620 291951
146 450148 307160
147 408985 290422
148 351301 263836
149 403048 268261
150 308648 335950
151 375437 303326
152 299492 362110
153 373977 296509
154 344612 187600
155 367803 141938
156 384937 156364
157 424460 155050
158 307610 301896
159 459182 182700
160 457773 178733
161 102410 280840
162 93317 267800
163 76886 253400
164 69603 256666
165 61243 253400
166 50223 253400
167 96203 275333
168 83315 257600
169 88757 260600
170 77292 260120
171 66728 248920
172 52535 253050
173 41962 257000
174 59343 259466
175 54508 243755
176 18064 275584
177 41332 245430
178 27170 250250
179 34411 270822
180 31160 285981
181 38665 280000
182 32544 293400
183 66595 294700
184 32015 285250
185 35940 302621
186 15770 302000
187 82894 300200
188 79420 304200
189 66167 296450
190 35787 313352
191 78343 308933
192 71228 301933
193 79257 313800
194 68906 308155
195 36549 322127
196 56240 314688
197 50983 325733
198 98489 322890
199 72390 319550
200 68611 323088
201 93670 329350
202 112442 339360
203 87074 331400
204 88540 336700
205 90155 341950
206 97992 346850
207 99306 358866
208 93252 351960
209 93697 354600
210 49716 358400
211 78543 361738
212 69730 357350
213 83125 270200
214 52440 269850
215 42797 255150
216 41990 267750
217 42288 277000
218 20963 281400
219 55944 284822
220 58658 292090
221 169812 274700
222 138470 271262
223 92297 284822
224 101563 270454
225 96282 263200
226 23560 260120
227 36907 254450
228 17480 268022
229 23053 255733
230 62342 245988
231 63080 286440
232 96419 310058
233 101840 333900
234 91525 326200
235 112588 349000
236 87906 350466
237 182960 197540
238 347320 200355
239 390939 172013
240 86830 276920
241 70595 263044
242 21008 276600
243 103550 350840
244 329690 332094
245 395848 231543
246 434325 175323
247 421040 233240
248 369226 203622
249 367439 317134
250 367757 257940
251 395228 195066
252 441569 326105
253 446745 192379
254 421483 249200
255 349992 209906
256 337099 285744
257 420653 309622
258 414820 317369
259 331438 314835
260 414777 315103
261 417991 245186
262 411498 247012
263 367878 217513
264 345040 365400
265 424464 282160
266 441913 198488
267 390318 242307
268 406817 202752
269 334059 347200
270 328228 306058
271 429431 252466
272 447151 247800
273 393942 215533
274 165103 235529
275 447396 215084
276 423572 208657
277 376114 230300
278 449681 245160
279 369846 297211
280 366120 224980
281 424225 185431
282 383304 273887
283 444666 233191
284 396671 182421
285 347320 368200
286 116038 247545
287 129010 242511
288 120373 252763
289 108722 261800
290 183017 349300
291 177412 352100
292 170287 352100
293 168767 355600
294 164302 349300
295 153852 357700
296 161357 356300
297 156227 350700
298 151382 349300
299 147962 357700
300 146727 352100
301 177602 341600
302 129057 346500
303 130292 343000
304 138937 343700
305 142357 349300
306 138937 353500
307 127822 349300
308 131907 356300
309 134852 350700
310 149767 343700
311 158792 341600
312 187197 343700
313 160502 345800
314 158681 334600
315 170382 341600
316 187102 337400
317 177887 335300
318 185962 341600
319 167342 338100
320 170477 344400
321 178077 347200
322 173973 232102
323 385963 214415
324 404890 228200
325 387735 261000
326 95248 216708
327 128806 221101
328 90714 227963
329 379240 289800
330 441837 229492
331 159875 171567
332 87997 249266
333 76491 242694
334 78812 287700
335 85554 294600
336 97860 318888
337 100995 336000
338 104655 343254
339 404578 235816
340 162784 184365
341 157378 176834
342 273159 107006
343 161506 175903
344 165919 138690
345 161545 144296
346 169224 148544
347 164006 137877
348 276379 98588
349 129390 177890
350 60670 81985
351 105830 181662
352 116810 183013
353 115109 175270
354 44227 150883
355 46823 155312
356 48803 154724
357 51440 152238
358 41830 168858
359 44281 170275
360 44590 171937
361 104359 139503
362 43252 169761
363 41082 159103
364 42632 162641
365 48174 166503
366 51220 154406
367 59755 170240
368 65307 182531
369 64292 174806
370 84059 180329
371 125159 253773
372 66310 357466
373 291632 353945
374 297540 350840
375 312522 348200
376 284696 352520
377 243539 340600
378 251633 342277
379 272920 345505
380 233620 357442
381 375486 347018
382 263672 351800
383 312258 355506
384 279775 339623
385 324308 360422
386 328248 363300
387 358369 185984
388 422895 139160
389 286127 327409
390 296507 310053
391 246976 330400
392 286388 325234
393 440733 152843
394 390642 141891
395 381387 123946
396 239991 354511
397 272499 363565
398 248245 364311
399 311266 192178
400 344010 165000
401 171038 207480
402 61335 333709
403 456030 140
404 451550 140
405 339550 371730
406 337310 371730
407 312670 371730
408 349630 371730
409 328350 371730
410 344030 371730
411 318270 371730
412 317150 371730
413 313790 371730
414 338430 371730
415 304830 371730
416 310430 371730
417 324990 371730
418 308190 371730
419 307070 371730
420 309310 371730
421 311550 371730
422 319390 371730
423 320510 371730
424 321630 371730
425 322750 371730
426 323870 371730
427 305950 371730
428 340670 371730
429 463690 186060
430 453790 140
431 252190 371730
432 128990 371730
433 248830 371730
434 299230 371730
435 140 214060
436 140 224140
437 124510 371730
438 140 215180
439 142430 371730
440 244350 371730
441 452670 140
442 130110 371730
443 298110 371730
444 126750 371730
445 131230 371730
446 268990 371730
447 160350 371730
448 257790 371730
449 260030 371730
450 253310 371730
451 264510 371730
452 140 193900
453 261150 371730
454 254430 371730
455 326110 371730
456 123390 371730
457 348510 371730
458 327230 371730
459 258910 371730
460 155870 371730
461 162590 371730
462 207390 140
463 208510 371730
464 208510 140
465 212990 371730
466 224190 140
467 209630 140
468 140 189420
469 140 202860
470 140 206220
471 134590 371730
472 140 198380
473 127870 371730
474 143550 140
475 140 188300
476 140 183820
477 140 203980
478 140 200620
479 140 187180
480 135710 371730
481 140 195020
482 125630 371730
483 143550 371730
484 140 191660
485 140 186060
486 140 205100
487 121150 371730
488 141310 371730
489 140 197260
490 140 201740
491 122270 371730
492 146910 371730
493 120030 371730
494 137950 371730
495 140 196140
496 133470 371730
497 144670 371730
498 140 190540
499 140 184940
500 217470 140
501 218590 140
502 184990 371730
503 183870 140
504 192830 140
505 186110 140
506 178270 140
507 172670 140
508 178270 371730
509 176030 140
510 199550 140
511 170430 140
512 198430 140
513 201790 140
514 169310 140
515 167070 371730
516 164830 371730
517 165950 371730
518 170430 371730
519 196190 140
520 172670 371730
521 189470 140
522 173790 371730
523 174910 371730
524 179390 371730
525 171550 371730
526 176030 371730
527 183870 371730
528 187230 371730
529 180510 371730
530 188350 371730
531 181630 371730
532 186110 371730
533 191710 140
534 226430 140
535 463690 187180
536 463690 184940
537 463690 229740
538 463690 247660
539 463690 271180
540 463690 231980
541 364190 371730
542 352990 371730
543 345150 371730
544 463690 283500
545 463690 280140
546 463690 276780
547 346270 371730
548 463690 245420
549 463690 286860
550 463690 303660
551 463690 285740
552 355230 371730
553 463690 289100
554 463690 299180
555 463690 296940
556 463690 294700
557 463690 292460
558 463690 287980
559 463690 267820
560 463690 273420
561 463690 275660
562 463690 270060
563 463690 235340
564 463690 233100
565 463690 230860
566 463690 256620
567 347390 371730
568 463690 240940
569 450430 140
570 243230 371730
571 249950 371730
572 242110 371730
573 236510 371730
574 247710 371730
575 235390 371730
576 237630 371730
577 233150 371730
578 240990 371730
579 234270 371730
580 454910 140
581 267870 371730
582 256670 371730
583 263390 371730
584 246590 371730
585 238750 371730
586 262270 371730
587 255550 371730
588 251070 371730
589 245470 371730
590 239870 371730
591 283550 371730
592 291390 371730
593 290270 371730
594 270110 371730
595 274590 371730
596 271230 371730
597 266750 371730
598 265630 371730
599 277950 371730
600 281310 371730
601 463690 167020
602 463690 181580
603 463690 156940
604 463690 150220
605 463690 158060
606 463690 149100
607 463690 169260
608 463690 163660
609 463690 168140
610 463690 160300
611 463690 155820
612 463690 139020
613 463690 112140
614 463690 146860
615 463690 123340
616 463690 113260
617 463690 114380
618 463690 115500
619 463690 116620
620 463690 130060
621 463690 118860
622 463690 122220
623 463690 135660
624 463690 170380
625 463690 125580
626 463690 164780
627 463690 171500
628 463690 136780
629 463690 131180
630 463690 126700
631 463690 132300
632 463690 133420
633 463690 124460
634 463690 144620
635 463690 182700
636 463690 178220
637 463690 266700
638 463690 281260
639 463690 293580
640 463690 295820
641 463690 291340
642 463690 290220
643 463690 274540
644 463690 279020
645 463690 277900
646 463690 282380
647 463690 302540
648 463690 300300
649 463690 284620
650 463690 272300
651 463690 301420
652 463690 298060
653 463690 226380
654 463690 268940
655 463690 255500
656 463690 183820
