0 416998 142927
1 307705 239203
2 341176 182881
3 408251 139377
4 320717 150536
5 385528 165117
6 410023 177296
7 228288 298307
8 254954 308381
9 377361 198167
10 346844 213803
11 303132 217460
12 374287 223733
13 370908 273509
14 376471 253848
15 335440 202333
16 317626 277412
17 354329 275071
18 274740 211680
19 161526 267551
20 222798 145889
21 217035 124833
22 307104 173904
23 223000 139481
24 203337 91773
25 223867 173625
26 128685 203068
27 206344 109836
28 161520 137530
29 337330 302252
30 320950 262989
31 308742 145483
32 286152 127018
33 242704 272800
34 220887 112636
35 230807 104006
36 186547 91516
37 133277 86955
38 388321 260019
39 412281 244160
40 342864 98771
41 332786 77996
42 305710 139800
43 292045 154885
44 399096 114827
45 341799 133700
46 413408 253242
47 263720 162915
48 134542 204811
49 348409 92064
50 214501 108671
51 234532 98013
52 328234 137406
53 221897 260445
54 352830 261305
55 166300 116421
56 269877 218187
57 259193 285110
58 204619 78373
59 82759 111623
60 245175 286631
61 245767 276920
62 287246 322280
63 133529 262990
64 220905 96100
65 235853 290360
66 188238 110422
67 134090 164162
68 56625 159854
69 203630 144200
70 204142 150158
71 159576 81433
72 198453 47363
73 96223 158900
74 108586 69573
75 263699 80018
76 277692 319251
77 240293 296955
78 227616 75057
79 239819 303216
80 146387 193953
81 160870 165789
82 238207 309400
83 97086 86058
84 223150 303678
85 162163 127365
86 165102 169232
87 116456 128750
88 168901 158795
89 285953 339156
90 227483 315448
91 113432 125956
92 304032 327000
93 207233 311920
94 216231 314650
95 287283 270459
96 241763 231164
97 280835 194010
98 269895 179900
99 251263 252819
100 103981 259000
101 213560 289800
102 374573 230650
103 389624 293144
104 401128 277480
105 387782 353285
106 401804 313937
107 433964 338651
108 175391 234200
109 195654 256166
110 189988 277776
111 93342 237073
112 121560 286410
113 126993 337551
114 121139 330141
115 81432 334950
116 75266 286181
117 43029 334764
118 37129 314548
119 15168 323633
120 24423 322890
121 416206 345012
122 449915 366136
123 430743 374000
124 408211 302680
125 357038 340086
126 218280 363533
127 393854 333395
128 431034 245000
129 500289 198075
130 502092 193597
131 491691 216580
132 287217 340814
133 550287 266700
134 550746 262733
135 147516 297640
136 160170 310100
137 194614 327800
138 175560 329400
139 184224 337400
140 178030 343000
141 152542 303000
142 171542 321400
143 169290 314650
144 164666 320133
145 194264 336777
146 190168 346111
147 181205 357000
148 182864 343000
149 166288 360640
150 138510 361760
151 182875 354550
152 157265 352600
153 111478 354454
154 134444 355880
155 142310 347550
156 125704 347480
157 131670 342300
158 113240 348880
159 117637 317400
160 120523 347200
161 94012 347620
162 111448 310600
163 106780 306950
164 107793 329466
165 81959 336890
166 101025 305800
167 101206 314066
168 96425 302750
169 92150 311500
170 73400 323252
171 79365 318200
172 80465 301350
173 69122 311360
174 71706 289800
175 62265 293400
176 55670 288050
177 45885 289800
178 31194 290054
179 22592 301254
180 15200 313600
181 12130 297553
182 147988 314688
183 164160 346422
184 149302 345240
185 136230 336000
186 171168 354822
187 124531 327000
188 120164 343933
189 69635 294350
190 178606 291441
191 134845 300200
192 162032 302120
193 156417 361200
194 142120 359450
195 121726 332266
196 121771 312620
197 83600 301700
198 94632 295773
199 65170 286300
200 43193 287311
201 65968 277760
202 21237 292600
203 44093 276600
204 32173 277666
205 25460 277800
206 219315 339984
207 443045 236345
208 262271 364583
209 143097 309800
210 137180 305200
211 167960 329000
212 169860 309800
213 185440 357400
214 169503 334250
215 372613 358680
216 512542 240540
217 537545 303385
218 476018 297777
219 493008 350370
220 416702 301320
221 456487 246267
222 459832 347475
223 499896 369165
224 535463 250600
225 442062 286645
226 380144 308917
227 481092 347604
228 383042 344095
229 396312 355933
230 514450 312200
231 462634 295740
232 412300 385000
233 347812 325500
234 505382 310418
235 452177 258835
236 370521 372400
237 529739 267608
238 536845 314533
239 538680 322189
240 483743 267303
241 491520 286580
242 527255 327682
243 401006 333550
244 495070 287147
245 506487 255419
246 442062 326733
247 537265 289857
248 478787 249498
249 391780 385000
250 154556 226290
251 107307 223533
252 139005 229295
253 154068 233488
254 65502 252700
255 63127 244300
256 69682 243600
257 59327 240100
258 65977 238700
259 51347 238700
260 51442 245700
261 52677 254100
262 64457 257600
263 53817 249900
264 51537 257600
265 82127 254800
266 51632 264600
267 63792 266700
268 51442 261100
269 60562 260400
270 54197 268800
271 64362 272300
272 73102 273000
273 54387 272300
274 79942 267400
275 88967 257600
276 70252 262500
277 80702 273700
278 89711 266933
279 71487 266700
280 79657 263900
281 89632 263200
282 77472 259000
283 87352 251300
284 77662 250600
285 65312 248500
286 293831 238154
287 493386 295615
288 514972 297294
289 297139 38128
290 280076 80763
291 265309 40472
292 412965 338800
293 219278 195412
294 182490 320200
295 313771 144109
296 181766 332266
297 136000 325905
298 79490 292894
299 224490 198975
300 224900 197400
301 223311 192522
302 219327 162174
303 218856 166775
304 225506 171675
305 218064 160367
306 357994 123123
307 186169 193064
308 166687 98173
309 134517 103790
310 143741 197026
311 162013 199360
312 158306 189903
313 83967 173916
314 90499 173337
315 98726 183309
316 92162 171387
317 70870 177890
318 77555 177712
319 73472 178478
320 140397 162987
321 63515 174909
322 53059 165696
323 68412 172106
324 61040 171546
325 74400 165064
326 66408 174096
327 81136 182746
328 62206 179946
329 98438 177167
330 10792 300440
331 6776 318266
332 222300 355923
333 224175 360895
334 244068 357000
335 253700 342850
336 250192 360430
337 239637 379050
338 339240 367693
339 282858 370618
340 273220 372442
341 282648 375550
342 455221 230333
343 445702 232680
344 490120 185589
345 518620 230410
346 268890 330000
347 269643 345141
348 538936 210466
349 532956 187040
350 212022 380800
351 263480 379105
352 279321 382977
353 219982 374472
354 405595 232000
355 448295 200987
356 212762 344120
357 169100 320600
358 58067 312733
359 456030 140
360 451550 140
361 428030 390010
362 417950 390010
363 364190 390010
364 436990 390010
365 413470 390010
366 423550 390010
367 411230 390010
368 392190 390010
369 385470 390010
370 361950 390010
371 366430 390010
372 365310 390010
373 376510 390010
374 368670 390010
375 370910 390010
376 382110 390010
377 378750 390010
378 396670 390010
379 400030 390010
380 397790 390010
381 403390 390010
382 402270 390010
383 369790 390010
384 438110 390010
385 555500 265580
386 453790 140
387 171550 390010
388 120030 140
389 176030 390010
390 187230 390010
391 140 252140
392 337310 140
393 330590 140
394 267870 390010
395 140 257740
396 191710 390010
397 452670 140
398 333950 140
399 195070 390010
400 140 261100
401 173790 390010
402 197310 390010
403 140 256620
404 140 229740
405 140 254380
406 140 253260
407 196190 390010
408 281310 140
409 140 255500
410 170430 390010
411 284670 140
412 235390 390010
413 189470 390010
414 174910 390010
415 140 259980
416 224190 390010
417 172670 390010
418 252190 390010
419 243230 390010
420 238750 390010
421 248830 390010
422 387710 140
423 376510 140
424 296990 140
425 251070 140
426 245470 390010
427 247710 390010
428 267870 140
429 289150 140
430 324990 140
431 298110 140
432 313790 140
433 248830 140
434 271230 140
435 316030 140
436 253310 390010
437 274590 140
438 288030 140
439 310430 140
440 294750 140
441 312670 140
442 246590 140
443 270110 140
444 262270 390010
445 266750 140
446 252190 140
447 286910 140
448 291390 140
449 272350 140
450 261150 390010
451 275710 140
452 283550 140
453 309310 140
454 295870 140
455 319390 140
456 378750 140
457 379870 140
458 265630 390010
459 264510 390010
460 223070 390010
461 236510 390010
462 240990 390010
463 229790 390010
464 227550 390010
465 244350 390010
466 215230 390010
467 226430 390010
468 212990 390010
469 207390 390010
470 239870 390010
471 254430 390010
472 228670 390010
473 255550 390010
474 219710 390010
475 230910 390010
476 220830 390010
477 232030 390010
478 217470 390010
479 210750 390010
480 206270 390010
481 204030 390010
482 211870 390010
483 200670 390010
484 188350 390010
485 198430 390010
486 208510 390010
487 216350 390010
488 205150 390010
489 233150 390010
490 377630 140
491 555500 270060
492 555500 266700
493 478430 390010
494 434750 390010
495 435870 390010
496 448190 390010
497 432510 390010
498 355230 390010
499 420190 390010
500 419070 390010
501 395550 390010
502 360830 390010
503 354110 390010
504 430270 390010
505 375390 390010
506 363070 390010
507 374270 390010
508 356350 390010
509 380990 390010
510 386590 390010
511 398910 390010
512 404510 390010
513 410110 390010
514 407870 390010
515 456030 390010
516 415710 390010
517 433630 390010
518 449310 390010
519 445950 390010
520 472830 390010
521 475070 390010
522 453790 390010
523 379870 390010
524 442590 390010
525 450430 140
526 199550 390010
527 201790 390010
528 209630 390010
529 193950 390010
530 214110 390010
531 218590 390010
532 225310 390010
533 234270 390010
534 251070 390010
535 237630 390010
536 454910 140
537 273470 390010
538 280190 390010
539 286910 390010
540 291390 390010
541 289150 390010
542 277950 390010
543 266750 390010
544 260030 390010
545 270110 390010
546 263390 390010
547 246590 390010
548 258910 390010
549 256670 390010
550 221950 390010
551 190590 390010
552 257790 390010
553 202910 390010
554 192830 390010
555 242110 390010
556 249950 390010
557 555500 236460
558 555500 263340
559 555500 231980
560 555500 200620
561 555500 227500
562 555500 192780
563 555500 230860
564 555500 229740
565 555500 233100
566 555500 235340
567 555500 228620
568 555500 179340
569 555500 172620
570 555500 226380
571 555500 162540
572 555500 160300
573 555500 174860
574 555500 182700
575 555500 164780
576 555500 205100
577 555500 198380
578 555500 234220
579 555500 187180
580 555500 237580
581 555500 158060
582 555500 239820
583 555500 238700
584 555500 165900
585 555500 159180
586 555500 161420
587 555500 169260
588 555500 183820
589 555500 163660
590 555500 207340
591 555500 264460
592 555500 258860
593 450430 390010
594 421310 390010
595 401150 390010
596 405630 390010
597 412350 390010
598 408990 390010
599 414590 390010
600 406750 390010
601 358590 390010
602 357470 390010
603 373150 390010
604 367550 390010
605 372030 390010
606 359710 390010
607 383230 390010
608 384350 390010
609 452670 390010
610 447070 390010
611 451550 390010
612 555500 267820
