0 381583 162283
1 293499 255275
2 299636 67993
3 290777 205125
4 284307 172531
5 291382 145281
6 240689 77169
7 353872 175378
8 207879 134713
9 193483 197493
10 234295 373240
11 249305 417963
12 266169 410900
13 284627 242334
14 301299 263900
15 332200 252137
16 362364 236090
17 341039 264107
18 362265 243452
19 233786 184942
20 389802 285896
21 359073 272923
22 363755 253555
23 287052 271600
24 168608 347633
25 162983 355530
26 319064 320179
27 311647 213500
28 290718 168295
29 168057 189922
30 198821 134466
31 255816 209813
32 178101 142450
33 216567 193523
34 133970 217983
35 284842 212472
36 184703 148750
37 201187 115023
38 203781 72832
39 365522 329000
40 302360 287419
41 278020 146066
42 331640 149733
43 342159 192254
44 236683 320564
45 247994 258498
46 177893 162925
47 264916 125740
48 355673 322986
49 291386 352046
50 148660 97115
51 200716 86986
52 164730 32946
53 192820 103276
54 195372 122862
55 291875 224674
56 380624 288611
57 389329 265720
58 310303 63905
59 367233 155490
60 272365 135800
61 185597 160931
62 332837 105155
63 310281 100882
64 304887 110905
65 361047 122587
66 364346 132676
67 254319 187006
68 88438 245186
69 197444 156248
70 171430 176828
71 241564 343466
72 141534 113322
73 114518 99400
74 193348 68758
75 301113 75961
76 268064 55160
77 147831 58916
78 236337 35988
79 339593 272688
80 169229 122360
81 292745 281050
82 297085 365600
83 368691 369656
84 171851 215237
85 357180 366944
86 121700 104766
87 285017 369250
88 286824 361480
89 287120 353640
90 348113 352495
91 244373 350485
92 224823 354111
93 275551 375836
94 160371 104028
95 105566 70496
96 38616 178733
97 176156 158296
98 74955 175466
99 184749 66876
100 197998 83313
101 92952 182840
102 113077 56085
103 207926 38286
104 68746 85026
105 334653 362413
106 269189 384700
107 157181 28484
108 136958 70777
109 118244 119000
110 266043 395230
111 86011 43786
112 101434 81480
113 241003 302106
114 152269 195055
115 120980 231121
116 312683 364155
117 264068 397016
118 256278 391222
119 59096 175812
120 164055 63400
121 249536 399140
122 254628 329140
123 156033 134076
124 128414 131413
125 104667 151000
126 200150 393560
127 324641 400344
128 98968 134040
129 322525 375316
130 257708 310984
131 250220 380520
132 261133 384688
133 98504 139720
134 75836 132766
135 21323 130415
136 336428 367400
137 259507 365689
138 255562 373240
139 51000 146631
140 245342 215390
141 247456 190680
142 245141 188737
143 186193 379681
144 202875 390600
145 193501 387400
146 265012 358120
147 286161 342688
148 387465 322952
149 391704 304920
150 414730 285145
151 371400 278058
152 369467 305139
153 450442 308933
154 198559 320460
155 228052 377222
156 169997 405020
157 284910 317635
158 130957 326410
159 68950 368041
160 82174 373314
161 26864 352739
162 174315 359890
163 77360 311472
164 54910 344925
165 47994 328626
166 15335 329000
167 31065 325266
168 455176 322674
169 517142 329700
170 529181 329466
171 492247 340712
172 512867 329608
173 530077 343784
174 490987 333447
175 425695 314872
176 380479 383633
177 484777 318015
178 456847 401877
179 387006 429450
180 399439 379711
181 454163 353733
182 450813 362560
183 325899 424565
184 415672 230300
185 428000 159727
186 433385 162548
187 499881 172454
188 440800 184122
189 380213 347375
190 551712 209300
191 547326 203933
192 130112 381360
193 137071 401000
194 127354 418200
195 112923 408800
196 105260 412440
197 98496 419720
198 133760 389550
199 130340 406700
200 140296 410200
201 122088 404200
202 133597 413000
203 116660 423888
204 102372 418040
205 94287 413350
206 103882 406350
207 91808 394520
208 78913 409888
209 106020 429450
210 93986 429177
211 48402 403900
212 58330 423266
213 67857 426200
214 40976 384066
215 50616 419160
216 22372 375550
217 33972 407960
218 39411 410200
219 41005 384490
220 22610 399000
221 43203 373584
222 11834 359400
223 49210 367733
224 6317 352100
225 10687 381500
226 77381 365909
227 13236 346266
228 10735 365400
229 87572 359545
230 27787 343000
231 19190 356533
232 83790 353500
233 58472 351750
234 81583 338692
235 92340 325436
236 93914 345800
237 97280 335300
238 90060 326666
239 95253 312666
240 77976 304360
241 73245 302400
242 62367 301000
243 52440 299000
244 29687 295400
245 36860 301933
246 18240 320400
247 14820 306133
248 23813 308000
249 123065 389400
250 92482 405300
251 79420 390288
252 66717 392200
253 79908 427000
254 41325 400400
255 51571 390200
256 40533 389355
257 23702 392350
258 86108 314440
259 160143 325041
260 113287 368200
261 143070 403550
262 73023 412533
263 62645 413000
264 71345 418600
265 83740 400768
266 64885 401100
267 99896 353338
268 106970 347666
269 92502 297400
270 100668 322933
271 76126 294933
272 81573 306600
273 54231 295000
274 101903 304733
275 85662 308600
276 219706 435960
277 428946 224323
278 457945 179933
279 423510 243276
280 114047 378000
281 130625 403200
282 116497 404200
283 94164 415240
284 54882 411000
285 74184 389822
286 406394 396355
287 483856 275506
288 516642 205746
289 507426 261800
290 445730 242814
291 487708 210570
292 433240 243200
293 433360 257160
294 440942 301140
295 538126 385341
296 535971 215224
297 495852 294700
298 412339 338848
299 503721 369066
300 495781 360500
301 401780 365909
302 448427 377800
303 505856 298200
304 496001 291044
305 479490 228013
306 445531 251860
307 405460 438200
308 506877 374771
309 516420 299133
310 503651 283694
311 513308 340694
312 403993 362162
313 537256 225866
314 470804 284666
315 437176 258000
316 487736 238373
317 430720 265189
318 403555 411212
319 508448 394100
320 535204 234563
321 410400 394800
322 511955 288400
323 537832 297104
324 496223 232960
325 449476 266933
326 536712 246832
327 537779 384688
328 509708 243660
329 455632 277480
330 546668 294280
331 538627 289800
332 445097 358894
333 457307 266905
334 547960 281400
335 543324 275240
336 517765 226800
337 464577 327087
338 547453 267400
339 477348 206248
340 409640 441000
341 542260 259933
342 162674 282163
343 132545 289800
344 131670 276920
345 141895 299218
346 177544 297266
347 216362 415100
348 208572 422100
349 200022 420700
350 191757 423500
351 189477 416500
352 180547 429100
353 188242 428400
354 182637 420700
355 172092 419300
356 171997 429800
357 172852 424200
358 209237 408100
359 164302 415800
360 152427 409500
361 152237 415100
362 161357 410200
363 161262 420700
364 152807 421400
365 153662 428400
366 163162 428400
367 181212 409500
368 190712 405300
369 220447 411600
370 189762 411600
371 189905 398533
372 197172 412300
373 219117 403200
374 208762 401100
375 223677 407400
376 199072 403900
377 204012 408800
378 208287 414400
379 199641 286654
380 258366 290700
381 209614 262924
382 462337 223000
383 463876 251363
384 496660 261240
385 473018 308200
386 93085 270694
387 60142 265705
388 59055 278747
389 112531 274880
390 278897 314933
391 449960 357736
392 410912 248733
393 533900 260866
394 197299 218806
395 142922 393711
396 542450 263666
397 467960 216263
398 523725 269536
399 138446 422866
400 118391 431044
401 84740 428600
402 105684 331800
403 95717 310644
404 96019 303290
405 281508 153081
406 490833 268333
407 447703 363533
408 526870 271444
409 195228 232737
410 194985 229841
411 194002 223593
412 195630 181720
413 192679 186103
414 200240 190255
415 193781 179760
416 148320 228013
417 155007 89117
418 73109 102318
419 139256 183013
420 141151 231933
421 142074 234668
422 142620 224653
423 44688 189560
424 55598 186900
425 51830 190834
426 53181 186666
427 49647 207106
428 57581 207025
429 54636 206062
430 116433 178793
431 61059 208040
432 48798 197120
433 53403 202517
434 56954 205703
435 49305 187180
436 61093 205545
437 67367 215600
438 83993 226751
439 76687 225303
440 94297 233333
441 194520 326789
442 157282 295586
443 21714 316600
444 451816 383506
445 311378 420840
446 309573 423266
447 341200 426410
448 304304 410200
449 350436 387800
450 383365 418200
451 294120 416920
452 293106 405533
453 293389 422476
454 291840 412066
455 326920 417273
456 313605 401022
457 300326 432600
458 360563 418460
459 327352 428272
460 368962 428018
461 362805 427700
462 396043 425950
463 383931 427861
464 403813 429177
465 417596 434000
466 431227 214733
467 432756 219800
468 477733 161857
469 351558 389953
470 312540 388866
471 352489 401438
472 319797 408600
473 498546 179370
474 424279 173276
475 434545 141166
476 450340 170293
477 473585 192111
478 288831 433533
479 361522 437850
480 364635 435960
481 504965 219228
482 545965 263200
483 445360 347666
484 455243 419287
485 369977 236600
486 398258 204093
487 199348 435960
488 70764 323088
489 52089 317153
490 487390 140
491 481790 140
492 405630 446340
493 406750 446340
494 379870 446340
495 416830 446340
496 391070 446340
497 417950 446340
498 395550 446340
499 389950 446340
500 393310 446340
501 408990 446340
502 384350 446340
503 382110 446340
504 407870 446340
505 376510 446340
506 375390 446340
507 374270 446340
508 378750 446340
509 380990 446340
510 383230 446340
511 385470 446340
512 386590 446340
513 388830 446340
514 377630 446340
515 410110 446340
516 556960 211820
517 486270 140
518 300350 446340
519 140 267820
520 295870 446340
521 387710 446340
522 140 262220
523 140 268940
524 140 249900
525 176030 446340
526 168190 446340
527 299230 446340
528 485150 140
529 140 271180
530 301470 446340
531 140 264460
532 180510 446340
533 305950 446340
534 140 272300
535 307070 446340
536 309310 446340
537 293630 446340
538 314910 446340
539 183870 446340
540 312670 446340
541 361950 446340
542 310430 446340
543 140 270060
544 365310 446340
545 364190 446340
546 308190 446340
547 192830 446340
548 182750 446340
549 244350 446340
550 249950 446340
551 243230 446340
552 253310 446340
553 266750 140
554 246590 446340
555 140 237580
556 140 258860
557 140 265580
558 140 263340
559 140 248780
560 140 242060
561 140 231980
562 140 236460
563 140 230860
564 140 253260
565 140 251020
566 140 227500
567 140 257740
568 140 243180
569 140 245420
570 140 234220
571 140 238700
572 140 228620
573 140 259980
574 140 261100
575 140 255500
576 140 246540
577 140 254380
578 140 240940
579 140 226380
580 140 252140
581 140 256620
582 140 244300
583 140 247660
584 140 235340
585 140 239820
586 140 229740
587 257790 446340
588 256670 446340
589 216350 446340
590 211870 446340
591 224190 446340
592 218590 446340
593 215230 446340
594 207390 446340
595 206270 446340
596 205150 446340
597 235390 446340
598 209630 446340
599 227550 446340
600 236510 446340
601 212990 446340
602 201790 446340
603 200670 446340
604 202910 446340
605 193950 446340
606 226430 446340
607 195070 446340
608 219710 446340
609 198430 446340
610 204030 446340
611 196190 446340
612 197310 446340
613 199550 446340
614 208510 446340
615 220830 446340
616 217470 446340
617 214110 446340
618 210750 446340
619 221950 446340
620 223070 446340
621 257790 140
622 556960 216300
623 556960 209580
624 556960 253260
625 556960 277900
626 556960 296940
627 556960 271180
628 556960 294700
629 428030 446340
630 404510 446340
631 556960 338380
632 556960 350700
633 556960 340620
634 438110 446340
635 556960 298060
636 556960 323820
637 556960 349580
638 556960 329420
639 430270 446340
640 556960 328300
641 556960 347340
642 556960 346220
643 556960 348460
644 556960 342860
645 556960 332780
646 556960 267820
647 556960 311500
648 556960 295820
649 556960 289100
650 556960 272300
651 556960 256620
652 556960 254380
653 556960 268940
654 411230 446340
655 556960 275660
656 482910 140
657 302590 446340
658 292510 446340
659 291390 446340
660 294750 446340
661 298110 446340
662 290270 446340
663 304830 446340
664 303710 446340
665 313790 446340
666 311550 446340
667 484030 140
668 347390 446340
669 346270 446340
670 344030 446340
671 351870 446340
672 352990 446340
673 354110 446340
674 355230 446340
675 345150 446340
676 360830 446340
677 359710 446340
678 363070 446340
679 372030 446340
680 370910 446340
681 317150 446340
682 328350 446340
683 335070 446340
684 319390 446340
685 321630 446340
686 337310 446340
687 332830 446340
688 556960 193900
689 556960 212940
690 556960 164780
691 556960 180460
692 556960 183820
693 556960 167020
694 556960 195020
695 556960 187180
696 556960 191660
697 556960 175980
698 556960 174860
699 556960 159180
700 556960 128940
701 556960 154700
702 556960 136780
703 556960 130060
704 556960 131180
705 556960 132300
706 556960 127820
707 556960 146860
708 556960 137900
709 556960 140140
710 556960 141260
711 556960 196140
712 556960 144620
713 556960 188300
714 556960 192780
715 556960 155820
716 556960 150220
717 556960 143500
718 556960 158060
719 556960 142380
720 556960 145740
721 556960 160300
722 556960 208460
723 556960 205100
724 556960 286860
725 556960 308140
726 556960 337260
727 556960 336140
728 556960 335020
729 556960 333900
730 556960 312620
731 556960 339500
732 556960 345100
733 556960 341740
734 556960 327180
735 556960 343980
736 556960 324940
737 556960 330540
738 556960 326060
739 556960 331660
740 556960 238700
741 556960 287980
742 556960 266700
743 556960 210700
