0 27512 28821
1 28464 32094
2 33208 31115
3 26378 36355
4 22839 32139
5 17306 16070
6 26556 33566
7 31001 28822
8 24921 19174
9 17439 17151
10 22229 17689
11 27547 6656
12 19485 7958
13 28424 9038
14 21441 6213
15 32724 24930
16 21261 9265
17 17381 24591
18 26121 27249
19 19537 27019
20 29991 22386
21 31886 24908
22 26631 18911
23 18919 24810
24 54074 34583
25 30663 34404
26 17748 38508
27 29169 38724
28 33813 22532
29 31620 35930
30 33077 36965
31 27540 17057
32 26409 15828
33 28192 10877
34 33965 16797
35 31537 24418
36 39320 14384
37 32268 24395
38 39498 17001
39 34326 23870
40 38315 39860
41 27255 12928
42 22977 7592
43 19425 10146
44 16065 8556
45 9765 12050
46 15151 9900
47 9249 15086
48 16787 15435
49 17172 20471
50 18324 21002
51 20569 23944
52 11571 17231
53 19786 19340
54 24302 16711
55 29525 15661
56 26578 16149
57 53555 39738
58 39153 40674
59 37469 15173
60 46026 18813
61 52813 17823
62 31246 7588
63 35777 15855
64 30888 19905
65 31066 16593
66 37221 8619
67 40740 4820
68 33686 27760
69 37412 20075
70 32829 7018
71 18415 40692
72 24954 42188
73 32221 42175
74 34650 41985
75 18687 17523
76 29767 11810
77 20982 9750
78 32496 17668
79 31347 21121
80 37639 16985
81 43283 12623
82 29383 24575
83 20406 18932
84 23576 8945
85 32436 18537
86 30437 23366
87 44985 38076
88 37542 37333
89 37611 18835
90 30366 11409
91 38832 5278
92 33576 6823
93 42979 50314
94 45471 46768
95 28514 39485
96 42183 41222
97 43896 42825
98 36538 16979
99 31389 17608
100 43023 40567
101 47041 33552
102 34249 7498
103 41725 15526
104 46035 12282
105 43493 4429
106 42302 16343
107 45043 5284
108 57403 16804
109 56307 18317
110 41138 35278
111 17277 42309
112 47207 21166
113 45007 42679
114 40452 42310
115 53678 16451
116 54177 21427
117 43602 7686
118 41617 26366
119 48040 42978
120 16924 39217
121 33031 18505
122 31729 20132
123 47288 41365
124 42381 40203
125 37368 37864
126 4846 27693
127 7839 27857
128 25190 41935
129 29398 42570
130 35554 43416
131 25393 44955
132 61410 42937
133 46332 31246
134 58717 27385
135 59208 29275
136 50087 31747
137 47251 27017
138 63230 29961
139 65118 32235
140 65056 36765
141 24836 53333
142 27275 53421
143 26960 53415
144 24686 52045
145 27461 51459
146 19639 52832
147 31821 50817
148 26010 53460
149 18826 48627
150 7769 43618
151 7486 48922
152 3424 47763
153 6466 41424
154 10283 34975
155 10576 35195
156 13277 39300
157 17145 53865
158 11331 53055
159 16155 53775
160 16767 53595
161 59710 28026
162 60111 29908
163 62431 34965
164 64431 34283
165 63517 36531
166 62949 37493
167 41106 36288
168 48581 35090
169 49635 40905
170 49641 37958
171 47939 36129
172 52106 28099
173 61398 24030
174 57456 27135
175 63126 32689
176 53095 30510
177 53749 30105
178 56304 24210
179 55987 25987
180 54669 26244
181 58407 26730
182 9861 27771
183 20323 46002
184 34014 50545
185 38073 48987
186 35258 50171
187 51534 52110
188 52564 46447
189 22075 46035
190 36547 46556
191 32318 47311
192 26325 53865
193 31185 53865
194 43922 52240
195 28217 51037
196 47931 47905
197 55422 52029
198 56923 48056
199 46769 52333
200 28539 53595
201 36813 52080
202 22840 46400
203 38830 50660
204 27945 53055
205 27830 48241
206 48804 45285
207 57268 46286
208 57866 50394
209 25191 53595
210 48091 50060
211 34504 46460
212 26163 53865
213 35343 53865
214 10035 43065
215 13024 43313
216 17720 37427
217 12619 41113
218 16484 46131
219 19428 45167
220 15859 48904
221 12676 50128
222 12702 51855
223 11846 48052
224 19037 34708
225 50787 42615
226 55127 43104
227 57708 44550
228 56735 44059
229 59248 45009
230 59894 42890
231 57312 42930
232 64096 40180
233 62966 41751
234 61350 39610
235 64482 39231
236 39624 30450
237 34684 31867
238 53866 31466
239 55337 30436
240 56947 31035
241 58619 31532
242 60534 31657
243 61210 32518
244 60995 34474
245 60669 35336
246 64692 37350
247 66132 37620
248 7047 49296
249 7315 47905
250 6021 44685
251 6932 45655
252 9324 47175
253 6226 46472
254 7036 37701
255 11193 34155
256 6471 31583
257 3463 31937
258 10015 38299
259 5886 38760
260 9663 34037
261 3567 33422
262 5506 34192
263 4080 38195
264 3307 45567
265 2829 43389
266 4071 43443
267 3088 42849
268 4114 42363
269 2883 42201
270 4590 42741
271 3672 40419
272 2689 40257
273 2808 40959
274 4752 40635
275 3801 41121
276 4708 41283
277 29067 43797
278 15403 31998
279 57594 25939
280 56769 25206
281 66483 30915
282 64464 32997
283 64040 31647
284 62556 32295
285 62578 31262
286 58358 26363
287 59415 25095
288 59368 25560
289 59754 23793
290 58431 23861
291 60270 25852
292 63054 26595
293 55571 25569
294 61516 24063
295 59562 26209
296 61384 25425
297 61794 26460
298 62809 25167
299 64175 25245
300 63261 24375
301 62649 35946
302 64998 35715
303 62710 33480
304 60125 26363
305 66193 29936
306 51314 29751
307 62795 25852
308 53887 28755
309 54816 27697
310 53955 26235
311 61174 30220
312 63441 28125
313 61609 29160
314 62563 28440
315 58476 24489
316 65502 25852
317 57407 28917
318 65282 31493
319 57426 24015
320 61509 27236
321 63068 27366
322 52147 26156
323 55411 25245
324 64921 30555
325 50053 30555
326 48648 30807
327 50706 29835
328 60522 26865
329 48856 31286
330 61700 30699
331 63580 29340
332 63954 27000
333 61105 28530
334 65941 26942
335 55919 27822
336 56595 28215
337 64294 33730
338 66339 31802
339 51423 28639
340 51651 30577
341 62532 34215
342 64755 28485
343 65466 29025
344 63877 34605
345 63742 31095
346 66349 34425
347 64548 27585
348 64111 30060
349 64782 27360
350 66264 28485
351 63544 35280
352 50403 31023
353 53753 25476
354 53271 29217
355 53452 26710
356 49234 31657
357 56545 26093
358 49966 32373
359 52520 30537
360 60808 27630
361 66058 32838
362 66123 33653
363 52989 25707
364 51651 31956
365 17266 53595
366 49694 27075
367 57591 24840
368 64476 34425
369 66447 2565
370 55053 53865
371 66879 34695
372 66636 42
373 66348 42
374 24972 56148
375 25548 56148
376 25356 56148
377 28908 56148
378 28236 56148
379 30828 56148
380 25932 56148
381 29100 56148
382 27468 56148
383 28140 56148
384 27180 56148
385 27564 56148
386 26124 56148
387 29388 56148
388 26220 56148
389 28332 56148
390 27084 56148
391 27852 56148
392 27660 56148
393 28524 56148
394 26988 56148
395 26316 56148
396 25452 56148
397 25260 56148
398 17484 56148
399 66252 42
400 53292 56148
401 56172 56148
402 55404 56148
403 54444 56148
404 69196 35916
405 57228 56148
406 39276 56148
407 55020 56148
408 38604 56148
409 57420 56148
410 66156 42
411 58188 56148
412 53196 56148
413 57516 56148
414 58380 56148
415 69196 34380
416 69196 41676
417 69196 35052
418 59244 56148
419 59148 56148
420 53772 56148
421 56364 56148
422 47052 56148
423 53580 56148
424 54924 56148
425 53484 56148
426 52428 56148
427 27276 56148
428 25836 56148
429 55500 56148
430 53388 56148
431 38412 56148
432 37260 56148
433 37836 56148
434 37356 56148
435 30252 42
436 30444 42
437 42 25740
438 42 27660
439 42 26700
440 42 26220
441 42 26988
442 42 28044
443 42 29484
444 42 26124
445 42 28716
446 42 27756
447 42 26892
448 42 28812
449 42 26028
450 42 27084
451 42 28332
452 42 28908
453 42 25836
454 42 28524
455 42 27564
456 42 26604
457 42 25932
458 42 27276
459 42 27852
460 42 28140
461 42 29388
462 42 26796
463 42 26316
464 42 27180
465 42 27948
466 42 29100
467 42 25644
468 42 29292
469 32556 42
470 31116 42
471 69196 26220
472 69196 25068
473 69196 27756
474 69196 26700
475 69196 26892
476 69196 26988
477 69196 25164
478 69196 25356
479 69196 25260
480 69196 26508
481 69196 27660
482 40620 56148
483 69196 26316
484 69196 26028
485 69196 27564
486 69196 25644
487 40236 56148
488 40140 56148
489 69196 25548
490 69196 26124
491 69196 26412
492 69196 25836
493 69196 25452
494 69196 27468
495 69196 27180
496 69196 27276
497 69196 25932
498 69196 25740
499 69196 27084
500 69196 26604
501 69196 26796
502 69196 27372
503 28140 42
504 19404 56148
505 16140 56148
506 34092 56148
507 33420 56148
508 26700 56148
509 32268 56148
510 33612 56148
511 30156 56148
512 33708 56148
513 30732 56148
514 27948 56148
515 29004 56148
516 29580 56148
517 33804 56148
518 28428 56148
519 29772 56148
520 29292 56148
521 30540 56148
522 30924 56148
523 29676 56148
524 31116 56148
525 29964 56148
526 25068 56148
527 31020 56148
528 34284 56148
529 34188 56148
530 33228 56148
531 26796 56148
532 33900 56148
533 32172 56148
534 35436 56148
535 31500 56148
536 34476 56148
537 33516 56148
538 66540 42
539 42 44460
540 42 45036
541 42 44844
542 42 45900
543 42 45132
544 42 45228
545 42 45708
546 42 43020
547 42 44556
548 42 42156
549 66444 42
550 42 45612
551 42 45516
552 42 45420
553 42 44652
554 42 45324
555 42 43116
556 42 42252
557 42 41676
558 42 40236
559 42 39468
560 42 40140
561 42 39276
562 42 39180
563 42 41004
564 42 40812
565 42 41196
566 42 40716
567 42 43788
568 42 43692
569 42 44172
570 42 32844
571 42 39372
572 42 32076
573 42 30732
574 42 30924
575 42 31404
576 42 29676
577 42 29580
578 42 29004
579 42 32364
580 42 33132
581 42 33420
582 42 34476
583 42 32268
584 42 36204
585 42 36108
586 42 36012
587 42 35916
588 42 35820
589 42 35724
590 42 35436
591 42 34860
592 42 35052
593 42 34092
594 42 30828
595 42 31980
596 42 33516
597 42 28428
598 42 29772
599 42 28236
600 42 28620
601 42 32940
602 42 29196
603 42 31788
604 42 39084
605 42 38604
606 26028 56148
607 28620 56148
608 31212 56148
609 29868 56148
610 26604 56148
611 26412 56148
612 25644 56148
613 28044 56148
614 27756 56148
615 26892 56148
616 25740 56148
617 27372 56148
618 28716 56148
619 28812 56148
620 29484 56148
621 29196 56148
622 24876 56148
623 26508 56148
624 25164 56148
625 16908 56148
