0 466483 173477
1 297312 214770
2 398382 113304
3 337382 165128
4 459874 162537
5 391615 145730
6 403788 111800
7 340529 169140
8 397090 174430
9 253451 145920
10 249548 214992
11 287029 229600
12 474210 188870
13 399212 206843
14 411538 204009
15 459326 205534
16 442896 241145
17 347519 145155
18 265252 221176
19 428450 241070
20 420584 189000
21 147620 196301
22 140215 204044
23 443450 225974
24 326283 221455
25 364782 152556
26 278535 122965
27 304933 115510
28 301821 114438
29 273295 154890
30 281860 110912
31 93380 119091
32 273974 111960
33 435782 273756
34 359757 143150
35 352816 194374
36 376609 141711
37 249619 187300
38 314775 60800
39 357432 105180
40 258924 79325
41 388902 250955
42 372281 247625
43 480001 100122
44 393455 133971
45 282795 141660
46 496291 140875
47 489391 131320
48 397974 128116
49 482844 155500
50 453136 156558
51 407419 258747
52 346946 132017
53 279029 97300
54 214008 75748
55 388248 88364
56 492694 113038
57 296726 102630
58 232381 128828
59 432798 105077
60 365884 230176
61 438287 76377
62 398916 190230
63 247137 196420
64 232379 199194
65 235431 189480
66 313366 276708
67 313909 62937
68 342210 52750
69 357430 94121
70 230302 210988
71 229728 206080
72 304363 93993
73 353645 79450
74 149370 97150
75 231941 132134
76 309703 89014
77 165191 93628
78 184928 125676
79 309225 73007
80 353624 65369
81 433306 57512
82 414796 80230
83 323402 278400
84 345198 74142
85 216006 80181
86 220630 218951
87 120365 120487
88 136507 128610
89 264527 280962
90 201622 223960
91 193565 222105
92 284696 76338
93 205640 221200
94 241563 109092
95 143076 97414
96 194431 285740
97 182324 221816
98 241138 109390
99 218659 98913
100 253427 286200
101 164001 221386
102 172626 223825
103 302137 218921
104 325005 199344
105 326946 129051
106 320475 153000
107 315785 140718
108 300577 209567
109 103190 186982
110 86184 191240
111 191805 207200
112 451531 236712
113 447908 276605
114 463676 253400
115 309995 308565
116 420228 242729
117 411450 303430
118 186495 176477
119 200340 176143
120 203177 180270
121 60339 172200
122 110319 209055
123 64947 251242
124 82884 246018
125 77316 252354
126 78336 213021
127 11716 242822
128 40219 225512
129 6954 227920
130 14288 229320
131 414706 319666
132 288948 321281
133 277426 329336
134 341996 313506
135 452625 297864
136 397231 296476
137 184945 304451
138 414936 310762
139 119707 306936
140 457377 331100
141 526266 244367
142 510031 256600
143 512754 262623
144 318404 281503
145 469537 333900
146 474746 334600
147 149276 226333
148 154280 236600
149 146490 252466
150 127604 250600
151 124640 255733
152 118433 262266
153 146842 233000
154 146490 243950
155 157082 241500
156 129865 244300
157 143640 227266
158 142424 259560
159 125637 263200
160 116008 267800
161 130403 256200
162 109494 270200
163 135422 267400
164 87020 272688
165 125780 277200
166 101365 280700
167 59242 273560
168 74480 275584
169 92720 283800
170 58140 278600
171 85554 285000
172 41067 275600
173 15991 270200
174 58411 260600
175 65664 271600
176 28145 268146
177 57054 258200
178 31520 257673
179 62557 250950
180 45647 286300
181 71277 249800
182 58662 267750
183 39664 237179
184 88202 242200
185 75240 255150
186 83932 250250
187 72860 239278
188 101111 228433
189 93385 242200
190 100374 235000
191 93100 224560
192 75590 218292
193 59107 218018
194 56772 210840
195 30737 203622
196 42484 207760
197 21617 228511
198 20900 212200
199 29893 211866
200 10925 218166
201 12476 204166
202 133570 238700
203 117420 255266
204 105782 266350
205 97327 269150
206 126692 273000
207 86151 260600
208 114434 277800
209 77672 270200
210 47766 287560
211 74045 289000
212 203005 177896
213 134140 226644
214 159392 231000
215 98757 273622
216 84414 273800
217 88207 225400
218 79980 218066
219 57909 212000
220 45557 210466
221 43428 207000
222 234245 238825
223 465088 326666
224 428887 327600
225 141557 312738
226 137222 233177
227 161662 237400
228 120143 267400
229 117942 282450
230 47310 284200
231 263548 309600
232 218417 272101
233 359336 269266
234 332690 248920
235 474640 291313
236 196840 249718
237 315592 310442
238 291368 330250
239 194774 276767
240 347539 277025
241 311878 244033
242 397466 288641
243 331705 312556
244 336249 316358
245 288990 311500
246 325843 275888
247 277546 249332
248 307800 334600
249 398876 317210
250 270874 293125
251 187560 273700
252 330946 271300
253 184227 246729
254 220973 321075
255 317711 278600
256 273357 278444
257 190627 257158
258 167766 270352
259 271177 259280
260 269006 277100
261 361173 294988
262 276439 258688
263 251633 272784
264 229330 265917
265 473882 308066
266 228015 253818
267 310080 331800
268 115796 166472
269 72207 161829
270 127490 164286
271 112606 163488
272 32632 187600
273 29592 180600
274 35197 177100
275 26552 174300
276 18097 173600
277 18097 177800
278 18097 181300
279 29212 184800
280 18477 184100
281 19997 186200
282 16577 189700
283 61797 186900
284 31682 193200
285 16577 198100
286 22942 191100
287 16197 194600
288 50207 198100
289 35767 198100
290 27217 197400
291 41372 197400
292 57427 198100
293 59422 196000
294 43272 188300
295 51157 192500
296 63491 191333
297 44222 192500
298 57902 184100
299 52772 188300
300 44887 182000
301 48592 179200
302 55812 177100
303 68732 180600
304 304510 186281
305 334692 255338
306 314676 263277
307 485775 310600
308 316868 24387
309 302256 65328
310 283111 26833
311 361876 261800
312 124033 145283
313 156722 248733
314 144265 268552
315 101586 289177
316 76190 290150
317 112683 241000
318 112750 225547
319 114131 155013
320 110914 150862
321 127551 149709
322 211261 151200
323 223878 154917
324 215650 153855
325 223459 151666
326 124278 140767
327 301880 83256
328 286848 87979
329 100994 133772
330 106183 136379
331 123555 133270
332 110396 113219
333 109665 111825
334 104938 116103
335 113423 108173
336 107369 104253
337 120068 106662
338 119391 102725
339 146624 123154
340 123595 102106
341 120539 81154
342 108896 79993
343 105816 77772
344 129733 78354
345 129377 83954
346 120263 93317
347 122170 84144
348 420189 136866
349 140336 99219
350 16720 210000
351 354680 305636
352 109198 301509
353 110184 314766
354 145105 307400
355 129312 297670
356 131480 319480
357 128874 330400
358 220348 307732
359 146835 317884
360 164288 318432
361 175864 322840
362 168948 325080
363 170370 285407
364 478148 264200
365 473233 326480
366 500960 278747
367 169462 293920
368 155287 297733
369 537510 273600
370 523781 233194
371 551657 230586
372 533402 224933
373 105760 330781
374 151340 327968
375 166735 333200
376 127517 324400
377 417113 313133
378 465124 224443
379 501288 228244
380 215156 239960
381 133000 247800
382 58140 250600
383 516510 140
384 513150 140
385 226430 340220
386 303710 340220
387 262270 340220
388 365310 340220
389 293630 340220
390 305950 340220
391 279070 340220
392 260030 340220
393 202910 340220
394 272350 340220
395 200670 340220
396 239870 340220
397 201790 340220
398 207390 340220
399 206270 340220
400 236510 340220
401 199550 340220
402 238750 340220
403 225310 340220
404 214110 340220
405 212990 340220
406 224190 340220
407 219710 340220
408 368670 340220
409 469470 340220
410 515390 140
411 171550 340220
412 368670 140
413 249950 340220
414 354110 140
415 205150 340220
416 217470 340220
417 277950 140
418 268990 140
419 260030 140
420 164830 340220
421 514270 140
422 237630 340220
423 156990 340220
424 261150 140
425 170430 340220
426 169310 340220
427 159230 340220
428 122270 140
429 163710 340220
430 154750 340220
431 161470 340220
432 384350 140
433 165950 340220
434 158110 340220
435 564470 154700
436 378750 140
437 400030 340220
438 393310 140
439 339550 140
440 357470 140
441 356350 140
442 258910 340220
443 264510 340220
444 257790 340220
445 263390 340220
446 564470 162540
447 564470 155820
448 328350 140
449 281310 140
450 262270 140
451 263390 140
452 300350 140
453 313790 140
454 358590 140
455 329470 140
456 342910 140
457 286910 140
458 271230 140
459 341790 140
460 270110 140
461 308190 140
462 320510 140
463 331710 140
464 330590 140
465 337310 140
466 280190 140
467 276830 140
468 264510 140
469 301470 140
470 285790 140
471 314910 140
472 312670 140
473 279070 140
474 272350 140
475 309310 140
476 304830 140
477 327230 140
478 340670 140
479 348510 140
480 564470 161420
481 564470 160300
482 246590 340220
483 251070 140
484 243230 340220
485 240990 340220
486 235390 340220
487 229790 340220
488 227550 340220
489 244350 340220
490 253310 340220
491 249950 140
492 247710 340220
493 255550 340220
494 242110 340220
495 232030 340220
496 234270 340220
497 233150 340220
498 204030 340220
499 256670 340220
500 221950 340220
501 251070 340220
502 215230 340220
503 211870 340220
504 208510 340220
505 209630 340220
506 210750 340220
507 228670 340220
508 223070 340220
509 220830 340220
510 216350 340220
511 218590 340220
512 230910 340220
513 255550 140
514 408990 340220
515 444830 340220
516 467230 340220
517 430270 340220
518 285790 340220
519 372030 340220
520 389950 340220
521 358590 340220
522 322750 340220
523 307070 340220
524 299230 340220
525 298110 340220
526 277950 340220
527 329470 340220
528 355230 340220
529 281310 340220
530 284670 340220
531 276830 340220
532 323870 340220
533 268990 340220
534 265630 340220
535 248830 340220
536 261150 340220
537 245470 340220
538 295870 340220
539 419070 340220
540 288030 340220
541 366430 340220
542 403390 340220
543 402270 340220
544 410110 340220
545 424670 340220
546 411230 340220
547 308190 340220
548 370910 340220
549 512030 140
550 102110 340220
551 104350 340220
552 112190 340220
553 105470 340220
554 111070 340220
555 106590 340220
556 146910 340220
557 148030 340220
558 162590 340220
559 155870 340220
560 510910 140
561 167070 340220
562 172670 340220
563 183870 340220
564 168190 340220
565 176030 340220
566 173790 340220
567 174910 340220
568 160350 340220
569 181630 340220
570 182750 340220
571 149150 340220
572 186110 340220
573 184990 340220
574 107710 340220
575 103230 340220
576 113310 340220
577 109950 340220
578 108830 340220
579 152510 340220
580 153630 340220
581 462750 340220
582 453790 340220
583 564470 252140
584 564470 247660
585 564470 236460
586 564470 246540
587 564470 237580
588 564470 245420
589 564470 243180
590 564470 244300
591 564470 240940
592 564470 248780
593 564470 239820
594 564470 226380
595 564470 189420
596 564470 188300
597 564470 227500
598 564470 228620
599 564470 193900
600 564470 230860
601 564470 249900
602 564470 234220
603 564470 242060
604 481790 340220
605 564470 231980
606 564470 229740
607 486270 340220
608 479550 340220
609 564470 178220
610 564470 179340
611 564470 233100
612 564470 251020
613 564470 238700
614 564470 235340
615 452670 340220
616 460510 340220
617 398910 340220
618 301470 340220
619 254430 340220
620 252190 340220
621 294750 340220
622 296990 340220
623 286910 340220
624 300350 340220
625 291390 340220
626 290270 340220
627 282430 340220
628 283550 340220
629 280190 340220
630 321630 340220
631 267870 340220
632 266750 340220
633 416830 340220
634 401150 340220
635 413470 340220
636 470590 340220
