0 462518 159384
1 404721 143773
2 317580 253391
3 376339 179971
4 343185 148553
5 261711 168840
6 348100 156265
7 340605 101978
8 399050 156492
9 327501 126053
10 237447 300615
11 263365 231509
12 406009 204650
13 377781 219106
14 336491 236116
15 405547 235721
16 448900 230745
17 400305 261292
18 417301 245800
19 285573 156350
20 462479 288303
21 257782 271305
22 393748 261722
23 310954 232120
24 150551 276288
25 145453 291581
26 310245 280155
27 320026 315560
28 361427 212800
29 255978 129793
30 208849 160144
31 253501 123853
32 297081 176158
33 239393 147241
34 339292 178733
35 214558 128360
36 331647 77976
37 354025 318294
38 339470 286641
39 345454 140127
40 450443 168307
41 249695 258066
42 192185 135141
43 239595 95447
44 347517 116415
45 240293 296706
46 205174 54070
47 277704 89693
48 216605 96687
49 217586 105337
50 360950 197918
51 414414 274449
52 461833 267120
53 413231 66793
54 207790 280978
55 244619 141509
56 404482 72508
57 459648 108873
58 426817 105962
59 352798 112980
60 407868 134235
61 378135 126259
62 442500 266962
63 291574 181772
64 310945 159755
65 122319 205460
66 96526 203675
67 207139 144375
68 197807 108987
69 131597 83866
70 344302 63164
71 411272 81857
72 383401 62819
73 180505 93875
74 308294 56607
75 325140 80360
76 377112 272160
77 211298 86935
78 219200 100505
79 309897 120516
80 295347 238409
81 251512 308900
82 158650 81967
83 229062 309662
84 231967 305032
85 235045 299768
86 159858 279551
87 316956 332769
88 212817 313218
89 215508 89023
90 189458 132366
91 103460 142450
92 267135 78095
93 101983 149648
94 234770 75914
95 173473 54768
96 317110 24466
97 321670 56710
98 284430 336969
99 232199 321440
100 230964 316960
101 189954 24132
102 257606 49577
103 249883 45080
104 185747 83733
105 231770 326630
106 228731 49296
107 247040 270066
108 168663 152250
109 153290 186103
110 177814 151389
111 270605 342216
112 216900 328650
113 196343 329000
114 194519 54330
115 51072 106260
116 210311 329533
117 167170 107153
118 121195 60832
119 146212 139892
120 61574 149728
121 208506 286361
122 277377 366717
123 196123 174461
124 91852 117410
125 286720 355366
126 194637 315127
127 188943 322350
128 83781 100800
129 301880 351400
130 184521 304546
131 186326 310333
132 78806 119807
133 288272 184644
134 283062 162260
135 285575 170842
136 276964 281808
137 84917 268119
138 95204 245622
139 71938 277200
140 202768 304360
141 407191 225866
142 413118 311677
143 429400 294280
144 409729 286125
145 392845 300500
146 438884 324408
147 179407 246680
148 175591 246711
149 48882 248360
150 266637 242200
151 108965 300930
152 101944 364000
153 93002 342151
154 122048 354656
155 112698 278854
156 57752 304184
157 35403 353733
158 19280 349778
159 60762 327040
160 54530 333000
161 440919 339162
162 481368 390703
163 463133 388181
164 463468 408333
165 447108 380240
166 460640 371435
167 430203 323781
168 470250 339338
169 369216 362293
170 248543 390600
171 408533 379648
172 412535 354424
173 220452 385536
174 455287 247100
175 533312 192181
176 529271 213131
177 566019 224700
178 534214 224600
179 528658 189965
180 275284 332309
181 589807 287000
182 588113 283266
183 124412 313600
184 143165 323050
185 167200 336933
186 156028 337400
187 164105 345400
188 174528 357000
189 131425 322600
190 155908 330600
191 152712 326550
192 148073 333200
193 168530 352520
194 192026 355133
195 189857 366800
196 46981 381181
197 178410 368200
198 178837 341950
199 173828 386244
200 196232 352520
201 200175 363533
202 129247 365400
203 171332 378000
204 173888 373800
205 132715 393750
206 151012 383600
207 157636 375200
208 135508 381640
209 143450 375550
210 118698 380418
211 110263 384066
212 105877 344400
213 123025 375900
214 101206 377906
215 100557 339150
216 84740 376090
217 92231 340200
218 99987 360500
219 71261 371000
220 86260 338800
221 91797 354200
222 79528 333800
223 83885 356650
224 54245 368433
225 73264 315280
226 74100 351000
227 41196 356835
228 67640 342650
229 67022 335300
230 47337 331400
231 33661 323866
232 20900 325850
233 11458 322107
234 12654 301000
235 14060 305200
236 49558 317100
237 37240 306040
238 51347 305200
239 125400 333200
240 155251 364466
241 140708 364200
242 188045 368200
243 140346 385933
244 120536 355880
245 130177 380600
246 112708 362040
247 16948 307720
248 166878 278310
249 126872 314300
250 149478 317800
251 173090 378933
252 191805 374500
253 180056 360266
254 162488 386120
255 180238 355425
256 134700 353021
257 128972 359800
258 92530 390600
259 64904 317800
260 21850 314066
261 79388 321533
262 12540 307000
263 41040 299250
264 225957 341880
265 451356 258300
266 470535 246633
267 263331 386527
268 115954 321400
269 122740 327000
270 184604 368760
271 94608 328650
272 37303 304266
273 393282 385318
274 539920 310372
275 562068 252840
276 583046 315000
277 516922 321341
278 458090 368040
279 493028 262007
280 493470 308400
281 440067 315266
282 540064 392268
283 571097 263666
284 580298 331240
285 490053 311726
286 393096 330000
287 486537 372072
288 435324 361836
289 426944 355492
290 584212 327880
291 550975 335885
292 493509 271735
293 507173 326866
294 438140 413000
295 521136 381854
296 584440 335720
297 518298 356610
298 353120 358137
299 522445 379057
300 571203 271288
301 538551 334600
302 486273 310333
303 491658 278509
304 390988 396141
305 488870 325266
306 567880 276661
307 413250 383320
308 580165 340200
309 578007 351400
310 504621 279160
311 495140 314300
312 566172 286134
313 482673 390981
314 523107 280669
315 524149 305144
316 569511 350066
317 423583 362329
318 532690 305581
319 566200 361666
320 553280 356440
321 540631 262074
322 456545 350682
323 585833 305666
324 519323 255809
325 424840 413000
326 584668 322280
327 86018 232909
328 126928 224547
329 110273 234446
330 137858 237400
331 97237 237533
332 27217 252000
333 20282 256900
334 18572 260400
335 26172 263200
336 20947 268100
337 21137 277900
338 20092 273700
339 29212 274400
340 29212 286300
341 23797 283500
342 32917 280700
343 59422 256900
344 43367 282100
345 39662 288400
346 47832 277200
347 38807 276500
348 57237 282100
349 56572 288400
350 48402 287700
351 57712 277200
352 53627 271600
353 62557 266700
354 49067 254100
355 53247 264600
356 63998 270666
357 35577 252000
358 34437 266000
359 43842 266000
360 31777 271600
361 41657 269500
362 31967 256900
363 51347 258300
364 281004 257971
365 254009 250500
366 332100 258885
367 498685 259190
368 531509 314066
369 556826 305666
370 459664 366600
371 304775 217616
372 302607 206748
373 259975 213864
374 268434 217832
375 291805 289927
376 465874 299557
377 577093 301933
378 217133 187374
379 587252 306040
380 159220 321066
381 513783 323750
382 172556 325666
383 183080 337694
384 111268 351050
385 93949 321258
386 143700 98111
387 80728 315777
388 29691 311945
389 554952 320600
390 386551 370888
391 552161 325577
392 210336 190544
393 212701 193441
394 218150 181954
395 218025 139066
396 202861 137924
397 216960 146034
398 208309 136733
399 191387 187786
400 188060 71252
401 173172 191240
402 175212 191896
403 173577 187320
404 72643 160813
405 84538 161875
406 72992 165248
407 81769 159226
408 70509 175093
409 83706 173600
410 80370 176837
411 143891 146819
412 80351 172293
413 72966 161270
414 59587 165151
415 61933 164862
416 78751 162083
417 80713 176083
418 89837 185717
419 72966 182820
420 374480 136466
421 110010 183851
422 196860 231736
423 101067 234920
424 62092 308280
425 59280 318733
426 381052 368980
427 207670 377300
428 237557 393540
429 215080 373800
430 254315 364175
431 244068 379400
432 212420 392280
433 225606 390880
434 239624 395181
435 253080 398569
436 272697 375060
437 285050 394240
438 302226 394333
439 281330 395850
440 272673 400400
441 287195 402111
442 262485 393400
443 261107 406000
444 492100 240333
445 469442 242900
446 552320 237778
447 527827 190456
448 243200 366000
449 265810 351120
450 257388 371741
451 261928 363000
452 296570 374572
453 310755 367992
454 566549 213929
455 575742 224155
456 553893 188120
457 571158 189823
458 533571 190135
459 215460 404288
460 282340 404950
461 297806 410760
462 273916 411133
463 199785 403900
464 341779 395294
465 424966 357933
466 309890 348413
467 437760 217000
468 454490 231884
469 480280 206488
470 217208 271320
471 148254 340600
472 26220 351600
473 38138 340963
474 417077 4200
475 414590 140
476 417950 140
477 460510 417760
478 451550 417760
479 392190 417760
480 466110 417760
481 393310 417760
482 452670 417760
483 439230 417760
484 429150 417760
485 421310 417760
486 388830 417760
487 400030 417760
488 382110 417760
489 398910 417760
490 397790 417760
491 402270 417760
492 405630 417760
493 413470 417760
494 420190 417760
495 432510 417760
496 431390 417760
497 435870 417760
498 434750 417760
499 406750 417760
500 468350 417760
501 595150 286860
502 420190 140
503 219710 417760
504 112190 140
505 140 276780
506 140 301420
507 140 285740
508 370910 140
509 354110 140
510 293630 417760
511 140 298060
512 140 296940
513 416830 140
514 281310 417760
515 256670 417760
516 140 277900
517 140 291340
518 198430 417760
519 140 292460
520 140 238700
521 140 290220
522 140 286860
523 140 287980
524 277950 417760
525 140 293580
526 140 295820
527 292510 417760
528 253310 417760
529 140 300300
530 248830 417760
531 140 294700
532 227550 417760
533 140 289100
534 247710 417760
535 252190 417760
536 251070 417760
537 254430 417760
538 595150 196140
539 394430 140
540 331710 140
541 258910 417760
542 288030 140
543 260030 417760
544 274590 140
545 298110 140
546 346270 140
547 332830 140
548 326110 140
549 262270 417760
550 280190 417760
551 323870 140
552 261150 417760
553 276830 140
554 301470 140
555 318270 140
556 317150 140
557 314910 140
558 268990 417760
559 284670 140
560 270110 417760
561 270110 140
562 267870 417760
563 295870 140
564 304830 140
565 280190 140
566 266750 417760
567 279070 140
568 293630 140
569 319390 140
570 339550 140
571 324990 140
572 404510 140
573 400030 140
574 226430 417760
575 245470 417760
576 220830 417760
577 244350 417760
578 243230 417760
579 223070 417760
580 214110 417760
581 232030 417760
582 235390 417760
583 242110 417760
584 229790 417760
585 236510 417760
586 240990 417760
587 234270 417760
588 225310 417760
589 233150 417760
590 216350 140
591 239870 417760
592 215230 140
593 238750 417760
594 211870 417760
595 202910 140
596 205150 140
597 206270 140
598 204030 140
599 217470 417760
600 212990 417760
601 210750 417760
602 201790 417760
603 208510 417760
604 218590 417760
605 228670 417760
606 405630 140
607 595150 293580
608 595150 285740
609 518750 417760
610 475070 417760
611 473950 417760
612 484030 417760
613 462750 417760
614 383230 417760
615 445950 417760
616 447070 417760
617 436990 417760
618 387710 417760
619 379870 417760
620 470590 417760
621 404510 417760
622 389950 417760
623 403390 417760
624 385470 417760
625 408990 417760
626 411230 417760
627 423550 417760
628 428030 417760
629 441470 417760
630 438110 417760
631 497470 417760
632 456030 417760
633 467230 417760
634 482910 417760
635 480670 417760
636 513150 417760
637 512030 417760
638 490750 417760
639 422430 417760
640 477310 417760
641 415710 140
642 207390 417760
643 209630 417760
644 216350 417760
645 215230 417760
646 221950 417760
647 224190 417760
648 237630 417760
649 246590 417760
650 271230 417760
651 264510 417760
652 419070 140
653 286910 417760
654 291390 417760
655 308190 417760
656 302590 417760
657 304830 417760
658 294750 417760
659 276830 417760
660 272350 417760
661 283550 417760
662 282430 417760
663 249950 417760
664 274590 417760
665 273470 417760
666 202910 417760
667 204030 417760
668 230910 417760
669 205150 417760
670 206270 417760
671 255550 417760
672 257790 417760
673 595150 240940
674 595150 289100
675 595150 231980
676 595150 205100
677 595150 230860
678 595150 197260
679 595150 237580
680 595150 227500
681 595150 233100
682 595150 235340
683 595150 228620
684 595150 189420
685 595150 172620
686 595150 229740
687 595150 164780
688 595150 163660
689 595150 180460
690 595150 188300
691 595150 173740
692 595150 212940
693 595150 206220
694 595150 226380
695 595150 198380
696 595150 238700
697 595150 159180
698 595150 234220
699 595150 236460
700 595150 168140
701 595150 162540
702 595150 160300
703 595150 174860
704 595150 184940
705 595150 165900
706 595150 214060
707 595150 287980
708 595150 282380
709 487390 417760
710 448190 417760
711 426910 417760
712 430270 417760
713 442590 417760
714 440350 417760
715 454910 417760
716 443710 417760
717 386590 417760
718 384350 417760
719 396670 417760
720 394430 417760
721 401150 417760
722 395550 417760
723 412350 417760
724 410110 417760
725 489630 417760
726 485150 417760
727 488510 417760
728 595150 284620
