0 324429 61417
1 355036 136592
2 301815 112915
3 284817 78970
4 249624 93034
5 240279 66125
6 163745 74428
7 280220 114207
8 288622 113909
9 240304 145911
10 300505 54904
11 339193 25072
12 366489 42800
13 340668 91161
14 356720 77505
15 381962 76347
16 399328 68090
17 410302 95200
18 426706 92600
19 184833 97784
20 387481 127694
21 358378 89040
22 335654 204574
23 417322 170836
24 400252 77302
25 200640 129025
26 173571 117600
27 254841 96070
28 171969 108266
29 225877 170765
30 293550 135308
31 187737 90735
32 163193 115480
33 200288 128385
34 122013 83408
35 452804 165836
36 423646 135323
37 237887 88630
38 283917 58897
39 306301 82840
40 410390 116626
41 168229 140388
42 219246 75235
43 391685 185800
44 64973 110329
45 149137 71213
46 135689 113837
47 271586 36913
48 109708 109900
49 100816 118909
50 346777 89600
51 456454 122294
52 474192 97300
53 198057 17818
54 304627 63000
55 188338 116702
56 244892 77437
57 229991 139941
58 249235 30426
59 233705 35908
60 215426 40110
61 274536 52089
62 479337 119640
63 231377 107364
64 152651 225300
65 201829 132269
66 144058 109164
67 106086 139902
68 122034 64100
69 177394 24672
70 218028 21700
71 172013 47755
72 156637 127778
73 122093 72353
74 425524 104160
75 159676 102448
76 372644 97490
77 401776 195748
78 111891 22560
79 206588 163046
80 187062 218615
81 134764 100700
82 393625 205210
83 393110 191080
84 444112 194356
85 78090 62427
86 356341 210784
87 389897 211654
88 171330 158536
89 135954 81731
90 164959 130525
91 121425 177648
92 146292 88480
93 129194 101870
94 135135 181452
95 131083 47808
96 109345 23644
97 98961 87663
98 356287 190256
99 68552 103390
100 440922 206705
101 391440 218600
102 75430 112162
103 372653 153941
104 98982 129850
105 392101 225076
106 195047 189730
107 182487 179237
108 421556 219153
109 389690 228200
110 389383 233800
111 96612 56825
112 94327 47483
113 125732 162400
114 380280 226600
115 166324 133933
116 141740 133861
117 158080 157458
118 402637 154657
119 412471 239129
120 83169 179370
121 417455 227367
122 385557 240216
123 394717 240692
124 105925 153588
125 432702 216917
126 382510 250800
127 386434 246306
128 137805 160726
129 361216 127303
130 211605 98000
131 245253 110509
132 224664 103911
133 388040 147952
134 354438 240600
135 333806 253400
136 376960 192500
137 383082 57244
138 462103 152978
139 489060 134120
140 469328 227773
141 452657 106400
142 451643 139760
143 502481 148680
144 359720 223557
145 328691 169034
146 360287 273445
147 343062 270630
148 343363 170223
149 317151 223760
150 266448 220990
151 239252 242744
152 341145 220239
153 262799 225369
154 248517 248839
155 286908 13560
156 299380 261841
157 245290 265125
158 234485 275240
159 212911 252411
160 219748 262200
161 506817 169687
162 526092 241237
163 519864 173259
164 517197 259962
165 518385 207989
166 476995 149290
167 456579 236033
168 520936 162507
169 439554 142520
170 499020 200468
171 426557 262024
172 505983 195400
173 460670 275450
174 462602 83300
175 411203 24309
176 431290 28527
177 446159 41758
178 452565 171984
179 469062 6300
180 473226 7000
181 305558 215320
182 299345 204750
183 286520 184333
184 280186 188066
185 274866 182933
186 262896 183400
187 300516 210933
188 286710 194250
189 293550 200200
190 284392 198520
191 272270 186550
192 264100 182840
193 254837 184800
194 282482 177450
195 244264 211960
196 275167 175000
197 256405 176400
198 242693 205488
199 249153 220500
200 232370 213500
201 218405 240100
202 233890 228666
203 227704 225400
204 265758 231763
205 251443 240046
206 224326 232400
207 276291 240100
208 263665 241800
209 273030 252000
210 290048 243800
211 264691 240644
212 303366 247800
213 293022 244377
214 275361 260781
215 297160 254200
216 292077 251300
217 275542 263977
218 300362 258200
219 274623 274076
220 290763 262266
221 293170 269266
222 291555 275100
223 296590 278600
224 295212 285600
225 289180 286377
226 287280 285950
227 276450 285950
228 225492 285880
229 238205 287400
230 219133 282333
231 209712 264425
232 283543 210933
233 254742 195300
234 236664 202720
235 224428 215600
236 246772 194040
237 218310 227850
238 239146 234422
239 217096 236600
240 318787 179731
241 303891 223400
242 307005 202490
243 260082 216200
244 252645 193800
245 251234 216200
246 316540 262266
247 310422 256946
248 310688 269640
249 302860 265066
250 320213 276733
251 319960 288200
252 298553 281866
253 311817 274600
254 461725 76253
255 457505 97676
256 295450 219333
257 287660 215133
258 263086 183866
259 205618 274680
260 462834 234111
261 568189 67966
262 574053 136733
263 510131 82733
264 519464 83939
265 541598 227098
266 494414 147254
267 562565 236103
268 566919 86400
269 564521 143577
270 478747 183110
271 554883 217284
272 469040 210381
273 497293 203186
274 543177 149100
275 538592 89981
276 509053 102072
277 464740 281400
278 553675 219128
279 554648 150920
280 560208 185900
281 477879 225400
282 568920 95568
283 529598 144088
284 507069 104000
285 535972 98127
286 501249 108876
287 470072 261919
288 468350 249200
289 543051 152133
290 415113 256733
291 569147 152600
292 528715 101266
293 568943 110747
294 548956 106942
295 509971 128625
296 565657 158333
297 498631 209387
298 505808 120400
299 571140 165480
300 576688 164360
301 551398 67556
302 518837 167090
303 570328 134400
304 532797 68437
305 579880 149800
306 287193 153872
307 316142 132490
308 286878 166911
309 301701 150920
310 310586 136733
311 363612 275800
312 382042 275100
313 381472 277900
314 369502 288400
315 374157 281400
316 377387 288400
317 382422 282800
318 368172 283500
319 362662 286300
320 359337 289100
321 359907 279300
322 354397 277200
323 336062 280700
324 336442 288400
325 335872 289800
326 338057 278600
327 343377 287700
328 350217 289100
329 344517 280000
330 352022 282100
331 358292 270900
332 358767 267400
333 371402 266000
334 361807 266000
335 359828 259466
336 368837 261800
337 374727 270900
338 379477 268100
339 379952 260400
340 383467 266700
341 368837 272300
342 372162 277900
343 343084 120317
344 363935 127230
345 386954 120400
346 517283 134272
347 539853 125533
348 537401 168200
349 340895 43915
350 336223 22707
351 319337 30243
352 494348 88733
353 571596 127586
354 226473 168316
355 301480 192422
356 291333 184177
357 291323 60271
358 291297 200600
359 293280 229526
360 300746 234325
361 308207 268866
362 308412 277666
363 310546 287509
364 530328 133000
365 502512 211792
366 543657 133800
367 237159 169979
368 231492 171137
369 234282 167774
370 199063 130013
371 204708 131455
372 203096 129524
373 207891 135053
374 207879 173786
375 102959 124259
376 207918 186489
377 205036 179924
378 210095 183866
379 150454 216533
380 155930 213675
381 154325 224337
382 158073 218773
383 146496 217653
384 151821 207900
385 150420 210437
386 181511 194238
387 149346 210746
388 128256 203840
389 130818 215455
390 129665 213137
391 133606 205890
392 133196 201506
393 139708 204158
394 135876 206572
395 152165 194329
396 329080 145968
397 309611 151293
398 222300 259933
399 515267 211354
400 454662 212072
401 461731 275800
402 457710 272222
403 453568 267400
404 446500 259000
405 456836 276920
406 442553 272353
407 426062 273000
408 400987 274292
409 500607 257666
410 401026 267983
411 423064 269717
412 417240 272066
413 417012 266280
414 453394 69666
415 462412 72800
416 406937 9903
417 466100 51505
418 450528 238280
419 447559 210753
420 438674 233592
421 429661 246743
422 405188 237400
423 463980 23540
424 410280 34835
425 400925 19786
426 391139 13896
427 444600 284977
428 419363 287164
429 401871 281866
430 460338 286533
431 457118 286377
432 505400 209533
433 413584 73933
434 412731 49460
435 273473 8244
436 291346 6160
437 279028 193400
438 257340 280368
439 581508 86200
440 585510 83020
441 585510 86380
442 467230 294680
443 453790 294680
444 434750 294680
445 442590 294680
446 452670 294680
447 450430 294680
448 391070 294680
449 423550 294680
450 396670 294680
451 433630 294680
452 445950 294680
453 428030 294680
454 438110 294680
455 430270 294680
456 426910 294680
457 464990 294680
458 466110 294680
459 463870 294680
460 429150 294680
461 424670 294680
462 420190 294680
463 425790 294680
464 439230 294680
465 435870 294680
466 473950 140
467 585510 85260
468 405630 294680
469 406750 294680
470 395550 294680
471 414590 294680
472 393310 294680
473 254430 140
474 258910 294680
475 234270 294680
476 375390 294680
477 397790 294680
478 585510 88620
479 373150 294680
480 422430 294680
481 374270 294680
482 383230 294680
483 380990 294680
484 378750 294680
485 372030 294680
486 394430 294680
487 382110 294680
488 376510 294680
489 264510 140
490 379870 294680
491 419070 294680
492 392190 294680
493 251070 294680
494 413470 294680
495 421310 294680
496 393310 140
497 255550 294680
498 267870 294680
499 252190 140
500 329470 140
501 309310 140
502 298110 140
503 347390 140
504 336190 140
505 327230 140
506 285790 140
507 262270 140
508 263390 140
509 255550 140
510 326110 140
511 318270 140
512 324990 140
513 322750 140
514 260030 140
515 261150 140
516 308190 140
517 257790 140
518 258910 140
519 321630 140
520 323870 140
521 314910 140
522 303710 140
523 256670 140
524 295870 140
525 300350 140
526 311550 140
527 294750 140
528 320510 140
529 319390 140
530 299230 140
531 302590 140
532 296990 140
533 328350 140
534 313790 140
535 317150 140
536 316030 140
537 346270 140
538 338430 140
539 265630 140
540 282430 140
541 280190 140
542 267870 140
543 266750 140
544 276830 140
545 275710 140
546 268990 140
547 301470 140
548 271230 140
549 291390 140
550 292510 140
551 272350 140
552 270110 140
553 273470 140
554 274590 140
555 279070 140
556 283550 140
557 277950 140
558 284670 140
559 307070 140
560 305950 140
561 312670 140
562 304830 140
563 310430 140
564 253310 140
565 286910 140
566 289150 140
567 290270 140
568 293630 140
569 288030 140
570 281310 140
571 345150 140
572 460510 140
573 466110 140
574 585510 127820
575 482910 294680
576 585510 143500
577 585510 146860
578 585510 161420
579 458270 294680
580 443710 294680
581 499710 294680
582 514270 294680
583 509790 294680
584 486270 294680
585 585510 152460
586 494110 294680
587 498590 294680
588 506430 294680
589 457150 294680
590 504190 294680
591 492990 294680
592 500830 294680
593 496350 294680
594 495230 294680
595 487390 294680
596 585510 123340
597 491870 294680
598 470590 294680
599 585510 144620
600 585510 141260
601 585510 136780
602 585510 135660
603 585510 128940
604 585510 145740
605 585510 149100
606 585510 84140
607 444830 294680
608 448190 294680
609 441470 294680
610 449310 294680
611 436990 294680
612 459390 294680
613 412350 294680
614 407870 294680
615 410110 294680
616 408990 294680
617 585510 87500
618 404510 294680
619 398910 294680
620 400030 294680
621 401150 294680
622 402270 294680
623 403390 294680
624 431390 294680
625 432510 294680
626 417950 294680
627 415710 294680
628 440350 294680
629 411230 294680
630 416830 294680
631 462750 294680
632 461630 294680
633 456030 294680
634 454910 294680
635 460510 294680
636 447070 294680
637 451550 294680
638 469470 140
639 453790 140
640 451550 140
641 424670 140
642 458270 140
643 415710 140
644 462750 140
645 468350 140
646 461630 140
647 463870 140
648 464990 140
649 406750 140
650 339550 140
651 420190 140
652 333950 140
653 335070 140
654 337310 140
655 340670 140
656 350750 140
657 452670 140
658 457150 140
659 459390 140
660 416830 140
661 472830 140
662 404510 140
663 471710 140
664 470590 140
665 356350 140
666 355230 140
667 359710 140
668 394430 140
669 370910 140
670 382110 140
671 454910 140
672 450430 140
673 456030 140
674 585510 147980
675 503070 294680
676 507550 294680
677 497470 294680
678 490750 294680
679 489630 294680
680 485150 294680
681 512030 294680
682 510910 294680
683 488510 294680
684 505310 294680
685 513150 294680
686 508670 294680
687 481790 294680
688 501950 294680
689 484030 294680
690 585510 116620
691 585510 142380
692 585510 130060
693 467230 140
