0 51354 20307
1 57156 22765
2 52716 26349
3 61232 28139
4 59707 24685
5 57374 20705
6 32449 15354
7 56719 23938
8 64678 21043
9 51884 44810
10 36668 23734
11 34101 22777
12 18235 26397
13 21322 17565
14 32084 29813
15 17366 18949
16 45505 29363
17 22257 19695
18 34321 13345
19 47468 24843
20 36006 13957
21 44718 35838
22 35609 23795
23 35245 16335
24 68171 42465
25 60260 27482
26 61726 15615
27 66247 22921
28 35280 23707
29 32268 27818
30 24448 28494
31 20353 30407
32 23560 27806
33 32130 30639
34 44515 30002
35 30105 37515
36 44311 30369
37 32674 26308
38 37796 31185
39 40683 29574
40 32571 38089
41 73324 28936
42 21986 22469
43 17762 22197
44 19516 22631
45 18024 22969
46 24204 20179
47 21412 19170
48 29947 20081
49 29922 22017
50 36573 19305
51 30702 20500
52 36130 16848
53 39589 20262
54 31855 21389
55 39930 23895
56 32045 26099
57 31480 25017
58 61718 30933
59 32466 33476
60 32201 38020
61 31618 45608
62 18827 33274
63 31914 34298
64 36707 25411
65 21590 35055
66 16614 37592
67 48635 32087
68 44457 27469
69 66031 15236
70 74710 18468
71 76845 22323
72 74736 23733
73 43084 29063
74 25041 27758
75 20917 20811
76 35511 31511
77 36467 27928
78 60748 36243
79 32367 29590
80 19330 31643
81 35872 27936
82 64993 30105
83 16621 35642
84 88333 24715
85 81399 27350
86 75456 20235
87 64271 20140
88 62496 33180
89 60640 40949
90 58243 32374
91 32658 34944
92 59379 31788
93 29669 39017
94 61636 35542
95 57925 37696
96 17153 31905
97 32630 38482
98 32233 38750
99 15000 40242
100 15384 41734
101 35076 47862
102 37075 47893
103 35921 32418
104 68583 34585
105 30807 42655
106 49840 47899
107 65752 13223
108 60191 34459
109 45555 39550
110 58680 34993
111 38850 45210
112 46710 39721
113 49727 40225
114 57128 35890
115 62596 13480
116 55804 32395
117 58703 29346
118 39536 29138
119 57305 42835
120 50456 27876
121 50957 26160
122 70045 15093
123 74713 21645
124 78381 23461
125 82696 20073
126 64078 46543
127 56405 44218
128 79681 46256
129 77921 46473
130 66601 48465
131 83366 44048
132 83757 39273
133 80033 37009
134 85466 4950
135 84173 3458
136 84144 5600
137 86757 4538
138 80421 5680
139 82789 6075
140 83061 3195
141 78033 11137
142 72104 10324
143 59346 7566
144 68431 3035
145 57118 5566
146 50072 8503
147 59146 12053
148 56065 2700
149 56763 3555
150 56511 2655
151 80571 45263
152 81732 44839
153 81115 44029
154 80406 38976
155 82811 40072
156 79509 38097
157 66516 32995
158 59749 8926
159 52220 40731
160 55440 40320
161 53235 39648
162 52844 41478
163 70899 50355
164 82793 50007
165 77276 47135
166 81223 41020
167 76550 38205
168 77563 37742
169 69586 49120
170 70620 48850
171 77391 50130
172 74477 48580
173 78988 48087
174 51688 28910
175 83287 14532
176 78287 17512
177 90274 12726
178 90393 15833
179 88535 14287
180 89095 27968
181 84753 31790
182 76195 17475
183 89138 22915
184 86674 13051
185 82053 2565
186 82917 2835
187 75252 6117
188 80214 30078
189 91225 31937
190 87535 34458
191 91721 23766
192 83133 2565
193 89565 10341
194 82647 2565
195 73978 7225
196 81076 33760
197 83915 35599
198 93486 29231
199 81837 2565
200 88180 15094
201 83565 2565
202 76400 16489
203 85995 2565
204 73091 20900
205 67209 10345
206 61094 10181
207 75356 15438
208 76413 18070
209 81686 15469
210 78954 7837
211 79260 6885
212 76127 10012
213 57852 15962
214 77324 14618
215 56223 41625
216 69580 38817
217 73732 40320
218 74226 39337
219 72961 41985
220 71165 39534
221 72243 40770
222 58143 49630
223 57743 49434
224 62739 49684
225 54489 49855
226 70563 31477
227 74116 30629
228 51262 30890
229 70321 47305
230 73621 45722
231 75254 44768
232 77190 43270
233 79997 42423
234 80750 41619
235 79974 40144
236 78185 39926
237 77674 39127
238 77409 36909
239 78721 37293
240 62740 6125
241 69988 5449
242 68039 7273
243 70092 6302
244 60783 5175
245 64242 5465
246 47361 9600
247 43516 7058
248 51041 3391
249 42994 6043
250 52923 6671
251 52456 4166
252 48530 6988
253 40639 3848
254 43274 3654
255 67844 3465
256 62888 2835
257 62002 3267
258 63234 2781
259 63039 3699
260 61527 3699
261 61484 2673
262 60318 3753
263 60134 2835
264 59324 2727
265 58244 3645
266 58050 2889
267 58266 2781
268 51995 13783
269 79127 48980
270 77628 49082
271 86362 41310
272 83248 40172
273 84112 41329
274 82157 41985
275 78227 41992
276 67014 50445
277 79938 47475
278 80883 49725
279 79939 50663
280 80978 46197
281 82129 48960
282 86382 48600
283 75690 50085
284 83079 50663
285 80534 47925
286 82336 48195
287 83325 47192
288 83808 48915
289 83875 48363
290 83811 49935
291 79789 38745
292 81038 47307
293 86841 42525
294 70085 49140
295 85212 48870
296 71650 48040
297 72825 47418
298 73608 49185
299 79986 43485
300 85833 45070
301 84091 45675
302 68789 49713
303 81310 49725
304 79606 49491
305 85077 47655
306 78711 46275
307 84513 41377
308 78597 50220
309 83095 46507
310 85016 46608
311 72630 50432
312 76363 49622
313 85261 42300
314 66282 50325
315 68628 50517
316 82382 39798
317 81609 46729
318 65928 49653
319 81867 43425
320 85270 44235
321 85829 46729
322 75759 47286
323 86038 40263
324 74587 49275
325 69773 50571
326 68479 49737
327 81522 39375
328 86697 44730
329 86150 43571
330 76441 48145
331 78887 40162
332 84526 42558
333 84783 37698
334 74265 47192
335 67531 50310
336 65518 50409
337 86531 45726
338 84973 43335
339 87372 45315
340 82083 38205
341 83268 38565
342 75100 50220
343 71368 49545
344 72734 49352
345 65691 49545
346 66565 48033
347 85347 39246
348 84845 38590
349 74230 50432
350 66493 48272
351 81669 45603
352 56119 2835
353 48880 50223
354 82458 48465
355 55161 50625
356 64233 50625
357 42 4044
358 42 4332
359 70476 42
360 70572 42
361 70668 42
362 69804 42
363 71148 42
364 69996 42
365 71052 42
366 69516 42
367 71916 42
368 71244 42
369 71340 42
370 70380 42
371 71436 42
372 70092 42
373 69228 42
374 70956 42
375 69420 42
376 70764 42
377 69036 42
378 68556 42
379 69612 42
380 67596 42
381 70860 42
382 68652 42
383 56268 42
384 42 4140
385 51756 42
386 50124 42
387 52044 53588
388 69708 42
389 63564 53588
390 69324 42
391 52332 42
392 68844 42
393 49164 42
394 49452 42
395 42 4236
396 52236 53588
397 50316 42
398 52140 53588
399 49356 42
400 63756 53588
401 68268 42
402 60108 53588
403 68364 42
404 68748 42
405 67788 42
406 51276 42
407 68940 42
408 67884 42
409 53100 42
410 52236 42
411 68076 42
412 57708 42
413 67692 42
414 55212 53588
415 68172 42
416 49548 53588
417 51084 53588
418 49356 53588
419 49740 53588
420 50796 42
421 48396 42
422 45612 42
423 50508 53588
424 47436 42
425 45996 42
426 46380 42
427 48012 42
428 50508 42
429 45516 42
430 50124 53588
431 50604 53588
432 47628 42
433 50412 53588
434 46092 42
435 46476 42
436 48204 42
437 50220 42
438 45324 42
439 49836 53588
440 50028 53588
441 48204 53588
442 46092 53588
443 45900 42
444 50700 53588
445 48108 42
446 51276 53588
447 48396 53588
448 46188 53588
449 46956 42
450 48492 42
451 50988 53588
452 45708 42
453 49836 42
454 50412 42
455 48876 42
456 46380 53588
457 48876 53588
458 48108 53588
459 48684 53588
460 49452 53588
461 49260 53588
462 46764 53588
463 46572 53588
464 46668 53588
465 49164 53588
466 48012 53588
467 48300 53588
468 47436 53588
469 46476 53588
470 47628 53588
471 47340 53588
472 46956 53588
473 47148 53588
474 46284 53588
475 47724 53588
476 47532 53588
477 47052 53588
478 49068 53588
479 47820 53588
480 47244 53588
481 48972 53588
482 48492 53588
483 46860 53588
484 48780 53588
485 47916 53588
486 49644 53588
487 48588 53588
488 52524 42
489 66540 42
490 56076 42
491 81036 42
492 82188 42
493 82092 42
494 82284 42
495 83916 42
496 80748 42
497 83820 42
498 85644 42
499 83052 42
500 84972 42
501 85260 42
502 85164 42
503 82572 42
504 83628 42
505 82668 42
506 84780 42
507 84876 42
508 84204 42
509 82476 42
510 84300 42
511 81612 42
512 81324 42
513 80556 42
514 81708 42
515 80172 42
516 83244 42
517 82380 42
518 85452 42
519 85356 42
520 83340 42
521 81516 42
522 83724 42
523 42 4428
524 69900 42
525 70188 42
526 70284 42
527 71820 42
528 71724 42
529 71628 42
530 71532 42
531 62988 42
532 69132 42
533 62028 42
534 42 4524
535 64716 42
536 65964 42
537 64908 42
538 66156 42
539 65004 42
540 66252 42
541 63276 42
542 63180 42
543 61548 42
544 61356 42
545 58764 42
546 60300 42
547 60012 42
548 58956 42
549 57900 42
550 57804 42
551 57996 42
552 67308 42
553 67980 42
554 68460 42
555 43980 42
556 56748 42
557 40236 42
558 39852 42
559 39948 42
560 40140 42
561 40332 42
562 40044 42
563 39756 42
564 42924 42
565 43020 42
566 43308 42
567 47532 42
568 40428 42
569 49260 42
570 50700 42
571 50604 42
572 51564 42
573 50028 42
574 52140 42
575 50892 42
576 49740 42
577 48588 42
578 46860 42
579 43596 42
580 44940 42
581 46188 42
582 41772 42
583 42348 42
584 43404 42
585 39180 42
586 39276 42
587 39372 42
588 40524 42
589 56940 42
590 56844 42
591 82764 42
592 84588 42
593 84012 42
594 84108 42
595 81804 42
596 81420 42
597 81228 42
598 84492 42
599 84684 42
600 85548 42
601 82956 42
602 83148 42
603 82860 42
604 83436 42
605 85068 42
606 84396 42
607 74220 42
608 83532 42
609 78540 42
610 55980 42
