0 42018 49308
1 42932 46187
2 36937 39704
3 43834 35802
4 48214 43948
5 41235 44194
6 15997 44406
7 19257 46997
8 41854 40390
9 42316 33836
10 35312 40783
11 26891 42370
12 10276 33389
13 17886 45650
14 6669 44609
15 11206 31646
16 5244 43531
17 27584 32522
18 7919 40423
19 22045 50554
20 28910 34057
21 24426 50734
22 27869 37341
23 30088 40232
24 23094 49801
25 53716 20963
26 47172 37366
27 42105 55284
28 45619 42399
29 31213 36620
30 20772 31797
31 5872 32852
32 29645 33193
33 17470 32854
34 17793 25184
35 25562 31100
36 29761 34281
37 20169 26525
38 55692 41663
39 8549 37924
40 3300 37690
41 5833 38971
42 3418 39246
43 12054 39879
44 6364 40961
45 20567 43222
46 14002 41046
47 22777 43054
48 20085 43579
49 26221 41985
50 20742 40948
51 20800 41198
52 18142 39069
53 19377 35714
54 20094 37619
55 57519 34490
56 19444 26245
57 19448 17201
58 6005 29428
59 17105 29908
60 24028 38314
61 7336 30579
62 30948 30203
63 11248 35480
64 45898 56012
65 49733 51787
66 58595 49290
67 58905 46800
68 30701 35345
69 12076 33852
70 15384 31406
71 27801 40244
72 51346 30394
73 53080 36266
74 7118 25349
75 66352 50758
76 64582 38926
77 60554 55113
78 47354 44452
79 60503 33782
80 56096 27323
81 59879 33153
82 63069 33277
83 51994 31895
84 20043 28371
85 18188 21713
86 21394 25347
87 15112 17215
88 19310 24618
89 5139 20873
90 6199 25327
91 23942 15455
92 30186 21279
93 19778 24143
94 53905 35680
95 42000 22050
96 44159 59193
97 33681 33866
98 35868 24245
99 58532 31669
100 59356 34732
101 32627 19107
102 37234 27395
103 38123 24137
104 35096 31930
105 56412 30066
106 42229 55414
107 51324 39823
108 52927 30580
109 47923 33068
110 35026 47963
111 36879 48816
112 48919 56215
113 59997 50817
114 59799 47641
115 63343 25462
116 47625 21207
117 67504 48673
118 45641 11766
119 48929 19305
120 49761 10783
121 54556 10729
122 57913 12920
123 64187 66784
124 63369 67612
125 66093 64446
126 62105 64168
127 63060 58716
128 63087 64305
129 62419 61850
130 56511 60583
131 37925 62651
132 47118 66138
133 42968 67640
134 34984 64031
135 29018 61118
136 38585 58082
137 36747 66825
138 36873 64125
139 36387 65385
140 45927 11137
141 48660 12855
142 55090 13770
143 50810 34675
144 32163 62080
145 44169 26460
146 47331 29250
147 46913 25691
148 46731 25472
149 41262 18191
150 41148 9392
151 44649 12771
152 52692 12885
153 57658 10954
154 57982 15525
155 56664 14769
156 44732 18697
157 43173 18610
158 38889 12600
159 39997 14715
160 42652 8382
161 36702 48134
162 58920 55409
163 69464 60252
164 70064 58639
165 69172 60689
166 68118 46771
167 68899 42317
168 62721 68175
169 61155 68445
170 57470 66364
171 68254 38199
172 73521 46845
173 73255 42009
174 69252 51763
175 60561 67095
176 69370 63308
177 52105 52526
178 62721 66825
179 53392 51764
180 58185 63288
181 64594 41670
182 71215 39435
183 73917 51125
184 60831 68445
185 75519 53865
186 75519 54405
187 46680 61332
188 40534 60240
189 41149 59243
190 55916 56164
191 59261 55215
192 60297 58145
193 51995 62910
194 51908 64455
195 52926 60495
196 38652 53580
197 53703 27315
198 62704 29993
199 63253 27405
200 62013 28176
201 64940 27739
202 66405 27758
203 63990 29385
204 64192 22591
205 62276 21231
206 60690 20228
207 65282 21809
208 53677 40043
209 54332 44831
210 36128 45324
211 46315 19152
212 44232 15856
213 46032 15171
214 50397 19035
215 48926 15336
216 50488 14910
217 52334 15069
218 54063 15598
219 55661 15205
220 58122 14850
221 58164 13995
222 40186 64821
223 46319 64785
224 47201 66285
225 45918 64681
226 38757 65505
227 41659 65083
228 26013 59850
229 21012 62289
230 21730 64882
231 30159 63484
232 30040 65775
233 23972 60331
234 22973 67428
235 24398 66042
236 29266 66953
237 39537 67653
238 35002 67635
239 36082 68175
240 36266 67581
241 35002 66717
242 34776 68229
243 33415 68175
244 33447 67797
245 33534 66771
246 33609 67257
247 33890 65475
248 35499 65799
249 33847 66177
250 59716 51820
251 32544 56634
252 41580 11955
253 40538 12786
254 52503 7733
255 53386 11359
256 52321 11025
257 51816 12362
258 51053 12207
259 48308 18441
260 43922 10901
261 42233 11286
262 41940 10935
263 39401 9801
264 40056 10725
265 44766 10341
266 45555 7053
267 38937 13557
268 41445 9281
269 43301 10732
270 45232 9893
271 45630 8415
272 44126 7452
273 44232 8100
274 41391 8201
275 56686 13005
276 53544 12979
277 44619 10163
278 51201 7455
279 44083 17513
280 40723 13982
281 40321 17685
282 41960 17095
283 41695 15598
284 39447 15957
285 49480 11907
286 48370 9517
287 47920 9720
288 52579 10023
289 39385 11450
290 46369 10057
291 46989 8685
292 38478 16605
293 52690 7965
294 38934 13519
295 51820 9585
296 47597 10549
297 46641 17385
298 48123 17415
299 45678 18171
300 45366 10125
301 49210 17955
302 50150 12439
303 49396 8775
304 47970 7317
305 47381 11508
306 46638 8055
307 42506 14094
308 54211 11790
309 53463 8967
310 56706 10935
311 42438 18387
312 46339 18225
313 54455 13249
314 49248 8196
315 50537 8775
316 45459 11925
317 54937 12053
318 41788 12323
319 51331 10395
320 40257 15795
321 56102 9855
322 43513 13365
323 49700 13297
324 50341 9360
325 48218 6547
326 49888 7116
327 55909 12285
328 47487 18387
329 38745 14411
330 40419 18387
331 39684 16929
332 38950 14823
333 49221 17685
334 40873 13140
335 54212 9213
336 55157 9348
337 38718 15255
338 50085 17916
339 37381 65880
340 43025 20779
341 52602 14156
342 49626 9045
343 46667 2565
344 75519 23625
345 73413 32535
346 46380 42
347 46476 42
348 55404 70543
349 56076 70543
350 55308 70543
351 56652 70543
352 54732 70543
353 56556 70543
354 55596 70543
355 54636 70543
356 55020 70543
357 56460 70543
358 56940 70543
359 56748 70543
360 54444 70543
361 56844 70543
362 57036 70543
363 54348 70543
364 57516 70543
365 57420 70543
366 56364 70543
367 54252 70543
368 56268 70543
369 57324 70543
370 54924 70543
371 56172 70543
372 36876 70543
373 46860 42
374 43020 42
375 77941 48780
376 77941 30348
377 59820 70543
378 77941 30060
379 52140 70543
380 41004 42
381 45420 70543
382 41100 42
383 45324 70543
384 46668 42
385 77941 32748
386 77941 43788
387 77941 31020
388 77941 49356
389 77941 32460
390 62604 70543
391 77941 33996
392 62124 70543
393 60588 70543
394 60684 70543
395 77941 30444
396 47820 70543
397 51948 70543
398 50796 42
399 48588 42
400 77941 47340
401 77941 31308
402 77941 46188
403 77941 23628
404 51852 70543
405 77941 31500
406 77941 32556
407 77941 31212
408 77941 31884
409 39948 70543
410 77941 34860
411 33420 70543
412 42 38796
413 42 38892
414 42 40428
415 42 41196
416 35148 70543
417 37356 70543
418 33228 70543
419 36780 70543
420 42 38700
421 42 38604
422 42 38316
423 42 40140
424 33804 70543
425 35052 70543
426 36684 70543
427 32652 70543
428 42 41004
429 42 37260
430 42 38508
431 42 39852
432 33036 70543
433 42 38412
434 34956 70543
435 42 39084
436 42 38988
437 42 39756
438 42 41100
439 35532 70543
440 42 40044
441 33708 70543
442 36972 70543
443 77941 34476
444 40524 70543
445 42156 42
446 41484 42
447 42540 42
448 43212 42
449 43596 42
450 42924 42
451 41292 42
452 41196 42
453 41676 42
454 42348 42
455 42252 42
456 42060 42
457 44460 42
458 44364 42
459 44268 42
460 40908 42
461 40812 42
462 41964 42
463 40524 42
464 40620 42
465 44652 42
466 44172 42
467 42444 42
468 44076 42
469 41388 42
470 43116 42
471 43308 42
472 44556 42
473 43500 42
474 40716 42
475 42732 42
476 43404 42
477 46092 70543
478 54828 70543
479 35436 70543
480 77941 52620
481 60492 70543
482 58860 70543
483 60876 70543
484 59340 70543
485 58092 70543
486 58284 70543
487 62028 70543
488 60108 70543
489 60972 70543
490 61452 70543
491 61932 70543
492 59052 70543
493 60012 70543
494 58572 70543
495 61164 70543
496 59532 70543
497 58956 70543
498 61356 70543
499 60396 70543
500 60204 70543
501 59724 70543
502 77941 46380
503 59148 70543
504 58188 70543
505 77941 53580
506 61644 70543
507 61548 70543
508 77941 54060
509 62220 70543
510 59916 70543
511 62316 70543
512 46572 42
513 43212 70543
514 43980 70543
515 44076 70543
516 44748 70543
517 45612 70543
518 44844 70543
519 45708 70543
520 34668 70543
521 39660 70543
522 35628 70543
523 46764 42
524 41868 70543
525 41388 70543
526 40812 70543
527 40332 70543
528 39564 70543
529 38700 70543
530 36108 70543
531 35340 70543
532 34572 70543
533 34476 70543
534 35244 70543
535 33996 70543
536 34188 70543
537 34092 70543
538 34380 70543
539 35724 70543
540 34284 70543
541 38796 70543
542 37740 70543
543 37548 70543
544 23436 70543
545 34764 70543
546 28812 70543
547 29100 70543
548 28236 70543
549 26220 70543
550 24972 70543
551 24396 70543
552 24300 70543
553 29004 70543
554 29868 70543
555 24588 70543
556 25548 70543
557 28908 70543
558 27468 70543
559 29580 70543
560 28620 70543
561 31596 70543
562 30252 70543
563 31500 70543
564 29484 70543
565 28332 70543
566 26316 70543
567 25740 70543
568 24204 70543
569 24492 70543
570 24108 70543
571 24012 70543
572 26124 70543
573 28716 70543
574 28140 70543
575 30636 70543
576 23916 70543
577 31116 70543
578 34860 70543
579 33900 70543
580 77941 54444
581 61068 70543
582 60300 70543
583 61260 70543
584 62412 70543
585 61740 70543
586 58380 70543
587 62508 70543
588 61836 70543
589 60780 70543
590 59628 70543
591 59436 70543
592 58668 70543
593 58476 70543
594 59244 70543
595 58764 70543
596 57996 70543
597 77941 53772
598 77941 53292
599 36492 70543
