0 38619 33284
1 38389 44090
2 34863 37925
3 40700 33125
4 43773 42745
5 37712 43274
6 20202 45574
7 38712 39081
8 39672 30413
9 32143 37301
10 27985 41919
11 9922 33456
12 10193 43837
13 7553 31031
14 23114 31200
15 11637 40485
16 21974 47290
17 29419 38152
18 23986 46369
19 29772 28786
20 24407 47140
21 50065 21874
22 43768 37794
23 40082 51266
24 42275 41422
25 30153 36840
26 22044 32115
27 20376 47217
28 19340 32002
29 19312 24467
30 21022 29307
31 27233 31942
32 20962 26791
33 20461 23684
34 50013 36865
35 13066 35315
36 8559 33962
37 8915 37395
38 9050 34540
39 15992 38237
40 12588 38217
41 24507 42086
42 23655 41753
43 28475 41693
44 25755 42049
45 29216 41248
46 24200 40980
47 24155 41691
48 20865 35725
49 19229 34882
50 54812 34516
51 21676 27981
52 20272 27220
53 21955 18024
54 9172 28310
55 23247 36585
56 9906 27822
57 17826 29229
58 42715 52050
59 52647 55282
60 55098 46448
61 56007 43875
62 27551 30903
63 29597 31529
64 31368 35807
65 30866 31194
66 30487 31951
67 7182 26042
68 62507 45603
69 59875 38350
70 57288 51097
71 44286 42788
72 20936 28801
73 42592 51484
74 56355 33322
75 51846 27437
76 55647 32190
77 58408 32723
78 21664 27151
79 20552 20811
80 11143 29856
81 22709 24359
82 19923 24874
83 13089 20320
84 7048 20205
85 25503 16773
86 50048 34247
87 39302 22074
88 33651 23613
89 55216 31477
90 33011 21706
91 28089 22199
92 53479 30066
93 39812 51679
94 34792 32614
95 49818 30437
96 44272 32959
97 3748 37452
98 10894 38981
99 45720 52686
100 55600 47963
101 56453 45136
102 59660 26051
103 45121 21845
104 42982 12559
105 44598 13113
106 46684 19825
107 48918 11873
108 52202 11791
109 55281 13755
110 59459 62333
111 60786 59525
112 58077 60314
113 58186 54800
114 63648 51975
115 45305 58787
116 53779 60938
117 41070 55542
118 36348 57977
119 44514 61028
120 41419 63304
121 33665 59908
122 28452 57504
123 32759 57007
124 37154 53766
125 34641 61965
126 34857 60615
127 34067 61492
128 45504 11892
129 46278 11899
130 49761 14913
131 52164 14685
132 53742 15375
133 54615 15945
134 47746 34500
135 39972 62632
136 41696 25910
137 44424 29205
138 43551 25931
139 43693 25447
140 40158 18675
141 40276 10163
142 43303 13697
143 50340 14395
144 54243 12970
145 54637 16767
146 42889 19642
147 42170 18572
148 39033 13320
149 40125 15447
150 41301 9180
151 42552 12082
152 5867 36810
153 64989 39847
154 54337 51849
155 52116 52412
156 65858 56607
157 65841 55065
158 64410 57325
159 64550 43813
160 61787 48248
161 70767 50895
162 59103 63855
163 68820 44803
164 68535 40747
165 64864 48793
166 49382 58785
167 56673 62775
168 62788 59660
169 63912 56383
170 48370 49914
171 55479 50211
172 56889 63855
173 50328 48257
174 54577 58734
175 59751 40662
176 66463 37707
177 69070 48652
178 63616 54573
179 56511 63855
180 70443 50355
181 70605 51165
182 44087 57430
183 41310 56884
184 38355 55957
185 55072 51647
186 55911 55113
187 48386 60374
188 49090 56385
189 36635 49227
190 54023 63029
191 58114 29622
192 59397 27546
193 59715 28076
194 60462 29160
195 59891 23085
196 57706 22594
197 56530 21480
198 60639 22464
199 49344 37978
200 49769 42935
201 44265 19808
202 44289 16222
203 42993 16267
204 45288 15509
205 47147 15673
206 48267 16101
207 49304 16200
208 50031 14886
209 51231 16408
210 52215 16956
211 54837 16119
212 54760 15480
213 38220 60298
214 44281 61318
215 37133 60642
216 39676 60537
217 23809 56325
218 24464 60736
219 24997 62685
220 21935 58808
221 29632 59404
222 29562 61356
223 26154 56745
224 21237 61811
225 28810 62450
226 35776 63095
227 35143 62451
228 33054 62471
229 33339 63459
230 32098 52720
231 40289 13230
232 50751 12195
233 50023 11899
234 49143 13668
235 48692 13827
236 45360 19170
237 41056 12183
238 42710 11166
239 44262 12435
240 41256 11097
241 39163 10800
242 40058 11818
243 44140 11205
244 43778 7810
245 39051 14085
246 40749 9888
247 43060 10714
248 43393 9675
249 44453 9160
250 42397 8890
251 40473 8943
252 53436 14208
253 49323 8205
254 41928 17820
255 42798 7965
256 40230 14483
257 41185 17091
258 39141 16290
259 47395 12723
260 46797 10905
261 46649 10311
262 43113 18405
263 43578 8977
264 49959 10995
265 39056 12334
266 45262 11137
267 45495 9160
268 37962 16584
269 38427 14507
270 49414 10530
271 44182 19035
272 45707 18610
273 43588 19473
274 50800 13635
275 44256 10605
276 46661 18603
277 48006 13695
278 47776 10395
279 45720 7755
280 44543 8775
281 42498 14715
282 51430 12780
283 50689 10057
284 53979 12217
285 51446 14175
286 47486 8842
287 48430 9237
288 52268 12521
289 40975 14073
290 49035 11397
291 40227 16551
292 53402 10857
293 41647 15592
294 46648 8736
295 48325 10845
296 47709 7911
297 52924 12510
298 39892 18135
299 39393 17190
300 46504 18900
301 42951 19629
302 51802 10226
303 52545 10260
304 54610 14823
305 47547 18495
306 35059 61290
307 39905 20457
308 48816 10125
309 51273 24435
310 37068 42
311 38316 42
312 53004 66077
313 52620 66077
314 52908 66077
315 52812 66077
316 51372 66077
317 52716 66077
318 52524 66077
319 51180 66077
320 51276 66077
321 51852 66077
322 52428 66077
323 52332 66077
324 51084 66077
325 52236 66077
326 52140 66077
327 50124 66077
328 51468 66077
329 52044 66077
330 50508 66077
331 50220 66077
332 51948 66077
333 51756 66077
334 50988 66077
335 50700 66077
336 34764 66077
337 38028 42
338 72979 29772
339 72979 46380
340 39756 42
341 54060 66077
342 47052 42
343 42828 66077
344 72979 27660
345 42540 66077
346 72979 28428
347 43404 66077
348 37164 42
349 72979 31500
350 72979 41292
351 72979 30252
352 72979 46668
353 72979 31596
354 56172 66077
355 72979 31692
356 42444 66077
357 43116 66077
358 72979 41388
359 47148 42
360 44076 66077
361 49356 66077
362 45612 42
363 46860 42
364 72979 46572
365 72979 31404
366 46476 66077
367 50988 42
368 49260 66077
369 72979 30156
370 72979 29868
371 72979 30348
372 72979 30060
373 37836 66077
374 72979 31884
375 42 38220
376 42 38988
377 42 36492
378 42 38028
379 42 38892
380 42 39564
381 42 39468
382 42 39276
383 42 39372
384 42 40428
385 42 40524
386 42 35052
387 42 40332
388 42 39180
389 42 40236
390 42 38508
391 42 39660
392 35436 66077
393 33516 66077
394 42 35436
395 42 35724
396 42 37356
397 42 36108
398 42 38796
399 42 36204
400 42 36012
401 42 35820
402 42 36876
403 42 37740
404 42 37164
405 42 40140
406 42 37452
407 72979 31788
408 38124 66077
409 39180 42
410 38412 42
411 38508 42
412 40236 42
413 40332 42
414 39084 42
415 37932 42
416 37356 42
417 38220 42
418 38988 42
419 38604 42
420 38796 42
421 40620 42
422 41196 42
423 40716 42
424 37452 42
425 37548 42
426 37740 42
427 38700 42
428 37836 42
429 40908 42
430 41004 42
431 39276 42
432 40812 42
433 38892 42
434 39660 42
435 39948 42
436 41100 42
437 39852 42
438 37644 42
439 39468 42
440 40044 42
441 38028 66077
442 50412 66077
443 33324 66077
444 72979 48972
445 54252 66077
446 72979 50700
447 57996 66077
448 55020 66077
449 54348 66077
450 55404 66077
451 57804 66077
452 56364 66077
453 56844 66077
454 57900 66077
455 57708 66077
456 54924 66077
457 56460 66077
458 55212 66077
459 57036 66077
460 55116 66077
461 54636 66077
462 57516 66077
463 55980 66077
464 56268 66077
465 56076 66077
466 72979 45516
467 55788 66077
468 54732 66077
469 72979 50124
470 57324 66077
471 57228 66077
472 72979 50508
473 72979 52044
474 72979 51372
475 72979 50316
476 38124 42
477 41772 66077
478 41676 66077
479 41964 66077
480 42636 66077
481 42924 66077
482 42732 66077
483 43020 66077
484 35340 66077
485 40620 66077
486 35628 66077
487 37260 42
488 37932 66077
489 38796 66077
490 38604 66077
491 38412 66077
492 37452 66077
493 37548 66077
494 36108 66077
495 36300 66077
496 34572 66077
497 34476 66077
498 33708 66077
499 33996 66077
500 33420 66077
501 33612 66077
502 33228 66077
503 33132 66077
504 33036 66077
505 39660 66077
506 40332 66077
507 40236 66077
508 23532 66077
509 32940 66077
510 25356 66077
511 27660 66077
512 27564 66077
513 26316 66077
514 23916 66077
515 23724 66077
516 23148 66077
517 25452 66077
518 25836 66077
519 23820 66077
520 24876 66077
521 25260 66077
522 28620 66077
523 30444 66077
524 30636 66077
525 30540 66077
526 28140 66077
527 29772 66077
528 27756 66077
529 27468 66077
530 26220 66077
531 25164 66077
532 23436 66077
533 24300 66077
534 23340 66077
535 23628 66077
536 27372 66077
537 29004 66077
538 29868 66077
539 29484 66077
540 23244 66077
541 29100 66077
542 32844 66077
543 32748 66077
544 72979 50604
545 56940 66077
546 55884 66077
547 57420 66077
548 56556 66077
549 57612 66077
550 54828 66077
551 56652 66077
552 57132 66077
553 56748 66077
554 55692 66077
555 55596 66077
556 55308 66077
557 55500 66077
558 54540 66077
559 54444 66077
560 72979 49548
561 72979 50220
562 72979 49836
563 34284 66077
