0 49962 20627
1 55784 22348
2 53659 25890
3 62878 22369
4 56632 20707
5 28764 15635
6 56049 24360
7 50669 43151
8 34638 23282
9 31346 14471
10 32353 22467
11 14813 24905
12 17419 16517
13 18717 30826
14 14650 18012
15 44240 30071
16 15058 24986
17 19131 19482
18 31787 12630
19 46165 24030
20 34154 12825
21 41352 35762
22 34446 22251
23 34725 16605
24 69480 40043
25 59879 27583
26 64232 15330
27 63992 23513
28 50967 28184
29 56139 33582
30 33175 23880
31 28975 25182
32 23542 13514
33 21654 28263
34 28130 30852
35 27352 37485
36 43380 29427
37 30119 26865
38 41827 30728
39 29909 37966
40 74761 29290
41 15267 21593
42 16972 22393
43 15599 20976
44 21044 19692
45 18561 19426
46 27786 19751
47 28171 22146
48 34786 20244
49 28460 20796
50 38065 14701
51 39361 19501
52 31767 20417
53 41236 23765
54 50885 43479
55 67096 24926
56 30232 22815
57 29280 25108
58 29289 26686
59 66754 21342
60 62063 31652
61 29300 37510
62 29026 37912
63 27837 46212
64 15204 27888
65 34533 24255
66 18503 31296
67 13571 37365
68 46898 32199
69 44129 27526
70 34942 31870
71 17122 30084
72 19818 27603
73 68349 14749
74 71069 18792
75 78917 22202
76 73370 21889
77 21964 28139
78 18729 19777
79 43358 29738
80 30301 28168
81 39016 29329
82 43067 28225
83 43973 29349
84 35793 28590
85 17286 24924
86 40971 32138
87 33767 29248
88 28538 19295
89 19677 20711
90 31140 28058
91 60243 36324
92 33033 27980
93 65192 29476
94 14717 35427
95 15128 30862
96 42287 26757
97 90812 23817
98 83338 26179
99 30242 29774
100 64037 24325
101 63176 19495
102 63074 33912
103 60173 36745
104 58509 32836
105 17074 31963
106 61678 43411
107 62221 36817
108 59881 36145
109 28924 34404
110 30012 38027
111 29710 38338
112 26162 41616
113 11722 40127
114 11885 42120
115 32376 48188
116 34268 48182
117 20480 38361
118 68754 34390
119 64334 14482
120 61047 34886
121 41379 41228
122 58775 34810
123 59925 32395
124 36252 38592
125 45673 43875
126 16301 41049
127 47752 39795
128 13360 32648
129 13252 32164
130 36391 33264
131 56916 35755
132 62868 14499
133 33645 33279
134 22702 27699
135 55496 32605
136 58479 29666
137 71149 41682
138 49871 29074
139 50350 26700
140 71711 15089
141 77737 21150
142 81021 23412
143 82001 20074
144 60088 48346
145 58197 29453
146 70494 37615
147 81920 46026
148 81325 43727
149 70124 47250
150 82722 41618
151 81468 37762
152 78678 35193
153 87162 19295
154 90597 4465
155 87707 3876
156 87552 5589
157 87916 4306
158 83313 7351
159 85317 5616
160 88380 6216
161 85676 2943
162 81084 10956
163 73238 11155
164 66282 7286
165 65974 3136
166 58653 5046
167 52712 8229
168 50925 8621
169 59051 12143
170 57267 2835
171 58815 3015
172 58383 2745
173 82059 44178
174 80426 43301
175 76242 37545
176 78073 36153
177 75825 35946
178 66545 33114
179 50662 40355
180 53271 40095
181 52585 39543
182 53464 41968
183 73845 50692
184 85716 48555
185 80383 46035
186 79534 40133
187 78126 35505
188 74767 36135
189 70672 50760
190 73011 50625
191 81617 49916
192 78563 48836
193 82746 47355
194 50811 29643
195 80254 18225
196 77878 15497
197 93254 12931
198 94472 15707
199 94204 12565
200 94919 29291
201 85571 29064
202 91491 15372
203 90565 13336
204 85617 2835
205 85941 2835
206 93242 23230
207 86307 33253
208 76858 6852
209 81583 11898
210 94393 33187
211 94578 25416
212 86157 2565
213 92067 10260
214 79535 15939
215 81612 30177
216 78125 18080
217 85887 3915
218 75744 8536
219 82008 32369
220 84711 34977
221 91339 34346
222 85077 4185
223 91218 28418
224 92043 15743
225 86103 2835
226 78681 16073
227 86913 2565
228 88220 35280
229 68669 10962
230 61902 9657
231 68313 9761
232 63856 11319
233 62067 10538
234 65325 11291
235 83704 14764
236 81246 7540
237 81770 6097
238 78303 9495
239 79230 17655
240 57426 15012
241 56732 16819
242 58383 42615
243 54559 48181
244 55786 50062
245 56043 48228
246 55140 50591
247 57341 47047
248 53433 46777
249 54128 46777
250 52903 47760
251 54027 48780
252 63862 49130
253 65646 48820
254 67135 47864
255 63249 50307
256 71148 31019
257 74577 28102
258 50591 31456
259 70913 48982
260 75324 47487
261 76095 45506
262 76494 43643
263 76597 41778
264 76698 40601
265 76866 38941
266 38007 28990
267 33232 31731
268 56206 48773
269 76017 38085
270 75879 35505
271 69237 6326
272 73107 6111
273 68710 6252
274 64485 4725
275 64476 4794
276 63636 6465
277 60849 5848
278 60246 5117
279 50934 5670
280 46813 9561
281 41999 6891
282 41149 5220
283 53839 6326
284 53762 4323
285 49214 6615
286 42528 3292
287 44209 4827
288 52513 3361
289 70535 3816
290 76118 3051
291 75654 4023
292 74563 2781
293 75762 2943
294 76032 2619
295 67273 3753
296 66895 2889
297 66625 2835
298 67921 2835
299 72640 3267
300 71928 2619
301 72781 2619
302 76055 21040
303 51190 13802
304 82633 48195
305 81171 48465
306 86465 38629
307 81921 39169
308 82747 39670
309 77590 40505
310 80082 41329
311 71139 47547
312 83499 47346
313 83500 46811
314 82312 45866
315 84996 49923
316 83966 50277
317 83398 45450
318 88209 44260
319 80517 49969
320 85492 47115
321 86311 49352
322 83781 46473
323 83443 44370
324 86031 45540
325 86332 44280
326 86548 46642
327 86856 46185
328 86673 47963
329 77952 37125
330 78348 39177
331 84132 45315
332 87291 39375
333 73609 48850
334 88323 45697
335 79554 48555
336 75397 49896
337 75175 48850
338 77172 48161
339 77524 50123
340 80915 42216
341 86562 42345
342 82882 42756
343 84591 42480
344 72636 49173
345 84925 49059
346 84051 49072
347 87075 44595
348 84189 39555
349 82873 49916
350 84115 43740
351 76502 50663
352 80359 49390
353 85126 39600
354 83765 43489
355 72244 47809
356 71847 47317
357 71415 50139
358 79488 39231
359 84234 44745
360 72154 46237
361 83457 41055
362 84982 41490
363 88762 43065
364 87311 43301
365 79698 46999
366 82431 39105
367 80689 38475
368 84506 38667
369 80856 35775
370 72235 50625
371 70755 50162
372 79069 38340
373 86605 41229
374 86103 40432
375 79259 37321
376 81320 47756
377 83245 40320
378 82605 36525
379 78232 46764
380 71059 48465
381 87086 42139
382 80244 42030
383 88335 41445
384 80006 40581
385 87952 40432
386 80883 37395
387 79933 51030
388 74482 50625
389 75690 50490
390 71843 46806
391 79137 50046
392 71069 46035
393 83751 38025
394 82454 37510
395 78337 50220
396 71973 45540
397 57631 2835
398 47774 50182
399 48713 47581
400 48987 48172
401 85752 38745
402 6931 2873
403 56511 51165
404 61479 51165
405 7212 42
406 6732 42
407 71724 42
408 71244 42
409 72108 42
410 69708 42
411 71340 42
412 70572 42
413 71532 42
414 70668 42
415 71052 42
416 70476 42
417 71628 42
418 70764 42
419 71820 42
420 72588 42
421 71916 42
422 70956 42
423 71436 42
424 73068 42
425 73260 42
426 73164 42
427 72972 42
428 69804 42
429 72300 42
430 72780 42
431 57996 42
432 6924 42
433 52428 53588
434 50988 42
435 53484 53588
436 49932 42
437 69996 53588
438 49740 42
439 47820 42
440 50604 42
441 47532 42
442 47628 42
443 6828 42
444 52716 53588
445 50508 42
446 52524 53588
447 47724 42
448 61164 53588
449 55884 42
450 62892 53588
451 55788 42
452 51084 53588
453 69900 42
454 50316 42
455 70188 42
456 70092 42
457 50412 42
458 50892 42
459 70668 53588
460 62604 42
461 69612 42
462 56364 53588
463 50700 42
464 49452 53588
465 51372 53588
466 49932 53588
467 50028 53588
468 50796 42
469 48012 42
470 44940 42
471 49836 53588
472 47916 42
473 45228 42
474 45516 42
475 46860 42
476 49836 42
477 44844 42
478 49548 53588
479 50412 53588
480 48204 42
481 49740 53588
482 45420 42
483 45132 42
484 46764 42
485 50028 42
486 44556 42
487 48588 53588
488 49644 53588
489 48300 53588
490 45708 53588
491 45612 53588
492 50316 53588
493 46956 42
494 50700 53588
495 48396 53588
496 45900 53588
497 46188 42
498 47436 42
499 50604 53588
500 44748 42
501 49164 42
502 48108 42
503 48780 42
504 46476 53588
505 48972 53588
506 48780 53588
507 48204 53588
508 49164 53588
509 49356 53588
510 46572 53588
511 45996 53588
512 46284 53588
513 49068 53588
514 48684 53588
515 47436 53588
516 47148 53588
517 46380 53588
518 46188 53588
519 46956 53588
520 48012 53588
521 48492 53588
522 46860 53588
523 47532 53588
524 47340 53588
525 46764 53588
526 48876 53588
527 46092 53588
528 47244 53588
529 49260 53588
530 48108 53588
531 46668 53588
532 47916 53588
533 47628 53588
534 47820 53588
535 47724 53588
536 52236 42
537 67980 42
538 57900 42
539 83820 42
540 87084 42
541 84972 42
542 85164 42
543 86412 42
544 82956 42
545 87276 42
546 87756 42
547 85932 42
548 87468 42
549 88620 42
550 88716 42
551 85644 42
552 87180 42
553 85740 42
554 86988 42
555 88140 42
556 87852 42
557 86124 42
558 88332 42
559 84780 42
560 84492 42
561 82764 42
562 84396 42
563 83532 42
564 85836 42
565 85068 42
566 88812 42
567 86508 42
568 88044 42
569 84300 42
570 85260 42
571 7020 42
572 72204 42
573 72012 42
574 70860 42
575 70380 42
576 71148 42
577 69996 42
578 67788 42
579 75180 42
580 70284 42
581 74988 42
582 7116 42
583 65100 42
584 64332 42
585 63372 42
586 62124 42
587 62220 42
588 65964 42
589 74028 42
590 74892 42
591 75084 42
592 67884 42
593 73740 42
594 67692 42
595 68748 42
596 69228 42
597 72684 42
598 72396 42
599 72492 42
600 72876 42
601 73836 42
602 73644 42
603 43020 42
604 59628 42
605 39180 42
606 41100 42
607 41388 42
608 43788 42
609 43884 42
610 41196 42
611 42732 42
612 43308 42
613 43212 42
614 43404 42
615 47244 42
616 39276 42
617 49068 42
618 50124 42
619 51084 42
620 53676 42
621 49452 42
622 53484 42
623 51660 42
624 50220 42
625 48876 42
626 47340 42
627 41868 42
628 45036 42
629 46284 42
630 39372 42
631 39468 42
632 39564 42
633 39660 42
634 39756 42
635 39852 42
636 41580 42
637 59820 42
638 59532 42
639 85452 42
640 87372 42
641 88236 42
642 88524 42
643 84876 42
644 84588 42
645 84108 42
646 86700 42
647 87564 42
648 87660 42
649 86604 42
650 86796 42
651 86220 42
652 86892 42
653 88428 42
654 87948 42
655 77580 42
656 86028 42
657 82860 42
658 57612 42
