0 403592 147845
1 260233 205443
2 423643 88068
3 249286 151085
4 312914 130157
5 343533 126992
6 362818 87457
7 263812 165882
8 282153 101897
9 203653 135345
10 210281 165776
11 232062 172200
12 338742 170550
13 298150 177620
14 294149 189108
15 341123 193007
16 397416 199266
17 378872 211041
18 270920 109820
19 388822 200654
20 263872 182560
21 130732 206074
22 131703 216628
23 368306 218349
24 381293 190788
25 280879 233940
26 198121 112000
27 256521 98333
28 307631 132040
29 275326 98550
30 290839 109150
31 150040 112040
32 249567 91678
33 391909 76045
34 437279 225647
35 307147 124478
36 407886 136054
37 240614 135191
38 303157 159923
39 288671 219830
40 200355 110929
41 305116 115675
42 205269 226333
43 232482 42259
44 328041 84933
45 301644 25386
46 246780 67307
47 228009 65100
48 309874 164024
49 278850 259900
50 250016 268100
51 433249 67516
52 248774 98648
53 328130 121333
54 229936 123110
55 431343 121111
56 401475 110840
57 340125 118533
58 332382 149124
59 360959 157300
60 275341 276868
61 345909 114369
62 268570 129021
63 150138 116200
64 67906 98840
65 51725 98048
66 199415 113578
67 253612 71640
68 369835 80021
69 437471 94251
70 182147 202001
71 399671 98466
72 217158 68682
73 144436 180913
74 382992 58961
75 280875 241047
76 266966 93115
77 317638 102382
78 258794 188693
79 215507 237500
80 137336 47173
81 200004 241587
82 201886 236376
83 200328 229656
84 406212 233800
85 340742 51266
86 137278 226043
87 197247 111400
88 186459 245000
89 168042 106718
90 327815 51712
91 110338 81792
92 194030 108038
93 134589 69363
94 295652 72444
95 327728 74454
96 276006 71458
97 129616 74977
98 307843 51166
99 345796 51444
100 375022 236264
101 202892 250900
102 297195 26911
103 352723 40939
104 317666 41200
105 251497 56200
106 203533 256307
107 292760 38062
108 107637 114383
109 331664 236226
110 197600 259700
111 179687 257600
112 261141 56796
113 188362 260600
114 202314 196389
115 196547 82384
116 151887 97389
117 170307 61800
118 246165 241104
119 322148 255234
120 104201 120800
121 141840 44223
122 332579 239633
123 165336 256866
124 176320 261305
125 157994 62468
126 194704 72111
127 352933 237400
128 171135 243900
129 162234 247800
130 156445 85633
131 272254 105227
132 267798 133600
133 263915 117960
134 228113 223627
135 146605 242030
136 112018 225400
137 178600 234500
138 348140 185168
139 411294 245448
140 303468 255640
141 368519 296055
142 295881 250939
143 403526 226700
144 428481 276850
145 165210 185168
146 187202 189466
147 132824 252980
148 230797 191644
149 90022 213995
150 45743 205458
151 47101 208295
152 64207 172200
153 29920 241053
154 118004 213718
155 71371 259952
156 10640 254706
157 37004 272466
158 5872 272745
159 15295 269150
160 438639 291148
161 305181 313862
162 354547 313444
163 369620 317400
164 419529 293790
165 425470 258745
166 367379 295465
167 384545 288723
168 373058 289258
169 262746 336350
170 432645 287700
171 297895 338617
172 465642 247100
173 461540 154616
174 462762 160314
175 454629 199916
176 447895 241661
177 489962 240800
178 481206 239400
179 85405 187950
180 85717 175000
181 71114 159000
182 58748 162120
183 50268 169000
184 41876 166600
185 82731 180200
186 74955 170800
187 82507 168000
188 57380 156955
189 49146 169400
190 36968 170200
191 24937 172550
192 42417 158900
193 21111 190866
194 29070 161000
195 12377 186200
196 9391 173400
197 5320 183000
198 23602 216688
199 39105 204781
200 13173 198955
201 48260 216160
202 8577 218600
203 33250 203840
204 48363 225145
205 18620 231000
206 10314 225400
207 46360 234360
208 24527 232018
209 28246 230533
210 38902 221550
211 44713 238155
212 60745 234600
213 65360 227400
214 39862 244440
215 66832 240100
216 58076 239400
217 38126 251844
218 61451 243800
219 47327 256200
220 73231 248600
221 75335 256550
222 76684 262360
223 73568 268520
224 76475 274050
225 70775 278950
226 64980 283850
227 40736 293440
228 53896 287000
229 25365 286300
230 35783 287933
231 14176 279676
232 16783 292600
233 70794 180040
234 32566 177240
235 16435 184800
236 9595 193200
237 14820 166200
238 8664 203000
239 10006 210777
240 38705 217400
241 36518 212800
242 155072 177606
243 72960 196700
244 91752 180345
245 63764 175000
246 29133 175000
247 25384 183400
248 21026 173600
249 55024 203560
250 80560 251066
251 85230 243833
252 82122 262111
253 88594 247400
254 79365 271400
255 74052 283850
256 91421 263200
257 89300 286066
258 86965 286200
259 189382 156380
260 457753 239527
261 72905 191800
262 74784 186200
263 77995 163800
264 90982 169800
265 40062 168600
266 32354 193000
267 47761 170275
268 336611 303255
269 253151 297787
270 182633 330400
271 145666 273933
272 203463 273455
273 196586 316213
274 225289 273000
275 330262 301843
276 446834 279933
277 379463 329770
278 156198 328945
279 148696 280827
280 404883 265565
281 339123 316064
282 341864 310142
283 396324 314300
284 287100 287884
285 128288 279720
286 157784 290763
287 215817 312364
288 202331 283780
289 379620 340200
290 136166 284200
291 423270 311621
292 334168 268012
293 164983 321222
294 167975 291704
295 231135 292000
296 169577 315248
297 236550 288184
298 346111 317442
299 326467 309400
300 143988 295866
301 124598 288891
302 177707 313600
303 228063 294000
304 137186 315203
305 379383 327981
306 157938 310234
307 218120 285968
308 126340 294200
309 397135 280350
310 213227 291340
311 117952 296520
312 455388 266741
313 125856 301560
314 183364 317369
315 466181 295946
316 169936 270760
317 222613 321120
318 351880 343000
319 135052 276360
320 133263 170177
321 111302 169680
322 121060 159968
323 109607 177470
324 119868 172822
325 131242 262500
326 134662 270900
327 128867 272300
328 104262 275100
329 103122 266000
330 105592 270900
331 118892 277900
332 118797 272300
333 110532 263200
334 110247 275100
335 104262 261100
336 119738 244440
337 111197 245000
338 103312 245000
339 115187 254800
340 122027 250600
341 111672 249200
342 101982 248500
343 106637 256200
344 103787 252000
345 119557 259700
346 123262 267400
347 154042 264600
348 115377 267400
349 114475 255733
350 143402 266700
351 149482 261800
352 151857 259000
353 150812 268100
354 132762 268100
355 139887 263900
356 140647 257600
357 233070 195720
358 248362 206447
359 197116 282163
360 187720 281400
361 472801 285800
362 260260 25015
363 259004 12347
364 222638 18020
365 236976 57591
366 437760 287700
367 244872 282100
368 186326 274866
369 109188 138238
370 181032 270200
371 87590 163800
372 84782 159133
373 61686 163022
374 62852 203560
375 67368 212800
376 92697 257682
377 94176 272222
378 93600 280636
379 170185 286200
380 170514 283577
381 105325 144393
382 99684 145455
383 117732 142574
384 182862 132720
385 187257 138506
386 184450 134351
387 188613 133746
388 102847 127213
389 266893 61622
390 87301 124213
391 98046 126933
392 99503 122266
393 88294 97774
394 82103 101237
395 74250 99882
396 88723 99026
397 77703 92866
398 87815 94237
399 83849 91787
400 106234 107167
401 89623 86613
402 87712 57038
403 83475 51124
404 79701 55179
405 97482 54238
406 97248 60573
407 89509 72655
408 90630 62420
409 341913 116454
410 103770 81154
411 181540 170284
412 125438 172760
413 23028 284760
414 313183 340013
415 343615 340666
416 370394 325266
417 332533 333117
418 384275 340900
419 385723 257162
420 349980 334600
421 386698 274376
422 368676 340760
423 350020 340600
424 328557 310216
425 298754 329169
426 284715 335440
427 301112 323400
428 282794 331400
429 266844 329311
430 278540 335720
431 457375 222466
432 468521 233800
433 455521 162904
434 478000 219210
435 402800 256200
436 441383 245400
437 371458 249747
438 350586 254822
439 311708 249800
440 481550 187870
441 452613 171150
442 483117 155674
443 206340 340900
444 256141 341444
445 250087 332500
446 263276 331177
447 188456 340025
448 249517 341133
449 226152 326259
450 342730 273337
451 405356 199436
452 420968 178703
453 180044 150080
454 55670 264950
455 35632 273000
456 453177 4200
457 456030 140
458 451550 140
459 391070 347970
460 379870 347970
461 339550 347970
462 388830 347970
463 321630 347970
464 377630 347970
465 364190 347970
466 351870 347970
467 342910 347970
468 320510 347970
469 332830 347970
470 322750 347970
471 329470 347970
472 323870 347970
473 324990 347970
474 338430 347970
475 330590 347970
476 352990 347970
477 359710 347970
478 358590 347970
479 363070 347970
480 360830 347970
481 346270 347970
482 393310 347970
483 495440 242060
484 453790 140
485 140 246540
486 274590 140
487 140 249900
488 140 248780
489 140 243180
490 324990 140
491 319390 140
492 244350 140
493 140 239820
494 140 231980
495 452670 140
496 293630 140
497 140 240940
498 140 228620
499 140 226380
500 140 244300
501 140 233100
502 140 173740
503 140 235340
504 140 229740
505 140 230860
506 224190 347970
507 140 236460
508 140 234220
509 188350 347970
510 251070 140
511 140 247660
512 140 245420
513 140 242060
514 238750 347970
515 113310 140
516 200670 347970
517 205150 347970
518 202910 347970
519 207390 347970
520 339550 140
521 328350 140
522 273470 140
523 212990 140
524 235390 347970
525 211870 140
526 227550 140
527 246590 140
528 282430 140
529 275710 140
530 272350 140
531 208510 140
532 230910 347970
533 268990 140
534 212990 347970
535 232030 140
536 252190 140
537 260030 140
538 263390 140
539 264510 140
540 209630 140
541 237630 347970
542 221950 347970
543 226430 140
544 214110 140
545 245470 140
546 249950 140
547 229790 140
548 218590 347970
549 233150 140
550 242110 140
551 261150 140
552 280190 140
553 271230 140
554 341790 140
555 338430 140
556 188350 140
557 200670 140
558 184990 347970
559 196190 140
560 199550 140
561 186110 140
562 184990 140
563 191710 140
564 183870 347970
565 198430 140
566 180510 347970
567 187230 347970
568 197310 140
569 193950 140
570 187230 140
571 192830 140
572 180510 140
573 195070 347970
574 179390 140
575 193950 347970
576 176030 140
577 172670 140
578 170430 140
579 171550 140
580 169310 140
581 178270 140
582 168190 347970
583 174910 347970
584 169310 347970
585 168190 140
586 177150 140
587 192830 347970
588 331710 140
589 495440 243180
590 495440 239820
591 495440 303660
592 403390 347970
593 402270 347970
594 406750 347970
595 384350 347970
596 313790 347970
597 378750 347970
598 373150 347970
599 361950 347970
600 319390 347970
601 316030 347970
602 392190 347970
603 336190 347970
604 326110 347970
605 335070 347970
606 317150 347970
607 341790 347970
608 345150 347970
609 347390 347970
610 357470 347970
611 366430 347970
612 365310 347970
613 417950 347970
614 374270 347970
615 394430 347970
616 405630 347970
617 404510 347970
618 495440 295820
619 495440 301420
620 416830 347970
621 350750 347970
622 401150 347970
623 450430 140
624 198430 347970
625 181630 347970
626 190590 347970
627 189470 347970
628 182750 347970
629 199550 347970
630 208510 347970
631 209630 347970
632 225310 347970
633 217470 347970
634 454910 140
635 243230 347970
636 247710 347970
637 256670 347970
638 254430 347970
639 258910 347970
640 242110 347970
641 234270 347970
642 228670 347970
643 233150 347970
644 236510 347970
645 206270 347970
646 223070 347970
647 214110 347970
648 177150 347970
649 176030 347970
650 191710 347970
651 178270 347970
652 179390 347970
653 204030 347970
654 215230 347970
655 495440 227500
656 495440 244300
657 495440 188300
658 495440 167020
659 495440 181580
660 495440 160300
661 495440 198380
662 495440 187180
663 495440 191660
664 495440 193900
665 495440 184940
666 495440 154700
667 495440 151340
668 495440 186060
669 495440 135660
670 495440 128940
671 495440 143500
672 495440 146860
673 495440 130060
674 495440 174860
675 495440 168140
676 495440 180460
677 495440 161420
678 495440 226380
679 495440 147980
680 495440 189420
681 495440 192780
682 495440 144620
683 495440 131180
684 495440 132300
685 495440 139020
686 495440 133420
687 495440 134540
688 495440 173740
689 495440 238700
690 495440 235340
691 408990 347970
692 376510 347970
693 355230 347970
694 356350 347970
695 369790 347970
696 368670 347970
697 372030 347970
698 370910 347970
699 318270 347970
700 314910 347970
701 333950 347970
702 328350 347970
703 331710 347970
704 327230 347970
705 340670 347970
706 344030 347970
707 495440 287980
708 407870 347970
709 415710 347970
710 495440 240940
