0 335878 61417
1 462760 165023
2 296242 131889
3 359179 114265
4 338273 125081
5 318420 130258
6 236963 126000
7 376300 127621
8 349571 160745
9 373484 96105
10 387970 58800
11 403831 61550
12 405745 121298
13 431444 112904
14 425553 91850
15 439435 77254
16 455647 86664
17 483484 81846
18 322898 158103
19 618565 130529
20 495795 85584
21 416404 135800
22 455637 257244
23 469728 264290
24 471820 181022
25 457140 81464
26 347352 133656
27 280541 183586
28 271513 183400
29 258127 211241
30 354935 132496
31 358325 183814
32 280578 198672
33 262140 184625
34 536180 121800
35 498671 137380
36 308567 125353
37 300895 199610
38 376590 84777
39 214267 188844
40 277330 129080
41 445536 195300
42 520819 109044
43 207154 227720
44 221058 171546
45 162450 177124
46 228043 195030
47 244775 162931
48 422451 114500
49 528137 109546
50 560823 114800
51 316216 66405
52 208085 95614
53 326168 80612
54 283752 120960
55 305159 164733
56 268721 60950
57 258522 77905
58 278283 95863
59 303854 82023
60 293577 89600
61 550574 99312
62 334248 154314
63 323519 153720
64 372005 298092
65 369571 291355
66 345285 289305
67 314434 212257
68 439064 214307
69 250455 217000
70 200969 160937
71 228818 76085
72 207957 83078
73 204921 93000
74 230777 225894
75 285261 176487
76 437726 186315
77 189458 228550
78 177766 120088
79 503131 112576
80 251237 191400
81 263122 155225
82 423506 145266
83 455341 189100
84 223424 215366
85 464698 200550
86 456668 202888
87 448681 204680
88 462058 232011
89 546911 153496
90 173926 177053
91 230418 205375
92 471113 199436
93 305960 261718
94 292194 215472
95 313848 275333
96 223079 204044
97 194352 176400
98 230541 209766
99 301914 278040
100 182682 209341
101 567197 185000
102 485965 194700
103 187236 247698
104 203834 273612
105 171213 247206
106 233449 235468
107 497843 196215
108 179924 135100
109 457289 174866
110 359525 291400
111 318342 243940
112 568525 198072
113 502470 204866
114 506867 209377
115 259030 297610
116 194673 181600
117 498246 208040
118 432359 188510
119 259715 217646
120 265841 223883
121 332540 238042
122 299741 218482
123 261503 197166
124 570263 235425
125 245320 278372
126 550537 216545
127 509070 221327
128 514508 217525
129 483430 169509
130 255947 244872
131 242616 285821
132 544217 188066
133 493837 227000
134 502638 227080
135 261483 287053
136 364091 160924
137 368207 158946
138 356602 162440
139 483797 255663
140 454344 279000
141 483740 212800
142 430645 61444
143 544253 62776
144 519916 51240
145 566460 118269
146 515617 95245
147 524338 72900
148 564558 53144
149 410570 220684
150 415561 205333
151 512529 271740
152 417988 177800
153 437940 287770
154 365001 79272
155 499935 340223
156 496774 343676
157 468282 349800
158 464589 263044
159 437212 310637
160 438140 368000
161 421040 361900
162 392485 353400
163 401694 347072
164 576412 41900
165 625676 96058
166 609363 107678
167 617540 85100
168 603744 67900
169 602197 93391
170 559472 58927
171 586150 89707
172 564689 201492
173 592417 89043
174 565060 295400
175 590783 85400
176 571858 287852
177 550952 33600
178 492314 27363
179 445760 23130
180 502890 37365
181 539045 181300
182 519412 4900
183 527440 6066
184 494542 296200
185 509247 297500
186 532488 301800
187 534356 305480
188 541880 309400
189 557080 313880
190 406196 337925
191 501980 299600
192 520410 299600
193 519460 295400
194 541065 305800
195 552805 312900
196 556092 319480
197 538840 312900
198 537016 317800
199 548720 300650
200 557384 302680
201 539937 346111
202 559360 316200
203 522310 338333
204 551126 339733
205 534755 356533
206 537428 337000
207 522151 352566
208 525105 339400
209 515052 354760
210 495710 333200
211 503295 366476
212 485146 350840
213 487160 325800
214 486155 367800
215 480985 332500
216 496596 337866
217 471200 371000
218 473860 334600
219 486248 338520
220 468377 334200
221 477280 343400
222 455205 362090
223 468757 346600
224 446672 352163
225 455728 372600
226 459952 339080
227 454708 313600
228 454432 334250
229 446662 330600
230 438748 326200
231 430492 323050
232 417662 311266
233 421420 322350
234 413107 320950
235 404842 320950
236 391305 315700
237 398402 321000
238 386805 343000
239 385320 324800
240 393300 332920
241 494597 311400
242 543970 323750
243 527228 327755
244 521685 333000
245 553888 329000
246 501904 334320
247 510862 367500
248 504471 334288
249 410616 243841
250 477042 300300
251 499003 292133
252 511226 309866
253 552045 350000
254 556362 329933
255 541167 359100
256 513705 361800
257 513836 332920
258 493303 331333
259 464407 325850
260 466083 325800
261 463156 330866
262 439356 314440
263 429495 312900
264 444220 322600
265 401888 313880
266 404003 311266
267 351300 49140
268 544268 31400
269 545141 53900
270 561500 263760
271 487312 303240
272 493185 307400
273 512430 304500
274 504042 290200
275 554863 330400
276 558125 307300
277 543898 323575
278 563671 156644
279 659154 123923
280 699020 64884
281 703456 155400
282 672488 148092
283 597046 100290
284 607452 131208
285 564524 44418
286 663048 76246
287 655326 151017
288 625459 140551
289 638188 95015
290 690060 88666
291 698858 165480
292 580694 102000
293 562831 81072
294 605139 137843
295 717288 158760
296 691511 176866
297 671533 93890
298 672720 165863
299 554040 4200
300 623546 121130
301 700593 171266
302 624543 74533
303 591511 183925
304 696117 97377
305 680929 179256
306 656006 171266
307 661687 169278
308 669399 108325
309 653666 172808
310 564917 167766
311 698527 105107
312 565782 145320
313 693848 185266
314 712320 175080
315 681055 105000
316 671238 154700
317 715381 108156
318 646820 84515
319 704468 114100
320 662600 180600
321 709025 184333
322 597431 125300
323 658606 182980
324 721113 179666
325 717744 161560
326 708662 80074
327 610987 34860
328 714780 141400
329 671588 63520
330 552520 7000
331 724660 149800
332 417509 276266
333 417445 291666
334 396201 275163
335 389690 264040
336 400088 290690
337 414368 280155
338 527297 252000
339 533567 240100
340 539172 243600
341 539837 246400
342 534042 250600
343 538792 257600
344 539552 254800
345 539837 265300
346 537557 276500
347 538602 273700
348 534802 280000
349 518747 249200
350 532427 260400
351 532522 268800
352 533662 266000
353 526537 259700
354 529387 282100
355 520362 282100
356 524732 276500
357 524447 272300
358 521787 256200
359 513997 256900
360 525682 234500
361 517132 258300
362 507395 252466
363 525302 238000
364 514947 235900
365 514947 238000
366 521312 234500
367 514187 244300
368 521597 242900
369 528532 245000
370 450740 152833
371 432517 157681
372 460777 123618
373 677663 74265
374 683412 139363
375 695248 139160
376 607321 25800
377 370456 26751
378 379233 60134
379 362469 16498
380 499458 163927
381 651168 141190
382 717440 142333
383 352339 197129
384 714780 134866
385 514203 290266
386 200475 173568
387 531927 291266
388 544814 294000
389 512430 323866
390 497825 322840
391 455195 322576
392 441327 318266
393 418950 313472
394 410400 311080
395 694386 137666
396 701670 139533
397 365730 197206
398 365697 200200
399 291511 91215
400 352535 195322
401 308921 197866
402 310165 202613
403 314476 199234
404 310796 206123
405 297122 185080
406 351873 226986
407 218245 166311
408 361989 247317
409 363995 241360
410 356079 246120
411 309991 289706
412 318760 288225
413 314961 295303
414 315913 287186
415 322297 291200
416 328046 289362
417 326716 298900
418 312697 279864
419 324222 301466
420 311150 303333
421 319206 309500
422 316777 308300
423 311679 302174
424 322829 303520
425 336915 306117
426 332899 307082
427 335825 289146
428 403620 224663
429 414795 279906
430 391932 326200
431 386840 345333
432 595104 142032
433 575035 284200
434 576992 261800
435 567009 216638
436 559631 260600
437 577600 262920
438 576962 258800
439 572625 303418
440 563072 320600
441 611881 195466
442 556304 281064
443 551608 267960
444 552603 275450
445 547938 273622
446 555982 305977
447 559573 311500
448 529032 41533
449 550113 29400
450 445078 34552
451 536360 14515
452 566550 227769
453 549087 200470
454 578611 228035
455 547105 227100
456 568045 242200
457 492388 12288
458 460599 30773
459 447396 8624
460 438157 22909
461 571034 368666
462 551451 366100
463 536496 376444
464 574583 345450
465 567007 351866
466 700867 153476
467 596473 95666
468 475285 78654
469 459577 53661
470 349144 45920
471 519270 305200
472 439945 341950
473 431110 345520
474 416045 341600
475 113310 140
476 109950 140
477 541150 140
478 535550 140
479 531070 140
480 540030 140
481 536670 140
482 545630 140
483 534430 140
484 551230 140
485 548990 383050
486 553470 140
487 536670 383050
488 542270 383050
489 543390 383050
490 534430 383050
491 544510 383050
492 532190 140
493 546750 383050
494 538910 140
495 533310 140
496 543390 140
497 547870 140
498 548990 140
499 546750 140
500 537790 140
501 519870 140
502 111070 140
503 495230 383050
504 503070 383050
505 497470 383050
506 533310 383050
507 501950 383050
508 401150 140
509 376510 140
510 312670 140
511 481790 383050
512 508670 383050
513 112190 140
514 320510 140
515 526590 383050
516 352990 140
517 500830 383050
518 504190 383050
519 509790 383050
520 388830 383050
521 498590 383050
522 499710 383050
523 496350 383050
524 389950 140
525 505310 383050
526 507550 383050
527 482910 383050
528 384350 140
529 537790 383050
530 541150 383050
531 506430 383050
532 400030 140
533 487390 383050
534 374270 140
535 370910 140
536 391070 140
537 393310 140
538 388830 140
539 380990 140
540 369790 140
541 335070 140
542 317150 140
543 372030 140
544 345150 140
545 379870 140
546 368670 140
547 354110 140
548 365310 140
549 331710 140
550 321630 140
551 361950 140
552 397790 140
553 329470 140
554 378750 140
555 377630 140
556 324990 140
557 326110 140
558 330590 140
559 348510 140
560 373150 140
561 332830 140
562 318270 140
563 383230 140
564 385470 140
565 313790 140
566 387710 140
567 319390 140
568 382110 140
569 395550 140
570 328350 140
571 350750 140
572 398910 140
573 392190 140
574 323870 140
575 344030 140
576 349630 140
577 342910 140
578 333950 140
579 346270 140
580 347390 140
581 341790 140
582 363070 140
583 336190 140
584 360830 140
585 386590 140
586 339550 140
587 338430 140
588 340670 140
589 337310 140
590 327230 140
591 355230 140
592 322750 140
593 316030 140
594 356350 140
595 366430 140
596 358590 140
597 357470 140
598 359710 140
599 364190 140
600 375390 140
601 396670 140
602 367550 140
603 394430 140
604 351870 140
605 314910 140
606 411230 140
607 527710 140
608 516510 140
609 619550 140
610 570270 140
611 600510 140
612 572510 140
613 576990 140
614 542270 140
615 550110 140
616 581470 140
617 591550 140
618 580350 140
619 573630 140
620 585950 140
621 587070 140
622 597150 140
623 598270 140
624 544510 140
625 616190 140
626 596030 140
627 615070 140
628 613950 140
629 611710 140
630 578110 140
631 607230 140
632 602750 140
633 579230 140
634 601630 140
635 583710 140
636 589310 140
637 612830 140
638 590430 140
639 552350 140
640 571390 140
641 108830 140
642 557950 383050
643 564670 383050
644 566910 383050
645 568030 383050
646 562430 383050
647 560190 383050
648 550110 383050
649 551230 383050
650 529950 383050
651 528830 383050
652 107710 140
653 523230 383050
654 516510 383050
655 519870 383050
656 517630 383050
657 522110 383050
658 518750 383050
659 535550 383050
660 540030 383050
661 532190 383050
662 538910 383050
663 581470 383050
664 545630 383050
665 547870 383050
666 580350 383050
667 579230 383050
668 571390 383050
669 576990 383050
670 578110 383050
671 553470 383050
672 555710 383050
673 499710 140
674 528830 140
675 488510 140
676 468350 140
677 492990 140
678 459390 140
679 509790 140
680 482910 140
681 507550 140
682 498590 140
683 501950 140
684 450430 140
685 407870 140
686 476190 140
687 405630 140
688 408990 140
689 429150 140
690 439230 140
691 420190 140
692 480670 140
693 462750 140
694 494110 140
695 463870 140
696 510910 140
697 445950 140
698 484030 140
699 508670 140
700 404510 140
701 402270 140
702 403390 140
703 412350 140
704 410110 140
705 406750 140
706 481790 140
707 529950 140
708 525470 140
709 618430 140
710 592670 140
711 610590 140
712 609470 140
713 603870 140
714 593790 140
715 575870 140
716 582590 140
717 584830 140
718 574750 140
719 599390 140
720 606110 140
721 594910 140
722 554590 140
723 608350 140
724 604990 140
725 564670 140
726 617310 140
727 588190 140
728 518750 140
