0 324893 159370
1 338832 282852
2 316743 215722
3 330197 168333
4 276381 206733
5 198939 144550
6 334142 210050
7 330730 239348
8 284940 362710
9 267935 428137
10 351213 422433
11 320501 265312
12 343632 280166
13 366338 262665
14 398099 296240
15 392237 284725
16 364614 220302
17 338352 293160
18 252168 386060
19 372818 332393
20 185064 221381
21 198279 233968
22 275691 244816
23 181229 200425
24 188988 214699
25 163328 301363
26 122550 197400
27 303656 175357
28 159148 201732
29 395100 334733
30 339765 307457
31 268361 200863
32 281978 292228
33 359421 371337
34 166298 146203
35 280798 167666
36 130265 196450
37 355099 257384
38 410305 253050
39 243998 118440
40 421125 269655
41 250767 177007
42 284216 158050
43 248117 147455
44 255398 217856
45 175494 192500
46 100998 209900
47 128379 157663
48 232954 137490
49 163377 183008
50 209123 122192
51 340433 304670
52 93536 154711
53 350018 378910
54 352295 368124
55 392832 372249
56 289858 406115
57 347220 385973
58 302962 341812
59 167580 255690
60 86081 270200
61 176707 235480
62 96361 258533
63 167746 163322
64 89175 157230
65 137264 146050
66 156662 188644
67 94921 255043
68 99701 138545
69 49246 179686
70 113462 165400
71 406190 355455
72 345667 395956
73 341079 394261
74 171597 281800
75 175351 269430
76 108255 158200
77 327231 400615
78 180865 259053
79 93464 221025
80 143692 261365
81 419995 379590
82 317011 385560
83 323047 379680
84 93269 225437
85 431931 357411
86 320117 372448
87 120827 223712
88 313866 318800
89 298718 395640
90 321765 364000
91 376865 315700
92 421718 303994
93 425093 288866
94 447318 357753
95 297306 412470
96 253830 353000
97 275140 366284
98 214238 386890
99 116170 395242
100 127285 396494
101 132233 401075
102 108001 360843
103 101817 375941
104 81410 370086
105 51956 395945
106 55728 389092
107 510993 287700
108 505500 270355
109 504180 289800
110 480663 304410
111 447640 291144
112 520994 355887
113 421349 420362
114 482997 340826
115 387141 387896
116 423586 213360
117 384305 150369
118 401920 161202
119 551617 151900
120 547200 154466
121 218668 416733
122 207670 425250
123 187197 431550
124 175655 416850
125 165775 419650
126 157624 425320
127 210302 420600
128 190802 427000
129 201617 429400
130 175446 434560
131 164198 435120
132 150015 435400
133 158935 424200
134 142934 425000
135 117926 422644
136 119415 436800
137 94873 416546
138 123964 439133
139 89504 419246
140 113667 425775
141 80823 410200
142 127645 403072
143 121125 411950
144 81066 398533
145 136094 397000
146 116940 387505
147 148688 391800
148 118152 402600
149 152325 387400
150 137902 392280
151 128657 367933
152 151077 367400
153 139966 379166
154 144020 353920
155 139143 355600
156 126476 350000
157 114760 349222
158 92295 344482
159 83081 350381
160 68671 350200
161 58485 358272
162 54910 375666
163 48605 366418
164 38329 378653
165 190494 418320
166 146257 420466
167 135997 422644
168 135062 437400
169 128370 414018
170 241155 360757
171 207015 410822
172 114874 432600
173 139745 431900
174 103655 435088
175 153410 372473
176 128509 344272
177 118380 354052
178 59723 372400
179 232918 435883
180 412671 190826
181 410802 413112
182 199804 416080
183 177317 427700
184 149390 438573
185 153646 399622
186 71677 356066
187 216600 418600
188 442240 382312
189 495365 190503
190 507455 244703
191 436863 219324
192 491795 371085
193 465035 293144
194 465209 209887
195 503608 312703
196 539639 293261
197 486207 205759
198 487607 250212
199 422555 231954
200 443446 318186
201 478885 293543
202 501787 252344
203 436000 238710
204 438520 441000
205 437469 333812
206 453816 392818
207 524575 206418
208 528282 216673
209 450838 234577
210 544350 241200
211 488361 337070
212 517830 195150
213 521642 324441
214 515859 232741
215 466052 191290
216 437760 441000
217 175053 364350
218 172560 377300
219 191330 376727
220 192448 358244
221 318107 434000
222 301387 438900
223 302527 434700
224 285047 438900
225 270132 436800
226 278112 438900
227 293882 437500
228 290842 434700
229 271842 439600
230 279727 433300
231 270892 431200
232 297492 420700
233 288087 427700
234 277067 427000
235 295782 425600
236 284477 425600
237 287802 420000
238 270132 420700
239 278492 419300
240 269942 425600
241 301767 429100
242 321622 440300
243 335777 436800
244 339672 437500
245 305361 422800
246 329412 439600
247 328937 434000
248 326847 427700
249 339197 431900
250 335492 428400
251 310222 439600
252 310887 431900
253 266698 318536
254 309155 330105
255 470060 230569
256 206513 333405
257 226902 314595
258 188196 329346
259 328541 338625
260 492575 347200
261 234000 268845
262 218542 424511
263 212990 431200
264 201313 435781
265 178400 439231
266 156218 406140
267 150150 355821
268 236544 277900
269 237072 271862
270 231904 273812
271 193757 231812
272 196578 235637
273 206541 233450
274 195264 232083
275 278665 169911
276 195142 273993
277 124900 166312
278 66581 203952
279 198835 281925
280 196590 279475
281 195252 278870
282 83023 272006
283 91113 278515
284 100308 275712
285 86817 275167
286 105033 280587
287 115744 282672
288 118531 286660
289 155315 269116
290 113883 284922
291 102667 279232
292 114605 290150
293 118690 287525
294 104959 276883
295 118075 284922
296 138397 299075
297 132335 297150
298 143290 286819
299 41637 389800
300 377753 407820
301 400954 410600
302 401574 395101
303 397005 420311
304 415773 419562
305 438395 419562
306 420039 196840
307 368516 140908
308 427900 166747
309 439332 398710
310 414027 388150
311 423568 141400
312 371331 118954
313 384431 437116
314 411963 431963
315 422876 437888
316 393177 430200
317 380088 237035
318 381548 191851
319 213180 421400
320 453177 4200
321 456030 140
322 451550 140
323 556960 211820
324 439230 446340
325 394430 446340
326 556960 216300
327 412350 446340
328 432510 446340
329 408990 446340
330 430270 446340
331 428030 446340
332 431390 446340
333 424670 446340
334 435870 446340
335 429150 446340
336 407870 446340
337 401150 446340
338 438110 446340
339 411230 446340
340 434750 446340
341 419070 446340
342 420190 446340
343 433630 446340
344 436990 446340
345 403390 446340
346 556960 206220
347 556960 154700
348 453790 140
349 356350 446340
350 174910 446340
351 350750 446340
352 421310 446340
353 336190 446340
354 204030 446340
355 196190 446340
356 200670 446340
357 195070 446340
358 342910 446340
359 452670 140
360 262270 446340
361 389950 446340
362 140 284620
363 140 283500
364 358590 446340
365 349630 446340
366 314910 446340
367 361950 446340
368 359710 446340
369 363070 446340
370 248830 140
371 357470 446340
372 404510 446340
373 417950 446340
374 247710 446340
375 423550 446340
376 422430 446340
377 360830 446340
378 219710 446340
379 220830 446340
380 258910 446340
381 263390 446340
382 264510 446340
383 260030 446340
384 255550 446340
385 243230 446340
386 188350 446340
387 176030 446340
388 191710 446340
389 207390 446340
390 177150 446340
391 190590 446340
392 218590 446340
393 189470 446340
394 199550 446340
395 178270 446340
396 186110 446340
397 201790 446340
398 205150 446340
399 180510 446340
400 208510 446340
401 261150 446340
402 179390 446340
403 197310 446340
404 182750 446340
405 192830 446340
406 206270 446340
407 181630 446340
408 184990 446340
409 209630 446340
410 212990 446340
411 193950 446340
412 216350 446340
413 187230 446340
414 210750 446340
415 234270 446340
416 183870 446340
417 198430 446340
418 251070 446340
419 257790 446340
420 239870 446340
421 253310 446340
422 232030 446340
423 254430 446340
424 244350 446340
425 238750 446340
426 237630 446340
427 248830 446340
428 246590 446340
429 249950 446340
430 236510 446340
431 245470 446340
432 252190 446340
433 240990 446340
434 242110 446340
435 235390 446340
436 227550 446340
437 256670 446340
438 228670 446340
439 233150 446340
440 217470 446340
441 214110 446340
442 211870 446340
443 202910 446340
444 215230 446340
445 226430 446340
446 224190 446340
447 223070 446340
448 225310 446340
449 221950 446340
450 229790 446340
451 230910 446340
452 249950 140
453 556960 165900
454 556960 152460
455 556960 190540
456 556960 208460
457 556960 212940
458 556960 203980
459 556960 221900
460 556960 249900
461 425790 446340
462 556960 280140
463 556960 267820
464 556960 265580
465 556960 266700
466 556960 229740
467 556960 261100
468 556960 279020
469 556960 251020
470 556960 263340
471 556960 252140
472 556960 272300
473 556960 274540
474 556960 271180
475 556960 273420
476 556960 259980
477 556960 200620
478 556960 240940
479 556960 219660
480 556960 210700
481 556960 198380
482 556960 192780
483 556960 191660
484 556960 217420
485 426910 446340
486 556960 205100
487 450430 140
488 380990 446340
489 387710 446340
490 373150 446340
491 370910 446340
492 369790 446340
493 375390 446340
494 379870 446340
495 384350 446340
496 392190 446340
497 393310 446340
498 454910 140
499 397790 446340
500 400030 446340
501 398910 446340
502 396670 446340
503 405630 446340
504 402270 446340
505 413470 446340
506 406750 446340
507 414590 446340
508 415710 446340
509 388830 446340
510 416830 446340
511 410110 446340
512 372030 446340
513 376510 446340
514 383230 446340
515 367550 446340
516 366430 446340
517 391070 446340
518 395550 446340
519 387710 140
520 556960 160300
521 556960 114380
522 556960 119980
523 556960 113260
524 556960 112140
525 556960 135660
526 556960 127820
527 556960 133420
528 556960 122220
529 556960 118860
530 361950 140
531 356350 140
532 395550 140
533 336190 140
534 337310 140
535 364190 140
536 374270 140
537 347390 140
538 401150 140
539 385470 140
540 391070 140
541 380990 140
542 556960 136780
543 357470 140
544 556960 128940
545 556960 134540
546 324990 140
547 326110 140
548 323870 140
549 327230 140
550 373150 140
551 328350 140
552 556960 106540
553 556960 161420
554 556960 155820
555 556960 207340
556 556960 247660
557 556960 257740
558 556960 255500
559 556960 256620
560 556960 254380
561 556960 239820
562 556960 270060
563 556960 276780
564 556960 268940
565 556960 277900
566 556960 275660
567 556960 262220
568 556960 264460
569 556960 253260
570 556960 258860
571 556960 186060
572 556960 209580
573 556960 214060
574 556960 153580
