0 321814 151933
1 273799 241263
2 236669 80733
3 256078 195147
4 243202 159697
5 192194 189133
6 194868 91980
7 312239 163800
8 295216 181550
9 207335 341185
10 226128 379120
11 243111 372700
12 252064 222809
13 270073 240348
14 295907 229198
15 319706 215600
16 299108 255800
17 320033 267787
18 173697 158790
19 311241 246438
20 320618 248516
21 259806 248640
22 160104 312523
23 165111 322551
24 284824 292428
25 295465 207691
26 135114 156453
27 162026 137957
28 239533 193162
29 154229 146020
30 271867 144984
31 166545 127994
32 203604 203370
33 190885 282241
34 144378 146455
35 159666 83300
36 333427 296964
37 268958 263744
38 234815 149556
39 281518 144200
40 224923 237198
41 155551 158044
42 119335 103713
43 260870 318600
44 197508 130536
45 160081 95760
46 130569 52572
47 163319 127137
48 255623 206553
49 330383 253050
50 341791 231560
51 304321 140434
52 237464 89133
53 225276 134651
54 202360 157655
55 268687 113145
56 244967 109666
57 246486 107800
58 289830 121545
59 319906 124712
60 357812 249265
61 236850 164757
62 95870 217350
63 101998 228355
64 147516 173272
65 81275 116200
66 148066 116351
67 155810 76459
68 208059 94377
69 214104 58146
70 166321 151550
71 112035 78012
72 180444 65800
73 300537 253088
74 261790 256673
75 267775 332440
76 156560 180600
77 78624 232037
78 60194 113750
79 255816 329896
80 260533 322538
81 316013 313727
82 181498 57640
83 257253 337882
84 208185 326119
85 250955 341472
86 215631 297360
87 97403 184054
88 66695 88287
89 151268 157010
90 55161 170393
91 140945 84046
92 146617 81184
93 136549 113757
94 80234 177800
95 77841 137685
96 78805 76176
97 39928 106954
98 87171 99615
99 305410 320747
100 245222 350400
101 64897 78934
102 85863 127278
103 242790 357969
104 222635 276255
105 33339 135635
106 102723 214686
107 121204 180751
108 284620 322304
109 240714 357583
110 236117 358711
111 101280 90100
112 227686 360920
113 232306 298536
114 146411 162729
115 134958 136230
116 133122 191388
117 289655 340200
118 136192 175341
119 282867 335688
120 227024 345036
121 236134 348250
122 60010 136850
123 301971 325458
124 238042 332400
125 231698 338520
126 38201 152308
127 214485 206905
128 210532 192360
129 212090 185623
130 233795 280875
131 174254 340690
132 188068 351120
133 192926 345800
134 240350 322000
135 263931 315622
136 347484 282818
137 331740 264600
138 389126 310539
139 321622 255325
140 328559 274970
141 192623 307533
142 158977 359730
143 215127 360150
144 253555 290675
145 118883 306880
146 65902 324556
147 111530 327600
148 56498 327098
149 74238 330490
150 81963 286232
151 164855 323352
152 47856 304675
153 52554 292040
154 46284 286776
155 15308 293600
156 29830 291900
157 419520 284307
158 455385 275333
159 468411 295851
160 446708 287000
161 377141 278345
162 416523 278815
163 409616 321904
164 319010 375900
165 358677 336280
166 399448 316904
167 308922 370830
168 370832 208600
169 363667 157192
170 365690 147466
171 380926 165735
172 337991 316120
173 484642 178500
174 479813 180600
175 125742 343560
176 124802 356600
177 113556 367266
178 100754 353800
179 95760 349720
180 92644 353640
181 125526 350000
182 118306 364466
183 122740 361550
184 106780 362040
185 112575 355600
186 100446 357933
187 93936 361480
188 88223 360266
189 95988 338520
190 89490 344400
191 82232 348040
192 103835 371000
193 72627 346850
194 94620 371350
195 87257 371700
196 61636 341320
197 65550 364933
198 68628 365400
199 34994 348090
200 47500 359800
201 50160 366100
202 39393 364466
203 31191 343466
204 21660 335066
205 32173 356066
206 36147 330575
207 10877 327250
208 43700 321533
209 22166 318422
210 7925 314200
211 12207 350000
212 69326 323575
213 8676 309400
214 8645 330400
215 15634 308600
216 12648 318600
217 77623 313981
218 36480 312600
219 82650 305433
220 57380 311080
221 100472 294560
222 71548 306200
223 90602 298600
224 94113 272377
225 89842 289400
226 86402 280350
227 79230 278600
228 59204 269920
229 67687 275800
230 55697 274600
231 39393 275800
232 18064 287000
233 16245 278600
234 113620 347800
235 77482 343000
236 66337 342200
237 76950 370066
238 46312 336000
239 40418 353945
240 20796 356236
241 61433 279844
242 147407 295110
243 132620 355472
244 72200 350700
245 82270 361900
246 84892 350280
247 64545 355400
248 76760 362600
249 34770 366333
250 6745 338100
251 44460 304266
252 85280 319953
253 83473 315000
254 70908 310520
255 78470 269733
256 96868 299133
257 30922 271250
258 96628 277400
259 188340 383968
260 370733 203000
261 366256 225400
262 331451 369744
263 113837 333400
264 115805 344400
265 85576 359240
266 55606 354666
267 73886 374150
268 41546 358866
269 360041 351337
270 425151 243826
271 452682 184022
272 452073 228200
273 390290 218432
274 414941 303531
275 424812 301857
276 457483 308466
277 428501 189215
278 381832 216400
279 434301 298136
280 384266 266636
281 472535 329800
282 467918 196291
283 448780 260866
284 364922 296500
285 355144 321109
286 421445 320675
287 455164 248920
288 440578 255546
289 414714 201554
290 396828 237266
291 357960 387800
292 445379 315350
293 452453 262733
294 358725 313337
295 442890 320670
296 468075 202066
297 419884 253064
298 395865 234015
299 419213 210225
300 381618 239848
301 359115 359333
302 453935 337151
303 454930 208680
304 359974 343560
305 457678 259000
306 475950 254120
307 395073 248500
308 180367 264144
309 465624 217203
310 475000 336840
311 436772 215965
312 405851 235025
313 473570 259266
314 396689 316716
315 397375 229180
316 478724 243320
317 482600 238840
318 442614 197839
319 404836 288723
320 477913 228200
321 416961 186760
322 357960 385000
323 454556 241310
324 127569 272183
325 155903 262818
326 134178 257880
327 145609 273763
328 158840 278911
329 197457 371700
330 186342 373100
331 194512 373100
332 178932 374500
333 168767 370300
334 169907 375900
335 177602 370300
336 160597 378700
337 159647 368900
338 155657 379400
339 158602 372400
340 189667 361200
341 140172 366100
342 140742 362600
343 149482 366800
344 153852 362600
345 140077 375200
346 140457 369600
347 141692 373100
348 149577 373100
349 174752 364000
350 174752 358400
351 204297 373100
352 181307 361900
353 183255 356533
354 210472 371700
355 203062 366100
356 198027 360500
357 212277 367500
358 205532 361900
359 185962 366800
360 192327 364700
361 232313 264288
362 190036 258377
363 194604 239452
364 403256 197800
365 444093 227266
366 457409 305511
367 405541 267800
368 95149 257133
369 75288 254180
370 47431 253176
371 106611 254980
372 250661 285536
373 412965 312900
374 364633 223214
375 465120 227266
376 171839 214561
377 476140 228200
378 130720 363066
379 125020 372200
380 105576 374888
381 54888 370844
382 53128 365225
383 107081 134950
384 98442 310058
385 98567 286222
386 100337 279872
387 437152 231000
388 463114 237533
389 169086 217579
390 172919 222600
391 170233 209683
392 166090 174187
393 163550 179055
394 169735 182048
395 167696 172561
396 261419 124000
397 132883 217541
398 52131 113021
399 119627 218834
400 127357 221573
401 125724 210316
402 37166 187283
403 39935 188562
404 38950 191993
405 40310 186109
406 34892 200832
407 47250 201250
408 47072 203700
409 100669 175541
410 46856 203090
411 45999 195720
412 48660 195600
413 53220 200000
414 52237 188638
415 64872 204493
416 74034 216034
417 70437 213813
418 99921 211213
419 185535 297500
420 150822 275800
421 25396 283733
422 5035 289800
423 391142 337670
424 331228 334707
425 288251 372866
426 311904 375760
427 290320 364840
428 322151 344100
429 325931 364600
430 269952 371000
431 272138 365615
432 273945 374945
433 289180 379184
434 309314 355960
435 329865 348090
436 329384 376040
437 408690 364182
438 360933 373921
439 346940 373520
440 372096 372680
441 374513 379400
442 373793 194200
443 375611 197960
444 408264 145096
445 406420 174852
446 319587 327061
447 305353 348950
448 292018 348764
449 305652 355679
450 290428 344200
451 425916 159084
452 386901 155100
453 366760 131890
454 266654 381422
455 339102 382900
456 340754 385155
457 314830 384263
458 330358 219672
459 345103 187220
460 170430 384745
461 107777 354200
462 73150 290850
463 452471 4200
464 456030 140
465 451550 140
466 355230 392260
467 357470 392260
468 323870 392260
469 363070 392260
470 351870 392260
471 360830 392260
472 339550 392260
473 349630 392260
474 342910 392260
475 350750 392260
476 356350 392260
477 338430 392260
478 352990 392260
479 324990 392260
480 330590 392260
481 332830 392260
482 335070 392260
483 344030 392260
484 333950 392260
485 347390 392260
486 354110 392260
487 348510 392260
488 331710 392260
489 361950 392260
490 489360 180460
491 453790 140
492 257790 392260
493 155870 392260
494 256670 392260
495 346270 392260
496 140 246540
497 159230 392260
498 161470 392260
499 144670 392260
500 140 279020
501 254430 392260
502 452670 140
503 140 225260
504 238750 392260
505 150270 392260
506 139070 392260
507 255550 392260
508 117790 392260
509 266750 392260
510 273470 392260
511 276830 392260
512 277950 392260
513 162590 392260
514 275710 392260
515 264510 392260
516 341790 392260
517 154750 392260
518 340670 392260
519 345150 392260
520 258910 392260
521 163710 392260
522 160350 392260
523 209630 392260
524 210750 392260
525 216350 392260
526 211870 392260
527 226430 392260
528 207390 392260
529 140 217420
530 140 238700
531 140 223020
532 140 235340
533 140 234220
534 140 214060
535 140 203980
536 140 215180
537 140 209580
538 140 226380
539 140 218540
540 140 210700
541 140 233100
542 140 228620
543 140 211820
544 140 212940
545 140 220780
546 140 208460
547 140 237580
548 140 224140
549 140 236460
550 140 229740
551 140 230860
552 140 207340
553 140 206220
554 140 219660
555 140 231980
556 140 227500
557 140 216300
558 136830 392260
559 140 221900
560 140 205100
561 217470 392260
562 227550 392260
563 187230 392260
564 192830 392260
565 195070 392260
566 184990 392260
567 186110 392260
568 179390 392260
569 176030 392260
570 180510 392260
571 201790 392260
572 178270 392260
573 197310 392260
574 202910 392260
575 177150 392260
576 171550 392260
577 174910 392260
578 172670 392260
579 164830 392260
580 196190 392260
581 165950 392260
582 191710 392260
583 167070 392260
584 169310 392260
585 173790 392260
586 170430 392260
587 168190 392260
588 183870 392260
589 181630 392260
590 182750 392260
591 188350 392260
592 190590 392260
593 189470 392260
594 193950 392260
595 226430 140
596 489360 186060
597 489360 178220
598 489360 239820
599 489360 249900
600 489360 243180
601 489360 234220
602 489360 242060
603 375390 392260
604 358590 392260
605 489360 282380
606 489360 281260
607 489360 267820
608 385470 392260
609 489360 244300
610 489360 274540
611 489360 294700
612 489360 268940
613 378750 392260
614 489360 272300
615 489360 292460
616 489360 293580
617 489360 289100
618 489360 287980
619 489360 283500
620 489360 229740
621 489360 253260
622 489360 240940
623 489360 238700
624 489360 226380
625 489360 228620
626 489360 227500
627 489360 233100
628 359710 392260
629 489360 235340
630 450430 140
631 272350 392260
632 281310 392260
633 274590 392260
634 270110 392260
635 279070 392260
636 271230 392260
637 280190 392260
638 282430 392260
639 285790 392260
640 288030 392260
641 454910 140
642 320510 392260
643 321630 392260
644 316030 392260
645 317150 392260
646 322750 392260
647 326110 392260
648 328350 392260
649 314910 392260
650 329470 392260
651 327230 392260
652 313790 392260
653 336190 392260
654 337310 392260
655 298110 392260
656 302590 392260
657 307070 392260
658 293630 392260
659 294750 392260
660 304830 392260
661 305950 392260
662 489360 165900
663 489360 182700
664 489360 143500
665 489360 153580
666 489360 156940
667 489360 142380
668 489360 167020
669 489360 159180
670 489360 164780
671 489360 147980
672 489360 144620
673 489360 131180
674 489360 112140
675 489360 139020
676 489360 119980
677 489360 113260
678 489360 114380
679 489360 115500
680 489360 116620
681 489360 122220
682 489360 123340
683 489360 117740
684 489360 118860
685 489360 168140
686 489360 125580
687 489360 160300
688 489360 169260
689 489360 135660
690 489360 130060
691 489360 124460
692 489360 137900
693 489360 126700
694 489360 127820
695 489360 136780
696 489360 179340
697 489360 174860
698 489360 236460
699 489360 258860
700 489360 290220
701 489360 291340
702 489360 286860
703 489360 285740
704 489360 254380
705 489360 280140
706 489360 271180
707 489360 279020
708 489360 273420
709 489360 284620
710 489360 275660
711 489360 276780
712 489360 270060
713 489360 277900
714 489360 230860
715 489360 237580
716 489360 231980
717 489360 181580
