0 24142 38838
1 32609 39981
2 39122 39736
3 42806 37749
4 32935 44738
5 27520 42296
6 16637 25456
7 31252 40350
8 42179 35100
9 25843 30377
10 15526 26639
11 17298 32768
12 25772 28501
13 22059 16327
14 21571 17133
15 25469 16599
16 16481 17052
17 41026 27046
18 27710 15150
19 20236 16942
20 27263 25756
21 14660 31313
22 28648 35424
23 16813 35063
24 45092 29473
25 34258 32566
26 25850 31655
27 18014 33035
28 29279 41667
29 62139 37380
30 36405 41356
31 25712 48139
32 41420 46668
33 27598 30530
34 25763 18296
35 34578 23580
36 31224 23409
37 31601 24416
38 38938 29102
39 43560 21045
40 38638 42742
41 46723 45777
42 21957 29220
43 19506 17967
44 15543 17080
45 17049 19153
46 12321 17749
47 15351 20417
48 11197 19920
49 15615 26832
50 16453 26055
51 24425 37427
52 26493 36276
53 26064 36572
54 10270 27275
55 21943 30421
56 54697 38716
57 25994 25616
58 25387 22684
59 30678 24804
60 40946 18810
61 46007 42774
62 52305 46016
63 38981 24408
64 30592 23966
65 36978 21505
66 55099 22900
67 27913 13484
68 29625 25347
69 33095 12257
70 36799 11372
71 20669 34897
72 40343 27377
73 29552 14210
74 27087 17151
75 27621 50503
76 32352 49250
77 45862 49798
78 44046 48420
79 23652 32320
80 27300 19477
81 19527 19203
82 36107 29068
83 34787 30147
84 42262 19184
85 31885 30494
86 32909 30767
87 55294 41094
88 32607 27169
89 47717 43074
90 31259 24678
91 34290 10671
92 30431 15130
93 34656 22586
94 58604 56145
95 58105 50684
96 41433 51931
97 38210 46895
98 32069 14237
99 33199 31264
100 27066 48432
101 30309 25401
102 54687 46226
103 55693 47046
104 35698 26525
105 27120 18554
106 66414 41644
107 56623 46658
108 38897 23888
109 45241 17805
110 42302 22974
111 36893 21980
112 43773 22479
113 41121 9255
114 42388 9797
115 58926 20372
116 57168 20967
117 54083 21439
118 47635 42373
119 43475 27308
120 28670 51372
121 52469 26732
122 58996 46999
123 54014 48175
124 54957 23010
125 57384 25020
126 39199 12339
127 60335 46806
128 49208 23988
129 49221 23285
130 30577 14789
131 60505 45649
132 25071 50253
133 40538 30067
134 60256 42373
135 51231 42940
136 67064 37379
137 4378 37342
138 8105 37744
139 31705 51817
140 43438 50220
141 34590 54885
142 49426 50434
143 41812 53880
144 70588 44745
145 41346 44295
146 60428 34645
147 68739 28763
148 72099 31098
149 68143 29083
150 64176 33165
151 74005 32301
152 77857 32562
153 79424 36392
154 40865 54125
155 48612 63340
156 45029 63792
157 47515 62038
158 52150 63352
159 42523 62536
160 45558 63090
161 34486 58871
162 40021 58332
163 22545 57717
164 23203 63585
165 19511 56253
166 14354 45870
167 13801 46174
168 22046 49287
169 30321 63855
170 28629 64215
171 29457 64305
172 69020 32130
173 70778 32727
174 70420 33197
175 76506 36435
176 77094 34193
177 78283 36652
178 49919 41326
179 21433 63291
180 55050 37202
181 58365 42885
182 56022 36315
183 55711 36289
184 60939 30015
185 60431 28593
186 71376 26363
187 67213 29710
188 75522 34617
189 79450 34047
190 78222 37968
191 77332 37665
192 61988 30799
193 62103 30182
194 66816 25380
195 64284 26352
196 8715 38709
197 46869 57898
198 34700 55571
199 44892 58455
200 49168 56147
201 45556 58575
202 64011 56842
203 63791 52898
204 50329 56190
205 50037 58429
206 45117 63315
207 48141 63855
208 57171 58831
209 57165 52963
210 66170 59779
211 40145 63008
212 68496 53472
213 59096 60427
214 44469 63315
215 51165 60219
216 36276 50827
217 45279 62505
218 40933 59706
219 62122 50178
220 67628 50543
221 68220 56997
222 46629 63045
223 60350 57466
224 46305 63315
225 38260 50355
226 51111 64395
227 24307 54845
228 23013 53576
229 23363 55239
230 20968 51735
231 23404 51039
232 31103 55135
233 35586 55330
234 32827 58397
235 30183 60456
236 30543 62250
237 27902 58635
238 23967 45645
239 38468 50152
240 41918 60462
241 62451 43695
242 64532 46739
243 66411 46755
244 66880 48285
245 67506 48870
246 68310 47317
247 69437 45843
248 69801 48262
249 66348 46485
250 74147 42110
251 73732 43273
252 71939 40970
253 74758 39933
254 72306 41805
255 46036 37805
256 40261 39115
257 9681 37069
258 63776 31567
259 64774 30294
260 66219 31578
261 67257 33581
262 70413 34305
263 71087 34407
264 72421 35003
265 73572 36585
266 36560 31941
267 68815 46671
268 74613 37455
269 79763 37827
270 24289 61038
271 23601 60356
272 24447 60955
273 18009 58965
274 18614 59175
275 21971 59298
276 19656 59620
277 11023 47878
278 13563 45558
279 8128 43267
280 5617 43302
281 13345 49060
282 11100 49882
283 11469 45315
284 3586 44475
285 5744 45392
286 9431 49636
287 18025 63153
288 18014 64125
289 16750 64017
290 16966 64071
291 16664 63369
292 16686 62883
293 16513 62181
294 16632 61587
295 17398 62235
296 18511 61641
297 21308 62019
298 20120 61965
299 43317 51480
300 18634 42500
301 67978 27057
302 67115 26223
303 77577 29325
304 77069 33383
305 76236 32843
306 74658 34463
307 72880 34474
308 62456 33021
309 68950 27713
310 69090 28917
311 67637 27871
312 70268 25735
313 69244 25380
314 69097 30915
315 73139 29603
316 64989 25515
317 71214 26595
318 68787 28665
319 70530 28605
320 71020 30537
321 71331 27765
322 72390 28575
323 72630 26895
324 77351 36652
325 73833 35961
326 68998 29362
327 76720 28800
328 60729 31185
329 71644 28923
330 65943 27036
331 62926 27978
332 62687 28147
333 61891 29663
334 62761 26325
335 72463 33255
336 72435 31965
337 72103 31432
338 69373 26109
339 72216 29835
340 76669 31826
341 68221 25465
342 70540 30746
343 72238 31185
344 61814 26440
345 65779 25283
346 76498 30722
347 61269 32625
348 62191 33129
349 60193 31455
350 76258 35421
351 69930 29835
352 62899 33817
353 73201 33525
354 74052 31230
355 73949 27945
356 73422 29745
357 65938 28165
358 77470 33615
359 77933 30182
360 78849 34560
361 59904 30060
362 61899 31647
363 74844 29925
364 75168 30799
365 77918 34540
366 75441 32573
367 79606 31691
368 64857 27906
369 63777 28022
370 74257 29526
371 74146 33750
372 75168 27495
373 75910 29261
374 78250 34965
375 62337 32427
376 64253 25312
377 61366 29115
378 61884 27135
379 63456 26055
380 64930 33345
381 65237 33993
382 78825 30375
383 79258 31320
384 63176 25717
385 63756 34200
386 70372 31995
387 30928 64125
388 54613 32042
389 51658 32677
390 49994 33154
391 79947 42795
392 79461 37125
393 39660 42
394 39276 42
395 43212 66735
396 40140 66735
397 39276 66735
398 43596 66735
399 40236 66735
400 43692 66735
401 39372 66735
402 40332 66735
403 43020 66735
404 43116 66735
405 43500 66735
406 42348 66735
407 40908 66735
408 43884 66735
409 43980 66735
410 41484 66735
411 41580 66735
412 42924 66735
413 43404 66735
414 41772 66735
415 44172 66735
416 41292 66735
417 40044 66735
418 42828 66735
419 30732 66735
420 39468 42
421 46380 42
422 82429 45132
423 46092 42
424 82429 44652
425 82429 36300
426 55212 66735
427 46188 42
428 67020 66735
429 46284 42
430 56364 66735
431 39372 42
432 82429 41676
433 82429 45900
434 82429 41868
435 55788 66735
436 82429 35916
437 82429 47340
438 82429 38316
439 55500 66735
440 55596 66735
441 55404 66735
442 82429 41580
443 48396 66735
444 82429 45036
445 82429 41964
446 82429 43404
447 55308 66735
448 44076 66735
449 48684 66735
450 82429 35532
451 82429 47436
452 44460 42
453 43788 66735
454 43692 42
455 43980 42
456 36396 66735
457 39468 66735
458 42 36684
459 42 35724
460 42 35916
461 42 36588
462 42 37452
463 42 38028
464 42 39180
465 42 36780
466 42 39852
467 42 35436
468 42 35532
469 31980 66735
470 42 36492
471 42 37260
472 42 38124
473 42 39084
474 42 36876
475 42 38316
476 42 35244
477 42 35052
478 42 35340
479 42 37548
480 42 35820
481 42 38988
482 42 39372
483 42 35628
484 42 36204
485 42 37356
486 42 37932
487 42 39276
488 42 36972
489 42 38220
490 41676 66735
491 41196 66735
492 50316 42
493 82429 27276
494 50412 42
495 50700 42
496 50604 42
497 50796 42
498 48780 42
499 49068 42
500 49260 42
501 50892 42
502 50508 42
503 49932 42
504 51372 42
505 82429 30060
506 82429 28812
507 48492 42
508 48204 42
509 48108 42
510 49644 42
511 48684 42
512 51276 42
513 82429 29964
514 82429 27372
515 82429 28908
516 49548 42
517 82429 29100
518 51756 42
519 82429 29868
520 82429 28044
521 48588 42
522 82429 28140
523 82429 29004
524 39564 66735
525 33612 66735
526 29580 66735
527 48204 66735
528 48588 66735
529 45324 66735
530 48300 66735
531 47724 66735
532 46668 66735
533 47628 66735
534 45900 66735
535 44364 66735
536 44940 66735
537 45132 66735
538 49836 66735
539 45036 66735
540 46284 66735
541 46188 66735
542 47052 66735
543 46476 66735
544 45228 66735
545 47916 66735
546 47148 66735
547 46380 66735
548 47532 66735
549 48972 66735
550 47820 66735
551 48492 66735
552 45804 66735
553 50028 66735
554 49932 66735
555 51084 66735
556 47340 66735
557 46956 66735
558 46572 66735
559 39180 42
560 26796 66735
561 26508 66735
562 25836 66735
563 24780 66735
564 24012 66735
565 24492 66735
566 23628 66735
567 17676 66735
568 20460 66735
569 17580 66735
570 39564 42
571 22380 66735
572 22188 66735
573 21228 66735
574 20940 66735
575 19692 66735
576 18348 66735
577 17100 66735
578 17004 66735
579 16908 66735
580 17196 66735
581 18252 66735
582 16620 66735
583 16716 66735
584 16812 66735
585 17388 66735
586 20844 66735
587 19500 66735
588 18732 66735
589 18924 66735
590 19788 66735
591 42 45228
592 20172 66735
593 42 43692
594 42 44076
595 42 44172
596 42 44460
597 42 43308
598 42 42636
599 42 42540
600 42 45324
601 42 45996
602 42 46188
603 42 46764
604 42 43596
605 14412 66735
606 16524 66735
607 15468 66735
608 17292 66735
609 42 46668
610 42 46572
611 42 46476
612 42 46380
613 42 46284
614 42 46092
615 42 43212
616 42 45132
617 42 45900
618 42 41580
619 42 42732
620 42 41004
621 42 41292
622 42 43980
623 42 42444
624 42 44556
625 20364 66735
626 20076 66735
627 45420 66735
628 45612 66735
629 46860 66735
630 47244 66735
631 46764 66735
632 48012 66735
633 45708 66735
634 44844 66735
635 44460 66735
636 44556 66735
637 44748 66735
638 44652 66735
639 46092 66735
640 47436 66735
641 48108 66735
642 45516 66735
643 38988 66735
644 45996 66735
645 42732 66735
646 30252 66735
