0 28186 45952
1 33352 40483
2 37880 38651
3 33446 44695
4 27079 43092
5 16802 30936
6 29014 41190
7 42307 34550
8 27747 29137
9 19560 31967
10 26106 29163
11 17614 22807
12 10528 30435
13 21057 18683
14 12521 26380
15 38859 24188
16 19827 21161
17 13162 24244
18 21657 36698
19 32058 33129
20 22734 37523
21 44335 26420
22 29538 32971
23 22277 37322
24 58634 35628
25 35129 40867
26 25932 48502
27 43444 47945
28 35467 44025
29 53298 37220
30 38676 43347
31 28778 29838
32 29004 23725
33 19608 20559
34 22350 17577
35 19374 20434
36 31867 24487
37 30898 22983
38 35295 17901
39 31879 23465
40 38692 27541
41 36378 20277
42 36479 25346
43 37586 43558
44 45703 44280
45 27755 31194
46 12553 22029
47 7705 21220
48 11861 21562
49 7404 22236
50 7995 23249
51 8857 24135
52 10946 26370
53 12323 25476
54 17902 27675
55 20412 29320
56 20152 32985
57 25021 30289
58 11957 25979
59 21253 29658
60 50881 32510
61 22718 26798
62 26796 25154
63 26837 25055
64 41306 45420
65 51705 45441
66 39510 27135
67 36021 16531
68 50669 19468
69 20715 20667
70 32190 30363
71 51219 17764
72 23447 15307
73 25835 13018
74 38546 25975
75 34728 31095
76 20767 20878
77 28512 51165
78 23130 49146
79 33816 49405
80 46037 49798
81 44694 48330
82 20953 28056
83 19779 22905
84 14017 23073
85 34267 26348
86 39672 29076
87 31516 24442
88 30948 29708
89 28627 23030
90 28391 23673
91 50644 39422
92 24315 30864
93 46153 42082
94 36015 26806
95 28021 12430
96 24892 17239
97 57220 54255
98 57352 48657
99 29917 23627
100 27933 49659
101 39629 47506
102 54868 45266
103 56150 44534
104 62601 37814
105 57107 45098
106 33057 21986
107 35820 19715
108 37536 19412
109 32475 9071
110 31764 8834
111 53574 17741
112 47542 41569
113 37658 16226
114 29627 51304
115 37631 26942
116 49381 22283
117 56313 42984
118 55435 46603
119 51892 20034
120 52503 20332
121 42529 17893
122 28183 12402
123 44938 19065
124 46235 19865
125 22062 17089
126 57743 41300
127 25602 50091
128 36820 26001
129 19233 24705
130 58054 40555
131 48993 42129
132 4435 38585
133 9244 39950
134 32452 51981
135 43998 50355
136 48710 49927
137 42569 53048
138 66536 41738
139 56805 32682
140 66023 28616
141 61916 25820
142 65319 28000
143 57542 31347
144 68795 33568
145 69907 30312
146 73726 30391
147 76021 32721
148 40633 54107
149 49655 63635
150 45807 63720
151 52364 62307
152 47394 61205
153 40430 60646
154 48520 63180
155 46018 62937
156 36022 58698
157 40660 57915
158 23822 56317
159 24783 63213
160 20998 56295
161 14814 46807
162 13457 46705
163 13324 46704
164 23146 50013
165 31185 64395
166 29997 63945
167 30627 64305
168 64455 30915
169 65579 31146
170 65532 31657
171 73501 33460
172 73171 31551
173 74908 33412
174 75567 34560
175 48260 40415
176 23099 63585
177 51200 35138
178 54117 39690
179 53144 33978
180 50629 33690
181 55788 25155
182 65286 25155
183 61010 27846
184 71364 32496
185 76345 31164
186 76155 34065
187 56490 28248
188 56943 27597
189 61155 24300
190 59229 25395
191 65740 26153
192 62515 28200
193 8063 40100
194 35922 55506
195 48887 58417
196 48221 56949
197 48533 58340
198 62163 54972
199 61575 51031
200 54614 48782
201 45441 63045
202 49167 64125
203 56848 56822
204 40848 63083
205 64608 57619
206 66208 50848
207 57442 58270
208 45927 63315
209 53968 51202
210 36658 50041
211 44955 63045
212 41663 60566
213 58638 49456
214 64393 48414
215 65951 54678
216 47223 63315
217 58044 55270
218 46683 63045
219 39682 49855
220 51435 64125
221 43425 51729
222 25941 55302
223 23993 54251
224 22283 52110
225 32096 55301
226 37140 54289
227 33387 57533
228 31640 60420
229 31983 61912
230 29472 58807
231 23763 47076
232 23778 45979
233 38564 50239
234 60903 41985
235 62779 45271
236 65151 44505
237 66784 45931
238 64685 45967
239 67281 44290
240 66064 42783
241 64008 44820
242 70342 38942
243 69824 40291
244 67872 38196
245 71434 37624
246 44597 37293
247 39078 38314
248 9265 37919
249 58065 29587
250 59447 28809
251 60480 29767
252 61409 30549
253 63784 32143
254 67027 32653
255 68662 33226
256 69993 34547
257 22464 21855
258 32496 26018
259 39186 28925
260 66738 43515
261 71296 34762
262 75978 34110
263 26109 60905
264 26319 59017
265 26137 60774
266 27686 63330
267 19767 59145
268 21197 59684
269 23658 60075
270 21969 60507
271 10560 45097
272 11947 49377
273 8752 49480
274 7875 44543
275 5915 43889
276 6224 46568
277 14256 49042
278 12812 50419
279 10573 48340
280 3770 45566
281 12364 50751
282 19882 63153
283 18856 64071
284 18932 64071
285 20044 63909
286 20584 63963
287 18856 63315
288 19602 62289
289 20574 62289
290 18586 62883
291 21427 62235
292 18327 62397
293 18694 61857
294 17868 43766
295 61938 26190
296 61281 25605
297 72405 27525
298 72556 31300
299 71851 31320
300 70014 32670
301 56173 31095
302 63378 26445
303 63639 27405
304 63978 25167
305 64622 24087
306 63346 24075
307 63958 28800
308 59697 24255
309 65218 25211
310 63537 27168
311 65092 27855
312 66010 29340
313 66322 27202
314 66402 25845
315 74214 33435
316 72182 32612
317 64013 27906
318 71671 26865
319 55455 27615
320 65926 27867
321 60153 25485
322 56977 26209
323 55962 26325
324 58195 24327
325 67716 31275
326 67405 30408
327 67707 30037
328 63444 24867
329 67250 28012
330 72167 29936
331 62286 24255
332 65914 29719
333 66852 29733
334 60513 24738
335 71746 29140
336 55491 29355
337 55978 30722
338 54815 28539
339 64935 29160
340 57546 31365
341 69572 30375
342 69087 29565
343 68142 26595
344 68194 28407
345 59526 27054
346 73291 30510
347 73444 31770
348 73078 28991
349 75276 31725
350 54501 27212
351 56136 28986
352 72859 33007
353 69953 28176
354 70686 28986
355 73993 32310
356 61228 26398
357 69693 31522
358 58112 25218
359 75556 29362
360 58150 26787
361 56335 29745
362 68927 27675
363 68833 31792
364 67257 31657
365 69633 26235
366 70664 31941
367 71019 30150
368 74529 31635
369 72261 33570
370 58813 24087
371 73494 34425
372 56880 24705
373 58596 24232
374 57979 31131
375 59135 32049
376 73814 29487
377 74660 29187
378 74286 30645
379 57540 23895
380 59391 31815
381 31549 64260
382 51124 28630
383 49956 29950
384 49522 30333
385 58968 23625
386 38019 2565
387 80001 34155
388 80001 36855
389 38412 42
390 38220 42
391 42636 66735
392 42732 66735
393 44748 66735
394 44844 66735
395 43116 66735
396 44460 66735
397 41100 66735
398 43980 66735
399 43500 66735
400 43788 66735
401 42924 66735
402 43020 66735
403 42828 66735
404 44076 66735
405 40524 66735
406 41004 66735
407 42156 66735
408 43212 66735
409 43692 66735
410 41964 66735
411 44940 66735
412 42540 66735
413 41676 66735
414 42444 66735
415 31788 66735
416 38124 42
417 46188 42
418 82429 46188
419 44364 42
420 53964 66735
421 82429 36396
422 56268 66735
423 46284 42
424 55404 66735
425 45324 42
426 55980 66735
427 38316 42
428 82429 41292
429 82429 45900
430 82429 41772
431 56364 66735
432 82429 36684
433 55692 66735
434 82429 37836
435 56076 66735
436 55308 66735
437 56460 66735
438 82429 41388
439 48972 66735
440 55884 66735
441 40428 66735
442 82429 42540
443 57036 66735
444 44172 66735
445 48108 66735
446 82429 33900
447 82429 45516
448 44172 42
449 44076 42
450 43308 42
451 43692 42
452 39948 66735
453 39564 66735
454 42 36492
455 42 35340
456 42 35724
457 42 36684
458 42 37452
459 42 37836
460 42 38988
461 42 36876
462 42 38412
463 42 35148
464 42 35532
465 32076 66735
466 42 36588
467 42 37260
468 42 37932
469 42 38892
470 42 36300
471 42 38508
472 42 35052
473 42 35244
474 42 36204
475 42 37548
476 42 35436
477 42 38028
478 42 38796
479 42 35628
480 42 36396
481 42 37356
482 42 37740
483 42 38700
484 42 36780
485 42 38604
486 40044 66735
487 41580 66735
488 50028 42
489 52812 42
490 82429 29292
491 50604 42
492 51180 42
493 82429 29388
494 48588 42
495 48876 42
496 48780 42
497 51276 42
498 82429 29100
499 49932 42
500 50412 42
501 50700 42
502 51372 42
503 48300 42
504 47916 42
505 48012 42
506 49068 42
507 48204 42
508 50316 42
509 51468 42
510 52908 42
511 51564 42
512 49644 42
513 82429 28716
514 50220 42
515 51660 42
516 82429 27564
517 48108 42
518 82429 28044
519 82429 28620
520 39852 66735
521 34764 66735
522 30828 66735
523 49260 66735
524 49068 66735
525 45036 66735
526 49356 66735
527 47244 66735
528 47148 66735
529 48876 66735
530 46860 66735
531 45804 66735
532 45900 66735
533 46188 66735
534 49836 66735
535 46284 66735
536 46956 66735
537 46476 66735
538 46764 66735
539 47052 66735
540 45708 66735
541 47532 66735
542 47916 66735
543 47436 66735
544 48396 66735
545 49932 66735
546 49548 66735
547 49164 66735
548 45996 66735
549 50124 66735
550 48780 66735
551 51660 66735
552 48492 66735
553 48204 66735
554 48300 66735
555 38028 42
556 28428 66735
557 28140 66735
558 27660 66735
559 26604 66735
560 26316 66735
561 26220 66735
562 25164 66735
563 19308 66735
564 22668 66735
565 19116 66735
566 37932 42
567 24876 66735
568 24012 66735
569 22188 66735
570 23148 66735
571 21804 66735
572 21036 66735
573 19020 66735
574 19788 66735
575 20076 66735
576 18924 66735
577 19980 66735
578 19500 66735
579 20364 66735
580 18636 66735
581 20460 66735
582 18732 66735
583 18828 66735
584 19884 66735
585 20172 66735
586 21228 66735
587 42 44556
588 21516 66735
589 42 40140
590 42 43404
591 42 43308
592 42 43692
593 42 42540
594 42 41964
595 42 41580
596 42 44364
597 42 45132
598 42 45804
599 42 46764
600 42 40044
601 16332 66735
602 18540 66735
603 17580 66735
604 19212 66735
605 15372 66735
606 14412 66735
607 42 46668
608 42 46572
609 15084 66735
610 42 45516
611 42 41388
612 42 44076
613 42 45420
614 42 40908
615 42 41868
616 42 42060
617 42 41772
618 42 43212
619 42 42732
620 42 43884
621 21708 66735
622 21612 66735
623 45612 66735
624 46572 66735
625 47820 66735
626 48012 66735
627 47724 66735
628 48588 66735
629 47340 66735
630 45420 66735
631 45516 66735
632 45228 66735
633 45132 66735
634 45324 66735
635 46668 66735
636 47628 66735
637 48684 66735
638 46380 66735
639 39468 66735
640 46092 66735
641 44652 66735
642 31404 66735
