0 28969 29300
1 28068 32215
2 40409 35165
3 25955 37582
4 24093 32876
5 20797 17832
6 17505 17829
7 34965 29769
8 36308 29248
9 26836 20351
10 22065 19036
11 31026 8380
12 20032 10646
13 32110 15468
14 21220 7738
15 31737 25678
16 26477 8926
17 39098 20811
18 26510 28179
19 20107 27450
20 40487 23375
21 20283 26469
22 53330 34886
23 30686 35075
24 17453 38925
25 29023 39068
26 26979 17945
27 27448 16792
28 35078 18423
29 40196 14772
30 32947 24945
31 33125 16449
32 39165 39615
33 23898 9649
34 23879 8749
35 22631 9790
36 19809 9199
37 10683 12706
38 16495 10665
39 8712 16942
40 17713 16065
41 18066 17728
42 19231 19189
43 15073 19120
44 20289 24312
45 11249 19121
46 20669 21241
47 25632 17919
48 33761 16248
49 25848 18979
50 37811 40979
51 36581 15986
52 40247 20140
53 52891 18997
54 36358 8478
55 30003 20247
56 37155 10268
57 43651 6637
58 34645 28076
59 30602 23944
60 39518 18255
61 37140 21362
62 29456 12272
63 18693 42498
64 32269 42359
65 34164 42255
66 30641 24443
67 23109 11111
68 33011 22292
69 38436 37441
70 37870 7006
71 33521 17928
72 43162 50344
73 45520 46780
74 25711 44073
75 28832 38859
76 17611 40397
77 40913 41350
78 42554 42753
79 38691 42333
80 55066 38417
81 42185 40790
82 37157 17223
83 44493 15476
84 33751 8359
85 41579 16793
86 43174 5695
87 47951 13639
88 45164 6235
89 55932 18814
90 42075 35741
91 46981 28668
92 17269 41738
93 35004 26295
94 45594 22827
95 44144 42426
96 48392 17421
97 48033 23914
98 41561 27205
99 47205 43084
100 16948 38802
101 33894 20651
102 46594 41218
103 35742 38933
104 4405 28197
105 8866 28272
106 25457 42087
107 29587 42795
108 21513 48512
109 35384 43389
110 61123 43358
111 46075 41275
112 47711 32301
113 59477 28846
114 52169 32616
115 63277 30661
116 64954 34207
117 65682 36960
118 36292 53197
119 32303 53100
120 32770 53363
121 32025 53159
122 26819 52549
123 12275 47266
124 8525 43635
125 8411 48427
126 4020 47664
127 6051 41725
128 10150 35309
129 12809 39546
130 18927 53595
131 13383 53055
132 18135 53775
133 59943 30611
134 60484 30645
135 61491 30945
136 62809 35890
137 63518 37223
138 64224 37962
139 41258 37183
140 2980 47175
141 9749 38646
142 47837 36045
143 48933 42435
144 49364 38909
145 48715 36871
146 52062 28957
147 61173 25515
148 61117 25299
149 57684 27405
150 63608 33750
151 63374 38205
152 53790 31252
153 54227 30760
154 56241 24840
155 55158 27045
156 61738 25731
157 58544 27351
158 9528 28684
159 32792 50039
160 20461 46305
161 30431 49372
162 36128 48337
163 33130 49148
164 51131 52129
165 52188 46643
166 29457 53865
167 33723 53865
168 47899 48180
169 45014 52353
170 28275 51018
171 17062 49097
172 55160 52293
173 56255 48305
174 29781 53595
175 22797 46119
176 15705 46591
177 29781 52515
178 29014 48488
179 48497 45388
180 48030 50544
181 56356 46505
182 57494 50683
183 30105 53055
184 29457 53595
185 37017 53865
186 10370 43193
187 13473 42421
188 12500 42340
189 16673 46095
190 18907 45398
191 16174 49635
192 13552 51599
193 13605 51592
194 11801 48187
195 21228 45358
196 18738 35256
197 54852 43637
198 56729 44341
199 59214 43646
200 56925 43515
201 63993 40391
202 62964 41997
203 61307 40121
204 64661 40034
205 40398 31637
206 34698 32187
207 10876 28009
208 54455 32189
209 55693 31062
210 57295 32036
211 59035 32764
212 61047 32771
213 61889 33496
214 61564 35333
215 61160 36369
216 66129 38441
217 7160 45585
218 7806 48925
219 6177 44145
220 6057 45697
221 11035 34605
222 6574 32049
223 3660 33196
224 9274 38912
225 5636 39150
226 9209 34577
227 3537 33652
228 5120 34322
229 4042 38548
230 3048 43905
231 3736 43119
232 3597 41445
233 3326 41319
234 29082 43489
235 14966 32576
236 57759 26493
237 56838 25900
238 66693 29745
239 64903 33525
240 64518 32110
241 63496 33152
242 63203 32737
243 50940 31815
244 58995 26209
245 59758 27173
246 58538 29128
247 60003 24675
248 59202 25035
249 60027 28113
250 63132 27101
251 55816 26325
252 61887 24705
253 59103 27202
254 61119 26685
255 61275 27855
256 63274 25852
257 64341 25785
258 63054 25335
259 63122 36652
260 64604 36517
261 62834 34479
262 59940 27289
263 66565 27877
264 53545 29722
265 63041 26479
266 56719 27208
267 54865 28600
268 54436 27360
269 61806 31605
270 61911 29336
271 52215 30675
272 65355 26633
273 57242 29442
274 65667 31455
275 58005 24901
276 61116 28253
277 61888 28485
278 52279 27597
279 55647 25953
280 65074 30285
281 51121 31387
282 50268 31779
283 51826 30780
284 60446 27810
285 49744 32096
286 63108 31770
287 63216 29745
288 63669 28815
289 62892 27945
290 64227 27351
291 56214 28264
292 64803 34121
293 66409 31927
294 65680 35883
295 52137 30060
296 52726 31590
297 62791 35235
298 64638 29179
299 65193 29719
300 64472 35235
301 64129 31365
302 66862 34492
303 63983 28248
304 62177 32187
305 64485 30105
306 66402 28755
307 63895 36045
308 51954 31927
309 54131 26325
310 53294 29410
311 53494 28677
312 54101 26932
313 50607 31815
314 50797 33021
315 66501 32882
316 66323 32997
317 53349 26685
318 49734 32580
319 61214 30753
320 18940 53595
321 49930 27638
322 66879 38475
323 66879 33885
324 65388 42
325 65100 42
326 33900 56148
327 28716 56148
328 27468 56148
329 32460 56148
330 28332 56148
331 32268 56148
332 27372 56148
333 31212 56148
334 30732 56148
335 28812 56148
336 28908 56148
337 30636 56148
338 29100 56148
339 30156 56148
340 28524 56148
341 29292 56148
342 29004 56148
343 29196 56148
344 29388 56148
345 28620 56148
346 32172 56148
347 33612 56148
348 32940 56148
349 28236 56148
350 19020 56148
351 65292 42
352 53676 56148
353 53580 56148
354 53964 56148
355 54828 56148
356 69196 33996
357 57228 56148
358 37452 56148
359 55788 56148
360 37932 56148
361 53868 56148
362 65196 42
363 58284 56148
364 53484 56148
365 56556 56148
366 58956 56148
367 69196 33324
368 69196 41196
369 69196 34380
370 59148 56148
371 58860 56148
372 54060 56148
373 57324 56148
374 46668 56148
375 53292 56148
376 54636 56148
377 53772 56148
378 56844 56148
379 26700 56148
380 26892 56148
381 69196 37356
382 53388 56148
383 38700 56148
384 37548 56148
385 38316 56148
386 38124 56148
387 29772 42
388 29676 42
389 42 26412
390 42 28332
391 42 27276
392 42 26796
393 42 27756
394 42 28620
395 42 29868
396 42 26316
397 42 29580
398 42 28428
399 42 27372
400 42 29292
401 42 26892
402 42 27564
403 42 28716
404 42 29772
405 42 26220
406 42 29196
407 42 28140
408 42 27084
409 42 26508
410 42 27852
411 42 28236
412 42 28908
413 42 29964
414 42 27180
415 42 26700
416 42 27660
417 42 28524
418 42 29676
419 42 26124
420 42 29388
421 31692 42
422 30540 42
423 69196 26892
424 69196 25260
425 69196 27756
426 69196 26604
427 69196 26700
428 69196 26988
429 69196 25548
430 69196 26220
431 69196 25644
432 69196 26508
433 69196 27660
434 69196 27852
435 69196 26316
436 69196 26028
437 69196 27564
438 40908 56148
439 39948 56148
440 40236 56148
441 69196 25740
442 41004 56148
443 69196 25836
444 69196 25932
445 69196 25356
446 69196 27180
447 69196 27084
448 69196 27468
449 69196 25452
450 69196 26124
451 69196 27372
452 40812 56148
453 69196 27276
454 69196 26796
455 28620 42
456 23436 56148
457 17868 56148
458 35052 56148
459 34380 56148
460 29676 56148
461 33708 56148
462 34956 56148
463 31884 56148
464 34764 56148
465 32364 56148
466 29964 56148
467 31308 56148
468 31500 56148
469 35532 56148
470 29772 56148
471 31788 56148
472 31596 56148
473 32844 56148
474 32652 56148
475 31404 56148
476 32748 56148
477 31692 56148
478 30828 56148
479 32556 56148
480 35724 56148
481 34572 56148
482 35244 56148
483 29868 56148
484 35628 56148
485 33804 56148
486 36972 56148
487 33516 56148
488 34668 56148
489 34860 56148
490 65004 42
491 42 44748
492 42 45324
493 42 45228
494 42 46092
495 42 45612
496 42 45516
497 42 46188
498 42 43212
499 42 45132
500 42 42540
501 64908 42
502 42 45996
503 42 45900
504 42 45804
505 42 44844
506 42 45420
507 42 43980
508 42 43116
509 42 41964
510 42 41004
511 42 40908
512 42 40332
513 42 39756
514 42 39564
515 42 42348
516 42 40428
517 42 41484
518 42 41580
519 42 44556
520 42 44076
521 42 44652
522 42 34188
523 42 39852
524 42 32748
525 42 32268
526 42 31980
527 42 32652
528 42 31116
529 42 30828
530 42 30732
531 42 33804
532 42 34860
533 42 35340
534 42 35820
535 42 32556
536 42 36204
537 42 36108
538 42 36012
539 42 35916
540 42 35724
541 42 35628
542 42 35532
543 42 35436
544 42 35244
545 42 35148
546 42 31788
547 42 33324
548 42 34572
549 42 29484
550 42 30636
551 42 29100
552 42 29004
553 42 32844
554 42 30924
555 42 33228
556 42 39660
557 42 39180
558 29484 56148
559 32076 56148
560 33036 56148
561 31020 56148
562 31116 56148
563 33420 56148
564 33228 56148
565 30252 56148
566 31980 56148
567 30348 56148
568 29580 56148
569 30444 56148
570 30924 56148
571 33132 56148
572 33324 56148
573 30540 56148
574 26124 56148
575 30060 56148
576 28428 56148
577 18444 56148
