0 56545 20475
1 62534 22994
2 61215 26823
3 63618 30838
4 68801 22428
5 62670 20979
6 37904 17666
7 62918 24124
8 55039 48002
9 43493 24364
10 39593 17083
11 41132 24311
12 24327 27104
13 27815 18777
14 28950 27807
15 24676 20415
16 52290 34512
17 26318 28902
18 29128 21102
19 41026 14483
20 53904 26493
21 42529 15386
22 49422 37582
23 42841 22413
24 42584 16960
25 71677 43744
26 64850 28240
27 67176 15171
28 70473 24111
29 40719 27773
30 43696 32176
31 37961 28091
32 31207 31361
33 26463 31992
34 29998 21735
35 39010 32814
36 37195 39481
37 51074 32163
38 39105 27994
39 40490 38182
40 72927 25668
41 79203 29937
42 50086 21555
43 29328 24570
44 25484 24357
45 26666 24607
46 25455 24576
47 31990 21312
48 28477 21090
49 36508 21817
50 36600 22005
51 42122 20946
52 38085 21246
53 44391 15182
54 44478 20986
55 40538 22879
56 47765 25080
57 57512 45983
58 39179 24437
59 38249 26217
60 38726 29007
61 71719 21751
62 65915 31585
63 39765 35485
64 38952 35788
65 38554 48925
66 26325 30305
67 44435 29288
68 28914 36480
69 54791 33812
70 43869 34744
71 29584 29865
72 72971 14695
73 73561 19114
74 82817 22696
75 83637 24975
76 49271 33821
77 31788 30054
78 28207 23058
79 39572 30548
80 46612 31879
81 51778 32741
82 48780 29867
83 43945 29795
84 29365 27489
85 48388 29337
86 36688 19808
87 49026 30156
88 67584 37482
89 41793 30383
90 70215 31091
91 26950 36504
92 25213 32624
93 31354 40986
94 38866 32733
95 91033 25423
96 85709 29836
97 78907 18102
98 68672 20483
99 40014 30347
100 69066 15725
101 65345 32837
102 62074 33685
103 25728 33844
104 41923 33894
105 51250 32684
106 64341 34033
107 64330 36453
108 37904 42569
109 41735 40196
110 38018 39256
111 39330 40125
112 23950 42590
113 22957 44092
114 24067 43444
115 42305 52086
116 43320 51585
117 72578 33682
118 37383 45976
119 39769 32128
120 71638 13461
121 62104 33501
122 52097 41360
123 60811 35109
124 62401 31474
125 44049 48307
126 50959 46965
127 27872 42507
128 55738 42223
129 40007 45995
130 26063 34272
131 24619 34722
132 61359 37520
133 68421 13509
134 23432 34677
135 42453 33053
136 40957 35046
137 30735 31725
138 66672 36225
139 68183 29477
140 74022 43128
141 56709 26465
142 64995 22353
143 75141 15700
144 80356 22320
145 84564 23918
146 84420 20587
147 79923 41313
148 67460 26658
149 62941 44365
150 81466 38463
151 62717 52363
152 68619 52326
153 71446 51415
154 62798 44955
155 72167 51789
156 78220 53095
157 80955 51300
158 88669 20237
159 89458 3564
160 87325 4892
161 83523 6652
162 89244 4455
163 89075 4943
164 85009 3105
165 83405 10763
166 76243 10695
167 64072 8381
168 72393 2981
169 61783 5658
170 57290 8193
171 55990 8864
172 64166 12186
173 59751 3105
174 60867 4005
175 60579 2835
176 67311 49197
177 68464 50586
178 69666 49410
179 78726 49875
180 79839 50220
181 80493 49335
182 72690 34141
183 69004 3859
184 58779 40615
185 59112 38295
186 62603 41562
187 61090 42533
188 56214 49005
189 63932 53903
190 62002 50139
191 75191 51242
192 81325 52553
193 81010 48735
194 58414 45765
195 58246 47076
196 59850 54090
197 58551 51975
198 64479 52553
199 63064 50007
200 57498 29158
201 87740 14695
202 90773 33055
203 80689 16531
204 94620 13213
205 93227 28743
206 92550 14973
207 95069 14160
208 93691 11005
209 84159 2835
210 81367 18266
211 84861 2835
212 92076 23502
213 84048 12050
214 95877 32512
215 79177 5598
216 92936 35753
217 95235 23248
218 85185 2565
219 92073 9519
220 84506 34016
221 84537 2835
222 78320 6960
223 87244 36115
224 82603 15292
225 89753 37143
226 97583 28813
227 84969 2565
228 91360 15162
229 94412 26518
230 92781 15512
231 89020 32919
232 84699 2835
233 81638 16777
234 88749 2835
235 71831 10129
236 70778 9435
237 73553 9643
238 66675 10170
239 83682 19935
240 86389 14526
241 83247 8231
242 83358 6772
243 80346 10035
244 81378 14355
245 80168 20763
246 63772 15367
247 63381 16692
248 72138 38907
249 79389 36888
250 82407 38103
251 84788 38745
252 84118 38475
253 86175 39735
254 84645 40095
255 81281 38835
256 85473 39915
257 79132 38941
258 82221 38205
259 80739 37530
260 83199 43427
261 81957 44476
262 80529 45185
263 85241 43328
264 75540 31330
265 79040 29871
266 56640 24617
267 56847 30684
268 60536 46294
269 60477 48180
270 63433 47852
271 68267 48145
272 71776 49291
273 73755 50068
274 76449 50551
275 65143 45186
276 53026 31332
277 45511 31731
278 81778 38970
279 77814 49680
280 81675 49545
281 73659 5258
282 71391 5424
283 73823 5700
284 65319 5295
285 66294 5650
286 70242 6825
287 68244 6042
288 67367 6912
289 55685 5877
290 51679 10323
291 48558 7209
292 47224 6705
293 49668 4374
294 57586 6689
295 57180 4530
296 53093 8075
297 47042 3564
298 56129 3493
299 73445 3231
300 67035 3429
301 66096 3483
302 67176 2619
303 66776 2727
304 65275 3267
305 65296 2565
306 64465 3375
307 64011 2727
308 63039 2997
309 61786 3915
310 62013 2727
311 61916 2727
312 79117 21773
313 57853 13890
314 61976 51782
315 61002 52335
316 74493 54525
317 76018 52515
318 74739 52515
319 75115 49275
320 61762 45180
321 63072 51401
322 63939 49776
323 63180 50895
324 65225 49230
325 62661 53919
326 61738 54000
327 65083 50040
328 67858 53826
329 58462 53556
330 63878 54289
331 63792 51390
332 65434 51390
333 67054 51525
334 65538 53235
335 66294 53235
336 65333 54101
337 78907 51030
338 76386 51015
339 65004 51285
340 73282 54180
341 57711 47715
342 66582 53093
343 59686 52008
344 57798 49221
345 58143 49711
346 57390 52862
347 70642 50247
348 69601 51750
349 69414 51615
350 58409 46062
351 62807 53703
352 62089 53055
353 67547 53628
354 75580 53595
355 60779 53889
356 67437 51345
357 68568 51859
358 56337 52746
359 59454 53055
360 74509 53257
361 69768 50409
362 62100 46035
363 57526 45171
364 66020 51111
365 63433 45927
366 71617 50490
367 70897 52155
368 69165 53865
369 68828 53541
370 60894 49905
371 77459 52852
372 76312 54540
373 80379 53093
374 56640 46521
375 59376 45123
376 77297 51319
377 72345 53570
378 78313 52695
379 78124 51210
380 72877 51030
381 80001 54675
382 59262 50445
383 60700 45090
384 70348 54000
385 71793 49737
386 70726 51705
387 72579 52283
388 70166 53966
389 73993 51255
390 71940 53955
391 79087 52605
392 67891 52920
393 57888 53865
394 79606 51111
395 56716 48357
396 57051 51390
397 63526 45360
398 60495 51666
399 77749 54303
400 79152 54675
401 57061 53595
402 64541 45957
403 66301 50193
404 60169 2835
405 51049 54135
406 52271 51879
407 52857 52627
408 58239 55215
409 61155 55215
410 15276 42
411 14988 42
412 72876 42
413 73068 42
414 73356 42
415 74124 42
416 74028 42
417 73644 42
418 74796 42
419 74220 42
420 74700 42
421 73836 42
422 73932 42
423 73548 42
424 73740 42
425 72588 42
426 72204 42
427 71820 42
428 72300 42
429 72492 42
430 72396 42
431 72684 42
432 72012 42
433 72108 42
434 73260 42
435 71724 42
436 60012 42
437 15180 42
438 60876 42
439 55212 42
440 60780 42
441 71244 42
442 57804 57755
443 71628 42
444 54540 42
445 73548 57755
446 55116 42
447 70860 42
448 15084 42
449 57324 57755
450 72108 57755
451 66444 57755
452 70668 42
453 60876 57755
454 56748 42
455 57900 57755
456 71436 42
457 70956 42
458 71148 42
459 56364 57755
460 71340 42
461 60204 42
462 56460 57755
463 56556 57755
464 57996 42
465 60684 42
466 70764 42
467 57996 57755
468 57036 57755
469 53388 57755
470 55116 57755
471 53484 57755
472 53772 57755
473 54060 42
474 51852 42
475 49740 42
476 55020 57755
477 51660 42
478 50124 42
479 50604 42
480 52812 42
481 54252 42
482 49644 42
483 54060 57755
484 54444 42
485 51756 42
486 54348 57755
487 50028 42
488 50700 42
489 52716 42
490 54348 42
491 49356 42
492 53964 57755
493 54828 57755
494 49932 57755
495 50124 57755
496 50796 42
497 55212 57755
498 52620 42
499 55596 57755
500 52524 42
501 50220 57755
502 51468 42
503 53004 42
504 55308 57755
505 49836 42
506 53868 42
507 52428 42
508 52332 42
509 50988 57755
510 52332 57755
511 52716 57755
512 51948 57755
513 52908 57755
514 53196 57755
515 51084 57755
516 51276 57755
517 51372 57755
518 52812 57755
519 52620 57755
520 51564 57755
521 50316 57755
522 50796 57755
523 50508 57755
524 50604 57755
525 52044 57755
526 52428 57755
527 51852 57755
528 51660 57755
529 50700 57755
530 50892 57755
531 53004 57755
532 50028 57755
533 52140 57755
534 53100 57755
535 51468 57755
536 50412 57755
537 51180 57755
538 52236 57755
539 51756 57755
540 52524 57755
541 55884 42
542 77580 42
543 59820 42
544 83532 42
545 85740 42
546 83628 42
547 84396 42
548 85932 42
549 83052 42
550 86316 42
551 88332 42
552 84780 42
553 86796 42
554 86988 42
555 86604 42
556 83916 42
557 87660 42
558 85836 42
559 86892 42
560 87084 42
561 86508 42
562 85644 42
563 87180 42
564 84492 42
565 84684 42
566 82764 42
567 84204 42
568 83724 42
569 84300 42
570 85356 42
571 86220 42
572 88428 42
573 87852 42
574 83820 42
575 86124 42
576 14892 42
577 72780 42
578 72972 42
579 73164 42
580 73452 42
581 74604 42
582 74508 42
583 74412 42
584 66924 42
585 71916 42
586 65868 42
587 14796 42
588 74316 42
589 69132 42
590 68748 42
591 68652 42
592 68268 42
593 69708 42
594 66828 42
595 66540 42
596 65100 42
597 64908 42
598 62508 42
599 63948 42
600 63564 42
601 62700 42
602 62124 42
603 62028 42
604 62220 42
605 70572 42
606 71052 42
607 71532 42
608 48012 42
609 61260 42
610 45516 42
611 45228 42
612 45420 42
613 45708 42
614 45804 42
615 45612 42
616 48108 42
617 48780 42
618 49452 42
619 49548 42
620 51084 42
621 45900 42
622 51948 42
623 54156 42
624 54636 42
625 53964 42
626 53100 42
627 55308 42
628 55980 42
629 56076 42
630 54732 42
631 53196 42
632 48204 42
633 53292 42
634 52908 42
635 44940 42
636 45132 42
637 44844 42
638 45036 42
639 45324 42
640 45996 42
641 46092 42
642 61452 42
643 61356 42
644 84012 42
645 87372 42
646 88140 42
647 87468 42
648 84972 42
649 84876 42
650 84108 42
651 86412 42
652 87276 42
653 88236 42
654 87948 42
655 88044 42
656 86028 42
657 87756 42
658 87564 42
659 86700 42
660 77676 42
661 84588 42
662 82860 42
663 59724 42
