0 44084 32375
1 34504 33620
2 37542 31859
3 38071 36151
4 29978 33676
5 31480 26839
6 36155 33795
7 49732 31927
8 26542 22950
9 33390 26086
10 38876 25868
11 37296 23745
12 26964 14333
13 16286 24762
14 20172 19224
15 19346 24736
16 39558 16765
17 15342 21018
18 18043 23649
19 22711 25675
20 28217 22146
21 26706 26068
22 46210 18632
23 27087 18145
24 31500 22509
25 34825 25007
26 62918 34830
27 45657 33914
28 19604 37320
29 27072 36506
30 36153 32887
31 22498 20225
32 31078 19380
33 35112 18753
34 36796 19387
35 47895 16273
36 41952 19069
37 35118 22078
38 55558 32823
39 35849 17970
40 54330 21164
41 42102 14029
42 34697 38104
43 44347 42150
44 50454 23539
45 56673 23406
46 47162 21853
47 56858 24177
48 50934 23700
49 49249 24108
50 49509 24513
51 50499 22609
52 49738 24694
53 48173 23046
54 35922 26230
55 50980 24938
56 48522 23830
57 40346 21641
58 36348 21954
59 39319 19604
60 42732 21181
61 51467 41593
62 35289 14205
63 50889 17913
64 37579 15517
65 54600 16083
66 26052 15914
67 27912 20493
68 52511 12456
69 31606 12634
70 40171 7626
71 39562 16117
72 33413 21594
73 44485 13118
74 25951 16245
75 19760 40394
76 29508 39803
77 37971 42666
78 38097 45225
79 34779 18942
80 48947 23524
81 51633 20665
82 48542 20478
83 20221 17955
84 38117 20402
85 35111 44976
86 47646 24930
87 48304 19876
88 58045 36712
89 47066 19891
90 48015 38255
91 29152 13195
92 24336 17091
93 38695 17476
94 42462 50826
95 44985 46632
96 33446 39728
97 27899 16668
98 45879 12044
99 20509 39086
100 53872 42152
101 62447 39652
102 56533 43370
103 36392 18560
104 36212 36720
105 62005 41580
106 52738 20423
107 54255 44256
108 51483 36546
109 42505 14784
110 45493 17177
111 37867 18225
112 41562 14324
113 44722 11907
114 36112 8030
115 44484 6503
116 48704 39460
117 55131 43901
118 44298 15507
119 57137 43363
120 51715 43383
121 51349 13386
122 52491 15607
123 48053 11745
124 25804 14396
125 26155 13042
126 27264 16569
127 58657 42428
128 19151 37223
129 42049 36452
130 26577 13635
131 58754 41195
132 51526 35705
133 34298 4493
134 35880 9942
135 27859 40839
136 34591 42525
137 40704 45415
138 31231 44239
139 68891 42412
140 58550 32252
141 66784 27179
142 67168 27636
143 62542 31941
144 54539 28018
145 71514 29767
146 73862 30785
147 74184 35319
148 30142 46547
149 27862 51796
150 31973 51070
151 31666 52897
152 32715 52728
153 28603 50616
154 30937 52048
155 28317 53163
156 19603 46093
157 10167 38652
158 8812 42421
159 4255 41478
160 8892 36325
161 9539 33297
162 10225 31603
163 13474 37849
164 12561 36281
165 24003 53325
166 24903 53055
167 23625 53235
168 66773 28161
169 68001 28909
170 67673 30105
171 71523 34065
172 72627 32152
173 72810 35325
174 73073 36382
175 49930 37652
176 55239 35157
177 57483 39285
178 56388 36021
179 55337 33201
180 60156 27877
181 68760 23805
182 64989 24508
183 71580 31725
184 74660 33653
185 62065 29565
186 62011 28832
187 63137 22815
188 62601 24705
189 69082 24232
190 65358 26055
191 38088 5859
192 21632 43680
193 29375 50265
194 37047 50117
195 25173 50776
196 52911 51635
197 53681 47462
198 27675 53325
199 34857 53325
200 44682 51655
201 35514 47879
202 57184 51737
203 58542 47473
204 47199 51975
205 29781 53325
206 20555 51993
207 48335 45837
208 24986 42638
209 29511 52785
210 33146 46542
211 51266 45533
212 23061 44737
213 59266 45997
214 59434 50061
215 27388 51091
216 28539 53325
217 49125 49983
218 25145 50104
219 27999 52785
220 23936 43299
221 37125 53055
222 33008 42696
223 12677 41432
224 15278 40972
225 15117 40017
226 14576 37415
227 19221 43614
228 27958 43267
229 17016 45637
230 12944 46757
231 12386 47947
232 11958 45105
233 26016 42795
234 22371 34695
235 61716 40635
236 62730 43499
237 63999 43537
238 65477 44872
239 64526 44904
240 67158 43092
241 68355 44775
242 64179 43425
243 71837 39917
244 71616 40782
245 70367 38823
246 73398 38488
247 42988 37316
248 40074 40720
249 40229 4405
250 63114 30410
251 63406 28099
252 64651 29415
253 65631 31144
254 67348 31404
255 68568 31961
256 69826 33811
257 70125 34815
258 73983 36739
259 7628 42697
260 9708 41850
261 7191 37695
262 7657 38641
263 7580 40803
264 6567 39238
265 6820 31739
266 11055 29620
267 8468 25974
268 6665 25688
269 6759 32918
270 4476 32977
271 7949 30762
272 3659 26628
273 5858 27451
274 3670 32365
275 2983 40392
276 3952 38529
277 2980 37719
278 2916 38259
279 3175 37179
280 3067 36639
281 3240 36099
282 6004 35829
283 5216 35667
284 4168 35775
285 4514 36423
286 4968 37395
287 4374 37071
288 16215 32468
289 65259 24131
290 63457 23702
291 74560 27180
292 73490 30529
293 72834 30529
294 70932 31570
295 70121 31455
296 61117 31131
297 66427 24550
298 66330 25920
299 66982 24750
300 67410 23247
301 66453 22935
302 66991 26865
303 69451 26016
304 62163 23670
305 67729 24975
306 69211 23388
307 66845 25346
308 68233 25560
309 68611 26415
310 69988 24705
311 70794 25090
312 70539 24049
313 72450 34335
314 71754 32265
315 67037 26325
316 74067 26055
317 60429 29160
318 70200 25476
319 63396 24165
320 61926 27289
321 61299 27748
322 62178 26379
323 61198 25029
324 68842 30297
325 69609 28562
326 69624 28530
327 71503 25322
328 73257 28755
329 64445 22646
330 68128 27520
331 69154 27597
332 59592 26209
333 61228 23625
334 73204 28562
335 68787 29205
336 59828 30105
337 59718 30807
338 60475 29745
339 68006 26966
340 60669 31725
341 61128 30982
342 69557 30699
343 70227 29217
344 70254 27033
345 70524 26379
346 63906 25735
347 73490 31686
348 74787 28335
349 62019 24795
350 73837 33885
351 60093 28575
352 61420 30060
353 71750 33036
354 71865 27900
355 73050 27829
356 73258 32535
357 72333 33615
358 71725 30195
359 74476 31556
360 63096 25605
361 71148 27366
362 71781 27135
363 72918 26145
364 73191 33399
365 61472 30780
366 60579 24255
367 60795 30375
368 61036 28269
369 71842 35010
370 60889 26685
371 60809 24489
372 60736 32062
373 63720 23972
374 61554 32373
375 74637 28845
376 74803 30420
377 59553 24855
378 60491 32187
379 67338 28161
380 25042 53055
381 57219 28282
382 55251 28485
383 75071 5342
384 61749 53055
385 75195 36045
386 77594 5196
387 77594 5484
388 33324 55503
389 27852 55503
390 33708 55503
391 30348 55503
392 29100 55503
393 33900 55503
394 33804 55503
395 29196 55503
396 30060 55503
397 29580 55503
398 29388 55503
399 29004 55503
400 30156 55503
401 30540 55503
402 29964 55503
403 29292 55503
404 30252 55503
405 29484 55503
406 28524 55503
407 29772 55503
408 28620 55503
409 28908 55503
410 33420 55503
411 28428 55503
412 24492 55503
413 77594 5676
414 61164 55503
415 57036 55503
416 60972 55503
417 57516 55503
418 77594 35628
419 57228 55503
420 40044 55503
421 57996 55503
422 77594 32076
423 62124 55503
424 77594 5388
425 62220 55503
426 57612 55503
427 62028 55503
428 58188 55503
429 77594 36012
430 65484 55503
431 77594 36588
432 59532 55503
433 58860 55503
434 62796 55503
435 64716 55503
436 31788 55503
437 62892 55503
438 59148 55503
439 63180 55503
440 65004 55503
441 31596 55503
442 32268 55503
443 61644 55503
444 59628 55503
445 49740 55503
446 77594 29388
447 49068 55503
448 77594 28716
449 44652 55503
450 46188 55503
451 39180 42
452 32364 42
453 32460 42
454 33132 42
455 32556 42
456 32652 42
457 32748 42
458 38028 42
459 40428 55503
460 38412 55503
461 34668 42
462 41196 55503
463 33900 42
464 35052 42
465 33996 42
466 35244 42
467 38412 42
468 38316 42
469 33228 42
470 32268 42
471 35532 42
472 37356 42
473 41964 55503
474 37164 42
475 39756 55503
476 39276 42
477 39372 42
478 37068 42
479 36972 42
480 39948 55503
481 34476 42
482 38316 55503
483 46380 55503
484 47244 55503
485 77594 26892
486 77594 25932
487 77594 27852
488 77594 26412
489 77594 26316
490 77594 27180
491 51852 42
492 50796 42
493 77594 25740
494 77594 26220
495 77594 27564
496 50700 42
497 77594 27084
498 77594 28524
499 77594 28140
500 50508 42
501 49452 42
502 49740 42
503 51660 42
504 49932 42
505 77594 26988
506 77594 28428
507 77594 26028
508 77594 28044
509 51180 42
510 77594 27468
511 77594 26796
512 77594 28332
513 77594 27372
514 50028 42
515 77594 26508
516 77594 27276
517 41676 55503
518 26892 55503
519 23148 55503
520 36204 55503
521 34572 55503
522 27948 55503
523 34860 55503
524 34092 55503
525 33612 55503
526 36108 55503
527 32748 55503
528 29868 55503
529 32844 55503
530 32172 55503
531 34380 55503
532 29676 55503
533 31884 55503
534 31212 55503
535 31692 55503
536 33036 55503
537 32652 55503
538 32364 55503
539 32556 55503
540 28236 55503
541 32940 55503
542 36396 55503
543 31500 55503
544 32076 55503
545 28140 55503
546 34476 55503
547 31116 55503
548 36780 55503
549 33516 55503
550 35628 55503
551 36012 55503
552 77594 5292
553 42 39852
554 42 40908
555 42 40812
556 42 41100
557 42 41772
558 42 41676
559 42 41580
560 42 38316
561 42 40332
562 42 37356
563 77594 5580
564 42 41484
565 42 40428
566 42 40524
567 42 39660
568 42 39276
569 42 38892
570 42 37932
571 42 37068
572 42 36492
573 42 36108
574 42 37836
575 42 35340
576 42 35244
577 42 35724
578 42 36396
579 42 37164
580 42 36972
581 42 39180
582 42 40140
583 42 39756
584 42 29004
585 42 35148
586 42 26316
587 42 29388
588 42 29292
589 42 28524
590 42 27660
591 42 26508
592 42 26412
593 42 28716
594 42 29196
595 42 29484
596 42 30444
597 42 26124
598 42 31212
599 42 32748
600 42 32844
601 42 31884
602 42 32460
603 42 31980
604 42 31116
605 42 29772
606 42 30060
607 42 28908
608 42 26988
609 42 27084
610 42 27276
611 42 26796
612 42 28140
613 42 28044
614 42 27948
615 42 29964
616 42 26892
617 42 30540
618 42 34860
619 42 34380
620 28044 55503
621 30924 55503
622 31980 55503
623 32460 55503
624 28716 55503
625 28812 55503
626 30444 55503
627 30828 55503
628 33228 55503
629 31020 55503
630 30636 55503
631 30732 55503
632 31404 55503
633 31308 55503
634 33996 55503
635 33132 55503
636 27660 55503
637 28332 55503
638 27756 55503
639 24012 55503
