0 34892 36281
1 38157 40532
2 33141 35857
3 41515 27662
4 42541 37845
5 37218 39972
6 16947 41242
7 37638 36070
8 36851 28494
9 30194 36731
10 17964 42660
11 23576 34558
12 4180 33437
13 23177 40384
14 5950 39895
15 5434 38776
16 27181 26637
17 7677 32476
18 7074 35744
19 19166 44517
20 30767 35390
21 20767 44836
22 27683 26164
23 26763 38412
24 20058 43084
25 46904 18273
26 41394 33392
27 37125 48399
28 42597 35125
29 40158 35910
30 26101 32250
31 18093 28902
32 8372 30488
33 16312 28778
34 24843 27555
35 18016 21865
36 42716 36945
37 48846 37365
38 23413 36649
39 3215 33422
40 4256 33928
41 3246 34553
42 11028 35340
43 6867 36158
44 16507 37629
45 14285 36160
46 19498 37621
47 17380 37742
48 21373 40770
49 22621 36879
50 17526 35537
51 19734 36385
52 38458 20544
53 16025 34531
54 16598 30953
55 17966 31688
56 17677 36100
57 16067 22363
58 40390 38556
59 48866 28917
60 16551 26548
61 20631 25892
62 17313 14269
63 4382 29408
64 19648 33327
65 6889 26687
66 3845 19458
67 30073 35910
68 24219 27267
69 5278 27981
70 10521 29419
71 40479 49787
72 43363 44805
73 50188 43093
74 49554 41400
75 24318 30652
76 9978 30769
77 16420 29954
78 25026 29861
79 31388 28755
80 31698 28577
81 14269 31218
82 25877 31827
83 29094 31763
84 17634 37255
85 8780 34661
86 6014 33493
87 24150 26068
88 25042 35523
89 9949 27649
90 43517 25798
91 20918 30377
92 46262 31229
93 8201 29345
94 5306 23974
95 11922 26210
96 58958 42852
97 57880 34041
98 48844 48181
99 50434 30685
100 17767 29847
101 39377 48830
102 42322 39048
103 52076 28431
104 50492 26668
105 11478 24449
106 25353 28569
107 40413 32400
108 54724 28540
109 43467 27051
110 17936 24404
111 16218 18798
112 18591 22102
113 15031 24150
114 17300 21984
115 13106 14155
116 4805 17836
117 20782 12870
118 22109 13371
119 33729 18175
120 45015 30714
121 26037 24311
122 38617 49400
123 53710 28552
124 31095 29454
125 31929 21363
126 50220 26903
127 51347 29035
128 27360 16500
129 33405 19695
130 17814 29120
131 4896 20088
132 34205 20007
133 22423 17825
134 10175 21849
135 9495 25767
136 9173 25821
137 48733 25466
138 36659 48471
139 7736 26343
140 26213 26595
141 42582 34968
142 45482 25763
143 49843 19612
144 41616 27927
145 31647 42285
146 42365 49565
147 51250 44235
148 51687 41761
149 55257 47475
150 54726 21615
151 42230 18090
152 41483 9499
153 40912 10410
154 45133 14769
155 46307 9303
156 46872 8793
157 50861 9888
158 53470 11817
159 56414 58668
160 55237 59017
161 55095 59843
162 57393 55258
163 54863 50905
164 55601 54756
165 55145 57676
166 60879 49113
167 53535 48210
168 48932 54001
169 49665 53775
170 33210 53956
171 31619 58682
172 35878 59433
173 29325 56238
174 25486 54420
175 24587 53973
176 33465 50944
177 31401 56295
178 31239 55305
179 30897 55755
180 43242 9353
181 44757 9990
182 50223 13095
183 52518 12435
184 53095 13263
185 43975 30263
186 38092 22178
187 39951 24615
188 40984 21641
189 40855 21076
190 38120 14599
191 38268 7110
192 40992 10361
193 48665 12362
194 53479 10143
195 53625 14006
196 41748 13668
197 39609 13635
198 36189 9540
199 36411 11595
200 39658 6930
201 41865 9765
202 32287 43326
203 54059 54890
204 56194 41436
205 50340 49350
206 60987 54842
207 62644 53559
208 62204 45182
209 61634 38063
210 47020 46582
211 60578 51151
212 61884 52116
213 60150 50397
214 66555 49815
215 55917 60075
216 56758 43659
217 50119 58878
218 50155 53701
219 64976 46057
220 64828 35748
221 57871 45201
222 55161 58725
223 59301 56889
224 55695 38092
225 53973 58725
226 60013 53256
227 64861 37979
228 50182 55458
229 59249 35991
230 45015 46230
231 62446 35336
232 65006 42084
233 56079 60075
234 61475 51068
235 60856 42601
236 66393 48195
237 48247 44913
238 66393 48465
239 40320 53988
240 37915 54358
241 40581 56025
242 38769 53752
243 35164 52645
244 48065 49325
245 50940 48375
246 51942 52048
247 45547 51685
248 44740 56790
249 44403 57187
250 44789 53137
251 51948 51345
252 53546 47709
253 41272 44462
254 34294 47971
255 33628 47177
256 48393 23895
257 55572 26259
258 55533 23985
259 54743 23796
260 54654 24232
261 56579 24057
262 58995 22815
263 59460 23490
264 59015 24468
265 59055 24401
266 56943 24885
267 59301 25335
268 57501 25560
269 57182 19542
270 55401 18261
271 54184 17336
272 58340 19284
273 49267 33921
274 49653 36788
275 31385 41216
276 43708 13352
277 41630 12272
278 39984 12305
279 43065 11792
280 44868 12150
281 46276 12483
282 47427 12618
283 49149 12996
284 50182 13095
285 53703 13128
286 40232 58286
287 39512 58467
288 38578 57630
289 40579 57240
290 32775 57345
291 33261 56811
292 36713 56767
293 35458 57351
294 34521 56745
295 20412 52546
296 22590 56312
297 16580 54702
298 16295 56909
299 19162 57677
300 24651 56453
301 24649 58140
302 20577 53823
303 17880 59265
304 24021 58935
305 36340 59407
306 29224 59157
307 30240 59913
308 30337 59265
309 29257 59859
310 29181 58293
311 28004 59913
312 27961 58887
313 27931 59670
314 28431 59625
315 28231 58185
316 28652 57483
317 31028 57753
318 28436 57699
319 51924 45610
320 27869 50145
321 38417 9276
322 37386 9990
323 49329 6255
324 49308 11036
325 48613 9495
326 47826 10905
327 47358 10047
328 44203 14760
329 39231 8808
330 40365 8042
331 39126 8673
332 40073 8127
333 36324 7290
334 36454 8055
335 42583 8550
336 40189 7290
337 42306 5454
338 35782 10780
339 37665 6499
340 40041 8235
341 41773 7020
342 43265 6769
343 40739 6075
344 41114 6108
345 39150 6210
346 51480 11565
347 52164 11421
348 41526 7830
349 48630 11127
350 48411 6152
351 40761 14202
352 36912 10995
353 37239 13027
354 38775 13635
355 35551 12747
356 45676 9855
357 45220 6705
358 45135 7627
359 37632 7533
360 37543 8235
361 42845 6229
362 48988 8741
363 36480 8925
364 43743 7796
365 44266 7357
366 35454 14276
367 35687 10698
368 48496 8010
369 45039 8697
370 42297 14830
371 43098 15187
372 41585 14553
373 42636 7463
374 43875 15471
375 46229 9936
376 46201 7020
377 44543 5163
378 43962 6075
379 39525 10959
380 50193 10665
381 49683 8133
382 39312 14670
383 43107 14213
384 50026 11745
385 46476 6570
386 47550 7463
387 50699 11137
388 50937 11860
389 38286 9816
390 48022 8167
391 52173 8685
392 37989 12096
393 43789 14400
394 45606 6036
395 47277 8157
396 46449 5130
397 47317 5771
398 52319 10125
399 51529 9675
400 35784 11340
401 38158 14136
402 51593 13172
403 36261 13770
404 43632 15435
405 37607 10356
406 45084 15741
407 50439 8119
408 51192 8505
409 35336 12521
410 44199 15930
411 43405 8613
412 31576 56025
413 38318 16168
414 37857 17780
415 37343 17539
416 43078 15930
417 47956 12161
418 46818 6345
419 49464 10395
420 58663 2565
421 66447 24705
422 57807 29565
423 58860 42
424 58476 42
425 48780 62405
426 47532 62405
427 47724 62405
428 48876 62405
429 47052 62405
430 48684 62405
431 47628 62405
432 47148 62405
433 48396 62405
434 48204 62405
435 48588 62405
436 46860 62405
437 46956 62405
438 48492 62405
439 48300 62405
440 47244 62405
441 48012 62405
442 46572 62405
443 48108 62405
444 46764 62405
445 47916 62405
446 47820 62405
447 47340 62405
448 47436 62405
449 31500 62405
450 58668 42
451 37836 42
452 68899 49548
453 38220 42
454 54732 62405
455 68899 25452
456 53964 62405
457 37932 42
458 53868 62405
459 38124 42
460 55404 62405
461 58572 42
462 68899 29484
463 68899 29388
464 68899 27660
465 54348 62405
466 68899 29676
467 57324 62405
468 68899 31020
469 55884 62405
470 54924 62405
471 68899 50028
472 40428 42
473 43788 62405
474 45612 62405
475 39948 42
476 39852 42
477 68899 49644
478 68899 28236
479 45708 62405
480 68899 24684
481 68899 43404
482 36204 42
483 68899 28044
484 36780 42
485 68899 27468
486 34572 62405
487 33708 42
488 29676 62405
489 42 34380
490 42 35340
491 42 36972
492 42 37740
493 30924 62405
494 33132 62405
495 28140 62405
496 32172 62405
497 42 34284
498 42 35244
499 42 34764
500 42 36684
501 29484 62405
502 31020 62405
503 32748 62405
504 29196 62405
505 32556 62405
506 42 33900
507 42 35532
508 42 36300
509 28044 62405
510 42 34188
511 31212 62405
512 31980 62405
513 42 35436
514 42 36396
515 42 37548
516 31692 62405
517 32268 62405
518 29580 62405
519 32844 62405
520 68899 30636
521 34860 62405
522 39084 42
523 38508 42
524 39468 42
525 38700 42
526 38988 42
527 38892 42
528 37164 42
529 37548 42
530 37740 42
531 38604 42
532 39564 42
533 38412 42
534 39660 42
535 40524 42
536 40620 42
537 37260 42
538 37068 42
539 37644 42
540 38316 42
541 37452 42
542 39756 42
543 40908 42
544 39276 42
545 40716 42
546 38028 42
547 40332 42
548 40236 42
549 40812 42
550 40044 42
551 37356 42
552 40140 42
553 39372 42
554 39180 62405
555 46668 62405
556 30444 62405
557 68899 47628
558 51180 62405
559 68899 49260
560 52812 62405
561 51084 62405
562 49548 62405
563 52524 62405
564 52140 62405
565 51276 62405
566 52716 62405
567 51756 62405
568 52908 62405
569 50700 62405
570 52332 62405
571 50124 62405
572 50892 62405
573 50412 62405
574 49932 62405
575 52428 62405
576 49644 62405
577 51372 62405
578 51468 62405
579 68899 42348
580 68899 49836
581 50796 62405
582 68899 48108
583 53004 62405
584 52236 62405
585 68899 47436
586 68899 48492
587 68899 49164
588 68899 48972
589 58380 42
590 36972 62405
591 36780 62405
592 36300 62405
593 37836 62405
594 38508 62405
595 37644 62405
596 38700 62405
597 29004 62405
598 33036 62405
599 29868 62405
600 58764 42
601 34956 62405
602 35052 62405
603 33900 62405
604 33996 62405
605 32940 62405
606 32460 62405
607 29964 62405
608 29100 62405
609 29292 62405
610 28716 62405
611 29772 62405
612 28620 62405
613 28524 62405
614 28428 62405
615 28908 62405
616 30348 62405
617 28812 62405
618 31404 62405
619 31308 62405
620 32076 62405
621 19884 62405
622 28236 62405
623 24780 62405
624 24684 62405
625 23724 62405
626 21708 62405
627 20364 62405
628 20652 62405
629 20172 62405
630 24588 62405
631 25452 62405
632 20268 62405
633 20748 62405
634 25164 62405
635 22380 62405
636 23916 62405
637 24108 62405
638 26508 62405
639 24972 62405
640 26412 62405
641 25068 62405
642 23628 62405
643 21804 62405
644 21132 62405
645 19980 62405
646 20556 62405
647 20076 62405
648 19788 62405
649 21612 62405
650 23532 62405
651 23436 62405
652 25644 62405
653 19692 62405
654 26028 62405
655 29388 62405
656 28332 62405
657 68899 48684
658 51852 62405
659 50220 62405
660 50316 62405
661 51564 62405
662 52620 62405
663 68899 49932
664 51660 62405
665 51948 62405
666 52044 62405
667 50988 62405
668 50604 62405
669 50508 62405
670 50028 62405
671 49740 62405
672 49836 62405
673 68899 47244
674 68899 48204
675 68899 47820
676 31116 62405
