0 43272 34551
1 36096 36567
2 47280 35397
3 38139 39646
4 33282 36650
5 26924 27892
6 41839 33133
7 40432 36543
8 50518 34781
9 32948 26242
10 31031 28682
11 34009 24640
12 34725 14183
13 21925 25804
14 31560 18652
15 22695 23330
16 52197 21443
17 27748 17904
18 23580 21912
19 39398 32477
20 43104 29166
21 39132 32547
22 58977 22892
23 45592 28056
24 37931 32686
25 69477 38565
26 50065 36965
27 20122 39266
28 35423 38902
29 36529 22372
30 37723 23153
31 30603 18529
32 44026 21438
33 43146 20366
34 47805 16140
35 43272 20984
36 51941 18902
37 46997 24575
38 44553 22221
39 42256 39693
40 50298 45165
41 38845 23092
42 19828 20230
43 15033 20385
44 20229 20125
45 14761 20860
46 15757 22192
47 15043 23100
48 18222 24615
49 21915 23380
50 29743 26497
51 29970 26697
52 31913 28939
53 34167 27061
54 20541 24694
55 32553 27733
56 34026 24239
57 41611 23434
58 38242 22759
59 58467 46062
60 45502 18582
61 60807 22040
62 66759 18419
63 32714 19292
64 49090 26497
65 55067 23862
66 36405 11131
67 39030 10515
68 56452 23466
69 48618 26936
70 44636 18876
71 65268 19335
72 55279 23326
73 33161 13971
74 31618 16655
75 20001 42857
76 29661 44874
77 35038 45473
78 33516 43425
79 31284 25740
80 31487 18757
81 21303 20941
82 46870 24297
83 37254 17269
84 31299 18189
85 58305 38754
86 32748 14802
87 46241 22995
88 51992 39580
89 36469 11246
90 42583 20586
91 49762 49826
92 59219 50364
93 35987 41510
94 21001 41352
95 60808 47726
96 68209 43182
97 61874 47003
98 64159 47556
99 56018 36511
100 49983 14970
101 50830 18373
102 51217 17385
103 42469 7853
104 45588 8048
105 66465 16316
106 56106 42795
107 51169 24035
108 64602 20089
109 62173 45196
110 59316 46276
111 64638 19954
112 67830 19252
113 63869 44815
114 56615 18185
115 63357 43894
116 19793 39724
117 51065 44172
118 27189 21195
119 63703 42244
120 48486 24080
121 54910 37921
122 40722 49447
123 41351 46386
124 27357 42506
125 33237 44685
126 37331 47332
127 30287 47205
128 74576 47466
129 66515 44194
130 60822 41411
131 64603 35210
132 70351 29136
133 73657 31501
134 69943 29356
135 68671 33885
136 57384 31220
137 75445 31257
138 77999 34331
139 78762 38262
140 34065 53923
141 34250 56241
142 34067 55755
143 30402 53880
144 32813 54972
145 39080 55416
146 19214 48916
147 31577 48889
148 9641 43297
149 8147 45633
150 3807 43670
151 9328 38724
152 9228 34015
153 11121 33943
154 13048 38822
155 25893 56025
156 18495 56205
157 25245 56475
158 71769 31657
159 73069 32191
160 74438 35982
161 77763 37935
162 54805 39640
163 60162 36912
164 62964 40365
165 61216 37042
166 58329 34770
167 62281 30953
168 73053 25740
169 69329 29362
170 74857 35437
171 79323 36607
172 77289 39285
173 64509 32265
174 64526 31647
175 67689 26010
176 66784 27765
177 74070 26055
178 70287 30105
179 39845 45944
180 20990 46553
181 30161 53613
182 26299 54543
183 25347 54399
184 44908 55296
185 59974 53512
186 24399 45807
187 16265 53275
188 58837 49880
189 29727 56565
190 36369 56025
191 47008 50798
192 34766 51526
193 52309 55838
194 62595 55288
195 44410 52560
196 31293 56295
197 16997 54667
198 23207 55067
199 63025 49920
200 31725 56565
201 32940 49760
202 65446 51294
203 22531 47347
204 65920 53463
205 55588 53951
206 29835 56025
207 49356 53075
208 24981 53013
209 29619 56025
210 23812 45809
211 37233 56565
212 12606 43929
213 15297 42514
214 14487 39915
215 13609 41348
216 18127 46430
217 25071 45225
218 17648 48830
219 11274 49811
220 10176 50625
221 10365 48127
222 24311 37313
223 68070 47984
224 69592 48150
225 70544 49783
226 71337 49565
227 72386 47712
228 69471 47925
229 76811 44217
230 76446 45421
231 76144 45264
232 78152 42707
233 50361 42480
234 45325 43507
235 43012 47531
236 66537 32405
237 67267 31063
238 69148 31828
239 70278 33372
240 71020 34121
241 72176 34897
242 73425 36904
243 8490 34291
244 74651 37732
245 78282 39420
246 76977 38475
247 79384 38745
248 7338 41465
249 6981 45480
250 8303 44555
251 7023 40605
252 7162 41375
253 12359 31732
254 9355 28620
255 7375 28709
256 7062 35169
257 4848 35100
258 9442 33040
259 3753 28915
260 5670 29835
261 3591 34454
262 3262 42408
263 2926 39393
264 4233 38529
265 2937 38907
266 3024 38259
267 2883 37665
268 4114 37611
269 6804 37665
270 5972 37989
271 5011 37935
272 5302 39231
273 4687 39879
274 3693 39933
275 32068 45109
276 17989 34973
277 69652 27366
278 68171 27327
279 79693 30678
280 76585 33750
281 76828 32400
282 74133 34515
283 75036 33615
284 67381 33777
285 70452 27540
286 71268 28425
287 70480 27297
288 71219 26257
289 71611 25322
290 70103 25283
291 71357 30066
292 75576 27713
293 66528 27090
294 72890 25760
295 71457 27597
296 73282 27495
297 74565 27675
298 75694 26325
299 76653 26460
300 75114 25920
301 77352 37215
302 72221 28022
303 75442 34470
304 79629 28815
305 63612 32481
306 75654 26955
307 64485 30780
308 65792 29598
309 64495 28909
310 74350 32650
311 75082 29925
312 74169 29947
313 70583 26001
314 77550 27101
315 77567 31961
316 68796 25845
317 73119 29092
318 74209 30003
319 62647 29102
320 65964 27366
321 78080 30837
322 74074 31680
323 64986 33615
324 66375 34110
325 63087 32959
326 75946 34965
327 72774 28485
328 67437 34695
329 74704 32854
330 75681 30529
331 75106 28292
332 77803 28269
333 67215 28804
334 68100 27675
335 77166 34560
336 79410 32197
337 62271 31860
338 64597 33075
339 76401 35535
340 76500 29700
341 77645 30577
342 76248 36392
343 69089 27675
344 77169 31763
345 78635 34965
346 76263 28909
347 76902 29025
348 74822 33993
349 78345 29295
350 77859 36225
351 77780 35235
352 68256 29140
353 64674 27735
354 63271 30915
355 63976 30003
356 76734 32589
357 67106 34309
358 68520 34857
359 72235 30753
360 79106 33036
361 79342 33952
362 63716 28316
363 67662 35235
364 26932 56430
365 59631 30849
366 77841 2565
367 67635 56295
368 79947 36315
369 77580 42
370 77868 42
371 36012 58742
372 30540 58742
373 30636 58742
374 36396 58742
375 32460 58742
376 36108 58742
377 31596 58742
378 32172 58742
379 34476 58742
380 31692 58742
381 31980 58742
382 32556 58742
383 33036 58742
384 32940 58742
385 32076 58742
386 31500 58742
387 32268 58742
388 31020 58742
389 31308 58742
390 31884 58742
391 31212 58742
392 31116 58742
393 35916 58742
394 30828 58742
395 26124 58742
396 78060 42
397 63468 58742
398 61548 58742
399 65196 58742
400 62028 58742
401 82221 38988
402 61740 58742
403 82221 35052
404 62220 58742
405 82221 34284
406 63852 58742
407 77772 42
408 67980 58742
409 62124 58742
410 68268 58742
411 66252 58742
412 82221 35820
413 70668 58742
414 82221 38316
415 67404 58742
416 66348 58742
417 66156 58742
418 69132 58742
419 33900 58742
420 66540 58742
421 69516 58742
422 70188 58742
423 70572 58742
424 34956 58742
425 35628 58742
426 65484 58742
427 68652 58742
428 52332 58742
429 52524 58742
430 51180 58742
431 52236 58742
432 45996 42
433 48588 42
434 42156 42
435 38604 58742
436 37836 58742
437 43020 58742
438 41964 58742
439 42060 58742
440 42444 58742
441 40812 42
442 42156 58742
443 42924 58742
444 42828 58742
445 43212 42
446 39180 42
447 41868 58742
448 40812 58742
449 39660 58742
450 42060 42
451 41292 58742
452 36300 58742
453 35436 58742
454 38412 58742
455 39276 42
456 42732 58742
457 40428 58742
458 39948 42
459 39372 42
460 39468 42
461 39564 42
462 39660 42
463 41772 58742
464 40044 42
465 41676 58742
466 48492 42
467 47244 42
468 82221 28812
469 82221 27372
470 82221 29868
471 82221 28716
472 82221 28140
473 82221 29292
474 82221 27468
475 52620 58742
476 82221 27564
477 82221 28236
478 82221 29676
479 82221 29388
480 82221 29004
481 82221 30636
482 82221 30252
483 82221 27756
484 51660 58742
485 52428 58742
486 52812 58742
487 52140 58742
488 82221 28908
489 82221 30348
490 82221 27660
491 82221 30444
492 82221 28428
493 82221 29484
494 82221 29100
495 82221 30540
496 82221 29772
497 52716 58742
498 82221 28332
499 82221 29580
500 43884 58742
501 28236 58742
502 24780 58742
503 38124 58742
504 37260 58742
505 29388 58742
506 36588 58742
507 38220 58742
508 37068 58742
509 37932 58742
510 35052 58742
511 31404 58742
512 33516 58742
513 34380 58742
514 36204 58742
515 31788 58742
516 34284 58742
517 35532 58742
518 34860 58742
519 35244 58742
520 34092 58742
521 34188 58742
522 33804 58742
523 29484 58742
524 35148 58742
525 38700 58742
526 33228 58742
527 32652 58742
528 29292 58742
529 33996 58742
530 32844 58742
531 37452 58742
532 34764 58742
533 38028 58742
534 38316 58742
535 77676 42
536 42 42636
537 42 43020
538 42 43404
539 42 42828
540 42 43596
541 42 42732
542 42 43692
543 42 39372
544 42 42060
545 42 38604
546 77964 42
547 42 43500
548 42 41772
549 42 41004
550 42 41196
551 42 40524
552 42 40428
553 42 38796
554 42 38028
555 42 37740
556 42 37452
557 42 38220
558 42 36972
559 42 36876
560 42 37932
561 42 38892
562 42 39468
563 42 39852
564 42 41100
565 42 41868
566 42 41964
567 42 31116
568 42 37260
569 42 28332
570 42 31500
571 42 31404
572 42 30444
573 42 29676
574 42 28044
575 42 28236
576 42 30732
577 42 31308
578 42 31788
579 42 32844
580 42 28140
581 42 33420
582 42 34572
583 42 34476
584 42 34284
585 42 34380
586 42 33804
587 42 34188
588 42 32076
589 42 32172
590 42 30828
591 42 29100
592 42 29004
593 42 29292
594 42 28428
595 42 29868
596 42 30060
597 42 29964
598 42 31596
599 42 28812
600 42 31692
601 42 36780
602 42 36300
603 29580 58742
604 34668 58742
605 33420 58742
606 33324 58742
607 29964 58742
608 30732 58742
609 30924 58742
610 32364 58742
611 33708 58742
612 33612 58742
613 32748 58742
614 33132 58742
615 35820 58742
616 35340 58742
617 35724 58742
618 34572 58742
619 29196 58742
620 29676 58742
621 29868 58742
622 25740 58742
