0 108780 97914
1 232198 169614
2 164730 132032
3 111312 118533
4 124987 166013
5 51067 178920
6 135656 127866
7 155515 109991
8 236229 266247
9 224761 254800
10 202514 201939
11 200089 158711
12 224682 177950
13 215507 140219
14 241944 134541
15 219260 190680
16 331494 273179
17 325769 208737
18 171212 203051
19 288245 162780
20 130313 244585
21 107836 235733
22 159054 194208
23 118960 247160
24 119816 143659
25 71036 231272
26 115740 238280
27 87590 263392
28 323287 128897
29 118220 160613
30 267563 180794
31 354205 200344
32 289952 137704
33 80020 214470
34 56538 288150
35 183985 151568
36 271181 136309
37 231942 106575
38 28585 132710
39 262341 107998
40 69901 106098
41 103902 141854
42 88617 118222
43 155203 190260
44 216750 339331
45 201230 327940
46 63270 276129
47 43986 120320
48 68976 229133
49 28441 209729
50 314320 227127
51 233375 194674
52 357884 210630
53 349204 204664
54 362050 146835
55 126248 334600
56 356237 217373
57 83785 264190
58 139303 362270
59 128778 276654
60 91314 233395
61 29854 230032
62 102960 327800
63 33030 292503
64 47064 200526
65 353936 162580
66 362615 220453
67 54446 257285
68 365233 225288
69 58003 254898
70 193107 324664
71 166326 293623
72 139716 290920
73 381187 228511
74 47971 263400
75 365954 235251
76 88927 306109
77 145306 301376
78 386576 165457
79 389682 237720
80 392606 228480
81 86373 316133
82 367901 155152
83 388700 222213
84 313313 186803
85 267235 214941
86 299560 210214
87 358840 266430
88 365041 276309
89 336775 224000
90 295885 120166
91 274512 89320
92 385949 117901
93 339202 85694
94 362707 276527
95 294333 265908
96 276180 252663
97 305522 307360
98 311073 362362
99 350839 340407
100 360628 351421
101 391431 314066
102 294818 318100
103 305097 379244
104 270210 359345
105 247190 351400
106 257260 347117
107 324816 73237
108 340041 45966
109 340446 47198
110 369521 58605
111 293208 101976
112 326703 50733
113 363839 94375
114 404381 187735
115 388192 195641
116 225226 110180
117 112213 42948
118 140602 40355
119 369328 132346
120 209902 4200
121 211026 5133
122 365218 302680
123 380380 300650
124 402040 308933
125 396593 314066
126 401225 320200
127 411223 326200
128 373445 302400
129 393727 304500
130 392105 299400
131 388664 313320
132 410932 312480
133 417952 317800
134 406980 332422
135 400097 324644
136 391362 351680
137 417667 331800
138 402268 346080
139 389711 345800
140 373261 363346
141 375554 345520
142 362870 366046
143 352428 340200
144 365661 349346
145 346306 372983
146 344612 339500
147 331940 367757
148 337725 331800
149 352513 356688
150 334671 333400
151 340005 346150
152 316607 365564
153 328573 336466
154 331056 347200
155 300923 357000
156 319428 331800
157 309953 338644
158 305830 330272
159 297540 334854
160 286254 339920
161 281476 330018
162 273030 336000
163 267076 334600
164 258336 333200
165 245131 342766
166 246378 329509
167 372818 311920
168 391434 333072
169 373609 336636
170 408975 339150
171 363926 338240
172 319998 339640
173 350106 311577
174 405333 357933
175 414664 339888
176 413660 305421
177 390022 362250
178 348140 326347
179 294880 326600
180 268985 325400
181 260806 324022
182 268976 326666
183 225216 299880
184 160369 16733
185 403245 192757
186 358340 313444
187 251813 324800
188 393948 127582
189 181900 14259
190 265468 16566
191 221338 67035
192 352830 47048
193 295766 86411
194 201673 54220
195 220091 76066
196 358297 49949
197 383783 26680
198 204412 19520
199 228965 83810
200 321755 108862
201 379458 118160
202 279222 35971
203 237147 67900
204 250348 72879
205 308180 4200
206 356220 87500
207 214098 49000
208 419446 131428
209 222357 18568
210 407581 88398
211 279040 16418
212 298626 17718
213 224513 40600
214 266242 69300
215 357407 83703
216 186620 31511
217 316896 72629
218 255534 15166
219 188866 51344
220 304000 4200
221 262994 276818
222 254424 303074
223 257465 285133
224 267477 288866
225 403797 261100
226 412632 255500
227 419377 255500
228 411872 259700
229 407217 267400
230 422322 266700
231 420327 260400
232 414342 265300
233 408452 272300
234 422702 271600
235 416622 273700
236 395770 259560
237 407597 282800
238 397337 290500
239 407122 277200
240 398097 285600
241 415957 282100
242 404842 290500
243 412632 287700
244 416622 278600
245 393917 268800
246 388977 262500
247 403322 244300
248 396577 263200
249 384085 267400
250 402182 255500
251 389832 242900
252 391352 249200
253 396387 244300
254 390212 255500
255 400377 249900
256 409022 249200
257 266184 212961
258 254775 51153
259 263302 32565
260 367275 83629
261 213910 228824
262 233625 229710
263 232199 249645
264 176583 252677
265 379704 295088
266 390323 294000
267 404356 296866
268 40898 216925
269 404953 325453
270 360340 327084
271 326843 329861
272 314210 329736
273 291628 329311
274 278764 329509
275 183486 248675
276 184561 252700
277 178630 256019
278 136401 250509
279 137560 250162
280 149387 246662
281 135494 252587
282 87651 121684
283 177000 275258
284 72770 276592
285 183338 294175
286 184157 288575
287 179991 298651
288 152784 357812
289 153537 353775
290 156263 346850
291 155646 359890
292 169768 358445
293 173907 350127
294 176279 347327
295 141059 327374
296 178851 356819
297 162695 348600
298 176878 342212
299 173636 341950
300 169449 344896
301 174916 330445
302 188687 327250
303 189501 329087
304 221276 325838
305 246556 330866
306 378583 186200
307 370177 143153
308 417672 189000
309 391414 206214
310 395797 178200
311 393078 159600
312 415897 222973
313 410802 182988
314 171343 55266
315 208936 104626
316 98130 12894
317 420034 149036
318 129317 13468
319 91346 37524
320 417990 205652
321 427500 200725
322 429231 219955
323 428450 174745
324 360240 86333
325 211497 109266
326 153255 73088
327 251288 5000
328 253310 140
329 249950 140
330 437390 137900
331 437390 135660
332 437390 136780
333 437390 118860
334 437390 155820
335 437390 132300
336 437390 142380
337 437390 154700
338 437390 149100
339 437390 134540
340 437390 153580
341 437390 150220
342 437390 133420
343 437390 146860
344 437390 145740
345 437390 147980
346 437390 140140
347 437390 143500
348 437390 141260
349 437390 151340
350 437390 144620
351 437390 152460
352 437390 139020
353 437390 130060
354 214110 140
355 252190 140
356 437390 251020
357 437390 271180
358 437390 258860
359 437390 265580
360 437390 270060
361 258910 394040
362 255550 394040
363 244350 394040
364 437390 264460
365 437390 255500
366 248830 140
367 248830 394040
368 437390 302540
369 252190 394040
370 437390 252140
371 437390 253260
372 437390 268940
373 437390 259980
374 437390 262220
375 437390 263340
376 437390 267820
377 251070 394040
378 437390 266700
379 437390 261100
380 245470 394040
381 254430 394040
382 437390 257740
383 437390 256620
384 437390 254380
385 274590 394040
386 263390 394040
387 140 263340
388 140 258860
389 140 259980
390 140 264460
391 140 201740
392 140 212940
393 140 224140
394 236510 394040
395 246590 394040
396 247710 394040
397 140 251020
398 140 237580
399 211870 394040
400 140 223020
401 140 231980
402 218590 394040
403 243230 394040
404 140 230860
405 237630 394040
406 140 246540
407 140 240940
408 234270 394040
409 140 221900
410 140 229740
411 233150 394040
412 249950 394040
413 253310 394040
414 140 249900
415 223070 394040
416 140 236460
417 240990 394040
418 238750 394040
419 239870 394040
420 140 245420
421 140 238700
422 242110 394040
423 140 219660
424 140 228620
425 140 206220
426 140 205100
427 140 275660
428 140 281260
429 140 274540
430 140 279020
431 140 276780
432 214110 394040
433 217470 394040
434 207390 394040
435 225310 394040
436 140 283500
437 212990 394040
438 140 265580
439 140 280140
440 208510 394040
441 209630 394040
442 210750 394040
443 216350 394040
444 140 268940
445 215230 394040
446 140 270060
447 220830 394040
448 227550 394040
449 224190 394040
450 232030 394040
451 235390 394040
452 226430 394040
453 221950 394040
454 230910 394040
455 228670 394040
456 229790 394040
457 219710 394040
458 140 271180
459 207390 140
460 215230 140
461 206270 140
462 256670 140
463 316030 140
464 270110 140
465 273470 140
466 299230 140
467 291390 140
468 303710 140
469 437390 98700
470 338430 140
471 340670 140
472 317150 140
473 281310 140
474 331710 140
475 341790 140
476 437390 90860
477 292510 140
478 437390 103180
479 437390 95340
480 437390 102060
481 437390 94220
482 437390 93100
483 321630 140
484 246590 140
485 314910 140
486 323870 140
487 271230 140
488 268990 140
489 264510 140
490 262270 140
491 265630 140
492 302590 140
493 295870 140
494 247710 140
495 437390 214060
496 437390 200620
497 437390 189420
498 437390 208460
499 437390 192780
500 437390 205100
501 437390 203980
502 437390 212940
503 437390 207340
504 437390 227500
505 251070 140
506 437390 198380
507 437390 226380
508 437390 206220
509 437390 211820
510 437390 197260
511 437390 199500
512 437390 202860
513 437390 201740
514 437390 210700
515 437390 209580
516 437390 174860
517 437390 195020
518 437390 196140
519 437390 173740
520 437390 178220
521 437390 193900
522 437390 186060
523 437390 182700
524 437390 190540
525 437390 191660
526 176030 140
527 437390 49420
528 132350 140
529 117790 140
530 143550 140
531 109950 140
532 162590 140
533 155870 140
534 161470 140
535 146910 140
536 145790 140
537 103230 140
538 93150 140
539 130110 140
540 78590 140
541 79710 140
542 90910 140
543 92030 140
544 80830 140
545 107710 140
546 120030 140
547 133470 140
548 99870 140
549 170430 140
550 94270 140
551 163710 140
552 165950 140
553 100990 140
554 81950 140
555 77470 140
556 102110 140
557 104350 140
558 83070 140
559 123390 140
560 205150 140
561 202910 140
562 272350 140
563 337310 140
564 437390 99820
565 437390 96460
566 437390 91980
567 324990 140
568 313790 140
569 336190 140
570 339550 140
571 326110 140
572 332830 140
573 333950 140
574 346270 140
575 300350 140
576 437390 100940
577 437390 97580
578 254430 140
579 267870 140
580 263390 140
581 212990 140
