0 41130 29372
1 32361 31239
2 35245 26898
3 33417 34371
4 27763 31234
5 21050 24511
6 30938 23710
7 33271 31388
8 44795 29434
9 20722 19524
10 35522 22785
11 11451 18077
12 14134 22488
13 17917 15357
14 20284 22164
15 34134 14318
16 14484 21237
17 25711 23946
18 21774 19955
19 28052 23406
20 42957 15567
21 24150 18410
22 27450 19803
23 31958 21906
24 59100 31368
25 41357 31546
26 18855 35208
27 28027 34261
28 35935 25371
29 34059 34640
30 18125 18499
31 36225 19541
32 33735 20925
33 33011 16896
34 35699 15360
35 39256 12211
36 40602 15879
37 34387 12557
38 44269 13733
39 45442 37774
40 32871 21966
41 43181 18736
42 53309 19703
43 46402 18354
44 53376 20192
45 47170 20287
46 44236 20940
47 45990 21150
48 48529 19639
49 44372 20817
50 45144 19639
51 41673 18758
52 46386 21452
53 45308 20179
54 35652 18318
55 35419 14019
56 34742 16303
57 35213 17569
58 49899 39132
59 29385 12883
60 44407 12892
61 19566 13487
62 49648 12121
63 20724 13534
64 30609 18730
65 23398 10562
66 23399 9176
67 38092 13602
68 38791 19089
69 33729 15355
70 20114 14371
71 16575 14655
72 19038 39033
73 27616 38590
74 34555 41715
75 36756 42480
76 49313 18328
77 29014 16155
78 47275 19662
79 40871 18238
80 42886 20752
81 45353 35759
82 17067 9341
83 47608 16471
84 32460 11345
85 42766 47357
86 44757 43668
87 29816 36625
88 19309 36953
89 52706 39950
90 59149 35850
91 53748 39407
92 55158 40802
93 48441 32350
94 39269 13284
95 36084 12087
96 36887 11294
97 23815 4532
98 33766 4802
99 48348 9227
100 47342 8989
101 46150 37161
102 18057 38012
103 54056 40957
104 20450 14109
105 21956 13775
106 38135 12130
107 54206 39198
108 50072 40991
109 44023 9911
110 46864 11865
111 28983 8125
112 42417 8175
113 14278 11641
114 55957 38002
115 17951 35209
116 50517 32427
117 13916 14526
118 55612 36695
119 49285 34904
120 14932 39287
121 32877 2693
122 36361 8241
123 25771 38287
124 33070 40005
125 38540 42245
126 29470 41763
127 42636 28483
128 66186 38418
129 45657 34266
130 54223 29037
131 61973 23219
132 62253 24837
133 58714 27783
134 48419 26583
135 65119 29331
136 66358 26217
137 69592 27560
138 70412 30729
139 31013 41761
140 29691 48753
141 28751 49966
142 29104 49857
143 25309 48544
144 27274 49029
145 18100 44430
146 27533 43163
147 9469 38059
148 3531 39972
149 8717 34591
150 9498 29487
151 12444 34351
152 21897 50625
153 18063 50445
154 21350 50422
155 62542 24907
156 63619 25167
157 63432 26115
158 67785 29757
159 68671 31218
160 45904 35216
161 8801 31828
162 51474 32853
163 54846 35190
164 52242 32253
165 50441 30012
166 54320 24512
167 64194 20925
168 60185 22365
169 66350 28369
170 70878 29265
171 68413 32310
172 69318 31860
173 56295 25818
174 56507 25143
175 58977 19890
176 57304 21681
177 64050 21465
178 60898 23922
179 42669 4043
180 34133 45910
181 16984 42004
182 30076 47444
183 30459 47717
184 33280 46464
185 50472 48773
186 51517 43871
187 25569 50625
188 31509 50355
189 42557 48959
190 54749 49062
191 27984 46762
192 56490 45350
193 45400 49432
194 27783 50625
195 23819 49150
196 47619 43225
197 23077 40119
198 27459 49005
199 27957 44677
200 53707 42739
201 57837 43353
202 56872 47381
203 24921 50625
204 47407 47165
205 25245 50625
206 22337 40962
207 33885 50625
208 31236 40217
209 12050 39546
210 14402 38325
211 13562 35532
212 21442 41003
213 15094 43485
214 11819 45495
215 11790 46665
216 9889 43954
217 20614 32228
218 21204 43146
219 58314 36477
220 60333 39686
221 61663 39937
222 62131 41085
223 64660 39947
224 65004 38812
225 61839 39420
226 68639 35485
227 68626 36548
228 67031 34808
229 69271 34094
230 40441 34761
231 37987 38236
232 37585 3745
233 58057 26231
234 58275 24582
235 59905 25465
236 60977 27036
237 62228 27759
238 63748 28046
239 65467 29712
240 65940 30746
241 69665 31887
242 70961 32211
243 7252 37586
244 6817 41002
245 6431 39825
246 8638 41101
247 7839 36495
248 6696 37422
249 10500 28162
250 8824 24833
251 6231 25313
252 7416 32013
253 4761 31852
254 6904 29059
255 3518 24804
256 5221 25691
257 3776 31020
258 3348 37836
259 2980 35937
260 2959 35397
261 2894 34101
262 3153 34749
263 3920 34155
264 4687 34425
265 5907 34641
266 5907 34263
267 4806 35073
268 4978 35937
269 5000 36585
270 3985 36477
271 15667 30056
272 60705 21150
273 58906 20847
274 70547 23470
275 68823 26942
276 67959 26363
277 66062 27877
278 65679 27327
279 57402 27513
280 61377 21600
281 62063 22520
282 61573 21924
283 63402 20148
284 61841 19999
285 62670 23702
286 65814 22965
287 57364 20547
288 64352 20963
289 62093 22275
290 64309 22410
291 64418 23123
292 65409 21850
293 66939 21768
294 66089 21127
295 68409 30150
296 67591 28282
297 62755 23007
298 69933 23316
299 54985 25839
300 66412 22043
301 57895 20925
302 55836 24300
303 57314 22905
304 56628 23158
305 64368 26247
306 64986 25125
307 65290 24885
308 61814 20616
309 69312 25818
310 60199 20169
311 64121 23996
312 65698 23895
313 54624 23432
314 60242 19737
315 56391 20385
316 69478 24666
317 70371 25065
318 55546 26865
319 56430 27585
320 54124 26271
321 63473 23586
322 56889 27999
323 64854 27225
324 66092 25245
325 66676 23850
326 67867 22680
327 58950 22297
328 59139 21285
329 68923 27520
330 70720 25206
331 69881 29619
332 54018 25200
333 56191 26415
334 67708 28986
335 67779 24660
336 68402 24782
337 68899 28575
338 67604 26209
339 70615 28012
340 67479 23962
341 66817 25746
342 66649 27472
343 69444 24030
344 69354 28800
345 57153 26865
346 55707 21060
347 69108 30760
348 55474 24813
349 67923 30600
350 55852 23895
351 56181 22113
352 67413 27783
353 56970 28080
354 55177 27459
355 57969 28593
356 70863 26025
357 70690 26910
358 55211 21836
359 57074 28562
360 22342 50490
361 48759 27510
362 71183 14483
363 58833 41985
364 71415 32535
365 73701 14700
366 73701 14412
367 30636 52778
368 26124 52778
369 30924 52778
370 27948 52778
371 26412 52778
372 27756 52778
373 26220 52778
374 26316 52778
375 28716 52778
376 27852 52778
377 26796 52778
378 26988 52778
379 27660 52778
380 28620 52778
381 27276 52778
382 27084 52778
383 27468 52778
384 26892 52778
385 27180 52778
386 27564 52778
387 26508 52778
388 26700 52778
389 30348 52778
390 25932 52778
391 22668 52778
392 73701 14508
393 58092 52778
394 55020 52778
395 57132 52778
396 55500 52778
397 73701 34476
398 55404 52778
399 30828 52778
400 56844 52778
401 36780 52778
402 55212 52778
403 73701 14604
404 60684 52778
405 55308 52778
406 60780 52778
407 55116 52778
408 73701 32940
409 64236 52778
410 73701 35340
411 57036 52778
412 57228 52778
413 58860 52778
414 61740 52778
415 29484 52778
416 59628 52778
417 62220 52778
418 62892 52778
419 62988 52778
420 26604 52778
421 29196 52778
422 58572 52778
423 55788 52778
424 45708 52778
425 45900 52778
426 44556 52778
427 45804 52778
428 39564 52778
429 42156 52778
430 36396 42
431 30156 42
432 30252 42
433 30636 42
434 30348 42
435 30444 42
436 30540 42
437 34284 42
438 35628 42
439 31692 42
440 31788 42
441 38124 52778
442 31596 42
443 32652 42
444 32076 42
445 32556 42
446 35436 42
447 35724 42
448 31308 42
449 30060 42
450 33420 42
451 34764 42
452 34188 42
453 34476 42
454 34860 42
455 33996 42
456 34380 42
457 34572 42
458 34092 42
459 34668 42
460 32172 42
461 31884 42
462 43212 52778
463 42636 52778
464 46476 42
465 49932 42
466 46572 42
467 48108 42
468 48204 42
469 47820 42
470 47436 42
471 47244 42
472 47916 42
473 48396 42
474 47340 42
475 45900 42
476 48684 42
477 47148 52778
478 73701 27084
479 47532 42
480 45036 52778
481 45132 52778
482 48012 42
483 46188 42
484 48780 42
485 47724 42
486 50028 42
487 48876 42
488 46380 42
489 73701 26316
490 50124 42
491 48300 42
492 73701 26412
493 46092 42
494 73701 25836
495 48492 42
496 37932 52778
497 23052 52778
498 21324 52778
499 33516 52778
500 31980 52778
501 24300 52778
502 32364 52778
503 32460 52778
504 31596 52778
505 33228 52778
506 31404 52778
507 27372 52778
508 29772 52778
509 29580 52778
510 31500 52778
511 28140 52778
512 28812 52778
513 28332 52778
514 29868 52778
515 31116 52778
516 30060 52778
517 30252 52778
518 29100 52778
519 24684 52778
520 31308 52778
521 33900 52778
522 32076 52778
523 29004 52778
524 24492 52778
525 29964 52778
526 28236 52778
527 33708 52778
528 31212 52778
529 32844 52778
530 33324 52778
531 73701 14316
532 42 37740
533 42 38124
534 42 38604
535 42 39372
536 42 39852
537 42 39564
538 42 39948
539 42 35724
540 42 38028
541 42 34956
542 73701 14220
543 42 39468
544 42 39180
545 42 38796
546 42 38316
547 42 37932
548 42 36300
549 42 33996
550 42 34092
551 42 33516
552 42 33228
553 42 35628
554 42 32748
555 42 32652
556 42 34860
557 42 36204
558 42 36492
559 42 36396
560 42 36780
561 42 37356
562 42 37164
563 42 27372
564 42 32556
565 42 25260
566 42 27564
567 42 27180
568 42 26796
569 42 24396
570 42 24300
571 42 24204
572 42 25836
573 42 25932
574 42 25740
575 42 26508
576 42 25356
577 42 28140
578 42 29868
579 42 29772
580 42 28908
581 42 29292
582 42 28716
583 42 28044
584 42 27276
585 42 27084
586 42 26412
587 42 24108
588 42 24972
589 42 24876
590 42 24492
591 42 25644
592 42 26316
593 42 26220
594 42 27468
595 42 24012
596 42 28428
597 42 32364
598 42 31980
599 24396 52778
600 30732 52778
601 30444 52778
602 29292 52778
603 24972 52778
604 26028 52778
605 25836 52778
606 28908 52778
607 29676 52778
608 29388 52778
609 28044 52778
610 28524 52778
611 28428 52778
612 30540 52778
613 31020 52778
614 30156 52778
615 24108 52778
616 24588 52778
617 24204 52778
618 22380 52778
