0 397422 181452
1 309769 264603
2 301925 80387
3 321454 214946
4 319573 240146
5 304243 183091
6 342556 188066
7 360580 221900
8 248710 217121
9 270261 417117
10 300830 471418
11 325456 470250
12 309827 269127
13 333027 289919
14 362613 281488
15 392453 257472
16 385196 303109
17 256231 206094
18 394088 292182
19 328396 302400
20 216688 370142
21 219931 408676
22 336358 379188
23 365056 248027
24 179680 222335
25 195632 158290
26 303187 221277
27 201016 175093
28 336321 158041
29 245935 271755
30 192549 172433
31 410098 371247
32 312223 311690
33 293336 170566
34 337520 165728
35 379234 202091
36 251386 155151
37 327426 397133
38 146587 137558
39 212572 109293
40 271700 202869
41 180101 54961
42 119044 137151
43 322034 243992
44 406260 301862
45 417031 278040
46 310103 73448
47 382958 161880
48 285541 149460
49 201657 172083
50 340710 126344
51 314181 117682
52 302594 111113
53 363034 125752
54 383412 136525
55 438102 296813
56 240412 186828
57 243826 229444
58 255277 131564
59 127110 274451
60 200595 184388
61 104626 271250
62 199030 203171
63 240386 79533
64 263619 94762
65 138372 138320
66 203571 83800
67 311501 89103
68 269041 386840
69 133819 136680
70 244924 63725
71 364686 315000
72 74143 87625
73 174085 144769
74 247367 150652
75 326434 311818
76 340032 414083
77 102344 151200
78 324846 419037
79 328183 410536
80 325530 403032
81 389428 385933
82 215855 57929
83 319942 427763
84 175109 221511
85 197615 186052
86 196952 99530
87 176401 128650
88 76121 212722
89 125636 78056
90 185189 91341
91 59201 109440
92 379542 398125
93 319783 443800
94 143502 71970
95 102967 84877
96 60877 136629
97 130817 159713
98 317680 452523
99 133783 249812
100 107060 181666
101 165818 230621
102 369935 415210
103 315130 451266
104 304601 447377
105 77235 208880
106 114178 105504
107 298996 455133
108 291078 369768
109 188580 198566
110 184358 158630
111 180433 226870
112 69006 218133
113 388953 441262
114 231823 456011
115 162587 174300
116 355166 412792
117 293957 435933
118 307241 439023
119 139574 172733
120 67953 163844
121 369217 405900
122 303512 422613
123 298857 428680
124 86138 157677
125 294373 329855
126 278004 242630
127 270623 219986
128 268311 218400
129 287767 341549
130 228354 424980
131 234544 434466
132 305900 408520
133 340754 389666
134 427269 337437
135 403256 318920
136 507180 385791
137 393570 308381
138 409856 362283
139 401327 333100
140 271220 408873
141 238830 370852
142 210420 447090
143 272745 410550
144 160415 385478
145 86271 406400
146 161436 404413
147 96543 439896
148 100797 411695
149 31664 397923
150 109360 364270
151 216104 405379
152 62345 384440
153 64244 363954
154 23071 372800
155 38345 370490
156 525264 337038
157 565049 320677
158 577828 334740
159 536923 346286
160 459238 331036
161 464788 400133
162 491062 324907
163 412721 421126
164 375088 468720
165 478624 374176
166 370690 459747
167 450727 240100
168 452034 176339
169 464670 170771
170 475630 190240
171 418708 399969
172 597692 190400
173 590393 187133
174 163442 431355
175 163020 447000
176 144146 459200
177 132565 447400
178 123753 441933
179 117268 447160
180 159871 438200
181 151565 454600
182 159817 453000
183 140904 448280
184 133266 462280
185 121144 453320
186 113511 446600
187 127354 437800
188 103645 445900
189 121362 464100
190 86925 437500
191 110770 463750
192 71858 455560
193 89015 456050
194 48526 437920
195 73720 457333
196 52524 450955
197 53742 457800
198 42750 431900
199 33392 426300
200 50051 417400
201 52414 407586
202 33222 413000
203 31485 401000
204 12974 395800
205 16720 427560
206 84708 407866
207 16213 391066
208 7457 412300
209 96984 399000
210 28337 389400
211 16910 402733
212 100784 396200
213 63785 398600
214 100446 386120
215 90297 393400
216 120396 387333
217 116533 376133
218 121185 345545
219 117420 364600
220 110010 353850
221 93708 342160
222 99750 351050
223 84835 348950
224 76054 347000
225 50793 350777
226 28554 361600
227 147962 439250
228 111593 427466
229 105513 437733
230 93100 429240
231 98528 461800
232 79182 430150
233 59491 430422
234 42053 438200
235 51806 419844
236 25122 442555
237 41202 457000
238 42845 353500
239 188263 369648
240 145476 414400
241 171483 442018
242 170525 452550
243 94762 450800
244 81510 447066
245 89703 467075
246 65220 462957
247 104485 402446
248 97237 381266
249 125716 399000
250 129656 365960
251 128725 375200
252 65930 343466
253 46692 344400
254 103486 352800
255 253811 476000
256 460722 232000
257 457425 258066
258 430255 451080
259 149023 420000
260 149340 429400
261 108110 448000
262 18556 430266
263 35682 353920
264 492189 408333
265 517165 322933
266 520244 332802
267 534075 213876
268 549860 265533
269 468576 259266
270 492307 238585
271 457752 263562
272 459961 330244
273 583557 362647
274 562994 224506
275 548748 292361
276 437703 354407
277 533886 347731
278 540526 361113
279 464550 384236
280 474050 336127
281 552140 290733
282 548523 299861
283 477875 282036
284 590520 331800
285 561260 301000
286 524400 359454
287 533557 346733
288 569685 232487
289 519125 299656
290 567974 266767
291 474389 283400
292 497251 265533
293 530605 411331
294 476147 371000
295 507363 290733
296 515850 401100
297 570411 301933
298 584266 289635
299 502495 271800
300 580263 250185
301 549175 247858
302 509948 280000
303 589018 296333
304 488248 382072
305 506644 267400
306 595916 270200
307 501539 419411
308 592724 267400
309 534708 231603
310 480514 364070
311 559621 269675
312 495237 219737
313 600780 329000
314 554952 266280
315 203645 336636
316 164300 343852
317 146414 339640
318 199430 347454
319 222004 347044
320 254647 461300
321 244197 462000
322 244862 453600
323 235552 461300
324 226337 455700
325 226907 462000
326 236027 455700
327 216552 462700
328 217027 458500
329 206767 458500
330 209142 464100
331 250382 447720
332 193562 464100
333 184347 449400
334 183872 458500
335 196317 458500
336 194512 452900
337 182542 455000
338 185582 464800
339 200782 466900
340 235837 450100
341 267662 448000
342 279917 461300
343 276877 448000
344 239241 444266
345 271652 461300
346 262437 460600
347 267852 455700
348 284572 457800
349 277447 456400
350 257972 454300
351 257782 446600
352 241265 308282
353 503970 230634
354 484154 262054
355 536788 266280
356 492290 377800
357 144802 307688
358 180931 309622
359 118386 313178
360 316193 351156
361 448136 267543
362 573002 271880
363 235924 252135
364 575700 267400
365 165490 461872
366 160379 463680
367 134020 467526
368 66238 432775
369 130384 390105
370 130424 360577
371 129182 352163
372 532886 260866
373 539261 273756
374 483702 407151
375 582540 273000
376 229166 257648
377 236327 261800
378 231977 248522
379 209500 208226
380 218899 214972
381 214916 214972
382 222471 207386
383 182013 255266
384 136907 107678
385 168320 264310
386 172644 262379
387 170968 254986
388 36565 228380
389 42750 229950
390 36394 234668
391 39247 230906
392 67228 241640
393 75394 241412
394 82163 239925
395 142028 214200
396 77792 241453
397 72016 227453
398 79452 237179
399 80383 236600
400 84427 224406
401 96311 245933
402 113148 258420
403 104952 259482
404 138478 248920
405 230240 363631
406 192824 347480
407 113012 357000
408 17290 364700
409 478046 428400
410 355513 452550
411 394212 457800
412 392371 426222
413 397208 450600
414 365104 464520
415 373510 452415
416 386823 463765
417 416480 466846
418 436018 458500
419 458327 458100
420 427060 425240
421 468751 460600
422 468421 466200
423 462767 219133
424 463790 224000
425 467063 161646
426 509900 191357
427 403085 410200
428 377631 427500
429 394168 442200
430 418878 437972
431 526171 179600
432 449644 182289
433 451201 145167
434 376263 475533
435 418707 469482
436 441918 476311
437 540707 432272
438 492353 400866
439 395243 258425
440 427621 217535
441 226670 474880
442 138482 446200
443 150100 455000
444 97446 366450
445 525470 140
446 528830 140
447 603410 254380
448 603410 267820
449 603410 318220
450 603410 257740
451 603410 282380
452 603410 266700
453 603410 289100
454 603410 315980
455 603410 324940
456 603410 323820
457 603410 314860
458 603410 308140
459 603410 342860
460 603410 341740
461 603410 348460
462 603410 304780
463 603410 349580
464 603410 303660
465 603410 298060
466 603410 339500
467 603410 296940
468 603410 295820
469 603410 347340
470 603410 251020
471 603410 190540
472 531070 140
473 358590 483500
474 206270 483500
475 327230 483500
476 436990 483500
477 342910 483500
478 218590 483500
479 217470 483500
480 219710 483500
481 238750 483500
482 354110 483500
483 529950 140
484 140 287980
485 416830 483500
486 140 326060
487 140 342860
488 361950 483500
489 359710 483500
490 318270 483500
491 357470 483500
492 355230 483500
493 438110 483500
494 280190 140
495 356350 483500
496 397790 483500
497 439230 483500
498 262270 483500
499 444830 483500
500 443710 483500
501 360830 483500
502 216350 483500
503 247710 483500
504 257790 483500
505 264510 483500
506 275710 483500
507 258910 483500
508 282430 483500
509 256670 483500
510 140 280140
511 140 300300
512 140 311500
513 140 310380
514 140 292460
515 140 295820
516 205150 483500
517 140 279020
518 140 277900
519 140 299180
520 140 307020
521 140 276780
522 140 309260
523 140 291340
524 140 286860
525 211870 483500
526 140 284620
527 140 275660
528 140 304780
529 192830 483500
530 140 312620
531 140 293580
532 140 298060
533 140 294700
534 204030 483500
535 140 305900
536 140 308140
537 140 290220
538 191710 483500
539 215230 483500
540 140 282380
541 190590 483500
542 266750 483500
543 283550 483500
544 245470 483500
545 251070 483500
546 246590 483500
547 248830 483500
548 249950 483500
549 228670 483500
550 236510 483500
551 240990 483500
552 261150 483500
553 237630 483500
554 252190 483500
555 260030 483500
556 242110 483500
557 239870 483500
558 229790 483500
559 230910 483500
560 226430 483500
561 253310 483500
562 227550 483500
563 254430 483500
564 220830 483500
565 221950 483500
566 225310 483500
567 223070 483500
568 224190 483500
569 234270 483500
570 232030 483500
571 243230 483500
572 233150 483500
573 244350 483500
574 235390 483500
575 255550 483500
576 276830 140
577 603410 202860
578 603410 189420
579 603410 233100
580 603410 252140
581 603410 265580
582 603410 249900
583 603410 268940
584 603410 338380
585 603410 277900
586 603410 287980
587 603410 321580
588 603410 336140
589 603410 331660
590 603410 275660
591 603410 317100
592 603410 337260
593 603410 319340
594 603410 333900
595 603410 313740
596 603410 311500
597 603410 320460
598 603410 305900
599 603410 299180
600 603410 329420
601 603410 247660
602 603410 290220
603 603410 283500
604 603410 262220
605 603410 246540
606 603410 234220
607 603410 235340
608 603410 264460
609 603410 327180
610 603410 248780
611 526590 140
612 389950 483500
613 395550 483500
614 378750 483500
615 379870 483500
616 377630 483500
617 386590 483500
618 396670 483500
619 400030 483500
620 406750 483500
621 405630 483500
622 527710 140
623 414590 483500
624 415710 483500
625 417950 483500
626 423550 483500
627 424670 483500
628 421310 483500
629 422430 483500
630 413470 483500
631 431390 483500
632 432510 483500
633 408990 483500
634 433630 483500
635 434750 483500
636 368670 483500
637 376510 483500
638 387710 483500
639 367550 483500
640 375390 483500
641 398910 483500
642 403390 483500
643 603410 163660
644 603410 192780
645 603410 133420
646 603410 134540
647 603410 147980
648 603410 128940
649 603410 161420
650 603410 154700
651 603410 160300
652 603410 142380
653 603410 140140
654 603410 119980
655 603410 93100
656 603410 114380
657 603410 106540
658 417950 140
659 603410 94220
660 603410 95340
661 603410 96460
662 603410 97580
663 603410 98700
664 603410 111020
665 603410 102060
666 603410 162540
667 603410 112140
668 603410 152460
669 603410 164780
670 603410 132300
671 603410 124460
672 603410 113260
673 603410 130060
674 603410 109900
675 603410 115500
676 603410 125580
677 603410 193900
678 603410 186060
679 603410 259980
680 603410 285740
681 603410 309260
682 603410 307020
683 603410 300300
684 603410 301420
685 603410 291340
686 603410 326060
687 603410 340620
688 603410 332780
689 603410 330540
690 603410 335020
691 603410 322700
692 603410 328300
693 603410 310380
694 603410 312620
695 603410 226380
696 603410 261100
697 603410 263340
698 603410 188300
