0 29950 29019
1 35413 31204
2 40117 30468
3 31764 34647
4 27787 31349
5 37731 12687
6 32779 31634
7 46968 30654
8 25111 21621
9 43809 12445
10 42458 16199
11 27054 13017
12 36854 18453
13 20531 14055
14 42833 19149
15 26541 13837
16 61726 13152
17 42777 16314
18 57839 13307
19 66852 19193
20 61979 18852
21 61609 13621
22 67121 35685
23 35685 34803
24 19305 33831
25 28818 34206
26 37741 33983
27 27491 17945
28 43931 19700
29 35836 18762
30 27301 20126
31 33995 17397
32 49018 19037
33 39885 19078
34 43149 22145
35 40835 19053
36 58472 19517
37 44995 23026
38 60677 17685
39 60495 18497
40 44242 39548
41 20244 15161
42 18623 15332
43 22998 15784
44 19140 14740
45 36237 13987
46 27621 11645
47 58122 13848
48 50599 12722
49 49561 13559
50 50801 14959
51 56303 16457
52 57424 13598
53 55483 13721
54 52669 13717
55 46650 16110
56 47814 17322
57 46316 18175
58 46534 16452
59 64062 38851
60 50052 39875
61 72686 18376
62 59748 16920
63 44561 21490
64 75000 21992
65 31696 20837
66 68482 17280
67 31780 23646
68 33377 27353
69 50019 21557
70 67325 16323
71 19056 37908
72 29405 38294
73 36147 41956
74 35874 40635
75 36258 18203
76 24357 14989
77 60206 17417
78 36447 19965
79 21960 19700
80 48772 18774
81 41476 18342
82 49308 14545
83 53496 35660
84 47805 35699
85 20316 20944
86 61060 18308
87 46694 43588
88 58095 44176
89 32846 36526
90 19216 36159
91 52841 40390
92 55087 41395
93 46937 20257
94 51795 42028
95 55453 40127
96 46011 24376
97 43395 25194
98 19139 21701
99 46629 23154
100 48831 21334
101 49904 22809
102 24341 25309
103 40626 29108
104 75387 23807
105 71114 24017
106 47914 34140
107 53746 30870
108 19558 35939
109 62153 22258
110 55679 42226
111 70426 22950
112 70931 22214
113 32166 26055
114 50553 25715
115 59077 41878
116 18831 34012
117 46826 31774
118 59148 40155
119 50185 37157
120 40868 18945
121 39729 4896
122 37200 10098
123 27853 38646
124 34582 41175
125 39848 42795
126 30255 42144
127 72574 42255
128 61103 32854
129 70699 28913
130 74414 31625
131 69338 29344
132 64827 33165
133 77688 30771
134 79353 34020
135 79328 37145
136 38430 48542
137 35334 49113
138 33121 48735
139 30318 46789
140 31806 46584
141 35221 47412
142 36236 48195
143 17770 42737
144 31717 43046
145 10353 34503
146 4395 38340
147 6647 32462
148 9292 28409
149 10763 28313
150 14278 33017
151 21141 49275
152 20475 49185
153 20277 49455
154 73621 33632
155 74512 31921
156 76494 35582
157 78440 34884
158 77425 37017
159 77838 37827
160 50228 35038
161 57663 34916
162 60687 38790
163 58480 35481
164 55902 35403
165 59845 29463
166 72099 28485
167 68985 31262
168 76244 34193
169 80424 36189
170 77382 37896
171 62714 30948
172 63592 30413
173 68267 27636
174 65781 28635
175 73224 28485
176 43365 5535
177 19634 39933
178 18041 41000
179 20846 47526
180 19108 47293
181 18779 47378
182 42604 48395
183 57272 47248
184 22862 41739
185 19710 41723
186 30645 49275
187 30483 49275
188 47205 43821
189 32259 45503
190 49791 48754
191 61101 48489
192 45429 45565
193 31563 49545
194 22613 39588
195 61699 44524
196 34965 49545
197 33730 43830
198 62503 45886
199 64098 47052
200 53163 47118
201 33399 47655
202 28181 47796
203 43217 46284
204 31293 49545
205 23336 39711
206 39501 49545
207 32846 40806
208 13491 38205
209 13916 36375
210 12964 33966
211 26035 40982
212 15121 43462
213 9164 43359
214 7752 43987
215 9447 41805
216 20699 31228
217 22308 35527
218 62829 40527
219 64133 42459
220 67302 42592
221 67390 43779
222 69005 43942
223 70423 42912
224 66105 42255
225 76117 40075
226 76218 41420
227 74546 40060
228 79288 39717
229 42576 35469
230 39123 38598
231 45347 5592
232 64940 32751
233 65297 31818
234 66846 31215
235 67599 32175
236 68826 32598
237 70915 33183
238 72869 33176
239 73826 33868
240 74328 35505
241 74928 36315
242 80425 38243
243 78408 37023
244 7905 35118
245 7767 39141
246 7691 38216
247 9538 39121
248 7245 34005
249 7393 36445
250 7007 35750
251 6885 28503
252 12366 26007
253 10241 23726
254 8688 23605
255 8029 30205
256 4737 29887
257 8271 27425
258 3784 23739
259 5787 24509
260 3371 29226
261 3188 37521
262 3218 35829
263 2948 35343
264 4384 35721
265 2894 34749
266 2851 34155
267 2980 33399
268 3391 32751
269 2721 32697
270 4352 33561
271 5130 34803
272 5464 34209
273 3898 35019
274 17195 28531
275 69426 29475
276 68289 28890
277 81067 30330
278 79002 33480
279 78439 32895
280 76002 33315
281 63567 32265
282 70647 29796
283 70986 30881
284 71482 30071
285 71043 27573
286 70048 27843
287 72171 31353
288 77103 26730
289 66546 27675
290 72333 28383
291 73999 29140
292 74273 28292
293 73587 27525
294 77193 36315
295 73050 29865
296 80913 28035
297 60889 30060
298 75805 27918
299 66686 28856
300 61454 29344
301 63585 29123
302 64265 27945
303 76244 32130
304 77580 29070
305 75700 31455
306 76945 29523
307 61205 30645
308 70254 28755
309 79509 31665
310 68981 28012
311 75171 29526
312 76804 28269
313 60962 28113
314 66412 28215
315 79584 30915
316 74998 31339
317 61965 31575
318 62793 32085
319 59913 30915
320 77242 34425
321 78034 33795
322 74317 29902
323 62809 32766
324 77091 32062
325 78404 30182
326 78346 26633
327 77841 27708
328 66049 29835
329 78789 34425
330 80997 31815
331 78473 35852
332 59783 30105
333 60935 31455
334 76212 35055
335 78939 29160
336 79110 29880
337 77824 35019
338 68644 30003
339 77107 32715
340 64694 28755
341 81088 34772
342 63166 31725
343 78588 27990
344 78556 30465
345 79677 27405
346 77539 33120
347 78834 31131
348 80676 28330
349 78752 35167
350 65214 27675
351 62383 29880
352 76147 36507
353 62930 28248
354 63058 33007
355 67708 29256
356 64503 33453
357 74007 31185
358 80328 32973
359 80240 33615
360 63132 27708
361 63297 33390
362 22072 49545
363 55356 31374
364 80730 29565
365 79900 2410
366 64881 49275
367 76545 31455
368 79692 42
369 80076 42
370 32268 51680
371 29388 51680
372 29676 51680
373 30060 51680
374 29964 51680
375 29868 51680
376 30348 51680
377 30540 51680
378 32940 51680
379 33036 51680
380 34380 51680
381 34572 51680
382 34764 51680
383 34860 51680
384 32460 51680
385 32748 51680
386 32364 51680
387 32172 51680
388 34668 51680
389 32076 51680
390 32556 51680
391 36012 51680
392 31884 51680
393 29484 51680
394 21420 51680
395 79884 42
396 65772 51680
397 63180 51680
398 66636 51680
399 62892 51680
400 83494 32172
401 62700 51680
402 34092 51680
403 64236 51680
404 34476 51680
405 69708 51680
406 79788 42
407 69804 51680
408 62796 51680
409 68652 51680
410 62604 51680
411 83494 31116
412 71820 51680
413 83494 33612
414 70956 51680
415 70572 51680
416 69324 51680
417 67884 51680
418 33132 51680
419 69900 51680
420 64908 51680
421 67980 51680
422 67116 51680
423 33708 51680
424 32844 51680
425 65004 51680
426 64428 51680
427 51276 51680
428 51372 51680
429 49740 42
430 51084 51680
431 29388 42
432 28620 42
433 41964 42
434 39180 42
435 39276 42
436 40236 42
437 39372 42
438 39468 42
439 40524 42
440 40428 42
441 43116 42
442 39564 42
443 39660 42
444 44076 42
445 39756 42
446 39852 42
447 39948 42
448 40044 42
449 41676 42
450 43884 42
451 40812 51680
452 49836 42
453 49932 42
454 45324 42
455 42156 42
456 40140 42
457 41004 42
458 42444 42
459 43020 42
460 42252 42
461 42348 42
462 43212 42
463 40332 42
464 42348 51680
465 31308 42
466 29580 42
467 53292 51680
468 57132 51680
469 54060 51680
470 55500 51680
471 54540 51680
472 54444 51680
473 53964 51680
474 53772 51680
475 55020 51680
476 55404 51680
477 53484 51680
478 51948 51680
479 83494 25548
480 54924 51680
481 56748 51680
482 53868 51680
483 51756 42
484 51756 51680
485 55308 51680
486 52620 42
487 83494 25452
488 56076 51680
489 57228 51680
490 56940 51680
491 53388 51680
492 54828 51680
493 57036 51680
494 57612 51680
495 56844 51680
496 52716 51680
497 54636 51680
498 55692 51680
499 30540 42
500 30252 51680
501 19692 51680
502 28908 51680
503 34188 51680
504 30636 51680
505 30732 51680
506 28716 51680
507 29772 51680
508 30444 51680
509 33900 51680
510 31980 51680
511 33612 51680
512 33996 51680
513 40236 51680
514 35340 51680
515 36204 51680
516 36780 51680
517 36876 51680
518 35628 51680
519 35148 51680
520 37740 51680
521 37356 51680
522 33516 51680
523 35724 51680
524 38988 51680
525 37068 51680
526 39084 51680
527 30924 51680
528 40044 51680
529 40140 51680
530 39660 51680
531 35052 51680
532 33804 51680
533 29580 51680
534 79596 42
535 42 37932
536 42 38316
537 42 38220
538 42 38124
539 42 38700
540 42 38796
541 42 38604
542 42 36108
543 42 37740
544 42 35436
545 79980 42
546 42 38508
547 42 38028
548 42 37548
549 42 36972
550 42 36780
551 42 36588
552 42 35916
553 42 34860
554 42 34284
555 42 33804
556 42 34572
557 42 33420
558 42 33324
559 42 33900
560 42 34764
561 42 34476
562 42 35148
563 42 36876
564 42 37644
565 42 37260
566 42 26412
567 42 33132
568 42 24492
569 42 27564
570 42 26988
571 42 25932
572 42 24876
573 42 22860
574 42 22764
575 42 25356
576 42 25740
577 42 25836
578 42 26604
579 42 24396
580 42 27948
581 42 29292
582 42 29388
583 42 29004
584 42 28812
585 42 28908
586 42 28140
587 42 27276
588 42 26892
589 42 26316
590 42 25260
591 42 24108
592 42 23820
593 42 22668
594 42 25644
595 42 22572
596 42 22476
597 42 27852
598 42 23724
599 42 28044
600 42 32556
601 42 31980
602 30828 51680
603 33228 51680
604 37164 51680
605 36684 51680
606 34284 51680
607 34956 51680
608 36588 51680
609 32652 51680
610 33324 51680
611 33420 51680
612 35532 51680
613 35916 51680
614 36972 51680
615 37260 51680
616 35436 51680
617 35244 51680
618 29292 51680
619 31020 51680
620 30156 51680
621 21036 51680
