0 33208 59242
1 36633 52087
2 42650 45357
3 43726 42118
4 41929 55414
5 34944 54966
6 14732 42459
7 36639 51407
8 38068 57162
9 31824 44856
10 27146 45151
11 20754 28035
12 12270 39511
13 33571 37238
14 13316 34277
15 30350 31400
16 16384 34671
17 15786 47185
18 27626 45549
19 16060 47243
20 28634 37928
21 17624 48886
22 58464 34132
23 42093 49295
24 35769 60240
25 45078 49744
26 28707 43960
27 23986 36821
28 14341 42642
29 28293 31246
30 23085 29845
31 30426 23958
32 25449 29598
33 25445 32550
34 33942 23256
35 53796 50381
36 19854 33315
37 18669 31660
38 18080 37972
39 23733 35569
40 22421 34592
41 23511 37600
42 20191 36760
43 27497 50377
44 28645 36857
45 27831 47783
46 26842 50193
47 27118 49956
48 26531 48268
49 27019 48961
50 28729 46903
51 21388 37341
52 17984 30840
53 26360 41726
54 61479 48045
55 29713 28401
56 37619 29719
57 43928 24560
58 15587 25238
59 27005 29151
60 22390 34507
61 19028 20581
62 28754 34036
63 19422 25755
64 40053 60278
65 50235 65904
66 59161 57456
67 61731 54090
68 27905 36165
69 32611 30795
70 20932 34262
71 33988 35491
72 28074 34054
73 33174 41153
74 23076 25236
75 24279 37113
76 55105 42047
77 53283 45930
78 23549 19435
79 27742 30139
80 70612 60770
81 70126 50206
82 56851 60041
83 46873 50366
84 63207 46560
85 62157 39558
86 64009 45697
87 45360 43551
88 66389 46413
89 65299 46710
90 34781 26333
91 30533 21415
92 22220 28886
93 34428 26987
94 29527 11937
95 34420 23859
96 23262 12670
97 28586 22668
98 46997 21238
99 46840 21452
100 21773 18580
101 56891 46837
102 50957 30358
103 41431 61789
104 45050 27694
105 63058 44222
106 63281 48255
107 47549 25060
108 46031 27324
109 39793 23965
110 63158 42052
111 37993 61662
112 36118 38365
113 60040 42701
114 49174 44325
115 61784 33446
116 4211 52342
117 10766 55755
118 42302 65829
119 57793 58140
120 61407 55991
121 71152 39234
122 55281 31393
123 60527 21672
124 61207 23404
125 56346 29025
126 65415 25731
127 69833 25720
128 72694 28434
129 62643 71615
130 60164 73183
131 58328 69057
132 61148 70390
133 54872 67223
134 30139 67204
135 41346 70227
136 38388 72912
137 28621 70168
138 20848 67251
139 22891 65084
140 30274 62646
141 34263 73845
142 33435 71235
143 33381 73395
144 60780 24266
145 62273 25830
146 63141 26055
147 69771 29868
148 69876 27292
149 71403 29102
150 71911 30294
151 53612 44121
152 37228 72677
153 25997 66575
154 50778 35591
155 52047 40410
156 52705 36573
157 50087 37977
158 52447 23310
159 52420 23220
160 62091 18090
161 58880 22497
162 67168 28407
163 72711 26366
164 72694 29997
165 54020 25076
166 53996 24203
167 57483 17183
168 55506 18885
169 62197 19170
170 8100 53944
171 56693 62403
172 52471 62374
173 65691 68038
174 66795 65082
175 69224 67801
176 68813 58287
177 70147 54066
178 54638 63027
179 73486 63329
180 56498 69888
181 57915 71145
182 61371 73575
183 55129 71890
184 73921 49713
185 76896 57799
186 77026 54478
187 72715 61935
188 58185 72495
189 69517 68274
190 48561 60569
191 56457 73845
192 50159 58323
193 66949 52288
194 76330 52182
195 78166 60318
196 58293 73575
197 58077 71955
198 61911 73575
199 38218 66389
200 35722 65297
201 34193 63660
202 33821 63388
203 57043 61328
204 55804 64435
205 46771 69222
206 46046 70950
207 46593 67237
208 30606 57663
209 68672 43822
210 71131 41287
211 71626 42222
212 73226 41371
213 68890 40545
214 68643 42120
215 72489 36176
216 70411 34793
217 68797 33932
218 73720 35363
219 53695 50418
220 48461 50860
221 7911 51211
222 55757 26325
223 55848 25197
224 56320 23584
225 58154 25141
226 61204 27721
227 62341 28766
228 68560 30988
229 69255 31245
230 72756 30465
231 32438 69342
232 38513 70162
233 39641 70155
234 36378 69455
235 30519 69915
236 34236 70030
237 17517 63675
238 19152 70193
239 19914 72412
240 24222 67302
241 24630 70402
242 19990 65167
243 15464 71533
244 15432 68016
245 23477 71779
246 31762 73575
247 31039 73143
248 32302 72981
249 32335 72171
250 31233 72333
251 30315 73683
252 27950 73413
253 28015 72711
254 28360 73683
255 28090 71901
256 29376 72171
257 27799 72441
258 55635 56950
259 24079 59625
260 58762 19575
261 57198 18435
262 68644 22308
263 68722 26865
264 67866 26402
265 66234 28099
266 65778 27675
267 55795 27990
268 59952 22485
269 60040 19536
270 60834 17205
271 59512 17055
272 64113 20192
273 56219 17631
274 61917 18292
275 60142 21026
276 61806 23205
277 62635 23130
278 62331 19960
279 62948 21156
280 63375 18427
281 70608 28677
282 68094 28407
283 60750 22352
284 67750 22005
285 53553 24310
286 62652 20955
287 56955 19624
288 54973 21561
289 54219 19912
290 64082 26672
291 64390 24075
292 63967 24097
293 59932 18263
294 63752 22167
295 68293 25177
296 58681 17313
297 62278 23793
298 63770 23625
299 52961 19408
300 55395 18000
301 67720 24165
302 66022 28858
303 53670 27081
304 55598 27621
305 52573 26235
306 61236 23017
307 57486 27877
308 64753 27173
309 65830 24165
310 65897 19869
311 64584 22005
312 56796 20587
313 69486 26980
314 69327 23295
315 55080 18225
316 71706 26541
317 52277 24597
318 53922 26479
319 68803 28677
320 66261 22477
321 66597 23895
322 70142 27173
323 70313 27810
324 58458 19980
325 67041 25592
326 71731 24512
327 65603 22005
328 66541 24885
329 67000 21870
330 54345 27837
331 54263 17988
332 53417 23239
333 53616 21249
334 54642 19035
335 56954 28523
336 70026 23933
337 70669 23962
338 58138 28677
339 34600 73710
340 52455 30671
341 81729 36045
342 28236 42
343 27948 42
344 55500 76134
345 53676 76134
346 54156 76134
347 55596 76134
348 53196 76134
349 55404 76134
350 54060 76134
351 53004 76134
352 54732 76134
353 55308 76134
354 55212 76134
355 53580 76134
356 52620 76134
357 54348 76134
358 55116 76134
359 52812 76134
360 53964 76134
361 53868 76134
362 55020 76134
363 52524 76134
364 54924 76134
365 53772 76134
366 52716 76134
367 54828 76134
368 34284 76134
369 28140 42
370 46764 42
371 66444 76134
372 45612 42
373 67980 76134
374 84154 36300
375 49452 76134
376 46188 42
377 46284 76134
378 46476 42
379 48204 76134
380 28044 42
381 84154 37932
382 71628 76134
383 84154 37740
384 71724 76134
385 84154 33900
386 72972 76134
387 84154 38796
388 70284 76134
389 51276 76134
390 67308 76134
391 49260 42
392 49068 76134
393 49836 76134
394 48012 42
395 48108 42
396 66252 76134
397 48876 42
398 52908 76134
399 84154 34284
400 53100 76134
401 41772 76134
402 40140 76134
403 40236 76134
404 40908 76134
405 34188 76134
406 33612 76134
407 42 48108
408 42 49740
409 42 46188
410 42 47052
411 42 49932
412 42 50028
413 42 48684
414 42 49356
415 42 49836
416 42 49068
417 42 46092
418 42 46668
419 42 46956
420 42 49164
421 42 48972
422 42 48492
423 42 48012
424 42 48780
425 42 45420
426 42 45516
427 42 45324
428 42 49644
429 42 45996
430 42 49548
431 42 46764
432 42 45900
433 42 45804
434 42 46860
435 42 47916
436 42 47436
437 42 48588
438 42 47820
439 35340 76134
440 35916 76134
441 51468 42
442 84154 34188
443 51756 42
444 50892 42
445 51180 42
446 50604 42
447 49356 42
448 49836 42
449 49740 42
450 51372 42
451 51564 42
452 50796 42
453 51084 42
454 84154 31116
455 84154 32076
456 49548 42
457 49164 42
458 49068 42
459 50508 42
460 50028 42
461 51276 42
462 84154 31020
463 84154 34092
464 84154 31980
465 50988 42
466 84154 35340
467 51660 42
468 84154 31212
469 84154 33132
470 49452 42
471 84154 35244
472 84154 33036
473 37068 76134
474 44940 76134
475 33036 76134
476 55788 76134
477 60492 76134
478 56268 76134
479 59436 76134
480 57612 76134
481 56460 76134
482 57420 76134
483 59148 76134
484 57996 76134
485 59820 76134
486 59052 76134
487 60300 76134
488 56076 76134
489 55884 76134
490 57036 76134
491 58860 76134
492 60396 76134
493 57228 76134
494 59340 76134
495 57804 76134
496 58092 76134
497 59916 76134
498 57324 76134
499 56748 76134
500 60012 76134
501 57708 76134
502 59724 76134
503 60204 76134
504 60108 76134
505 57516 76134
506 58956 76134
507 58188 76134
508 27852 42
509 39948 76134
510 40044 76134
511 39852 76134
512 40812 76134
513 41676 76134
514 41004 76134
515 41868 76134
516 31116 76134
517 38604 76134
518 31020 76134
519 27756 42
520 35244 76134
521 36876 76134
522 36012 76134
523 36204 76134
524 34476 76134
525 34380 76134
526 31980 76134
527 32556 76134
528 31212 76134
529 30732 76134
530 32076 76134
531 30444 76134
532 30540 76134
533 30348 76134
534 31308 76134
535 32364 76134
536 30636 76134
537 37164 76134
538 37740 76134
539 38316 76134
540 21420 76134
541 32172 76134
542 25740 76134
543 24876 76134
544 24780 76134
545 23436 76134
546 21324 76134
547 20844 76134
548 20748 76134
549 25644 76134
550 25548 76134
551 21228 76134
552 21996 76134
553 25452 76134
554 26028 76134
555 29196 76134
556 27660 76134
557 29100 76134
558 26604 76134
559 28140 76134
560 25356 76134
561 25068 76134
562 23532 76134
563 22476 76134
564 21036 76134
565 21132 76134
566 20940 76134
567 21900 76134
568 24588 76134
569 25260 76134
570 25164 76134
571 24684 76134
572 20652 76134
573 24972 76134
574 31788 76134
575 31500 76134
576 56940 76134
577 58764 76134
578 57900 76134
579 59244 76134
580 58380 76134
581 58476 76134
582 56652 76134
583 58572 76134
584 59532 76134
585 58668 76134
586 56844 76134
587 56364 76134
588 57132 76134
589 55980 76134
590 59628 76134
591 56556 76134
592 55692 76134
593 58284 76134
594 56172 76134
595 34092 76134
