0 246251 155137
1 207904 206184
2 91973 170418
3 297824 232517
4 228304 221620
5 212822 167944
6 206580 221037
7 165474 183936
8 81281 249092
9 216052 204110
10 242474 185080
11 277452 359250
12 277667 349363
13 273932 173950
14 280930 215400
15 300493 242497
16 299611 199880
17 293446 165072
18 325315 172889
19 356358 302290
20 326075 186833
21 282910 251160
22 387143 346382
23 404751 345500
24 379181 276440
25 214253 205940
26 369358 245548
27 189698 288305
28 140556 289295
29 201679 242132
30 152059 288181
31 236310 279326
32 133831 293510
33 86111 296069
34 380793 208600
35 171892 220773
36 332065 258343
37 155841 229360
38 399295 281711
39 129710 348894
40 95208 258638
41 79475 347405
42 120624 278981
43 263587 209193
44 339605 193740
45 336561 121800
46 66116 185283
47 340578 142980
48 161972 215133
49 139787 156993
50 191860 169133
51 129213 189068
52 135432 227713
53 180292 231152
54 237505 371509
55 227071 359480
56 176865 301536
57 120669 224070
58 113073 304080
59 72350 246110
60 99116 174822
61 110352 299250
62 61738 220568
63 342860 217823
64 120008 291279
65 292505 263751
66 425272 274788
67 88975 297211
68 422822 285933
69 412587 283690
70 408618 278483
71 428080 229160
72 29175 254146
73 428873 285472
74 79960 271862
75 428588 292090
76 171670 322564
77 61262 297733
78 162683 396725
79 149179 300121
80 158577 359800
81 33615 262403
82 96107 297331
83 45865 330737
84 54349 225110
85 58849 328917
86 411866 236469
87 434403 293014
88 86298 377880
89 441292 295088
90 61223 286827
91 229315 352022
92 177265 328282
93 441261 255866
94 438868 301816
95 441124 306764
96 49913 347256
97 428992 305800
98 126005 315976
99 125429 308753
100 192206 323974
101 104461 356222
102 200815 311474
103 140300 364884
104 454815 251042
105 443961 314888
106 452279 304966
107 111631 365986
108 435881 240520
109 468078 311200
110 456760 311826
111 132779 367881
112 338770 291822
113 381922 273672
114 231808 250339
115 235320 249941
116 361919 291445
117 425459 339867
118 419596 359240
119 400995 304500
120 292060 175736
121 357603 182700
122 347016 165480
123 465161 204400
124 377796 155680
125 370045 324652
126 334868 334133
127 329627 327682
128 462640 351400
129 357885 376121
130 273347 403800
131 375287 430859
132 402026 414775
133 425397 419694
134 421282 419454
135 355266 389200
136 367341 447650
137 327777 429000
138 305752 422488
139 445366 161812
140 488310 128680
141 502841 149344
142 460836 156800
143 367511 165836
144 373590 172789
145 430537 198464
146 474865 268683
147 425278 183076
148 341097 108500
149 274966 83676
150 295300 88880
151 300763 87331
152 385320 193800
153 357152 27300
154 355426 34066
155 430692 374080
156 451297 371350
157 473588 377800
158 459637 382600
159 468160 390040
160 462840 396600
161 441132 374500
162 465310 372400
163 463600 367800
164 459648 378280
165 478040 381266
166 483094 388640
167 470482 403355
168 465927 395500
169 488822 400750
170 449470 421909
171 478952 417200
172 461181 433109
173 461557 416500
174 439850 436100
175 448400 415800
176 432598 441933
177 419574 405000
178 434625 412650
179 419810 447094
180 411540 407400
181 401033 451500
182 403505 409800
183 417155 420466
184 396991 404200
185 406647 418600
186 381938 443940
187 393072 404040
188 398728 422600
189 390965 423800
190 387220 405720
191 376010 414866
192 372864 403355
193 363755 402150
194 348650 407750
195 339036 408520
196 333302 397444
197 326572 404600
198 323844 420933
199 315590 406000
200 299668 413000
201 300326 403200
202 443992 379680
203 459365 403400
204 458280 408200
205 442890 410666
206 483702 409920
207 430983 409733
208 427357 409850
209 427424 420840
210 347130 358544
211 414326 383444
212 473765 430850
213 479234 409000
214 468757 430600
215 443004 430360
216 390880 405160
217 384614 413400
218 379448 403666
219 352368 395000
220 364124 408333
221 323855 394450
222 314412 393400
223 329016 399000
224 324628 395800
225 260214 406840
226 340902 113400
227 485631 270565
228 421467 385700
229 461662 383040
230 304488 397000
231 470649 220710
232 437258 130581
233 439455 53900
234 374319 56753
235 348437 91933
236 371660 162664
237 457594 94750
238 361071 101150
239 459394 145475
240 478766 114870
241 459983 62900
242 380070 51357
243 407163 175289
244 457943 197830
245 449665 176354
246 458290 127030
247 385687 65708
248 389357 95340
249 521740 155400
250 422085 129185
251 461696 114800
252 466383 63983
253 386751 73200
254 384187 102303
255 455792 96040
256 502895 227628
257 454780 181954
258 487445 215600
259 388201 55066
260 400435 47911
261 485890 69680
262 482939 124854
263 488684 87347
264 380902 88060
265 403100 51333
266 433183 171376
267 381250 85633
268 415413 51800
269 436899 69862
270 406280 158473
271 359100 49280
272 362790 59430
273 438377 88295
274 518320 149800
275 317917 374966
276 300925 353945
277 298589 375400
278 317848 373333
279 316202 352955
280 477517 338800
281 487587 323400
282 486827 330400
283 493477 328300
284 479417 329700
285 494047 332500
286 486827 335300
287 493857 340900
288 480462 344400
289 496042 344400
290 486827 342300
291 466782 341600
292 486542 359100
293 479512 359100
294 486162 351400
295 491482 357700
296 493382 354200
297 473432 358400
298 479132 352800
299 492717 349300
300 468682 338800
301 458612 339500
302 471912 322700
303 461652 332500
304 447608 333200
305 469632 326900
306 465262 322700
307 451772 322000
308 458327 321300
309 456617 327600
310 471722 333900
311 479037 323400
312 320008 289571
313 352398 81581
314 395987 147800
315 271859 295082
316 283057 297989
317 274987 331962
318 367095 109536
319 429906 170333
320 352203 62160
321 218469 280406
322 443080 367888
323 452010 365866
324 481007 367933
325 489313 379711
326 486698 394800
327 428549 397400
328 415910 397400
329 365032 399933
330 339910 399509
331 358446 72296
332 229926 290765
333 230325 288544
334 220222 285103
335 167561 280496
336 175265 291344
337 176041 283826
338 171631 288716
339 216189 314367
340 87888 314781
341 229348 339567
342 230819 326741
343 218898 333154
344 166158 380122
345 178089 380012
346 175437 381116
347 176424 377774
348 185384 382019
349 192196 382900
350 190285 381762
351 176326 362148
352 189503 389425
353 190177 385903
354 194572 392186
355 202061 396972
356 192960 389516
357 196355 382109
358 208461 377346
359 207340 385933
360 208466 367116
361 320454 363720
362 301448 396200
363 296780 421400
364 441292 226545
365 453031 280000
366 473469 286924
367 462764 292600
368 453122 267000
369 458812 289800
370 463820 241080
371 490960 288400
372 496026 295400
373 491990 191896
374 493908 275903
375 504406 265236
376 499201 270900
377 510435 260400
378 515736 260120
379 513261 246400
380 316865 114866
381 330190 108876
382 254907 82396
383 323080 80389
384 439251 224362
385 497032 242523
386 467332 261167
387 295767 51698
388 265221 84513
389 266357 56735
390 488921 297818
391 514220 292157
392 510171 301933
393 515210 274400
394 384702 82133
395 300195 164230
396 278075 122625
397 249394 410760
398 356621 428095
399 205797 4200
400 209630 140
401 206270 140
402 525330 252140
403 525330 216300
404 525330 228620
405 525330 175980
406 525330 218540
407 525330 214060
408 525330 229740
409 525330 230860
410 525330 231980
411 525330 215180
412 525330 226380
413 525330 236460
414 525330 223020
415 525330 238700
416 525330 245420
417 525330 240940
418 525330 249900
419 525330 235340
420 525330 239820
421 525330 242060
422 525330 243180
423 525330 244300
424 525330 251020
425 525330 177100
426 359710 140
427 208510 140
428 525330 339500
429 525330 340620
430 525330 357420
431 420190 473180
432 525330 358540
433 286910 140
434 289150 473180
435 254430 473180
436 525330 328300
437 525330 350700
438 207390 140
439 283550 473180
440 525330 352940
441 525330 324940
442 525330 341740
443 525330 348460
444 525330 355180
445 525330 345100
446 525330 343980
447 525330 351820
448 525330 354060
449 280190 473180
450 525330 356300
451 525330 349580
452 525330 326060
453 282430 473180
454 525330 342860
455 525330 323820
456 525330 336140
457 288030 473180
458 525330 331660
459 277950 473180
460 281310 473180
461 285790 473180
462 274590 473180
463 271230 140
464 265630 140
465 257790 140
466 217470 473180
467 271230 473180
468 227550 473180
469 228670 473180
470 263390 140
471 268990 140
472 258910 140
473 243230 473180
474 226430 473180
475 275710 473180
476 237630 473180
477 221950 473180
478 233150 473180
479 218590 473180
480 272350 140
481 253310 140
482 235390 473180
483 230910 473180
484 270110 473180
485 245470 473180
486 223070 473180
487 236510 473180
488 219710 473180
489 270110 140
490 276830 473180
491 242110 473180
492 239870 473180
493 266750 473180
494 275710 140
495 256670 140
496 234270 473180
497 274590 140
498 276830 140
499 260030 473180
500 256670 473180
501 263390 473180
502 255550 473180
503 261150 473180
504 224190 473180
505 248830 473180
506 249950 473180
507 272350 473180
508 220830 473180
509 265630 473180
510 273470 473180
511 225310 473180
512 251070 473180
513 240990 473180
514 229790 473180
515 252190 473180
516 279070 473180
517 238750 473180
518 268990 473180
519 232030 473180
520 253310 473180
521 244350 473180
522 246590 473180
523 247710 473180
524 257790 473180
525 264510 473180
526 262270 473180
527 284670 473180
528 258910 473180
529 286910 473180
530 267870 473180
531 280190 140
532 366430 140
533 357470 140
534 525330 118860
535 525330 174860
536 525330 139020
537 525330 149100
538 525330 128940
539 525330 122220
540 525330 151340
541 525330 165900
542 525330 145740
543 525330 137900
544 525330 135660
545 525330 162540
546 525330 170380
547 525330 133420
548 525330 143500
549 525330 136780
550 525330 167020
551 525330 144620
552 525330 161420
553 525330 150220
554 525330 164780
555 525330 124460
556 525330 131180
557 525330 159180
558 525330 168140
559 525330 121100
560 525330 173740
561 525330 132300
562 525330 130060
563 525330 154700
564 525330 152460
565 525330 171500
566 205150 140
567 525330 307020
568 525330 287980
569 525330 298060
570 525330 285740
571 525330 291340
572 525330 305900
573 525330 300300
574 525330 293580
575 525330 290220
576 525330 299180
577 204030 140
578 525330 295820
579 525330 301420
580 525330 296940
581 525330 289100
582 525330 304780
583 525330 292460
584 525330 294700
585 525330 286860
586 525330 303660
587 525330 302540
588 525330 247660
589 525330 253260
590 525330 246540
591 525330 248780
592 525330 257740
593 525330 281260
594 525330 283500
595 525330 277900
596 525330 282380
597 525330 284620
598 316030 140
599 345150 140
600 302590 140
601 273470 140
602 298110 140
603 279070 140
604 322750 140
605 308190 140
606 320510 140
607 301470 140
608 292510 140
609 266750 140
610 249950 140
611 283550 140
612 243230 140
613 244350 140
614 267870 140
615 261150 140
616 245470 140
617 291390 140
618 277950 140
619 300350 140
620 281310 140
621 323870 140
622 232030 140
623 309310 140
624 321630 140
625 233150 140
626 234270 140
627 235390 140
628 246590 140
629 236510 140
630 247710 140
631 290270 140
632 344030 140
633 339550 140
634 525330 146860
635 525330 163660
636 525330 153580
637 525330 172620
638 525330 155820
639 525330 123340
640 525330 169260
641 525330 140140
642 525330 126700
643 525330 125580
644 525330 134540
645 525330 127820
646 525330 142380
647 525330 141260
648 525330 156940
649 525330 147980
650 525330 158060
651 525330 119980
652 525330 160300
653 358590 140
