0 481755 165148
1 379388 132580
2 482053 87856
3 286735 204595
4 332552 156639
5 368547 139642
6 375390 124870
7 412520 93865
8 335282 157156
9 380096 163800
10 249371 136000
11 253650 181114
12 287375 175254
13 481811 173748
14 464080 178242
15 405134 181637
16 400234 200705
17 447735 192448
18 479819 185436
19 430786 219011
20 345401 132548
21 271711 203442
22 450978 223203
23 395010 193480
24 150208 187761
25 140191 200686
26 270739 213535
27 320572 221489
28 445398 212764
29 367166 138206
30 250859 105440
31 295136 105488
32 331003 144083
33 301286 107277
34 387376 119488
35 266118 95287
36 309227 66422
37 451620 83705
38 471121 261388
39 355086 131833
40 471641 154070
41 342463 205362
42 388706 131295
43 240716 215900
44 319231 35388
45 367092 90440
46 288529 94596
47 364922 33825
48 264145 67006
49 445318 247800
50 391892 241900
51 371773 245840
52 486196 77933
53 385510 123245
54 275580 125336
55 500393 128578
56 493327 116578
57 440750 122978
58 464780 147678
59 448997 144200
60 412273 255074
61 322931 116144
62 221409 126350
63 79116 100240
64 231310 115544
65 263743 83703
66 397982 79053
67 496755 94900
68 394607 73610
69 281603 76387
70 240228 201143
71 445477 67600
72 365459 225235
73 366810 108850
74 225156 100006
75 376375 191248
76 235498 225773
77 186046 52733
78 216182 219800
79 233611 217400
80 409901 269733
81 351613 46052
82 215491 221666
83 203420 221072
84 182403 113850
85 338014 59666
86 136606 84026
87 223956 110534
88 171703 70000
89 336292 83948
90 361462 84243
91 307990 78885
92 157913 72356
93 415498 64866
94 363042 272144
95 205688 230500
96 394590 51213
97 373585 45831
98 301635 77388
99 199953 234553
100 352355 55084
101 102082 105096
102 126555 114308
103 286464 276870
104 183936 235991
105 178378 229911
106 292980 61829
107 186462 235400
108 236184 95953
109 165837 109880
110 214718 56400
111 179918 286321
112 221542 186705
113 177475 51345
114 213338 242666
115 176956 221991
116 169290 229880
117 223250 112910
118 207371 67500
119 197932 75180
120 244242 239560
121 160875 216100
122 166262 219613
123 194649 92866
124 324215 115168
125 313264 140200
126 316637 125278
127 293117 206188
128 99747 177655
129 78622 190120
130 194465 214200
131 457110 207738
132 443912 272171
133 436544 244440
134 476717 288792
135 174147 168945
136 198640 165666
137 207638 171577
138 50553 164551
139 111979 200882
140 77888 251900
141 47851 244288
142 80049 241800
143 78437 249546
144 45844 249200
145 75480 209114
146 11222 234173
147 44961 216776
148 7431 218866
149 15770 221000
150 423176 316272
151 291050 324537
152 290915 326454
153 422168 312858
154 453866 290563
155 441427 308249
156 127300 310800
157 294435 310990
158 432060 310000
159 100939 314634
160 513427 280700
161 539936 220563
162 514781 248781
163 310832 278707
164 559597 261100
165 558853 264600
166 145388 227080
167 158792 238700
168 148742 254600
169 134520 250600
170 125932 254520
171 111530 257133
172 151335 232400
173 162735 248500
174 168991 244600
175 140296 261520
176 121410 262733
177 109297 263200
178 122522 254600
179 124471 266466
180 90060 268240
181 115377 273350
182 96435 278911
183 48906 278880
184 72821 276563
185 84977 282450
186 51933 277200
187 70722 283888
188 32205 278250
189 51743 264600
190 55765 285600
191 25169 262788
192 13148 273000
193 56511 257000
194 55968 247400
195 40992 288400
196 30172 247520
197 70046 245466
198 53627 265300
199 92264 240520
200 56240 252350
201 45150 237872
202 86477 245000
203 77140 232866
204 97660 237720
205 102565 220818
206 107967 233100
207 97280 227000
208 87653 221666
209 78375 214200
210 61864 198520
211 64267 210350
212 51775 205800
213 41691 203400
214 33060 216835
215 28234 194600
216 31856 201600
217 13265 210890
218 21343 201133
219 11210 198240
220 145708 240022
221 149530 244300
222 132240 246120
223 95760 257600
224 86175 264600
225 105133 276733
226 73937 267800
227 63602 259700
228 35245 269150
229 40470 287000
230 214526 161730
231 194815 166986
232 136202 220600
233 83871 266200
234 105450 270200
235 104025 258300
236 80614 273400
237 66753 289333
238 100937 234850
239 115092 237300
240 115574 238600
241 80644 211088
242 102061 220266
243 44916 195720
244 49590 200200
245 236540 181860
246 508250 275800
247 475126 280466
248 138791 310744
249 133760 228666
250 139242 235000
251 140768 250288
252 258970 308980
253 333402 297250
254 209786 290416
255 346433 247800
256 347277 259518
257 293100 247936
258 333649 307929
259 493364 289720
260 198200 260139
261 260409 253400
262 395956 313133
263 313020 330120
264 183770 278400
265 357453 248733
266 427565 284489
267 342639 311945
268 346675 285500
269 356131 269281
270 226537 252840
271 321480 334600
272 355600 312666
273 357504 315210
274 309696 311190
275 354768 265720
276 435233 321977
277 316973 290412
278 174805 283344
279 371928 265832
280 255672 255200
281 206015 320016
282 243770 256200
283 351911 269733
284 327919 275648
285 215631 261266
286 151090 276291
287 322139 328533
288 173262 269777
289 280095 262850
290 322004 276466
291 373860 286737
292 258200 265300
293 305900 283080
294 301112 283640
295 229839 283528
296 491349 310835
297 329749 250066
298 219618 277977
299 325280 331800
300 100820 152472
301 71397 154155
302 55746 148120
303 104310 156261
304 149475 153000
305 132704 153222
306 25222 175000
307 27977 165200
308 27692 163100
309 13252 166600
310 20377 161700
311 11732 162400
312 18287 170100
313 12017 172200
314 11352 175700
315 10782 179900
316 20567 178500
317 60382 176120
318 23512 187600
319 16197 186900
320 27217 184800
321 17147 182700
322 52582 188300
323 59327 187600
324 33582 187600
325 43177 188300
326 45172 182000
327 55147 182000
328 32727 171500
329 52107 178500
330 64505 178733
331 36812 182000
332 51727 172900
333 58852 168000
334 50587 167300
335 41657 167300
336 32822 178500
337 42797 176400
338 296263 177307
339 308700 198933
340 340097 181348
341 239687 274906
342 307178 257218
343 316793 259933
344 504721 318200
345 321660 14532
346 306197 37730
347 274666 14893
348 295871 218704
349 440800 310800
350 265487 244830
351 326990 250600
352 116151 132729
353 158164 231000
354 330448 247240
355 160866 238466
356 158333 253800
357 134625 269422
358 112480 281000
359 93986 286066
360 83243 289275
361 120080 222270
362 89680 208764
363 63408 202745
364 362079 142495
365 308053 271133
366 392951 305457
367 328953 267400
368 316588 264120
369 105600 143234
370 104467 137151
371 121385 139954
372 207891 137386
373 214457 144972
374 211024 141979
375 218291 139720
376 110687 124973
377 307193 63661
378 289547 68524
379 94783 118903
380 95360 121703
381 112182 118066
382 100497 94080
383 96508 94325
384 94823 94958
385 107533 90813
386 107736 89880
387 106958 92225
388 104321 86187
389 135899 107529
390 112866 85026
391 115060 58754
392 101466 58172
393 100863 58365
394 125013 58664
395 122550 67877
396 112807 76903
397 113954 68213
398 128764 84677
399 88780 157080
400 51376 197400
401 16112 200760
402 393408 306644
403 92340 305400
404 160814 314878
405 101004 310520
406 143087 294962
407 126757 306200
408 91732 317240
409 101663 319600
410 122882 321066
411 138787 326415
412 261017 304766
413 148279 318266
414 168499 298877
415 168207 316704
416 177028 311690
417 177916 322280
418 183692 320600
419 493221 257666
420 515786 278600
421 548400 224660
422 492380 243821
423 541592 216590
424 113461 296800
425 218337 282400
426 151422 298872
427 147711 289400
428 528871 267750
429 515824 218446
430 544103 211154
431 101755 330711
432 157230 326364
433 165131 331955
434 121410 328513
435 236415 288896
436 418570 293160
437 463357 210544
438 501682 211677
439 222300 197960
440 61589 224323
441 513150 140
442 516510 140
443 211870 340220
444 301470 340220
445 227550 340220
446 365310 340220
447 296990 340220
448 309310 340220
449 265630 340220
450 238750 340220
451 251070 340220
452 280190 340220
453 252190 340220
454 221950 340220
455 202910 340220
456 205150 340220
457 187230 340220
458 212990 340220
459 192830 340220
460 224190 340220
461 218590 340220
462 204030 340220
463 207390 340220
464 193950 340220
465 208510 340220
466 366430 340220
467 564470 263340
468 518750 140
469 145790 340220
470 387710 140
471 268990 140
472 358590 140
473 273470 140
474 169310 140
475 256670 140
476 262270 340220
477 258910 140
478 149150 340220
479 515390 140
480 252190 140
481 151390 340220
482 255550 140
483 140 245420
484 100990 340220
485 150270 340220
486 253310 340220
487 153630 340220
488 140 246540
489 140 248780
490 564470 146860
491 140 247660
492 148030 340220
493 564470 149100
494 394430 140
495 564470 147980
496 564470 151340
497 344030 140
498 359710 140
499 375390 140
500 249950 340220
501 255550 340220
502 254430 340220
503 257790 140
504 564470 158060
505 564470 150220
506 336190 140
507 282430 140
508 262270 140
509 261150 140
510 296990 140
511 313790 140
512 357470 140
513 337310 140
514 345150 140
515 280190 140
516 275710 140
517 338430 140
518 267870 140
519 303710 140
520 321630 140
521 319390 140
522 331710 140
523 335070 140
524 281310 140
525 270110 140
526 260030 140
527 295870 140
528 283550 140
529 312670 140
530 311550 140
531 276830 140
532 271230 140
533 305950 140
534 310430 140
535 318270 140
536 342910 140
537 348510 140
538 564470 154700
539 564470 155820
540 251070 140
541 249950 140
542 237630 340220
543 246590 340220
544 244350 340220
545 232030 340220
546 229790 340220
547 247710 140
548 240990 340220
549 248830 140
550 235390 340220
551 230910 340220
552 243230 140
553 239870 340220
554 234270 340220
555 233150 340220
556 223070 340220
557 242110 340220
558 226430 340220
559 236510 340220
560 219710 340220
561 216350 340220
562 206270 340220
563 210750 340220
564 209630 340220
565 215230 340220
566 214110 340220
567 225310 340220
568 217470 340220
569 220830 340220
570 228670 340220
571 243230 340220
572 564470 159180
573 468350 340220
574 564470 261100
575 447070 340220
576 344030 340220
577 403390 340220
578 412350 340220
579 360830 340220
580 333950 340220
581 318270 340220
582 276830 340220
583 299230 340220
584 286910 340220
585 336190 340220
586 361950 340220
587 283550 340220
588 293630 340220
589 289150 340220
590 335070 340220
591 282430 340220
592 277950 340220
593 257790 340220
594 256670 340220
595 258910 340220
596 288030 340220
597 433630 340220
598 290270 340220
599 346270 340220
600 424670 340220
601 422430 340220
602 423550 340220
603 442590 340220
604 416830 340220
605 328350 340220
606 379870 340220
607 514270 140
608 108830 340220
609 112190 340220
610 105470 340220
611 103230 340220
612 104350 340220
613 109950 340220
614 142430 340220
615 146910 340220
616 155870 340220
617 154750 340220
618 517630 140
619 162590 340220
620 163710 340220
621 171550 340220
622 164830 340220
623 178270 340220
624 173790 340220
625 180510 340220
626 165950 340220
627 179390 340220
628 172670 340220
629 144670 340220
630 190590 340220
631 188350 340220
632 107710 340220
633 111070 340220
634 113310 340220
635 106590 340220
636 102110 340220
637 143550 340220
638 152510 340220
639 471710 340220
640 564470 262220
641 564470 254380
642 564470 247660
643 564470 242060
644 564470 258860
645 564470 244300
646 564470 251020
647 564470 245420
648 564470 243180
649 564470 249900
650 564470 246540
651 564470 239820
652 564470 252140
653 564470 182700
654 564470 183820
655 564470 227500
656 564470 226380
657 564470 184940
658 564470 230860
659 564470 237580
660 564470 236460
661 564470 235340
662 564470 238700
663 564470 229740
664 564470 248780
665 564470 240940
666 564470 234220
667 564470 228620
668 564470 195020
669 564470 259980
670 564470 233100
671 564470 231980
672 564470 256620
673 564470 253260
674 564470 257740
675 420190 340220
676 300350 340220
677 260030 340220
678 261150 340220
679 267870 340220
680 284670 340220
681 285790 340220
682 298110 340220
683 292510 340220
684 295870 340220
685 291390 340220
686 294750 340220
687 304830 340220
688 330590 340220
689 281310 340220
690 279070 340220
691 432510 340220
692 421310 340220
693 430270 340220
694 564470 255500
