0 428735 162866
1 388124 160466
2 289182 221469
3 340782 69073
4 329200 167953
5 284085 156740
6 391546 123738
7 301340 82288
8 349773 177500
9 387432 175144
10 217879 293867
11 249979 304181
12 378938 197278
13 383641 201444
14 347497 214225
15 301591 215420
16 371672 223293
17 416704 223109
18 368157 243600
19 290021 173266
20 432229 268383
21 232553 258322
22 389751 227367
23 273334 208320
24 140887 260768
25 136299 270709
26 220864 279213
27 301302 270016
28 277175 181981
29 245548 153570
30 226493 121272
31 220110 131933
32 243083 187457
33 209295 123900
34 164360 99621
35 300136 78617
36 328109 297821
37 313064 141283
38 310204 250625
39 209109 186953
40 344364 105000
41 321908 294320
42 231325 275400
43 130560 71400
44 223110 91280
45 403666 143820
46 167526 40354
47 185975 106428
48 117770 82513
49 361500 272778
50 382476 257648
51 424441 244720
52 389683 153066
53 328376 128459
54 249648 160028
55 390169 112066
56 349916 102774
57 326803 121852
58 386594 144611
59 412478 254324
60 327906 137991
61 216397 159040
62 44925 170075
63 206289 165514
64 204333 104505
65 147115 92283
66 339752 68503
67 365454 85400
68 190270 253809
69 182205 107604
70 282990 63094
71 345230 253960
72 215118 124030
73 257553 214506
74 240023 286569
75 219835 288473
76 225714 279960
77 187611 67977
78 275130 320010
79 119417 130502
80 209673 292854
81 174503 167066
82 69117 141977
83 130474 139683
84 182213 81576
85 225711 93924
86 181058 98107
87 120430 141125
88 115156 77062
89 274571 70911
90 156039 95459
91 257466 321501
92 223908 296893
93 228580 72672
94 202960 73246
95 203015 118147
96 227969 305368
97 228899 301000
98 111150 55200
99 100116 171137
100 128866 168718
101 255580 329368
102 212554 309647
103 212135 312666
104 155194 68220
105 210872 309000
106 219873 129553
107 174517 165010
108 135948 181774
109 273439 330507
110 192897 304266
111 125986 116579
112 200200 129675
113 290302 328912
114 187910 291700
115 184478 296800
116 150803 131807
117 226448 229988
118 286841 151666
119 284799 185972
120 279980 169944
121 237310 249643
122 84855 251815
123 89808 234793
124 86505 252411
125 200355 281400
126 364069 233584
127 380720 291083
128 394744 275240
129 375948 352556
130 370914 264430
131 403718 300533
132 172670 287736
133 47324 234805
134 165300 269500
135 225102 222075
136 101728 280717
137 121340 340971
138 101737 345886
139 112857 259032
140 89806 331706
141 111460 334010
142 58013 331933
143 56653 285444
144 35213 338893
145 28943 316400
146 12540 329525
147 22895 324800
148 409126 325518
149 449249 367762
150 431005 356846
151 433185 379918
152 416052 363650
153 428556 349104
154 398715 299981
155 433857 318015
156 274188 347839
157 341851 336416
158 221903 363817
159 386821 332333
160 431347 235900
161 489192 190095
162 497962 210907
163 538496 212066
164 265306 320133
165 550382 249900
166 549353 240333
167 119434 295120
168 130991 305800
169 152162 319000
170 143944 319480
171 155648 325640
172 177308 334040
173 120894 303800
174 140790 312900
175 135442 309000
176 160402 330866
177 176657 329311
178 178410 342300
179 167200 334600
180 173660 349533
181 165917 321300
182 143260 362911
183 179882 343350
184 160034 357800
185 164856 355133
186 122878 368200
187 142766 364000
188 141142 352200
189 120143 359566
190 130502 355800
191 103550 360500
192 95967 366672
193 104988 332600
194 115963 352800
195 79141 361293
196 99180 327800
197 75240 353920
198 92991 323400
199 95427 347200
200 60972 347836
201 88105 315800
202 89442 337400
203 64904 341040
204 83695 306950
205 71136 335720
206 66761 330225
207 75565 319400
208 75689 294127
209 74045 312600
210 74005 305550
211 62937 310450
212 61525 292090
213 48877 294700
214 39248 293400
215 23836 277836
216 29703 291200
217 24591 288200
218 7515 286066
219 16340 290733
220 9880 320800
221 9436 301466
222 8512 301840
223 112648 310955
224 141414 326600
225 158713 338022
226 141626 344120
227 126160 343000
228 171434 353400
229 115140 338600
230 106552 351120
231 159357 284006
232 118095 296955
233 136903 299981
234 128376 315933
235 142215 304850
236 172216 362040
237 161405 363300
238 123025 351400
239 87115 319900
240 88730 304500
241 44840 282450
242 60202 298600
243 40645 286784
244 31603 284666
245 210880 335102
246 429626 244066
247 250325 362833
248 112100 304850
249 176808 345400
250 156750 345450
251 29070 281866
252 369006 359722
253 485884 292359
254 531400 243815
255 526426 289800
256 476642 295800
257 376434 345723
258 459295 244694
259 455595 294304
260 441689 358489
261 405724 294060
262 509014 363829
263 506196 245476
264 527899 313464
265 365533 306503
266 469948 351345
267 394526 340963
268 509691 316644
269 468284 304769
270 416860 385000
271 489093 355517
272 509219 276948
273 462935 312200
274 479480 332766
275 512497 256380
276 494496 312092
277 446954 294717
278 449338 259000
279 367808 369285
280 335239 328729
281 383458 359240
282 535451 317800
283 536511 327720
284 458632 282466
285 529443 272134
286 511485 363960
287 485263 269383
288 486675 296100
289 529668 328363
290 396221 335300
291 491919 287000
292 533748 337400
293 541500 337400
294 531310 258945
295 428765 322375
296 541083 293800
297 483727 244745
298 389500 385000
299 90578 224509
300 145036 221139
301 106794 219369
302 93860 221600
303 129284 228822
304 24842 238000
305 18382 240800
306 17147 245000
307 27692 251300
308 17052 248500
309 16862 253400
310 17622 256900
311 26267 258300
312 18857 261800
313 18762 266000
314 26552 264600
315 59774 248920
316 56002 260400
317 54197 269500
318 36242 259700
319 46502 260400
320 47737 265300
321 44222 271600
322 37192 269500
323 36907 266000
324 44602 256200
325 53057 253400
326 42322 237300
327 36337 256200
328 55765 256666
329 33202 238000
330 50112 238000
331 48877 249200
332 42607 249900
333 49352 243600
334 35292 247800
335 29402 243600
336 257737 226179
337 299490 233116
338 474757 257868
339 503223 295654
340 525286 291666
341 425301 331000
342 291217 22616
343 279075 48005
344 261650 27800
345 268808 267400
346 434808 282271
347 540870 296625
348 143008 199929
349 180603 71018
350 154623 308733
351 167073 316400
352 127300 345177
353 107920 341425
354 99545 303153
355 91050 297021
356 58161 290577
357 527331 305800
358 367536 332920
359 538227 306288
360 134520 209758
361 128656 208696
362 144798 201283
363 224485 190120
364 227849 186875
365 227181 209275
366 227981 183960
367 130473 192080
368 112185 186586
369 121644 189933
370 126901 182653
371 88184 162354
372 93147 164850
373 79413 168434
374 92536 161280
375 67139 159133
376 77710 163975
377 72449 158287
378 98328 156393
379 60426 154653
380 68639 123967
381 69638 121027
382 66821 121027
383 78972 120806
384 67584 142664
385 63617 146131
386 62772 145165
387 89342 151877
388 181860 227315
389 102663 225960
390 16416 304360
391 240204 361941
392 195700 355600
393 215057 371329
394 207176 348040
395 230714 355400
396 363860 345259
397 201096 350840
398 209176 369400
399 231524 367137
400 241650 376384
401 329830 368066
402 258769 348522
403 266980 371896
404 266809 367226
405 292448 373240
406 237808 369950
407 459467 229716
408 442268 232527
409 495021 180969
410 522640 231000
411 511725 180600
412 254410 343700
413 277949 352383
414 294430 345884
415 537473 207400
416 501976 193760
417 534561 181324
418 198486 381733
419 265762 378700
420 278160 382666
421 208070 374242
422 399886 330866
423 402490 233880
424 454572 198887
425 201185 337941
426 135822 323000
427 54424 314377
428 35796 311080
429 381737 4200
430 384350 140
431 380990 140
432 424670 390010
433 421310 390010
434 365310 390010
435 435870 390010
436 366430 390010
437 422430 390010
438 403390 390010
439 398910 390010
440 391070 390010
441 364190 390010
442 375390 390010
443 359710 390010
444 372030 390010
445 368670 390010
446 370910 390010
447 379870 390010
448 386590 390010
449 393310 390010
450 402270 390010
451 401150 390010
452 406750 390010
453 405630 390010
454 377630 390010
455 438110 390010
456 555500 254380
457 383230 140
458 181630 390010
459 128990 140
460 140 257740
461 140 256620
462 140 265580
463 333950 140
464 332830 140
465 226430 390010
466 140 267820
467 182750 390010
468 382110 140
469 251070 390010
470 170430 390010
471 140 255500
472 140 274540
473 253310 390010
474 140 270060
475 140 228620
476 140 273420
477 140 266700
478 140 272300
479 268990 390010
480 140 268940
481 140 271180
482 276830 140
483 261150 390010
484 140 280140
485 240990 390010
486 140 275660
487 238750 390010
488 171550 390010
489 233150 390010
490 252190 390010
491 232030 390010
492 243230 390010
493 386590 140
494 372030 140
495 300350 140
496 244350 140
497 242110 390010
498 245470 390010
499 261150 140
500 283550 140
501 322750 140
502 301470 140
503 307070 140
504 246590 390010
505 263390 140
506 305950 140
507 248830 390010
508 265630 140
509 289150 140
510 302590 140
511 295870 140
512 299230 140
513 260030 390010
514 272350 390010
515 256670 390010
516 258910 140
517 245470 140
518 282430 140
519 284670 140
520 262270 140
521 257790 390010
522 266750 140
523 279070 140
524 303710 140
525 319390 140
526 298110 140
527 375390 140
528 376510 140
529 221950 390010
530 236510 390010
531 211870 390010
532 229790 390010
533 230910 390010
534 214110 390010
535 206270 390010
536 224190 390010
537 207390 390010
538 228670 390010
539 208510 390010
540 215230 390010
541 235390 390010
542 217470 390010
543 216350 390010
544 219710 390010
545 209630 390010
546 220830 390010
547 199550 390010
548 218590 390010
549 186110 390010
550 188350 390010
551 204030 390010
552 196190 390010
553 183870 390010
554 205150 390010
555 198430 390010
556 197310 390010
557 189470 390010
558 191710 390010
559 195070 390010
560 227550 390010
561 377630 140
562 555500 272300
563 555500 252140
564 482910 390010
565 439230 390010
566 444830 390010
567 451550 390010
568 432510 390010
569 354110 390010
570 423550 390010
571 416830 390010
572 404510 390010
573 363070 390010
574 357470 390010
575 433630 390010
576 376510 390010
577 361950 390010
578 374270 390010
579 355230 390010
580 378750 390010
581 383230 390010
582 392190 390010
583 400030 390010
584 412350 390010
585 408990 390010
586 468350 390010
587 426910 390010
588 440350 390010
589 453790 390010
590 452670 390010
591 481790 390010
592 479550 390010
593 467230 390010
594 389950 390010
595 447070 390010
596 379870 140
597 192830 390010
598 202910 390010
599 187230 390010
600 200670 390010
601 210750 390010
602 212990 390010
603 225310 390010
604 234270 390010
605 255550 390010
606 247710 390010
607 378750 140
608 271230 390010
609 275710 390010
610 289150 390010
611 283550 390010
612 290270 390010
613 277950 390010
614 262270 390010
615 254430 390010
616 263390 390010
617 267870 390010
618 239870 390010
619 258910 390010
620 249950 390010
621 190590 390010
622 201790 390010
623 223070 390010
624 184990 390010
625 193950 390010
626 237630 390010
627 244350 390010
628 555500 234220
629 555500 271180
630 555500 228620
631 555500 193900
632 555500 206220
633 555500 187180
634 555500 233100
635 555500 226380
636 555500 227500
637 555500 231980
638 555500 229740
639 555500 179340
640 555500 171500
641 555500 230860
642 555500 154700
643 555500 155820
644 555500 168140
645 555500 178220
646 555500 156940
647 555500 200620
648 555500 191660
649 555500 207340
650 555500 184940
651 555500 235340
652 555500 153580
653 555500 236460
654 555500 237580
655 555500 159180
656 555500 158060
657 555500 152460
658 555500 164780
659 555500 174860
660 555500 160300
661 555500 199500
662 555500 270060
663 555500 264460
664 458270 390010
665 419070 390010
666 396670 390010
667 397790 390010
668 413470 390010
669 411230 390010
670 425790 390010
671 414590 390010
672 360830 390010
673 358590 390010
674 373150 390010
675 367550 390010
676 369790 390010
677 356350 390010
678 380990 390010
679 382110 390010
680 462750 390010
681 457150 390010
682 464990 390010
683 555500 253260
