0 430422 83374
1 492706 189384
2 413035 144250
3 398873 83160
4 345441 112466
5 335784 99600
6 240259 105636
7 404882 144200
8 427852 117727
9 402050 75276
10 468790 32200
11 477646 68845
12 469381 119725
13 493207 128129
14 511534 106996
15 568976 161171
16 561942 133870
17 289748 126806
18 618595 135470
19 514558 140840
20 435454 287323
21 446441 300894
22 556491 207737
23 529265 104410
24 533050 192295
25 363920 112786
26 275114 156986
27 297936 165719
28 245015 137695
29 250484 130392
30 285312 256266
31 279217 130301
32 589009 222866
33 342810 103758
34 486459 175715
35 515483 256800
36 185961 144914
37 222765 89554
38 158261 149843
39 484333 116812
40 612994 122200
41 240837 23747
42 612000 151074
43 327842 139735
44 339905 40123
45 335464 84840
46 311430 54084
47 344602 47052
48 333753 143425
49 341689 89345
50 281067 171860
51 218874 127322
52 181529 92562
53 255286 37514
54 195238 51457
55 177771 81175
56 324863 89344
57 225511 119333
58 457783 243835
59 223025 133789
60 513842 151086
61 524244 266179
62 210489 259069
63 512420 277273
64 512636 263320
65 580240 262805
66 472428 317790
67 148195 223351
68 508521 283600
69 203954 122833
70 257759 172251
71 218985 98961
72 203973 221913
73 261090 198935
74 167633 30333
75 123310 135663
76 152307 115854
77 496043 217655
78 571779 245478
79 513781 293014
80 130621 52717
81 166685 32329
82 516263 300900
83 517256 314680
84 277818 248546
85 167914 178206
86 556149 281166
87 512698 316152
88 161506 69027
89 122550 137626
90 505077 309034
91 187580 178353
92 519540 217700
93 305859 197800
94 546330 293782
95 176870 188795
96 505278 324520
97 565389 276541
98 504089 339546
99 507274 331053
100 482578 185033
101 330414 136517
102 344750 141842
103 448157 322777
104 496090 281400
105 510864 99666
106 593272 179044
107 635968 164920
108 609992 280685
109 438465 325109
110 453139 256822
111 401004 295266
112 345412 317778
113 337278 320426
114 300674 325275
115 321249 343890
116 293455 335125
117 263815 337575
118 247158 315233
119 251845 317380
120 662468 245000
121 679579 291447
122 675208 321810
123 671610 233391
124 614474 177153
125 609445 274479
126 667583 235960
127 654312 265844
128 593924 351750
129 648079 241178
130 596001 119840
131 546944 45052
132 524367 16491
133 587832 270920
134 543162 4900
135 548973 5133
136 417582 343000
137 413060 360600
138 392268 374600
139 379936 368200
140 376960 365400
141 378543 343933
142 416290 352800
143 401232 371000
144 407977 366800
145 379164 374080
146 380617 337400
147 369631 330200
148 367536 346920
149 357048 295120
150 381235 312900
151 371792 286440
152 326356 278833
153 349600 290309
154 365348 276111
155 350908 266155
156 325867 293618
157 302480 277977
158 346560 263200
159 318653 309575
160 296224 303153
161 289777 291000
162 320825 327911
163 293908 303800
164 308750 275800
165 332554 318600
166 317822 319375
167 328285 346818
168 333477 331000
169 314640 351894
170 340480 348250
171 336870 361900
172 330220 368200
173 315508 370200
174 305140 375355
175 284354 373800
176 285684 372960
177 253697 367500
178 254817 361000
179 251352 340200
180 237215 325500
181 397812 353150
182 388740 362200
183 375313 323711
184 368837 301000
185 355205 285250
186 375102 302244
187 329333 273622
188 336990 285218
189 322202 266000
190 410131 254848
191 407655 332733
192 357905 320600
193 364372 323050
194 390760 303357
195 355806 302244
196 329156 372680
197 259825 372750
198 321733 370533
199 352019 371560
200 240920 351960
201 342205 372866
202 326546 353266
203 318711 343800
204 363641 9695
205 589343 80984
206 405544 345177
207 378100 364777
208 419845 366200
209 233985 337400
210 601740 280073
211 739100 93430
212 721845 184540
213 662126 104125
214 716969 252966
215 647634 188520
216 697665 112449
217 661249 148970
218 700634 268139
219 725511 301820
220 738799 113283
221 645315 119380
222 620330 213620
223 718942 254256
224 599377 260866
225 698328 187484
226 663978 130881
227 597360 4200
228 737336 125967
229 700815 126175
230 603103 328246
231 616733 273270
232 702762 184450
233 740705 189140
234 742570 143250
235 716026 138403
236 739301 196087
237 651262 272830
238 661886 155866
239 746143 207000
240 721053 98233
241 681752 230590
242 735829 168411
243 694567 91880
244 600780 4200
245 417913 197527
246 389084 220007
247 400842 210791
248 418000 212022
249 479607 361900
250 496137 362600
251 499652 364000
252 488727 373800
253 492147 373800
254 502312 368900
255 498227 373800
256 481317 374500
257 474002 361900
258 474667 375200
259 472577 375200
260 461937 362600
261 440087 375900
262 434197 373800
263 450347 368900
264 435717 372400
265 461367 374500
266 463932 369600
267 446547 371700
268 454242 374500
269 467067 359800
270 468302 350000
271 507062 359100
272 472577 354900
273 472941 344866
274 506198 356440
275 488632 352100
276 493762 350000
277 506492 350700
278 500602 350700
279 481697 352800
280 487872 361900
281 450933 183706
282 680170 138600
283 707611 163375
284 649151 251800
285 442337 31041
286 435884 77843
287 416545 30977
288 657685 261800
289 341626 196767
290 421588 357000
291 411739 374200
292 383749 284013
293 375700 268873
294 358838 269500
295 352019 348600
296 351750 362305
297 359891 376600
298 349857 202367
299 355208 202638
300 343268 200470
301 289970 162625
302 295768 168135
303 301272 167412
304 290767 164070
305 331622 64789
306 314106 207696
307 163133 163638
308 275467 214875
309 319586 245386
310 320498 220826
311 313420 222329
312 224604 252767
313 238319 245437
314 234390 262080
315 230212 247529
316 222195 253670
317 239530 243512
318 231874 244151
319 255979 234793
320 226106 252316
321 195988 249245
322 198707 266724
323 199558 263248
324 201651 256832
325 206799 245541
326 215643 257455
327 207080 260158
328 242286 241387
329 266684 319480
330 235600 312200
331 589240 354063
332 554498 339376
333 573004 350674
334 583408 341000
335 579004 308121
336 535517 346840
337 527440 353640
338 643678 320377
339 539790 345450
340 556215 349372
341 546321 354900
342 598092 98400
343 601740 48705
344 561903 317800
345 542766 305511
346 562996 14482
347 508144 26370
348 574850 372621
349 539568 374266
350 553160 367168
351 529741 372088
352 593424 371000
353 556653 116013
354 541764 71178
355 288800 357140
356 5700 31000
357 140 29260
358 140 32620
359 569150 140
360 566910 140
361 573630 140
362 575870 140
363 570270 140
364 571390 140
365 585950 383050
366 584830 383050
367 581470 383050
368 580350 383050
369 578110 383050
370 563550 383050
371 574750 383050
372 570270 383050
373 541150 383050
374 568030 383050
375 561310 383050
376 576990 383050
377 565790 383050
378 548990 383050
379 559070 383050
380 556830 383050
381 569150 383050
382 568030 140
383 544510 140
384 140 30380
385 562430 383050
386 547870 383050
387 566910 383050
388 573630 383050
389 508670 383050
390 328350 140
391 337310 140
392 319390 140
393 492990 383050
394 499710 383050
395 140 31500
396 498590 383050
397 553470 383050
398 496350 383050
399 507550 383050
400 497470 383050
401 495230 383050
402 494110 383050
403 503070 383050
404 505310 383050
405 501950 383050
406 339550 140
407 506430 383050
408 500830 383050
409 554590 383050
410 331710 140
411 546750 383050
412 555710 383050
413 504190 383050
414 360830 140
415 552350 383050
416 413470 140
417 404510 140
418 397790 140
419 403390 140
420 411230 140
421 396670 140
422 365310 140
423 344030 140
424 386590 140
425 355230 140
426 356350 140
427 391070 140
428 382110 140
429 366430 140
430 378750 140
431 357470 140
432 380990 140
433 377630 140
434 346270 140
435 358590 140
436 389950 140
437 400030 140
438 342910 140
439 384350 140
440 345150 140
441 388830 140
442 341790 140
443 354110 140
444 330590 140
445 398910 140
446 406750 140
447 383230 140
448 329470 140
449 363070 140
450 401150 140
451 408990 140
452 364190 140
453 375390 140
454 405630 140
455 410110 140
456 336190 140
457 359710 140
458 402270 140
459 338430 140
460 340670 140
461 361950 140
462 335070 140
463 347390 140
464 395550 140
465 348510 140
466 407870 140
467 394430 140
468 352990 140
469 349630 140
470 350750 140
471 351870 140
472 333950 140
473 412350 140
474 332830 140
475 393310 140
476 369790 140
477 374270 140
478 370910 140
479 372030 140
480 368670 140
481 373150 140
482 387710 140
483 379870 140
484 392190 140
485 367550 140
486 376510 140
487 385470 140
488 414590 140
489 555710 140
490 540030 140
491 762240 152460
492 636350 383050
493 762240 173740
494 762240 171500
495 644190 383050
496 589310 140
497 579230 140
498 668830 383050
499 658750 383050
500 660990 383050
501 639710 383050
502 762240 177100
503 667710 383050
504 654270 383050
505 650910 383050
506 591550 140
507 655390 383050
508 643070 383050
509 653150 383050
510 649790 383050
511 652030 383050
512 640830 383050
513 762240 143500
514 663230 383050
515 625150 383050
516 762240 175980
517 762240 172620
518 762240 179340
519 762240 164780
520 762240 159180
521 580350 140
522 762240 187180
523 140 33740
524 572510 383050
525 575870 383050
526 583710 383050
527 582590 383050
528 571390 383050
529 564670 383050
530 550110 383050
531 544510 383050
532 533310 383050
533 534430 383050
534 140 34860
535 531070 383050
536 522110 383050
537 523230 383050
538 520990 383050
539 527710 383050
540 535550 383050
541 557950 383050
542 560190 383050
543 551230 383050
544 545630 383050
545 598270 383050
546 542270 383050
547 543390 383050
548 602750 383050
549 601630 383050
550 588190 383050
551 600510 383050
552 599390 383050
553 579230 383050
554 589310 383050
555 538910 140
556 557950 140
557 529950 140
558 522110 140
559 561310 140
560 509790 140
561 565790 140
562 547870 140
563 563550 140
564 581470 140
565 582590 140
566 486270 140
567 417950 140
568 546750 140
569 422430 140
570 415710 140
571 450430 140
572 416830 140
573 419070 140
574 542270 140
575 524350 140
576 560190 140
577 498590 140
578 564670 140
579 460510 140
580 545630 140
581 572510 140
582 453790 140
583 435870 140
584 433630 140
585 472830 140
586 434750 140
587 436990 140
588 541150 140
589 559070 140
590 562430 140
591 762240 178220
592 659870 383050
593 648670 383050
594 647550 383050
595 641950 383050
596 637470 383050
597 666590 383050
598 657630 383050
599 656510 383050
600 638590 383050
601 664350 383050
602 662110 383050
603 646430 383050
604 762240 160300
605 665470 383050
606 645310 383050
607 762240 150220
608 762240 174860
609 762240 158060
610 543390 140
