0 28985 42491
1 37081 43869
2 41764 42818
3 45138 42835
4 37932 47914
5 30439 46531
6 18248 29144
7 34322 44795
8 44978 38976
9 27983 33393
10 17695 30003
11 28113 31846
12 32419 16322
13 15921 20719
14 32892 17521
15 16774 18758
16 43061 27983
17 27100 17797
18 21584 18666
19 15634 34116
20 31077 39561
21 18001 38558
22 47624 32242
23 27366 33940
24 19852 36249
25 68955 40184
26 40637 44984
27 28800 52384
28 45192 50990
29 30034 31609
30 32569 28003
31 29448 20825
32 15122 22701
33 37028 26153
34 33283 25993
35 43188 21123
36 33633 26427
37 33085 26572
38 39687 32994
39 38013 32262
40 45023 23599
41 43437 47778
42 52173 49788
43 23720 31014
44 15187 21612
45 7936 21310
46 17345 21886
47 7638 23097
48 22440 25590
49 11554 22950
50 24304 36663
51 20356 35106
52 26470 41401
53 29347 40545
54 19098 38276
55 27289 40684
56 23142 34522
57 23657 35681
58 60266 36713
59 28458 28607
60 26682 25551
61 32412 29331
62 44460 49826
63 58824 50140
64 38282 24925
65 43339 26127
66 58347 25445
67 33201 14433
68 30122 27813
69 61043 23003
70 31928 14227
71 39413 12668
72 22381 39096
73 33753 33243
74 44403 25928
75 41730 30531
76 31407 16294
77 28678 19074
78 30301 53509
79 35364 52962
80 51173 52118
81 49626 52515
82 28226 20844
83 20279 22459
84 43957 30927
85 31398 33070
86 33559 35896
87 51398 55916
88 33021 26842
89 25480 37524
90 32900 28469
91 61751 44220
92 35733 30256
93 53633 46870
94 39307 12882
95 33587 17097
96 39592 19157
97 65170 60867
98 64073 55129
99 45708 56565
100 42862 50986
101 39162 30275
102 34163 28588
103 61342 50145
104 72166 46042
105 63932 51234
106 63431 50457
107 55476 44355
108 47052 21626
109 45973 24991
110 46041 26309
111 41742 25374
112 47190 10981
113 42897 10572
114 61042 23587
115 58431 23033
116 53337 46814
117 49497 18938
118 30195 55442
119 63734 50285
120 53764 30193
121 65992 50690
122 60868 52206
123 57181 26580
124 60486 28155
125 32906 28773
126 52776 26293
127 55340 26335
128 33165 15777
129 34109 16098
130 66996 48966
131 42391 35182
132 41332 31485
133 39793 36689
134 67120 46925
135 74983 39481
136 56317 46922
137 4787 41395
138 9791 41504
139 34837 56551
140 48568 54675
141 37926 57967
142 55586 54913
143 47139 57799
144 78396 48806
145 66380 37407
146 75097 30238
147 76816 31728
148 71166 35100
149 80053 34656
150 84219 35816
151 85879 39162
152 46600 57766
153 56429 68857
154 52056 69187
155 58769 68328
156 44718 65698
157 53931 66530
158 52117 62962
159 51048 68265
160 41447 64106
161 44568 63051
162 25550 62752
163 26551 68607
164 22068 61196
165 15743 50003
166 15081 50152
167 24789 54353
168 32805 69795
169 31419 68625
170 32049 69525
171 75073 32298
172 76221 35302
173 82947 38542
174 83122 40128
175 84523 40716
176 55892 44583
177 60932 40384
178 64026 44685
179 62119 38885
180 61716 38701
181 66547 30182
182 78624 27585
183 72842 30220
184 81266 37549
185 86101 36739
186 83515 40860
187 68040 32265
188 68306 31223
189 73312 26556
190 70177 27360
191 78781 28485
192 73747 31455
193 9623 42314
194 38696 60679
195 53664 63426
196 52820 62139
197 70508 61567
198 70360 57135
199 54393 61625
200 54243 68445
201 52785 69255
202 63041 63384
203 36630 63887
204 73007 64764
205 45418 68522
206 75452 57743
207 65382 65366
208 50463 68715
209 56602 65475
210 62715 57491
211 50625 68715
212 46054 65264
213 68954 54107
214 42597 54769
215 74671 54643
216 75233 61683
217 51813 67905
218 66533 62425
219 53724 60792
220 51597 68445
221 55701 69795
222 28058 62063
223 27172 60423
224 25743 58380
225 24932 58860
226 23217 56645
227 26161 56497
228 34959 59905
229 39936 59438
230 37169 63135
231 34285 65407
232 34979 67522
233 31916 63472
234 41141 54482
235 26258 49778
236 69939 47025
237 71614 50578
238 73926 50220
239 74110 52402
240 72535 51131
241 74421 53055
242 76906 49875
243 76740 52582
244 73944 50715
245 82103 44704
246 81346 46746
247 79644 44493
248 82693 43078
249 51974 41560
250 45406 42785
251 10433 40502
252 69969 33590
253 69958 32487
254 70792 31327
255 72325 32929
256 73510 35329
257 75819 36703
258 77997 37192
259 79546 38867
260 29376 19185
261 37823 33219
262 80652 39757
263 84785 40851
264 86359 39915
265 27927 66137
266 28685 65927
267 20409 64095
268 21982 64483
269 24104 64800
270 22288 65037
271 11562 52077
272 14094 49465
273 8756 47067
274 6074 47057
275 14728 53185
276 12156 54017
277 12568 49205
278 3810 48608
279 5966 49396
280 10585 53842
281 25731 69210
282 21232 68985
283 20865 69471
284 19278 69255
285 20347 68553
286 19386 69309
287 19094 68499
288 19126 67203
289 20055 67365
290 19191 67797
291 21254 67257
292 23954 67419
293 22820 67365
294 47727 56070
295 20415 46521
296 74126 28292
297 73247 27559
298 84555 30285
299 83614 35460
300 82822 34605
301 80109 36816
302 69692 35127
303 75006 28870
304 75606 30577
305 74536 29227
306 75546 29355
307 77256 26280
308 75820 26505
309 76423 31185
310 79137 30555
311 71368 26479
312 78796 26966
313 77395 30150
314 78010 31030
315 81093 29245
316 80398 27945
317 82886 39362
318 84543 39082
319 82805 36990
320 75882 30135
321 83403 30529
322 67611 31275
323 79474 29565
324 71455 27855
325 68389 29044
326 68722 27019
327 78107 35620
328 78736 33480
329 78204 32867
330 67215 33495
331 76936 27585
332 76167 27472
333 83769 33405
334 74746 26831
335 77038 31570
336 78427 32496
337 68233 26840
338 72144 26820
339 83578 32490
340 77468 35019
341 68252 34796
342 69265 35073
343 66835 33507
344 76356 31185
345 69211 35943
346 79042 35775
347 79798 34065
348 79686 32055
349 76936 34155
350 76282 33295
351 80365 30881
352 71723 29487
353 72302 28215
354 84245 35181
355 84930 31609
356 85363 37395
357 66384 31545
358 68188 33480
359 82744 37800
360 81648 33075
361 82735 32419
362 84244 37035
363 73416 28600
364 82261 34579
365 85786 34965
366 70248 29055
367 80568 32149
368 78930 36270
369 80406 35991
370 81292 34515
371 81108 33030
372 81280 36207
373 82224 31905
374 84600 37440
375 69552 34317
376 70287 26325
377 67403 30722
378 67896 27990
379 82155 36423
380 70410 35829
381 84312 39915
382 71123 36477
383 85981 32670
384 86002 34077
385 85205 35032
386 69579 36585
387 32980 69525
388 64267 32784
389 60337 32852
390 60725 34300
391 86589 42525
392 86589 41175
393 43692 42
394 43980 42
395 49068 72006
396 44556 72006
397 43884 72006
398 48972 72006
399 44172 72006
400 48876 72006
401 43980 72006
402 44940 72006
403 45036 72006
404 48204 72006
405 48684 72006
406 48108 72006
407 47436 72006
408 48396 72006
409 48780 72006
410 45516 72006
411 46476 72006
412 47532 72006
413 48588 72006
414 46188 72006
415 48492 72006
416 44844 72006
417 44460 72006
418 48300 72006
419 33228 72006
420 44172 42
421 50508 42
422 89018 49068
423 49932 42
424 62988 72006
425 89018 38028
426 60492 72006
427 49836 42
428 62892 72006
429 49644 42
430 72588 72006
431 43884 42
432 89018 44940
433 89018 49356
434 89018 44748
435 68268 72006
436 89018 40236
437 65676 72006
438 89018 41004
439 74604 72006
440 61836 72006
441 60780 72006
442 89018 45036
443 54348 72006
444 61452 72006
445 89018 45804
446 89018 46188
447 61932 72006
448 46956 72006
449 52908 72006
450 89018 37452
451 89018 49452
452 47148 42
453 46956 42
454 46188 42
455 46764 42
456 38796 72006
457 41868 72006
458 42 39852
459 42 39084
460 42 38700
461 42 39660
462 42 40908
463 42 42060
464 42 42732
465 42 40044
466 42 42924
467 42 38796
468 42 38604
469 42 41484
470 42 39948
471 42 41004
472 42 41964
473 42 42540
474 42 40140
475 42 41772
476 42 38316
477 42 38220
478 42 38124
479 42 41100
480 42 38988
481 42 42636
482 42 42828
483 42 38892
484 42 39756
485 42 40812
486 42 41868
487 42 42444
488 42 40332
489 42 41580
490 44076 72006
491 43788 72006
492 53772 42
493 89018 29292
494 53676 42
495 89018 30156
496 89018 29484
497 89018 30828
498 52140 42
499 52428 42
500 52812 42
501 89018 29580
502 54060 42
503 53196 42
504 89018 30540
505 89018 30348
506 89018 31692
507 51948 42
508 51564 42
509 51756 42
510 53484 42
511 52332 42
512 89018 30444
513 89018 30732
514 89018 29388
515 89018 31788
516 53580 42
517 89018 31404
518 89018 29772
519 89018 30636
520 89018 31500
521 52044 42
522 89018 31212
523 89018 31596
524 41964 72006
525 37932 72006
526 32172 72006
527 53580 72006
528 53484 72006
529 54252 72006
530 53004 72006
531 52044 72006
532 51852 72006
533 54156 72006
534 51372 72006
535 50604 72006
536 49932 72006
537 50316 72006
538 55212 72006
539 50700 72006
540 51756 72006
541 53868 72006
542 52236 72006
543 51468 72006
544 50220 72006
545 53292 72006
546 52428 72006
547 51948 72006
548 54060 72006
549 53772 72006
550 52716 72006
551 53388 72006
552 51276 72006
553 55116 72006
554 55308 72006
555 55788 72006
556 52332 72006
557 53196 72006
558 51660 72006
559 43788 42
560 30444 72006
561 30348 72006
562 29484 72006
563 28812 72006
564 28044 72006
565 28524 72006
566 27372 72006
567 20652 72006
568 25932 72006
569 20076 72006
570 44076 42
571 25740 72006
572 24972 72006
573 23724 72006
574 22764 72006
575 21996 72006
576 22092 72006
577 19596 72006
578 19884 72006
579 19980 72006
580 19692 72006
581 21324 72006
582 19404 72006
583 19788 72006
584 19500 72006
585 20844 72006
586 23820 72006
587 22284 72006
588 23628 72006
589 25164 72006
590 24876 72006
591 42 49740
592 22668 72006
593 42 44652
594 42 48780
595 42 49356
596 42 48588
597 42 47820
598 42 46956
599 42 46860
600 42 50412
601 42 51180
602 42 51084
603 42 52044
604 42 44940
605 17772 72006
606 18540 72006
607 19308 72006
608 20172 72006
609 42 51948
610 42 51852
611 42 51756
612 42 51660
613 42 51564
614 42 51468
615 42 48492
616 42 49836
617 42 51372
618 42 45996
619 42 47340
620 42 45900
621 42 46284
622 42 48396
623 42 47724
624 42 49548
625 22956 72006
626 22572 72006
627 50988 72006
628 51084 72006
629 53100 72006
630 52620 72006
631 52140 72006
632 53676 72006
633 53964 72006
634 50412 72006
635 50124 72006
636 50028 72006
637 50796 72006
638 51564 72006
639 52524 72006
640 52812 72006
641 50892 72006
642 50508 72006
643 47628 72006
644 51180 72006
645 47820 72006
646 33036 72006
