0 43714 28848
1 37694 29286
2 49808 31966
3 31906 34956
4 30113 28847
5 37521 11926
6 37952 9269
7 43540 28332
8 32793 30749
9 47577 29769
10 23080 19294
11 38497 13137
12 13972 15444
13 19740 9792
14 16949 9710
15 41021 16911
16 57400 9790
17 38821 15994
18 54813 10182
19 64310 14603
20 58138 10202
21 66607 35194
22 33763 37368
23 18805 32346
24 30588 33943
25 23451 15204
26 44454 13260
27 40442 16376
28 46602 8087
29 47557 15807
30 38326 18870
31 41000 19371
32 40095 16962
33 54585 19476
34 46261 20083
35 44448 38653
36 14344 12675
37 13344 12156
38 16576 12630
39 13300 11410
40 32568 10686
41 45364 10260
42 44438 8955
43 43310 10924
44 45066 11912
45 54240 10296
46 53634 11032
47 50498 11251
48 43101 14202
49 45516 14400
50 51238 40817
51 43340 19043
52 70182 15598
53 44600 18304
54 76432 19003
55 30690 20854
56 68939 14386
57 27330 19581
58 52476 20562
59 19282 35712
60 40520 42063
61 37475 42807
62 58219 17367
63 22680 18772
64 38005 17094
65 20669 12269
66 66557 12993
67 49738 38157
68 20414 20515
69 40676 16878
70 54889 44229
71 70733 44696
72 19802 42918
73 35399 35947
74 19050 35262
75 54579 41301
76 57677 42225
77 57873 41109
78 42698 22858
79 17632 19300
80 45577 20239
81 50362 20419
82 22884 24814
83 39733 26768
84 51392 17884
85 50887 35853
86 52806 29493
87 60367 19010
88 58192 42615
89 52161 42143
90 71458 19278
91 70093 18149
92 62555 42042
93 17750 32892
94 38826 16399
95 61588 40435
96 46139 39183
97 42896 3438
98 40046 8795
99 26832 38406
100 36058 41130
101 25207 41466
102 76222 39113
103 77396 41103
104 55259 39524
105 58565 31565
106 70684 27449
107 68045 26227
108 61686 31455
109 74315 32455
110 77064 28738
111 79284 29430
112 80200 34279
113 37198 49236
114 35519 48690
115 32980 47295
116 30764 46890
117 36301 48245
118 14133 40846
119 11287 35514
120 9698 38809
121 4938 38660
122 4881 32192
123 9890 27689
124 12887 31971
125 22815 49545
126 14481 49365
127 22167 49365
128 69460 29648
129 72765 29175
130 73672 29295
131 77405 33210
132 80074 34866
133 78432 35455
134 47886 37878
135 57249 34806
136 57438 35595
137 58222 35260
138 57351 27555
139 69417 25695
140 67089 28542
141 76239 31845
142 80460 31851
143 59025 29526
144 59241 28716
145 65673 25425
146 63312 26379
147 71149 25897
148 67385 28957
149 49497 4203
150 20205 41526
151 24815 47485
152 23408 47136
153 22419 47224
154 46197 48268
155 64794 46860
156 71798 45450
157 26811 49275
158 27891 49545
159 30511 45984
160 54537 48683
161 52880 45791
162 9543 44242
163 29781 49545
164 22110 38767
165 32882 40833
166 21795 39966
167 33993 49005
168 69206 48652
169 31841 43848
170 69356 45571
171 69772 47012
172 60440 47533
173 33399 48465
174 48005 45856
175 27189 49545
176 23335 39737
177 38583 49275
178 15502 37847
179 13738 35250
180 10171 32920
181 26097 40673
182 13626 43419
183 5803 45128
184 6980 42656
185 20931 29889
186 68654 42120
187 72043 42446
188 76758 42379
189 71046 41895
190 74958 38886
191 77490 38674
192 76999 37061
193 78990 39205
194 45903 34113
195 38767 36367
196 60699 30593
197 64605 29721
198 66755 30541
199 69522 31069
200 71645 31185
201 73839 31710
202 75431 33095
203 75888 42045
204 78127 34992
205 77717 34582
206 7296 35567
207 9975 39420
208 5967 34275
209 7580 37163
210 11352 25095
211 8796 20972
212 6439 21735
213 7476 29276
214 4597 28791
215 7669 25971
216 3716 21412
217 6172 22275
218 3729 27917
219 3588 40392
220 3338 36555
221 3518 33771
222 3952 35808
223 16961 27223
224 67749 26966
225 80811 25155
226 78006 29801
227 78727 29430
228 76612 31050
229 75920 30645
230 62014 30555
231 68463 27180
232 68578 28697
233 68453 25218
234 67327 25346
235 74691 25740
236 64319 25569
237 70006 25942
238 71786 27236
239 72933 27438
240 73643 25392
241 71550 24502
242 77721 33769
243 77230 32130
244 72103 27405
245 79815 24512
246 59535 28102
247 72765 25380
248 64962 26517
249 58668 27615
250 61738 27405
251 60955 26865
252 75030 28365
253 74253 28923
254 75397 27675
255 59538 28909
256 78944 27472
257 66582 25343
258 73582 27597
259 75110 26392
260 59454 26158
261 62926 25930
262 79393 26955
263 73595 29801
264 60703 29449
265 62096 30027
266 57240 29187
267 62764 30645
268 75330 30051
269 75766 27945
270 75834 25785
271 71317 29619
272 64786 28053
273 78264 31185
274 80829 26595
275 80608 27000
276 79288 33480
277 57330 28305
278 58374 29912
279 77247 25425
280 78431 25707
281 78705 30413
282 66620 27945
283 78126 27983
284 80031 30490
285 63625 27337
286 59098 30510
287 65775 27101
288 76410 26170
289 76990 27900
290 76718 24512
291 78450 24435
292 79152 32496
293 58249 26973
294 58275 26055
295 63385 31117
296 80193 28282
297 80814 29328
298 63882 31252
299 24070 49545
300 53187 31498
301 78786 24705
302 65421 49545
303 83494 7596
304 83494 7404
305 30732 51680
306 26124 51680
307 25836 51680
308 27756 51680
309 26220 51680
310 26028 51680
311 28716 51680
312 28620 51680
313 31020 51680
314 30924 51680
315 32268 51680
316 30252 51680
317 31212 51680
318 33612 51680
319 31788 51680
320 30828 51680
321 31596 51680
322 32364 51680
323 31884 51680
324 29196 51680
325 34284 51680
326 34092 51680
327 29100 51680
328 33228 51680
329 23148 51680
330 83494 7212
331 65196 51680
332 62124 51680
333 67404 51680
334 61836 51680
335 83494 33708
336 62604 51680
337 66636 51680
338 65676 51680
339 46572 51680
340 64044 51680
341 83494 7500
342 69324 51680
343 62988 51680
344 69516 51680
345 70860 51680
346 83494 33996
347 72204 51680
348 83494 35628
349 65292 51680
350 68748 51680
351 69804 51680
352 69036 51680
353 30060 51680
354 70956 51680
355 69420 51680
356 71052 51680
357 70572 51680
358 24492 51680
359 30156 51680
360 65100 51680
361 64812 51680
362 51180 51680
363 50220 51680
364 50412 51680
365 50892 51680
366 40428 51680
367 45804 42
368 41964 42
369 39852 42
370 39180 42
371 39276 42
372 39372 42
373 39660 42
374 42540 51680
375 40044 42
376 44268 42
377 39468 42
378 39564 42
379 45708 42
380 39756 42
381 39948 42
382 40140 42
383 41100 51680
384 41100 42
385 44364 42
386 39852 51680
387 46188 42
388 46380 42
389 43596 42
390 41868 42
391 40236 42
392 43308 51680
393 42156 42
394 41580 42
395 42060 42
396 41676 42
397 42252 51680
398 40332 42
399 40428 42
400 42348 51680
401 44268 51680
402 52908 51680
403 56844 51680
404 52716 51680
405 54636 51680
406 53964 51680
407 53868 51680
408 55020 51680
409 55692 51680
410 55884 51680
411 54732 51680
412 53100 51680
413 51564 51680
414 55116 51680
415 53388 51680
416 55308 51680
417 56460 51680
418 51756 42
419 51468 42
420 55788 51680
421 52620 42
422 54924 51680
423 53004 51680
424 56748 51680
425 55404 51680
426 52812 51680
427 54060 51680
428 56556 51680
429 54252 51680
430 56076 51680
431 53580 51680
432 56652 51680
433 54540 51680
434 40140 51680
435 23724 51680
436 21612 51680
437 33132 51680
438 31980 51680
439 26508 51680
440 26700 51680
441 28236 51680
442 28332 51680
443 28140 51680
444 32748 51680
445 29292 51680
446 32172 51680
447 33036 51680
448 39756 51680
449 33900 51680
450 35436 51680
451 36492 51680
452 35340 51680
453 34188 51680
454 32844 51680
455 34380 51680
456 34668 51680
457 31500 51680
458 33996 51680
459 38508 51680
460 34956 51680
461 37164 51680
462 26796 51680
463 39948 51680
464 37644 51680
465 38796 51680
466 35820 51680
467 32940 51680
468 28812 51680
469 83494 7116
470 42 39756
471 42 38508
472 42 39180
473 42 39276
474 42 38700
475 42 39084
476 42 39468
477 42 37548
478 42 39372
479 42 37260
480 83494 7308
481 42 38892
482 42 38796
483 42 38316
484 42 38988
485 42 38220
486 42 39564
487 42 37356
488 42 36780
489 42 36684
490 42 36300
491 42 36204
492 42 35340
493 42 35052
494 42 35724
495 42 35820
496 42 36396
497 42 36876
498 42 40044
499 42 39948
500 42 40140
501 42 26508
502 42 31692
503 42 23628
504 42 26412
505 42 25932
506 42 25068
507 42 24396
508 42 23436
509 42 23532
510 42 24684
511 42 24780
512 42 24876
513 42 25452
514 42 23340
515 42 27180
516 42 28620
517 42 28524
518 42 28428
519 42 28332
520 42 27852
521 42 27084
522 42 26028
523 42 26316
524 42 25644
525 42 24012
526 42 23724
527 42 23916
528 42 23244
529 42 24588
530 42 24300
531 42 24492
532 42 27468
533 42 24204
534 42 27372
535 42 31596
536 42 31020
537 26604 51680
538 32652 51680
539 34764 51680
540 34572 51680
541 31692 51680
542 36396 51680
543 34860 51680
544 32076 51680
545 32556 51680
546 32460 51680
547 34476 51680
548 35052 51680
549 36684 51680
550 35148 51680
551 35532 51680
552 33420 51680
553 25932 51680
554 26988 51680
555 25740 51680
556 22956 51680
