0 43366 44569
1 43826 37731
2 44050 34322
3 50917 36113
4 40334 42023
5 35066 37474
6 43695 29144
7 42333 30823
8 40564 37490
9 51539 37279
10 36511 28391
11 40943 31451
12 67724 24985
13 64656 29282
14 66188 28834
15 46929 23907
16 62124 28661
17 16762 29184
18 38872 24753
19 23785 29275
20 24454 25681
21 19515 28820
22 76168 37304
23 44754 40498
24 25757 40327
25 36960 39589
26 40404 26684
27 43306 26514
28 55437 24307
29 36287 30758
30 47407 23743
31 54566 25082
32 48276 19940
33 49332 23757
34 54469 44390
35 62988 27435
36 65750 27585
37 65254 27448
38 61358 30220
39 54008 29997
40 57653 31625
41 18106 29349
42 20122 28549
43 36469 29845
44 26010 29153
45 22488 28877
46 18921 27815
47 29555 28766
48 42531 26591
49 42227 24865
50 63113 44311
51 44606 21610
52 16137 22217
53 23998 17132
54 66572 21210
55 18725 24417
56 63613 20751
57 69027 19202
58 43579 20422
59 24572 43179
60 38117 46391
61 45587 47593
62 46656 46251
63 23578 24540
64 56949 24712
65 39876 22424
66 35536 27317
67 47903 23756
68 69273 22951
69 18444 22689
70 28384 23920
71 71453 38590
72 58550 39838
73 69717 20591
74 44554 21192
75 64941 48940
76 66929 53244
77 41771 41473
78 25989 42511
79 66569 45450
80 75852 41336
81 68565 44612
82 68620 45953
83 61605 38684
84 44335 22054
85 47931 18031
86 65412 22838
87 45742 20060
88 44791 20253
89 74336 18102
90 47332 16765
91 64769 17241
92 32633 15198
93 39562 15475
94 32803 19606
95 60247 40014
96 64625 33854
97 22513 19426
98 67516 44489
99 63179 46081
100 23136 17095
101 70300 43441
102 24024 40635
103 24790 23366
104 70203 42317
105 61630 41348
106 52085 10946
107 46697 17371
108 34892 43782
109 44032 46170
110 48945 48119
111 82283 43565
112 71189 35419
113 83704 31152
114 80028 28595
115 84666 32439
116 80358 29881
117 76698 34485
118 87696 32445
119 90055 34322
120 90423 37549
121 28432 39956
122 43226 55173
123 40061 55535
124 39355 53548
125 37158 53595
126 42269 54625
127 41869 54660
128 26046 48687
129 16585 45003
130 13519 42334
131 11685 44883
132 5274 43250
133 13370 39804
134 9544 33002
135 11202 34952
136 16899 39766
137 6665 34510
138 25461 56025
139 25353 55485
140 25245 55935
141 82126 30490
142 84372 31905
143 86902 36922
144 88570 37327
145 88852 38106
146 60228 40161
147 11961 36690
148 65601 37944
149 70695 41175
150 67313 38075
151 66495 36298
152 73129 30746
153 84519 27270
154 78938 29391
155 86637 34344
156 91385 36411
157 89697 38265
158 75930 32163
159 76120 31609
160 78122 26440
161 76936 28161
162 84605 27797
163 80435 28944
164 50777 12938
165 28406 47104
166 27842 46469
167 32930 53260
168 29023 52850
169 32366 53238
170 62367 51103
171 57292 53293
172 34911 56025
173 34803 55485
174 65171 48113
175 36202 50924
176 67507 54453
177 54321 49291
178 52248 54598
179 65631 49158
180 35721 56025
181 31788 54445
182 37665 56025
183 38423 48850
184 61601 54739
185 57030 55108
186 50544 51716
187 41283 55485
188 41443 52743
189 35235 56025
190 31039 45910
191 44901 56025
192 16699 44451
193 19215 42901
194 18059 49858
195 18473 40669
196 33753 46517
197 23400 49426
198 17435 48856
199 16314 50074
200 16862 47482
201 26204 38063
202 31234 44832
203 75357 44981
204 78358 44325
205 78371 45874
206 80840 45360
207 81911 44595
208 77094 44460
209 87929 41359
210 86822 42377
211 86047 40635
212 89458 40230
213 53733 40374
214 51600 44112
215 53580 12576
216 77529 32935
217 78022 31262
218 79522 32566
219 80611 33966
220 81968 34053
221 83620 34475
222 85054 35995
223 85556 37226
224 91373 38475
225 9215 41860
226 10231 44754
227 8643 40845
228 9793 41740
229 12342 34410
230 10080 30033
231 8369 29891
232 6830 35477
233 4949 35815
234 9835 33746
235 4948 29237
236 5385 30961
237 3328 34959
238 3563 42597
239 2948 41229
240 4806 40851
241 3715 40905
242 3121 40311
243 4266 40149
244 3067 39771
245 4935 39339
246 3769 39231
247 6102 40311
248 7333 39285
249 6534 39663
250 6134 39177
251 42382 46189
252 19226 36066
253 80318 27843
254 77713 27327
255 91951 30813
256 88573 33750
257 88033 33300
258 86367 33705
259 85790 33229
260 75178 33885
261 81441 28485
262 81551 29102
263 81006 30138
264 82989 26775
265 81247 26415
266 83075 28407
267 87516 28665
268 76998 26595
269 85154 26826
270 81624 29025
271 83560 29160
272 84717 29565
273 84803 28832
274 86608 27443
275 87925 36765
276 87294 34656
277 82701 29589
278 91441 29796
279 74367 30975
280 86001 28620
281 77911 28007
282 75663 29610
283 75605 29079
284 85320 32110
285 87025 30420
286 86877 30870
287 74193 31905
288 82083 27105
289 86089 29463
290 90203 32636
291 79938 26325
292 84421 30722
293 86234 30220
294 73568 28777
295 75700 27135
296 90207 31609
297 85239 31387
298 73841 32940
299 74147 33561
300 73251 32481
301 73774 33952
302 85519 32697
303 88213 31140
304 88740 28485
305 82643 31522
306 87291 29655
307 88717 34470
308 91607 32400
309 89839 36483
310 72916 31347
311 75337 32766
312 87150 35325
313 89354 30259
314 89647 31185
315 88292 35652
316 79619 27983
317 89142 32342
318 91162 35066
319 76608 28558
320 88752 29565
321 89034 31609
322 90081 28440
323 90596 29410
324 89096 35967
325 75687 33480
326 74887 27405
327 75272 30837
328 75667 30015
329 75249 28485
330 74209 34065
331 78824 27405
332 75119 34749
333 83245 30780
334 91570 33264
335 91449 34193
336 74133 34605
337 84229 31239
338 26446 55755
339 66809 34503
340 92097 39015
341 82971 35505
342 40524 42
343 40812 42
344 41676 58324
345 33516 58324
346 31788 58324
347 32748 58324
348 32652 58324
349 34668 58324
350 32076 58324
351 34188 58324
352 39084 58324
353 38508 58324
354 37260 58324
355 37452 58324
356 39948 58324
357 40140 58324
358 39852 58324
359 38316 58324
360 40044 58324
361 38700 58324
362 38796 58324
363 38604 58324
364 39756 58324
365 41484 58324
366 36108 58324
367 34860 58324
368 26220 58324
369 41004 42
370 74700 58324
371 75180 58324
372 77292 58324
373 74412 58324
374 94568 37164
375 79212 58324
376 64524 58324
377 75084 58324
378 41388 58324
379 74508 58324
380 40716 42
381 94568 38796
382 74604 58324
383 94568 38316
384 77772 58324
385 94568 32748
386 81420 58324
387 94568 36108
388 74316 58324
389 94568 38700
390 94568 38604
391 94568 38412
392 40812 58324
393 94568 38508
394 73740 58324
395 83148 58324
396 83340 58324
397 37548 58324
398 41964 58324
399 94568 38124
400 81708 58324
401 53580 58324
402 51180 58324
403 52908 58324
404 51948 58324
405 45612 58324
406 46092 58324
407 53292 42
408 51276 42
409 50508 42
410 50796 42
411 49452 42
412 49836 42
413 49548 42
414 52908 42
415 56364 58324
416 48012 42
417 47916 42
418 56844 58324
419 48204 42
420 50892 42
421 48108 42
422 50988 42
423 51948 42
424 56364 42
425 50124 42
426 60780 58324
427 60876 58324
428 58380 42
429 53580 42
430 50700 42
431 52812 42
432 54156 42
433 55116 42
434 53964 42
435 53676 42
436 54252 42
437 50604 42
438 49932 42
439 44172 58324
440 45516 58324
441 63084 58324
442 67980 42
443 64620 58324
444 66348 42
445 66156 42
446 94568 28524
447 65004 42
448 64908 58324
449 65292 42
450 66444 42
451 65004 58324
452 62604 58324
453 94568 28716
454 63180 58324
455 94568 29772
456 64908 42
457 62988 58324
458 63372 58324
459 64716 42
460 63948 42
461 94568 28620
462 63564 58324
463 94568 27756
464 94568 29676
465 62892 58324
466 94568 29100
467 94568 28812
468 63468 58324
469 94568 29004
470 63660 42
471 94568 28908
472 94568 29196
473 46572 58324
474 34380 58324
475 25836 58324
476 36204 58324
477 43500 58324
478 34764 58324
479 34476 58324
480 31884 58324
481 32172 58324
482 31980 58324
483 38028 58324
484 35244 58324
485 37932 58324
486 39660 58324
487 43980 58324
488 37836 58324
489 39372 58324
490 41772 58324
491 40524 58324
492 41100 58324
493 40236 58324
494 42540 58324
495 39564 58324
496 37740 58324
497 41004 58324
498 44940 58324
499 40428 58324
500 44076 58324
501 35052 58324
502 44268 58324
503 44460 58324
504 45036 58324
505 40332 58324
506 38988 58324
507 33036 58324
508 40620 42
509 42 43020
510 42 42924
511 42 43116
512 42 43596
513 42 43404
514 42 43500
515 42 43212
516 42 41100
517 42 42444
518 42 40716
519 40908 42
520 42 42828
521 42 42156
522 42 42252
523 42 41484
524 42 41580
525 42 41676
526 42 41004
527 42 40236
528 42 39564
529 42 39372
530 42 39276
531 42 38700
532 42 38412
533 42 40044
534 42 38604
535 42 38508
536 42 38988
537 42 42060
538 42 42348
539 42 42540
540 42 30060
541 42 37836
542 42 28332
543 42 31692
544 42 31404
545 42 29964
546 42 29100
547 42 28044
548 42 28140
549 42 29580
550 42 29676
551 42 29868
552 42 30828
553 42 28236
554 42 31308
555 42 33324
556 42 33228
557 42 32940
558 42 32844
559 42 32748
560 42 32076
561 42 31500
562 42 31020
563 42 29772
564 42 28524
565 42 28428
566 42 28908
567 42 27948
568 42 29484
569 42 30444
570 42 30348
571 42 31980
572 42 29004
573 42 32268
574 42 37356
575 42 36876
576 34956 58324
577 37644 58324
578 40908 58324
579 39468 58324
580 38220 58324
581 42156 58324
582 39180 58324
583 37356 58324
584 38124 58324
585 39276 58324
586 38412 58324
587 38892 58324
588 41868 58324
589 40716 58324
590 41292 58324
591 40620 58324
592 34572 58324
593 35148 58324
594 41196 58324
595 25356 58324
