0 46505 32044
1 50946 27930
2 43473 24830
3 53917 27128
4 47994 25138
5 24441 35915
6 49368 21135
7 46989 22703
8 35628 26658
9 27281 30208
10 22862 37734
11 11430 25141
12 13360 34387
13 32675 23288
14 12119 32968
15 33873 23440
16 11885 27808
17 24935 36440
18 38898 25049
19 35884 36135
20 30908 17392
21 33228 34155
22 66560 12112
23 53768 21842
24 50490 31655
25 56839 26759
26 29222 27430
27 23029 24335
28 15247 31956
29 22944 23383
30 20181 16153
31 33526 23521
32 23821 17193
33 65203 23981
34 13608 30133
35 11320 30452
36 11939 30526
37 12007 31763
38 19424 32459
39 15877 33600
40 21813 32726
41 21683 31853
42 28328 32697
43 27442 32907
44 27258 32837
45 30016 32240
46 24483 31725
47 34901 31537
48 51431 13645
49 23753 27347
50 22135 27006
51 55175 19305
52 25695 18072
53 23000 19033
54 21012 7381
55 10129 20206
56 27892 25727
57 11445 19161
58 8704 16049
59 38253 20885
60 34474 25211
61 53090 34125
62 56619 32799
63 70899 29640
64 72711 27405
65 32020 24054
66 15501 30833
67 30660 21160
68 11568 21718
69 62438 14526
70 60326 21807
71 9095 18414
72 27419 21728
73 76778 22277
74 78917 29813
75 71060 34170
76 57606 27162
77 53610 20020
78 56976 17959
79 58029 9921
80 59994 17554
81 56253 16056
82 19204 12528
83 12306 21960
84 21944 17550
85 23232 15604
86 6474 14078
87 6806 12940
88 23167 6533
89 26399 5866
90 19891 12385
91 54163 35227
92 62113 22559
93 33126 12497
94 59641 15962
95 53726 17269
96 28032 9222
97 35273 12222
98 38460 14137
99 61841 14338
100 52160 33784
101 60894 25524
102 36594 23405
103 62930 17375
104 57470 21702
105 42584 37751
106 43470 37174
107 57314 35584
108 70033 30825
109 72798 28536
110 56871 4381
111 66024 15377
112 79324 21801
113 77567 8202
114 75635 9032
115 67293 4605
116 76860 13188
117 78375 12375
118 78693 15758
119 76194 17764
120 71023 36855
121 77301 43925
122 74172 44600
123 76212 43426
124 71093 41445
125 73599 41798
126 72316 44523
127 64782 38969
128 57903 39621
129 47467 39493
130 51232 43059
131 38747 43277
132 43495 41019
133 42283 8016
134 43465 10860
135 48891 33403
136 44685 45225
137 46701 44685
138 45801 44955
139 75726 9107
140 75205 10023
141 75054 10989
142 74786 15626
143 73449 16703
144 63383 19956
145 49862 13297
146 53694 12465
147 54179 12778
148 53486 10605
149 72356 4893
150 80394 6383
151 75324 7425
152 75299 13982
153 73518 17631
154 69525 3813
155 70304 3760
156 78550 3259
157 76162 2810
158 77157 6795
159 42964 35001
160 82782 31902
161 72918 41350
162 67544 34539
163 76387 38853
164 79429 37755
165 79622 40145
166 81300 20327
167 76682 36995
168 72009 44955
169 75141 44955
170 81952 28230
171 59650 43742
172 84860 25286
173 85265 34473
174 78492 24424
175 72657 44955
176 80074 39765
177 62473 32485
178 71847 44955
179 59923 41269
180 83142 30420
181 86400 31291
182 85796 22664
183 72063 42525
184 80708 33167
185 72171 44955
186 72819 44955
187 49236 30251
188 69571 32608
189 52752 39900
190 48537 37030
191 67669 34116
192 68808 38355
193 64528 41826
194 65129 42675
195 62360 38940
196 62881 30754
197 44451 27835
198 56305 8127
199 53789 5653
200 52609 3195
201 51442 5419
202 50546 4725
203 51852 4842
204 50388 6682
205 53478 5175
206 60449 3756
207 62070 5265
208 63766 5884
209 63842 3260
210 67621 22684
211 71436 20158
212 42542 34147
213 42435 39082
214 68852 3037
215 71726 2749
216 72388 7921
217 73209 10536
218 74885 12285
219 74498 13314
220 74362 14690
221 74703 16416
222 73328 16913
223 46915 42667
224 52710 43976
225 50947 43397
226 45741 42795
227 45465 43711
228 40839 11752
229 38037 6828
230 39084 5000
231 45810 7902
232 46242 4889
233 40887 9297
234 38577 2983
235 40254 4082
236 45736 3577
237 37572 44321
238 40968 44002
239 41515 43929
240 39992 43929
241 41029 44253
242 39992 43227
243 40176 42741
244 41504 42633
245 41634 43065
246 39409 41661
247 40478 41769
248 41580 41553
249 43547 18646
250 77658 5838
251 77418 4950
252 82239 14175
253 77800 14445
254 79342 13905
255 75870 13480
256 76101 12709
257 67748 5481
258 78276 6422
259 78003 7155
260 78373 7474
261 80727 5295
262 79908 4609
263 77347 8312
264 82971 9517
265 78003 2745
266 80362 6723
267 79777 8389
268 79186 9180
269 81722 7796
270 81371 8403
271 81297 7035
272 74074 16011
273 76986 17010
274 74556 14475
275 82353 13249
276 70494 5913
277 82936 8466
278 72665 5859
279 71527 6345
280 73672 3003
281 78390 10965
282 75465 10827
283 78565 10890
284 79177 5310
285 81223 9469
286 79687 13972
287 79214 4185
288 78890 9888
289 79141 9990
290 74473 4062
291 77027 4223
292 80379 13480
293 69198 6075
294 68157 5850
295 68707 4725
296 77976 9180
297 68272 6885
298 75141 11965
299 80070 11552
300 82795 10957
301 76602 9469
302 81477 10350
303 75132 5625
304 77350 15210
305 80510 14917
306 70728 4686
307 68541 4300
308 75260 15139
309 80845 11783
310 79974 12690
311 77393 15910
312 76349 6075
313 76686 4155
314 79353 13287
315 80031 17246
316 73990 5400
317 81339 11050
318 79726 12240
319 81459 12645
320 82615 12375
321 78581 17685
322 77679 16527
323 76224 3855
324 71800 4300
325 73017 3915
326 75367 3483
327 77382 13635
328 67986 6306
329 67203 6390
330 80417 15679
331 80185 16425
332 68256 7380
333 44536 44955
334 48267 8755
335 47953 11280
336 72238 13383
337 8065 2603
338 60129 2565
339 66123 2565
340 7884 42
341 8364 42
342 54444 47522
343 54540 47522
344 54924 47522
345 55788 47522
346 55116 47522
347 55692 47522
348 54348 47522
349 54636 47522
350 54732 47522
351 55596 47522
352 55404 47522
353 55212 47522
354 56652 47522
355 56172 47522
356 55500 47522
357 56556 47522
358 56076 47522
359 55020 47522
360 55980 47522
361 55884 47522
362 56460 47522
363 56268 47522
364 56364 47522
365 54828 47522
366 45708 47522
367 8076 42
368 52332 42
369 51756 42
370 50604 42
371 52140 47522
372 66348 42
373 49836 42
374 50796 42
375 49740 42
376 49452 42
377 49548 42
378 7980 42
379 52908 42
380 51276 42
381 50700 42
382 54156 47522
383 65868 42
384 50508 42
385 56748 42
386 52428 42
387 53388 42
388 54156 42
389 49644 42
390 54252 47522
391 50220 42
392 50124 42
393 51468 42
394 64812 42
395 55308 47522
396 67692 47522
397 60492 42
398 55020 42
399 46860 42
400 47148 47522
401 46476 47522
402 47052 47522
403 46956 47522
404 45804 47522
405 38700 47522
406 44076 47522
407 41868 47522
408 40236 47522
409 40812 47522
410 42540 47522
411 43884 47522
412 39276 47522
413 43020 47522
414 44268 47522
415 42060 47522
416 43500 47522
417 39948 47522
418 41772 47522
419 42444 47522
420 44172 47522
421 38796 47522
422 43212 47522
423 44364 47522
424 41676 47522
425 40140 47522
426 41580 47522
427 44556 47522
428 42252 47522
429 44748 47522
430 42156 47522
431 40716 47522
432 41484 47522
433 42636 47522
434 44652 47522
435 39180 47522
436 43308 47522
437 47340 47522
438 46860 47522
439 47916 42
440 49068 42
441 48300 42
442 47628 42
443 48204 42
444 46380 42
445 46764 42
446 46668 42
447 46476 42
448 48012 42
449 48396 42
450 46956 42
451 47532 42
452 48492 42
453 47340 42
454 47244 42
455 46188 42
456 46092 42
457 48876 42
458 47820 42
459 47148 42
460 48780 42
461 49164 42
462 47436 42
463 48108 42
464 48972 42
465 48684 42
466 48588 42
467 47052 42
468 47724 42
469 49356 42
470 49260 42
471 46668 47522
472 69036 47522
473 45228 47522
474 91085 32940
475 70764 47522
476 71436 47522
477 75084 47522
478 71052 47522
479 70860 47522
480 71148 47522
481 74988 47522
482 72300 47522
483 74604 47522
484 74796 47522
485 72588 47522
486 71244 47522
487 73644 47522
488 70956 47522
489 72012 47522
490 73548 47522
491 74892 47522
492 71628 47522
493 73356 47522
494 71724 47522
495 72684 47522
496 91085 29388
497 73740 47522
498 70284 47522
499 71820 47522
500 71340 47522
501 71532 47522
502 72204 47522
503 74028 47522
504 74124 47522
505 74316 47522
506 8172 42
507 37740 47522
508 37836 47522
509 37932 47522
510 38988 47522
511 41196 47522
512 40524 47522
513 40620 47522
514 39660 47522
515 39756 47522
516 40044 47522
517 8268 42
518 38028 47522
519 39084 47522
520 40908 47522
521 38220 47522
522 38124 47522
523 38604 47522
524 38892 47522
525 40332 47522
526 39372 47522
527 39564 47522
528 39468 47522
529 41004 47522
530 41100 47522
531 39852 47522
532 40428 47522
533 41292 47522
534 41388 47522
535 38316 47522
536 38412 47522
537 38508 47522
538 39756 42
539 42348 47522
540 39180 42
541 39276 42
542 39372 42
543 39468 42
544 39852 42
545 35340 42
546 35436 42
547 40908 42
548 42060 42
549 42156 42
550 40620 42
551 39564 42
552 43116 42
553 43500 42
554 43308 42
555 45804 42
556 42924 42
557 45708 42
558 44364 42
559 44460 42
560 42828 42
561 41292 42
562 39660 42
563 40332 42
564 40428 42
565 36204 42
566 39948 42
567 40044 42
568 40140 42
569 40236 42
570 35820 42
571 40524 42
572 41964 47522
573 43116 47522
574 71916 47522
575 73932 47522
576 73164 47522
577 73836 47522
578 74700 47522
579 73260 47522
580 74508 47522
581 72972 47522
582 72876 47522
583 74220 47522
584 74412 47522
585 73068 47522
586 72492 47522
587 72396 47522
588 73452 47522
589 72780 47522
590 70188 47522
591 72108 47522
592 70380 47522
593 44460 47522
