0 331838 70950
1 311525 76573
2 380852 161771
3 333923 127596
4 288447 102822
5 312406 129414
6 346318 103167
7 391248 162211
8 366890 36633
9 403332 50507
10 383371 100688
11 407842 95480
12 427768 84160
13 290734 110270
14 403218 102760
15 378868 232489
16 483930 182296
17 473739 156888
18 204557 140070
19 228794 140177
20 273869 113672
21 147487 96394
22 224495 248855
23 137148 128885
24 286483 51210
25 144952 131444
26 508765 189733
27 277292 98806
28 446145 133032
29 449672 207496
30 145135 67435
31 295481 77420
32 130281 131419
33 493525 114223
34 587785 129272
35 531861 110345
36 243715 45400
37 218424 22532
38 258841 76572
39 531389 138822
40 279427 41196
41 253363 94926
42 231264 210551
43 198412 41982
44 124547 66062
45 200223 125066
46 425247 109727
47 448293 226333
48 130040 32287
49 160795 247683
50 113213 193489
51 442982 212040
52 501430 243250
53 401201 258374
54 170542 89656
55 443701 235327
56 156102 106009
57 189400 202360
58 203377 154985
59 93006 104862
60 137716 172400
61 156452 210051
62 206497 184480
63 125488 27141
64 108474 100240
65 432204 168563
66 482102 232730
67 445639 248239
68 209043 197328
69 438322 265825
70 113121 63850
71 433499 254800
72 139805 158295
73 468574 258872
74 438492 275000
75 141893 167197
76 486985 244697
77 429478 279951
78 453668 172953
79 419542 146283
80 280176 132006
81 382538 192780
82 378442 280840
83 428992 233400
84 486862 130275
85 518179 171128
86 554040 150600
87 526927 253875
88 559624 171175
89 386822 274530
90 394960 193273
91 292710 267435
92 306529 238137
93 285811 241865
94 280681 242891
95 361149 288120
96 315125 292288
97 289180 315560
98 255444 309711
99 266844 308311
100 574328 228502
101 589527 275590
102 593924 233832
103 533597 162762
104 557042 215566
105 483430 301103
106 500675 306086
107 512520 99266
108 455825 36024
109 492397 39250
110 509900 238294
111 515707 4900
112 518953 8866
113 341164 218680
114 328842 201600
115 314097 175400
116 307040 181300
117 300390 187600
118 296932 201880
119 333450 208600
120 322572 179550
121 326854 187400
122 300162 176960
123 296991 200200
124 294462 217560
125 303208 187133
126 287068 199888
127 275704 220876
128 292220 231700
129 302860 237650
130 284766 250815
131 321015 242511
132 289004 259215
133 294090 268261
134 313711 257133
135 291080 248640
136 280720 271526
137 324791 260600
138 333260 264250
139 322240 261000
140 284002 281866
141 341511 267400
142 329745 267400
143 346607 274050
144 336764 276111
145 286116 290150
146 343140 284511
147 337592 291480
148 349334 295120
149 342950 301560
150 354744 308969
151 329650 309866
152 336384 318422
153 344850 323400
154 341382 322000
155 262200 319025
156 328320 322323
157 281010 322933
158 318725 197750
159 295792 215320
160 302226 227733
161 300136 229133
162 278132 243200
163 309814 244160
164 316160 253909
165 366294 201637
166 339611 225800
167 312075 183400
168 278582 232244
169 272514 239400
170 284468 236040
171 352592 286300
172 350704 274400
173 337012 301350
174 347738 304080
175 363964 320600
176 352260 315560
177 324785 10353
178 516700 53800
179 474240 297338
180 331664 218680
181 323475 214200
182 285886 205800
183 322974 234173
184 340646 252700
185 519574 263609
186 636786 77950
187 627485 161367
188 570268 92152
189 602524 101350
190 610471 243649
191 629394 261016
192 636135 100422
193 557814 104590
194 535446 207055
195 575496 231852
196 608976 247025
197 606574 166628
198 573238 116524
199 512240 326200
200 550412 257775
201 639734 119648
202 525335 289324
203 610616 164661
204 640294 175481
205 614017 120698
206 562056 240022
207 569672 139844
208 621560 82943
209 584254 188790
210 624972 147125
211 598892 78559
212 644100 158200
213 361744 144316
214 355164 161500
215 339391 167618
216 343140 158822
217 407027 310100
218 429922 310800
219 429922 312900
220 422227 314300
221 417572 322700
222 425457 321300
223 430112 319900
224 412062 312200
225 412062 318500
226 409402 322000
227 403037 322700
228 400472 312900
229 385462 310800
230 386697 324100
231 394392 322000
232 398287 318500
233 382422 313600
234 392587 313600
235 383277 319200
236 381377 324800
237 404937 301000
238 415007 294700
239 426312 303800
240 411872 299600
241 408721 290733
242 421372 301000
243 434577 301700
244 422322 294700
245 432107 298900
246 430777 294700
247 416432 305200
248 418047 310100
249 403650 143080
250 581754 138413
251 374590 29008
252 371112 76247
253 357086 35157
254 574306 213266
255 253147 195593
256 338782 205800
257 330437 191800
258 324240 227021
259 337385 241800
260 351110 294073
261 351310 310927
262 255258 201133
263 255576 200103
264 253613 197851
265 222281 144651
266 226803 145040
267 224231 141960
268 230200 149258
269 266376 57003
270 230114 198212
271 135648 76730
272 119686 145530
273 226620 205167
274 228079 199658
275 180401 243283
276 192458 236430
277 185605 240664
278 189564 241567
279 177650 240122
280 186620 231593
281 183154 236175
282 203735 222148
283 177956 237141
284 152288 234161
285 158441 238225
286 160317 240303
287 155266 232264
288 159397 227838
289 166630 230813
290 168007 227150
291 177171 222961
292 314830 314533
293 520085 309070
294 505562 293800
295 489838 268022
296 561378 287500
297 449844 298872
298 471854 302400
299 475152 302120
300 504893 70733
301 513993 80015
302 447510 12894
303 484072 279200
304 463570 269412
305 486786 13372
306 431016 18429
307 499043 321109
308 457741 321300
309 483920 317210
310 452643 317488
311 512769 322500
312 477410 94048
313 461914 58072
314 295260 301000
315 5157 17000
316 140 20300
317 140 14700
318 518750 330210
319 506430 330210
320 495230 330210
321 500830 330210
322 507550 330210
323 509790 330210
324 450430 330210
325 453790 330210
326 460510 330210
327 469470 330210
328 494110 330210
329 485150 330210
330 504190 330210
331 517630 330210
332 481790 330210
333 516510 330210
334 514270 330210
335 489630 330210
336 488510 330210
337 480670 330210
338 466110 330210
339 467230 330210
340 498590 330210
341 492990 330210
342 515390 140
343 140 18060
344 468350 330210
345 482910 330210
346 473950 330210
347 497470 330210
348 478430 330210
349 303710 330210
350 284670 330210
351 266750 330210
352 426910 330210
353 464990 330210
354 140 19180
355 422430 330210
356 471710 330210
357 425790 330210
358 424670 330210
359 436990 330210
360 434750 330210
361 423550 330210
362 479550 330210
363 428030 330210
364 431390 330210
365 290270 140
366 432510 330210
367 456030 330210
368 463870 330210
369 388830 330210
370 461630 330210
371 484030 330210
372 476190 330210
373 302590 140
374 303710 140
375 329470 140
376 326110 140
377 368670 140
378 365310 140
379 389950 140
380 378750 140
381 347390 140
382 304830 140
383 320510 140
384 322750 140
385 296990 140
386 367550 140
387 360830 140
388 346270 140
389 361950 140
390 300350 140
391 292510 140
392 357470 140
393 294750 140
394 327230 140
395 366430 140
396 356350 140
397 342910 140
398 364190 140
399 308190 140
400 293630 140
401 324990 140
402 301470 140
403 328350 140
404 359710 140
405 363070 140
406 335070 140
407 352990 140
408 354110 140
409 345150 140
410 350750 140
411 341790 140
412 355230 140
413 386590 140
414 377630 140
415 295870 140
416 299230 140
417 321630 140
418 305950 140
419 298110 140
420 317150 140
421 318270 140
422 314910 140
423 349630 140
424 309310 140
425 344030 140
426 339550 140
427 312670 140
428 310430 140
429 311550 140
430 313790 140
431 316030 140
432 291390 140
433 319390 140
434 323870 140
435 331710 140
436 336190 140
437 330590 140
438 351870 140
439 332830 140
440 333950 140
441 340670 140
442 338430 140
443 348510 140
444 337310 140
445 358590 140
446 307070 140
447 388830 140
448 506430 140
449 514270 140
450 656570 145740
451 548990 330210
452 656570 158060
453 656570 167020
454 559070 330210
455 512030 330210
456 491870 330210
457 581470 330210
458 578110 330210
459 572510 330210
460 553470 330210
461 656570 169260
462 562430 330210
463 575870 330210
464 566910 330210
465 515390 330210
466 568030 330210
467 550110 330210
468 565790 330210
469 564670 330210
470 569150 330210
471 555710 330210
472 656570 141260
473 551230 330210
474 541150 330210
475 656570 162540
476 656570 160300
477 656570 164780
478 656570 152460
479 656570 146860
480 656570 159180
481 656570 170380
482 140 16940
483 496350 330210
484 501950 330210
485 499710 330210
486 503070 330210
487 490750 330210
488 486270 330210
489 475070 330210
490 451550 330210
491 459390 330210
492 462750 330210
493 140 15820
494 458270 330210
495 452670 330210
496 449310 330210
497 447070 330210
498 448190 330210
499 454910 330210
500 510910 330210
501 487390 330210
502 470590 330210
503 472830 330210
504 520990 330210
505 477310 330210
506 457150 330210
507 523230 330210
508 524350 330210
509 513150 330210
510 519870 330210
511 522110 330210
512 508670 330210
513 505310 330210
514 495230 140
515 498590 140
516 477310 140
517 468350 140
518 484030 140
519 456030 140
520 497470 140
521 494110 140
522 503070 140
523 508670 140
524 509790 140
525 450430 140
526 374270 140
527 467230 140
528 375390 140
529 376510 140
530 379870 140
531 380990 140
532 393310 140
533 485150 140
534 469470 140
535 480670 140
536 457150 140
537 504190 140
538 435870 140
539 496350 140
540 501950 140
541 391070 140
542 394430 140
543 392190 140
544 425790 140
545 414590 140
546 402270 140
547 481790 140
548 499710 140
549 500830 140
550 656570 163660
551 576990 330210
552 580350 330210
553 561310 330210
554 556830 330210
555 552350 330210
556 557950 330210
557 570270 330210
558 571390 330210
559 554590 330210
560 574750 330210
561 573630 330210
562 563550 330210
563 547870 330210
564 579230 330210
565 560190 330210
566 656570 139020
567 656570 161420
568 656570 144620
569 513150 140
