Instance ID x_center y_center
0 70750.0 140.0
1 40510.0 140.0
2 64030.0 140.0
3 41630.0 140.0
4 38270.0 140.0
5 37150.0 140.0
6 58430.0 140.0
7 57310.0 140.0
8 59550.0 140.0
9 33790.0 140.0
10 32670.0 140.0
11 43870.0 140.0
12 65150.0 140.0
13 69630.0 140.0
14 44990.0 140.0
15 46110.0 140.0
16 28190.0 140.0
17 68510.0 140.0
18 25950.0 140.0
19 49470.0 140.0
20 24830.0 140.0
21 23710.0 140.0
22 60670.0 140.0
23 47230.0 140.0
24 42750.0 140.0
25 66270.0 140.0
26 22590.0 140.0
27 48350.0 140.0
28 34910.0 140.0
29 27070.0 140.0
30 36030.0 140.0
31 61790.0 140.0
32 50590.0 140.0
33 20350.0 140.0
34 21470.0 140.0
35 53950.0 140.0
36 39390.0 140.0
37 19230.0 140.0
38 18110.0 140.0
39 51710.0 140.0
40 14750.0 140.0
41 13630.0 140.0
42 29310.0 140.0
43 52830.0 140.0
44 62910.0 140.0
45 12510.0 140.0
46 16990.0 140.0
47 67390.0 140.0
48 56190.0 140.0
49 31550.0 140.0
50 15870.0 140.0
51 55070.0 140.0
52 11390.0 140.0
53 30430.0 140.0
54 23940.0 18200.0
55 26980.0 26600.0
56 38570.0 29400.0
57 47690.0 29400.0
58 28310.0 26600.0
59 17860.0 29400.0
60 10450.0 18200.0
61 12920.0 29400.0
62 11210.0 29400.0
63 12730.0 26600.0
64 54150.0 21000.0
65 73150.0 23800.0
66 74290.0 18200.0
67 76190.0 12600.0
68 59470.0 18200.0
69 45790.0 35000.0
70 54530.0 32200.0
71 68210.0 37800.0
72 72580.0 40600.0
73 53390.0 26600.0
74 28310.0 23800.0
76 34960.0 7000.0
77 33060.0 7000.0
81 26410.0 7000.0
82 31350.0 7000.0
84 29450.0 7000.0
85 28500.0 4200.0
88 19380.0 7000.0
89 22040.0 7000.0
90 29830.0 4200.0
91 28500.0 9800.0
92 27740.0 7000.0
93 58520.0 15400.0
95 62130.0 21000.0
96 62510.0 18200.0
97 60990.0 21000.0
98 63460.0 23800.0
99 59090.0 29400.0
100 56240.0 21000.0
101 55290.0 21000.0
102 59850.0 37800.0
103 64790.0 23800.0
104 67640.0 23800.0
105 65550.0 21000.0
106 64030.0 26600.0
107 63650.0 40600.0
108 59850.0 40600.0
109 59090.0 26600.0
110 60800.0 29400.0
111 62320.0 37800.0
112 60990.0 43400.0
113 48640.0 35000.0
114 45790.0 37800.0
115 47310.0 35000.0
116 48450.0 40600.0
117 50350.0 35000.0
118 53580.0 37800.0
119 52630.0 32200.0
120 51870.0 40600.0
121 46170.0 49000.0
122 67070.0 35000.0
123 67640.0 32200.0
124 68970.0 32200.0
125 67830.0 43400.0
126 71630.0 40600.0
127 74100.0 37800.0
128 68590.0 40600.0
129 70110.0 40600.0
130 62890.0 43400.0
131 47310.0 43400.0
132 41990.0 43400.0
133 47690.0 37800.0
134 46550.0 40600.0
135 36480.0 46200.0
136 69540.0 46200.0
137 67450.0 40600.0
138 70110.0 43400.0
139 37240.0 46200.0
140 38570.0 49000.0
141 40850.0 46200.0
142 9500.0 9800.0
143 7790.0 35000.0
144 8360.0 37800.0
145 6270.0 35000.0
146 8550.0 40600.0
147 8170.0 46200.0
148 12160.0 29400.0
149 10830.0 32200.0
150 12730.0 32200.0
151 10450.0 35000.0
152 12730.0 43400.0
153 10830.0 23800.0
154 14060.0 23800.0
155 15770.0 21000.0
156 9690.0 37800.0
157 5890.0 40600.0
158 17860.0 32200.0
159 15390.0 40600.0
160 13870.0 40600.0
161 23750.0 23800.0
162 24700.0 18200.0
163 23370.0 21000.0
164 23750.0 35000.0
165 27550.0 29400.0
166 28880.0 29400.0
167 28310.0 32200.0
168 26410.0 35000.0
169 22990.0 46200.0
170 30020.0 43400.0
171 34390.0 32200.0
172 39520.0 29400.0
173 37050.0 32200.0
174 33630.0 37800.0
175 35150.0 46200.0
176 46170.0 32200.0
177 48640.0 26600.0
178 47690.0 32200.0
179 44650.0 40600.0
180 43510.0 46200.0
181 32110.0 46200.0
182 31730.0 43400.0
183 34390.0 40600.0
184 37430.0 40600.0
185 34010.0 35000.0
186 35150.0 37800.0
187 33060.0 40600.0
188 29070.0 40600.0
189 25080.0 35000.0
190 29260.0 35000.0
191 22040.0 35000.0
192 27170.0 40600.0
193 30590.0 40600.0
194 11400.0 37800.0
195 13870.0 37800.0
196 19570.0 32200.0
197 17480.0 35000.0
198 16340.0 35000.0
199 16150.0 37800.0
200 28310.0 37800.0
201 32110.0 35000.0
202 40850.0 23800.0
203 33630.0 12600.0
204 42180.0 15400.0
205 60420.0 15400.0
206 38380.0 15400.0
207 61940.0 15400.0
208 35530.0 12600.0
210 60610.0 12600.0
211 36670.0 9800.0
213 60040.0 4200.0
214 55480.0 4200.0
215 62510.0 7000.0
216 35530.0 18200.0
217 38570.0 18200.0
218 26220.0 18200.0
219 61370.0 37800.0
220 59090.0 43400.0
221 64980.0 40600.0
222 56620.0 40600.0
223 58330.0 40600.0
224 33820.0 46200.0
225 21660.0 43400.0
226 22990.0 40600.0
227 31920.0 40600.0
228 20900.0 40600.0
229 21850.0 40600.0
230 22420.0 37800.0
231 32490.0 15400.0
232 22990.0 15400.0
233 27550.0 18200.0
234 26030.0 12600.0
235 28120.0 12600.0
236 29640.0 12600.0
237 24890.0 12600.0
238 21280.0 18200.0
239 64220.0 43400.0
240 78280.0 21000.0
241 63080.0 21000.0
242 61560.0 49000.0
243 60610.0 23800.0
244 61940.0 23800.0
245 66500.0 46200.0
246 64030.0 46200.0
247 62130.0 46200.0
248 60420.0 49000.0
249 56050.0 51800.0
250 55480.0 49000.0
251 59470.0 51800.0
252 61370.0 51800.0
253 53010.0 43400.0
254 51870.0 43400.0
255 49400.0 51800.0
256 66500.0 40600.0
257 72770.0 43400.0
258 58140.0 51800.0
259 53010.0 51800.0
260 44270.0 51800.0
261 27360.0 46200.0
262 29450.0 49000.0
263 32680.0 49000.0
264 41990.0 51800.0
265 41990.0 49000.0
266 31160.0 51800.0
267 29450.0 51800.0
268 27550.0 51800.0
269 22230.0 51800.0
270 30780.0 35000.0
271 28120.0 35000.0
272 43130.0 40600.0
273 48830.0 43400.0
274 27360.0 49000.0
275 24320.0 49000.0
276 21470.0 54600.0
277 21470.0 49000.0
278 23560.0 49000.0
279 23940.0 51800.0
280 22610.0 49000.0
281 18050.0 15400.0
282 19190.0 15400.0
283 19570.0 12600.0
284 23180.0 9800.0
285 24700.0 9800.0
286 20710.0 12600.0
287 11780.0 18200.0
288 34580.0 49000.0
289 34580.0 43400.0
290 33250.0 43400.0
291 26220.0 40600.0
292 28690.0 43400.0
293 37430.0 43400.0
294 38760.0 43400.0
295 36290.0 43400.0
296 27170.0 43400.0
297 23370.0 43400.0
298 22420.0 43400.0
299 25840.0 43400.0
300 24510.0 43400.0
301 14250.0 15400.0
302 12730.0 15400.0
303 8170.0 15400.0
304 11400.0 12600.0
305 13680.0 9800.0
306 10070.0 12600.0
307 14820.0 18200.0
308 25650.0 46200.0
309 26220.0 49000.0
310 31350.0 49000.0
311 50730.0 51800.0
312 50920.0 49000.0
313 64030.0 49000.0
314 68590.0 49000.0
315 52250.0 49000.0
316 49400.0 49000.0
317 47690.0 46200.0
318 14060.0 35000.0
319 12920.0 35000.0
320 13680.0 43400.0
321 17860.0 46200.0
322 14440.0 46200.0
323 16530.0 49000.0
324 12540.0 49000.0
325 11590.0 49000.0
326 10450.0 49000.0
327 9500.0 46200.0
328 11210.0 46200.0
329 15390.0 15400.0
330 9310.0 15400.0
331 13870.0 12600.0
332 13300.0 7000.0
333 11780.0 7000.0
334 10450.0 9800.0
335 13300.0 18200.0
336 17860.0 43400.0
337 20710.0 43400.0
338 19570.0 43400.0
339 4560.0 43400.0
340 16720.0 43400.0
341 18430.0 40600.0
342 12350.0 40600.0
343 11400.0 40600.0
344 7030.0 40600.0
345 10450.0 43400.0
346 9120.0 43400.0
347 5320.0 43400.0
348 7600.0 43400.0
349 11590.0 43400.0
350 11590.0 15400.0
351 10450.0 15400.0
352 12730.0 12600.0
353 11400.0 4200.0
354 12920.0 4200.0
355 10450.0 7000.0
356 22800.0 18200.0
357 6270.0 43400.0
358 15200.0 49000.0
359 19760.0 51800.0
360 18430.0 51800.0
361 17670.0 49000.0
362 10260.0 40600.0
363 12920.0 46200.0
364 16150.0 46200.0
365 17100.0 46200.0
366 17290.0 37800.0
367 19950.0 37800.0
368 18620.0 37800.0
369 19570.0 35000.0
370 20330.0 15400.0
371 21470.0 15400.0
372 22990.0 12600.0
373 46740.0 7000.0
374 42560.0 7000.0
375 38190.0 9800.0
376 59280.0 21000.0
377 56620.0 18200.0
378 61180.0 18200.0
379 57760.0 18200.0
380 56810.0 15400.0
381 58520.0 4200.0
382 57000.0 4200.0
383 61370.0 7000.0
384 61940.0 26600.0
385 64980.0 15400.0
386 63460.0 15400.0
387 59470.0 12600.0
388 58900.0 7000.0
389 56240.0 9800.0
390 60230.0 7000.0
391 59660.0 46200.0
392 53200.0 15400.0
393 51680.0 15400.0
394 54530.0 15400.0
395 50920.0 9800.0
396 48640.0 9800.0
397 46930.0 12600.0
398 61560.0 40600.0
399 66500.0 15400.0
400 64600.0 12600.0
401 63270.0 12600.0
402 70300.0 9800.0
403 70300.0 7000.0
404 71630.0 9800.0
405 65930.0 49000.0
406 70680.0 49000.0
407 67260.0 49000.0
408 69730.0 49000.0
409 66880.0 18200.0
410 65360.0 18200.0
411 64030.0 18200.0
412 66500.0 12600.0
413 66880.0 9800.0
414 68210.0 9800.0
415 54720.0 40600.0
416 55480.0 23800.0
417 53960.0 23800.0
418 54910.0 26600.0
419 49020.0 29400.0
420 50540.0 26600.0
421 51870.0 26600.0
422 40850.0 51800.0
423 46740.0 51800.0
424 43130.0 54600.0
425 47500.0 23800.0
426 43320.0 21000.0
427 44650.0 21000.0
428 45220.0 12600.0
429 43700.0 12600.0
430 43890.0 18200.0
431 43510.0 43400.0
432 38380.0 46200.0
433 44650.0 43400.0
434 45980.0 23800.0
435 44460.0 23800.0
436 60230.0 26600.0
437 66500.0 29400.0
438 67260.0 26600.0
439 62130.0 29400.0
440 34960.0 21000.0
441 65550.0 46200.0
442 59470.0 49000.0
443 55480.0 46200.0
444 53200.0 49000.0
445 62890.0 49000.0
446 57950.0 46200.0
447 56810.0 46200.0
448 53200.0 46200.0
449 51300.0 46200.0
450 32490.0 18200.0
451 40090.0 21000.0
452 33630.0 21000.0
453 37240.0 23800.0
454 31540.0 21000.0
455 32490.0 26600.0
456 37810.0 21000.0
458 67830.0 7000.0
459 68970.0 15400.0
461 71250.0 15400.0
462 47690.0 4200.0
463 30020.0 26600.0
464 25650.0 26600.0
465 25270.0 29400.0
466 41610.0 4200.0
467 29260.0 21000.0
468 27550.0 21000.0
469 25270.0 21000.0
470 35910.0 4200.0
471 54150.0 9800.0
472 15200.0 29400.0
473 15390.0 32200.0
474 9310.0 29400.0
476 34770.0 4200.0
477 12160.0 9800.0
478 12730.0 23800.0
479 10450.0 26600.0
480 49970.0 4200.0
481 14440.0 21000.0
482 12730.0 21000.0
483 10450.0 21000.0
484 44650.0 7000.0
485 19190.0 23800.0
486 16910.0 23800.0
487 68970.0 4200.0
488 69350.0 18200.0
489 71630.0 18200.0
490 46550.0 4200.0
491 66500.0 23800.0
492 68970.0 23800.0
493 71250.0 23800.0
494 48830.0 4200.0
495 52060.0 18200.0
496 49590.0 23800.0
497 49970.0 18200.0
498 53390.0 4200.0
499 65360.0 35000.0
500 69730.0 37800.0
501 72390.0 37800.0
502 40470.0 4200.0
503 70680.0 32200.0
504 68970.0 35000.0
505 71250.0 35000.0
506 50730.0 7000.0
507 52440.0 37800.0
508 52250.0 35000.0
509 54530.0 35000.0
510 39330.0 4200.0
511 38760.0 35000.0
512 43130.0 35000.0
513 40850.0 35000.0
514 52250.0 7000.0
515 47500.0 26600.0
516 44650.0 32200.0
517 43890.0 26600.0
518 52250.0 4200.0
519 38380.0 7000.0
520 37810.0 26600.0
521 35530.0 26600.0
522 17670.0 4200.0
523 24510.0 4200.0
524 32490.0 9800.0
525 64410.0 4200.0
526 26790.0 15400.0
527 19190.0 9800.0
528 5890.0 12600.0
529 5890.0 9800.0
530 7030.0 4200.0
531 41990.0 9800.0
532 74670.0 4200.0
533 60230.0 9800.0
534 50730.0 12600.0
535 76190.0 9800.0
536 70490.0 12600.0
537 53010.0 29400.0
538 45790.0 15400.0
539 62510.0 32200.0
540 33250.0 23800.0
541 75810.0 15400.0
542 24510.0 32200.0
543 19570.0 21000.0
544 5890.0 32200.0
545 5890.0 26600.0
546 5890.0 21000.0
547 17290.0 26600.0
548 73910.0 21000.0
549 76190.0 26600.0
550 50350.0 21000.0
551 76190.0 40600.0
552 76190.0 35000.0
553 59090.0 35000.0
554 41610.0 37800.0
555 43890.0 29400.0
556 34770.0 29400.0
