0 14592 3278
1 36048 32098
2 29256 18289
3 13434 11395
4 55302 4165
5 3905 12280
6 28657 30495
7 66237 3478
8 26062 54987
9 28893 58878
10 36463 851
11 20926 55392
12 44597 36421
13 20379 28221
14 44118 13396
15 12156 49797
16 12676 47052
17 45082 34671
18 5695 60217
19 16361 49615
20 10328 38427
21 47400 25203
22 9116 6006
23 29871 37930
24 10458 30512
25 13238 49823
26 36434 59429
27 47819 21319
28 48520 46566
29 27460 34993
30 9358 22431
31 32087 21417
32 60589 49735
33 35382 28785
34 42504 7331
35 30021 4207
36 41347 52581
37 35093 8675
38 27653 41245
39 27869 65435
40 51856 60142
41 18726 34718
42 18301 32325
43 34438 56155
44 52350 47447
45 28746 18131
46 66784 64686
47 11915 6175
48 14371 20033
49 20969 55333
50 8326 50432
51 50019 61348
52 32953 1504
53 15014 34973
54 44587 14621
55 38469 56985
56 20730 59470
57 425 34522
58 65612 23416
59 66542 13947
60 39117 66540
61 26071 20032
62 49009 21174
63 74 42487
64 64042 2552
65 14662 47576
66 40306 31385
67 7592 31571
68 10322 11226
69 63699 9071
70 16483 16828
71 62296 21643
72 34741 55461
73 27760 26365
74 40857 52296
75 48944 57422
76 67839 59177
77 15860 32493
78 29451 8392
79 44313 2757
80 30161 28864
81 942 9305
82 7716 30007
83 8834 4117
84 43309 9287
85 67391 31195
86 36500 63624
87 28080 17342
88 61953 31850
89 61993 53354
90 24957 12363
91 12704 56498
92 46438 55519
93 53883 61213
94 7100 12899
95 7944 52772
96 44473 14322
97 32591 25112
98 24931 58800
99 18373 55296
100 24050 36509
101 60637 32742
102 9880 58082
103 12833 6630
104 1934 12224
105 30982 21798
106 53269 63653
107 63092 28016
108 52565 7685
109 21579 49672
110 282 51173
111 34760 59638
112 37388 55444
113 63788 20289
114 24890 38890
115 28534 7665
116 7989 41104
117 7492 6572
118 62493 65909
119 20635 7455
120 66562 10500
121 24356 8981
122 8907 30828
123 52923 15713
124 32271 5209
125 10745 54948
126 41467 34179
127 26772 41180
128 31285 34814
129 51876 17154
130 39321 59929
131 41441 9508
132 1220 60068
133 13104 9602
134 27938 66307
135 34760 17361
136 45745 9016
137 32018 48434
138 37353 20676
139 57433 39651
140 1025 39240
141 13577 17601
142 34664 15129
143 14029 20374
144 35697 36930
145 27607 44942
146 26685 34600
147 66244 64032
148 32914 6658
149 12097 55518
150 36265 5778
151 464 43719
152 17146 34335
153 21178 57912
154 56057 1267
155 14663 9862
156 19536 4722
157 48393 19410
158 56333 16704
159 5482 40404
160 47795 5229
161 46898 27535
162 32706 13473
163 46357 53264
164 20257 31029
165 21299 23206
166 54040 3248
167 23509 43540
168 53964 32527
169 34970 20866
170 14168 50140
171 5075 61694
172 29154 26158
173 60332 45830
174 40001 29831
175 29219 3101
176 25313 52227
177 43025 36517
178 9099 36585
179 46025 66768
180 52386 43404
181 3617 15118
182 34237 23405
183 34795 5014
184 14208 56959
185 45309 41114
186 57199 67033
187 15157 50488
188 24914 33386
189 5817 57154
190 221 25825
191 47739 56531
192 9171 43279
193 41145 16334
194 39363 66469
195 40538 53528
196 42753 52743
197 38752 16683
198 25144 55108
199 49695 22810
200 39446 53225
201 53 39829
202 37606 27549
203 56346 42237
204 60946 57905
205 57954 28010
206 67000 62021
207 22241 11114
208 37196 43933
209 12240 30784
210 40687 29444
211 26100 19313
212 3201 6057
213 32092 62277
214 9545 59692
215 54321 25485
216 50328 64799
217 52383 31979
218 19342 726
219 13970 55724
220 28683 23053
221 67889 60889
222 6582 32662
223 15906 59829
224 17477 60901
225 41588 58008
226 66162 55933
227 58446 20861
228 62216 58991
229 33972 32406
230 36347 63517
231 31358 35992
232 57654 10155
233 37450 30735
234 35614 44020
235 41904 10561
236 18136 19769
237 30311 50205
238 20028 28043
239 8418 54377
240 53424 43369
241 61069 54496
242 8161 27110
243 55069 51049
244 2560 49857
245 62518 772
246 46105 39139
247 51116 54921
248 28906 63993
249 28760 35774
250 57125 63654
251 3804 50968
252 44057 52994
253 21632 61261
254 16728 3534
255 51645 3552
256 11003 56179
257 17786 60515
258 23819 6590
259 34099 49689
260 42906 27742
261 59598 42840
262 44236 49692
263 36471 55255
264 33065 10735
265 61644 2540
266 6826 45870
267 29389 8993
268 5276 4067
269 32411 26130
270 2671 19973
271 31266 16544
272 62070 14993
273 28569 60952
274 33586 48351
275 21992 15012
276 21465 40768
277 14168 3365
278 40888 49192
279 51990 25995
280 9961 31830
281 13356 39529
282 15866 5383
283 45508 56148
284 48571 9038
285 66317 44725
286 1658 55057
287 64251 13833
288 56822 47472
289 60258 20052
290 57080 23086
291 68386 35400
292 63372 60931
293 57091 35179
294 42245 32177
295 11359 36559
296 59087 31963
297 60910 49674
298 44092 3761
299 64789 42600
300 23834 63904
301 27802 46507
302 33862 44608
303 36655 36211
304 1330 25042
305 11221 31635
306 53271 64038
307 31499 62402
308 64332 58743
309 2260 12196
310 38566 29045
311 53005 31890
312 40135 48368
313 62031 45056
314 55771 43357
315 46112 59473
316 35509 40189
317 32951 30217
318 15814 25242
319 41359 15670
320 24267 25105
321 28361 63464
322 36241 37093
323 13176 25443
324 38829 29816
325 47301 23519
326 39618 1854
327 16591 35954
328 5965 7146
329 38290 16551
330 64340 13446
331 1607 37268
332 61524 62746
333 57733 44657
334 24164 6734
335 33092 62616
336 14953 8564
337 52521 64454
338 9710 7026
339 19887 19555
340 39824 11164
341 32530 15525
342 54548 29581
343 49856 59049
344 58028 38974
345 56207 40026
346 7894 13006
347 27235 27659
348 34687 10641
349 20585 31439
350 22782 9838
351 20517 350
352 53545 59048
353 61592 38175
354 4278 30340
355 37762 37056
356 59510 9329
357 30595 34675
358 25928 55723
359 15043 29466
360 19528 34816
361 18643 9359
362 7816 21747
363 40319 37828
364 57560 16299
365 61433 39857
366 52757 35683
367 65597 64722
368 57377 10543
369 5224 56626
370 42247 32816
371 3390 11970
372 30005 2719
373 35325 5273
374 22962 61669
375 68021 57963
376 36458 23788
377 57132 64451
378 11959 61605
379 45607 53523
380 43687 42081
381 13710 21079
382 43228 53955
383 64942 37777
384 52488 4809
385 59614 11542
386 41224 33082
387 42372 15194
388 52976 150
389 60552 54165
390 7104 24586
391 67952 47419
392 65338 57939
393 6764 26680
394 35003 17172
395 37752 57424
396 63532 15915
397 3783 31365
398 20758 40730
399 1792 53476
400 12217 29451
401 14871 60482
402 15396 20181
403 65323 38254
404 66698 35838
405 54459 63242
406 61894 31946
407 59871 18958
408 50277 24983
409 66616 17892
410 9150 36208
411 54387 44548
412 66550 35018
413 336 37072
414 39132 64178
415 19476 58529
416 63483 45236
417 43573 49441
418 59682 42176
419 24727 31300
420 50196 30613
421 53841 5720
422 41704 61993
423 49968 50604
424 19936 64923
425 4852 16547
426 65836 43515
427 13154 57711
428 13069 59890
429 2011 18894
430 53736 20232
431 9807 61537
432 34737 44375
433 52098 10527
434 43065 49808
435 41505 63956
436 4705 8968
437 30771 37667
438 29817 11846
439 56881 12903
440 13173 58153
441 21805 39251
442 3794 6028
443 42516 7355
444 38452 46984
445 49131 56450
446 19080 32007
447 54008 23600
448 22280 22946
449 10350 50140
450 31566 65230
451 18758 30433
452 60443 33289
453 60236 33466
454 1231 60981
455 37700 20706
456 9681 57898
457 45293 39210
458 55615 32780
459 59878 39599
460 26111 50422
461 63335 13979
462 31091 49986
463 47049 38780
464 38696 2875
465 51879 35976
466 1061 6428
467 65107 37512
468 30162 46179
469 28705 24920
470 32850 17927
471 12735 5167
472 40492 57779
473 4373 47823
474 17224 11813
475 38680 42823
476 54460 23021
477 26318 17322
478 47953 65771
479 35720 21567
480 33681 63156
481 38684 44396
482 15095 61385
483 9869 18449
484 29571 52089
485 47942 11836
486 51717 1824
487 34663 16199
488 59609 48311
489 34362 49941
490 48689 14201
491 30647 61797
492 3280 42992
493 29015 8285
494 60852 39608
495 53516 15292
496 18320 5943
497 4877 39893
498 64569 15220
499 12739 30775
500 17781 50940
501 59459 48629
502 54935 20253
503 54379 12978
504 64139 53492
505 36666 4288
506 48566 28477
507 58115 58287
508 30947 47537
509 13022 48147
510 47012 7936
511 52184 36160
512 24878 16011
513 59600 12015
514 27801 2799
515 6629 43713
516 31925 16505
517 26896 8992
518 27152 28305
519 30539 43064
520 19340 371
521 36342 18964
522 17038 32853
523 22871 14408
524 3379 17275
525 1947 46955
526 31186 42437
527 2068 22838
528 34782 6868
529 16614 55176
530 14896 8330
531 62422 58756
532 47453 14293
533 59245 66039
534 29038 5683
535 68347 39535
536 60036 4082
537 7972 62781
538 52640 55872
539 14150 64260
540 58138 9632
541 10589 42219
542 19442 8609
543 16540 36046
544 42622 49925
545 38652 59469
546 66263 56387
547 12999 14996
548 28183 56370
549 59186 29949
550 54239 44424
551 59441 52262
552 54524 12463
553 40966 55936
554 40963 33408
555 49060 20006
556 62163 8799
