Instance ID x_center y_center
0 14750.0 80350.0
1 44990.0 80350.0
2 21470.0 80350.0
3 43870.0 80350.0
4 47230.0 80350.0
5 48350.0 80350.0
6 27070.0 80350.0
7 28190.0 80350.0
8 25950.0 80350.0
9 51710.0 80350.0
10 52830.0 80350.0
11 41630.0 80350.0
12 20350.0 80350.0
13 15870.0 80350.0
14 40510.0 80350.0
15 39390.0 80350.0
16 57310.0 80350.0
17 16990.0 80350.0
18 59550.0 80350.0
19 36030.0 80350.0
20 60670.0 80350.0
21 61790.0 80350.0
22 24830.0 80350.0
23 38270.0 80350.0
24 42750.0 80350.0
25 19230.0 80350.0
26 62910.0 80350.0
27 37150.0 80350.0
28 50590.0 80350.0
29 58430.0 80350.0
30 49470.0 80350.0
31 23710.0 80350.0
32 34910.0 80350.0
33 65150.0 80350.0
34 64030.0 80350.0
35 31550.0 80350.0
36 46110.0 80350.0
37 66270.0 80350.0
38 67390.0 80350.0
39 33790.0 80350.0
40 70750.0 80350.0
41 71870.0 80350.0
42 56190.0 80350.0
43 32670.0 80350.0
44 22590.0 80350.0
45 72990.0 80350.0
46 68510.0 80350.0
47 18110.0 80350.0
48 29310.0 80350.0
49 53950.0 80350.0
50 69630.0 80350.0
51 30430.0 80350.0
52 74110.0 80350.0
53 55070.0 80350.0
54 67260.0 57400.0
55 66120.0 63000.0
56 55670.0 49000.0
57 46930.0 54600.0
58 58330.0 57400.0
59 76380.0 57400.0
60 82650.0 63000.0
61 82080.0 54600.0
62 81130.0 54600.0
63 78090.0 57400.0
64 16910.0 54600.0
65 11970.0 60200.0
66 11970.0 65800.0
67 11590.0 68600.0
68 22230.0 63000.0
69 48070.0 46200.0
70 37430.0 43400.0
71 32110.0 49000.0
72 17860.0 46200.0
73 35530.0 57400.0
74 56050.0 60200.0
76 54340.0 68600.0
77 50540.0 74200.0
81 61370.0 77000.0
82 58710.0 74200.0
84 55670.0 77000.0
85 58900.0 77000.0
88 62320.0 71400.0
89 61180.0 71400.0
90 60230.0 77000.0
91 54340.0 77000.0
92 57380.0 77000.0
93 18240.0 68600.0
95 18050.0 63000.0
96 16530.0 65800.0
97 15390.0 65800.0
98 16720.0 63000.0
99 21470.0 51800.0
100 19000.0 54600.0
101 20710.0 49000.0
102 19190.0 46200.0
103 14630.0 57400.0
104 17480.0 60200.0
105 15010.0 54600.0
106 16150.0 57400.0
107 15770.0 40600.0
108 14250.0 40600.0
109 22610.0 51800.0
110 18620.0 51800.0
111 20900.0 43400.0
112 17670.0 40600.0
113 41800.0 49000.0
114 44650.0 43400.0
115 40090.0 46200.0
116 41610.0 40600.0
117 35910.0 43400.0
118 39140.0 49000.0
119 38190.0 46200.0
120 36670.0 40600.0
121 40470.0 35000.0
122 34010.0 51800.0
123 35340.0 51800.0
124 30590.0 49000.0
125 30210.0 40600.0
126 26030.0 46200.0
127 23560.0 49000.0
128 21850.0 46200.0
129 23370.0 46200.0
130 26030.0 40600.0
131 43130.0 37800.0
132 48450.0 37800.0
133 40090.0 40600.0
134 43510.0 40600.0
135 46740.0 40600.0
136 31160.0 43400.0
137 24890.0 46200.0
138 29450.0 43400.0
139 51300.0 37800.0
140 48830.0 35000.0
141 48830.0 32200.0
142 79800.0 68600.0
143 79610.0 49000.0
144 78280.0 49000.0
145 81130.0 49000.0
146 77710.0 43400.0
147 76190.0 40600.0
148 74860.0 54600.0
149 76190.0 51800.0
150 79610.0 54600.0
151 78850.0 46200.0
152 67830.0 40600.0
153 82650.0 60200.0
154 79040.0 65800.0
155 78090.0 60200.0
156 76190.0 46200.0
157 72770.0 46200.0
158 73340.0 54600.0
159 70870.0 46200.0
160 67830.0 46200.0
161 67830.0 54600.0
162 68020.0 57400.0
163 66310.0 57400.0
164 66690.0 49000.0
165 63650.0 60200.0
166 57760.0 63000.0
167 58710.0 63000.0
168 64790.0 49000.0
169 62890.0 35000.0
170 59660.0 37800.0
171 57570.0 51800.0
172 49020.0 51800.0
173 54150.0 49000.0
174 53770.0 46200.0
175 58710.0 37800.0
176 45410.0 54600.0
177 40280.0 57400.0
178 42370.0 51800.0
179 45410.0 40600.0
180 46170.0 37800.0
181 55290.0 35000.0
182 55670.0 37800.0
183 53390.0 43400.0
184 50730.0 43400.0
185 55290.0 46200.0
186 56430.0 46200.0
187 57380.0 43400.0
188 59470.0 43400.0
189 68020.0 49000.0
190 61940.0 46200.0
191 64600.0 46200.0
192 60990.0 43400.0
193 59850.0 46200.0
194 81320.0 46200.0
195 73910.0 43400.0
196 75430.0 57400.0
197 73720.0 51800.0
198 72580.0 51800.0
199 70110.0 49000.0
200 59470.0 49000.0
201 60230.0 51800.0
202 49210.0 60200.0
203 53390.0 68600.0
204 45600.0 65800.0
205 20900.0 65800.0
206 51680.0 57400.0
207 20520.0 68600.0
208 51490.0 71400.0
210 23370.0 71400.0
211 50350.0 71400.0
213 18240.0 74200.0
214 19760.0 74200.0
215 20710.0 77000.0
216 52630.0 54600.0
217 55670.0 57400.0
218 63840.0 65800.0
219 19950.0 43400.0
220 23370.0 40600.0
221 21280.0 37800.0
222 18620.0 43400.0
223 19570.0 40600.0
224 57380.0 37800.0
225 60800.0 37800.0
226 62510.0 40600.0
227 55480.0 40600.0
228 61180.0 46200.0
229 63270.0 43400.0
230 62700.0 49000.0
231 51870.0 63000.0
232 65170.0 65800.0
233 62130.0 68600.0
234 43890.0 71400.0
235 46360.0 74200.0
236 38380.0 74200.0
237 41990.0 71400.0
238 70300.0 60200.0
239 15960.0 37800.0
240 14440.0 63000.0
241 20520.0 60200.0
242 18240.0 37800.0
243 15010.0 60200.0
244 17860.0 57400.0
245 23940.0 37800.0
246 19950.0 37800.0
247 22610.0 37800.0
248 26980.0 35000.0
249 32490.0 35000.0
250 32300.0 32200.0
251 26790.0 32200.0
252 28690.0 32200.0
253 34390.0 40600.0
254 36670.0 37800.0
255 38380.0 35000.0
256 20900.0 46200.0
257 23750.0 43400.0
258 28880.0 35000.0
259 34010.0 32200.0
260 40850.0 32200.0
261 57380.0 35000.0
262 58710.0 35000.0
263 61940.0 32200.0
264 45410.0 32200.0
265 43890.0 32200.0
266 56620.0 32200.0
267 60990.0 32200.0
268 64790.0 32200.0
269 67830.0 32200.0
270 57760.0 49000.0
271 60800.0 49000.0
272 43130.0 43400.0
273 38950.0 40600.0
274 60420.0 35000.0
275 67640.0 37800.0
276 68210.0 35000.0
277 70870.0 35000.0
278 65740.0 35000.0
279 69540.0 32200.0
280 67070.0 35000.0
281 67830.0 65800.0
282 68970.0 65800.0
283 67830.0 68600.0
284 66880.0 71400.0
285 65740.0 77000.0
286 67070.0 77000.0
287 74860.0 63000.0
288 52440.0 35000.0
289 52440.0 37800.0
290 56810.0 40600.0
291 58140.0 43400.0
292 58330.0 40600.0
293 53770.0 37800.0
294 50160.0 40600.0
295 52630.0 40600.0
296 61370.0 40600.0
297 64410.0 43400.0
298 64980.0 37800.0
299 60040.0 40600.0
300 62130.0 43400.0
301 71250.0 65800.0
302 76570.0 65800.0
303 76570.0 68600.0
304 76000.0 71400.0
305 73720.0 71400.0
306 73910.0 77000.0
307 73340.0 63000.0
308 63650.0 37800.0
309 64980.0 35000.0
310 59470.0 32200.0
311 35150.0 35000.0
312 35340.0 37800.0
313 22230.0 35000.0
314 27930.0 35000.0
315 35910.0 32200.0
316 37240.0 35000.0
317 38950.0 37800.0
318 82080.0 49000.0
319 74480.0 46200.0
320 75620.0 43400.0
321 66880.0 37800.0
322 69920.0 37800.0
323 73150.0 35000.0
324 68780.0 37800.0
325 74290.0 35000.0
326 76570.0 37800.0
327 75240.0 37800.0
328 73530.0 37800.0
329 73530.0 65800.0
330 74290.0 68600.0
331 73150.0 68600.0
332 80940.0 74200.0
333 76760.0 77000.0
334 78090.0 77000.0
335 75240.0 65800.0
336 64220.0 40600.0
337 66690.0 40600.0
338 65550.0 40600.0
339 71060.0 40600.0
340 65740.0 37800.0
341 65550.0 43400.0
342 67070.0 43400.0
343 71820.0 46200.0
344 69350.0 46200.0
345 68970.0 43400.0
346 72580.0 43400.0
347 69920.0 43400.0
348 71060.0 43400.0
349 72770.0 49000.0
350 72010.0 68600.0
351 75430.0 68600.0
352 72390.0 71400.0
353 77520.0 71400.0
354 75240.0 77000.0
355 82270.0 74200.0
356 71440.0 63000.0
357 75050.0 40600.0
358 71440.0 37800.0
359 69540.0 35000.0
360 70870.0 32200.0
361 72010.0 35000.0
362 79420.0 43400.0
363 73720.0 40600.0
364 72010.0 40600.0
365 74860.0 43400.0
366 73910.0 49000.0
367 75050.0 49000.0
368 71440.0 49000.0
369 70870.0 51800.0
370 70110.0 65800.0
371 72390.0 65800.0
372 68970.0 68600.0
373 30780.0 77000.0
374 32300.0 77000.0
375 28310.0 74200.0
376 20140.0 63000.0
377 26220.0 63000.0
378 22420.0 65800.0
379 17860.0 65800.0
380 22230.0 71400.0
381 20900.0 71400.0
382 19380.0 71400.0
383 21850.0 77000.0
384 19000.0 60200.0
385 23940.0 63000.0
386 19380.0 65800.0
387 21850.0 68600.0
388 17860.0 77000.0
389 19380.0 77000.0
390 16530.0 77000.0
391 21660.0 40600.0
392 23940.0 65800.0
393 25460.0 65800.0
394 23750.0 68600.0
395 26220.0 71400.0
396 26600.0 77000.0
397 24510.0 71400.0
398 26220.0 43400.0
399 24700.0 60200.0
400 26220.0 60200.0
401 26030.0 57400.0
402 23180.0 60200.0
403 21660.0 60200.0
404 25270.0 63000.0
405 28310.0 37800.0
406 30400.0 37800.0
407 26980.0 37800.0
408 29450.0 37800.0
409 27740.0 60200.0
410 29260.0 60200.0
411 31730.0 63000.0
412 33060.0 60200.0
413 36100.0 60200.0
414 30590.0 63000.0
415 32300.0 40600.0
416 31540.0 60200.0
417 34580.0 60200.0
418 33250.0 63000.0
419 36860.0 65800.0
420 35720.0 63000.0
421 34390.0 63000.0
422 43890.0 35000.0
423 38380.0 32200.0
424 42750.0 35000.0
425 43700.0 57400.0
426 42940.0 63000.0
427 46930.0 60200.0
428 44460.0 63000.0
429 45980.0 63000.0
430 41610.0 63000.0
431 47690.0 40600.0
432 50160.0 37800.0
433 44650.0 37800.0
434 45600.0 60200.0
435 42180.0 57400.0
436 39330.0 63000.0
437 38380.0 65800.0
438 34200.0 68600.0
439 37430.0 71400.0
440 57760.0 60200.0
441 16910.0 37800.0
442 21090.0 35000.0
443 25840.0 35000.0
444 34200.0 37800.0
445 19950.0 35000.0
446 23370.0 35000.0
447 24510.0 35000.0
448 30020.0 35000.0
449 32680.0 37800.0
450 54910.0 63000.0
451 56050.0 63000.0
452 54530.0 65800.0
453 53200.0 65800.0
454 52060.0 68600.0
455 50350.0 68600.0
456 52630.0 60200.0
458 16530.0 71400.0
459 10070.0 68600.0
461 8170.0 65800.0
462 37050.0 74200.0
463 62320.0 65800.0
464 60610.0 65800.0
465 61370.0 60200.0
466 46170.0 77000.0
467 59280.0 60200.0
468 64790.0 57400.0
469 62510.0 57400.0
470 48450.0 77000.0
471 30210.0 68600.0
472 76000.0 54600.0
473 77710.0 54600.0
474 78470.0 51800.0
476 49210.0 71400.0
477 78280.0 68600.0
478 78470.0 63000.0
479 80370.0 60200.0
480 38570.0 71400.0
481 77900.0 65800.0
482 76570.0 63000.0
483 80750.0 63000.0
484 31350.0 71400.0
485 68590.0 60200.0
486 70870.0 54600.0
487 16150.0 74200.0
488 10450.0 65800.0
489 11970.0 63000.0
490 36670.0 77000.0
491 16340.0 60200.0
492 10070.0 60200.0
493 11970.0 57400.0
494 37810.0 77000.0
495 20140.0 51800.0
496 16530.0 51800.0
497 14250.0 51800.0
498 35910.0 71400.0
499 22420.0 49000.0
500 19190.0 49000.0
501 16910.0 49000.0
502 34390.0 71400.0
503 31540.0 54600.0
504 29070.0 54600.0
505 31730.0 51800.0
506 40090.0 71400.0
507 38000.0 49000.0
508 36290.0 49000.0
509 34010.0 49000.0
510 46550.0 71400.0
511 47500.0 49000.0
512 45790.0 49000.0
513 43510.0 49000.0
514 27930.0 77000.0
515 37240.0 54600.0
516 38950.0 57400.0
517 40470.0 51800.0
518 43130.0 77000.0
519 47880.0 71400.0
520 49590.0 54600.0
521 51870.0 49000.0
522 63270.0 74200.0
523 54530.0 74200.0
524 55290.0 71400.0
525 10830.0 74200.0
526 42370.0 74200.0
527 69730.0 74200.0
528 76950.0 74200.0
529 82270.0 77000.0
530 81890.0 71400.0
531 32110.0 74200.0
532 5890.0 77000.0
533 9690.0 71400.0
534 24510.0 74200.0
535 22230.0 57400.0
536 31350.0 57400.0
537 32870.0 65800.0
538 41610.0 60200.0
539 38190.0 68600.0
540 49210.0 65800.0
541 5890.0 68600.0
542 62510.0 63000.0
543 64030.0 54600.0
544 83030.0 51800.0
545 82270.0 57400.0
546 83030.0 65800.0
547 71630.0 57400.0
548 7410.0 63000.0
549 7410.0 57400.0
550 12350.0 49000.0
551 13870.0 46200.0
552 27170.0 51800.0
553 34010.0 46200.0
554 44270.0 46200.0
555 41230.0 54600.0
556 52630.0 51800.0
