Instance ID x_center y_center
0 9150.0 55600.0
1 39390.0 55600.0
2 15870.0 55600.0
3 38270.0 55600.0
4 41630.0 55600.0
5 42750.0 55600.0
6 21470.0 55600.0
7 22590.0 55600.0
8 20350.0 55600.0
9 46110.0 55600.0
10 47230.0 55600.0
11 36030.0 55600.0
12 14750.0 55600.0
13 10270.0 55600.0
14 34910.0 55600.0
15 33790.0 55600.0
16 51710.0 55600.0
17 11390.0 55600.0
18 53950.0 55600.0
19 30430.0 55600.0
20 55070.0 55600.0
21 56190.0 55600.0
22 19230.0 55600.0
23 32670.0 55600.0
24 37150.0 55600.0
25 13630.0 55600.0
26 57310.0 55600.0
27 31550.0 55600.0
28 44990.0 55600.0
29 52830.0 55600.0
30 43870.0 55600.0
31 18110.0 55600.0
32 29310.0 55600.0
33 59550.0 55600.0
34 58430.0 55600.0
35 25950.0 55600.0
36 40510.0 55600.0
37 60670.0 55600.0
38 61790.0 55600.0
39 28190.0 55600.0
40 65150.0 55600.0
41 66270.0 55600.0
42 50590.0 55600.0
43 27070.0 55600.0
44 16990.0 55600.0
45 67390.0 55600.0
46 62910.0 55600.0
47 12510.0 55600.0
48 23710.0 55600.0
49 48350.0 55600.0
50 64030.0 55600.0
51 24830.0 55600.0
52 68510.0 55600.0
53 49470.0 55600.0
54 58520.0 21000.0
55 40280.0 4200.0
56 24130.0 23800.0
57 13870.0 29400.0
58 44270.0 23800.0
59 42560.0 7000.0
60 39330.0 12600.0
61 67260.0 26600.0
62 51110.0 18200.0
63 32490.0 26600.0
64 69350.0 35000.0
65 49970.0 18200.0
66 30210.0 18200.0
67 62130.0 29400.0
68 22230.0 35000.0
69 47690.0 18200.0
70 69730.0 32200.0
71 46170.0 12600.0
72 31540.0 9800.0
73 11970.0 43400.0
74 51490.0 29400.0
76 60040.0 21000.0
77 31540.0 23800.0
81 24510.0 18200.0
82 7030.0 46200.0
84 47690.0 29400.0
85 74480.0 51800.0
88 48260.0 9800.0
89 20520.0 29400.0
90 72390.0 37800.0
91 41800.0 4200.0
92 47880.0 21000.0
93 53960.0 35000.0
95 23750.0 21000.0
96 30210.0 15400.0
97 21470.0 21000.0
98 14060.0 35000.0
99 9690.0 35000.0
100 52820.0 15400.0
101 53010.0 21000.0
102 40470.0 23800.0
103 27930.0 18200.0
104 44080.0 7000.0
105 52250.0 18200.0
106 38570.0 23800.0
107 73530.0 46200.0
108 16530.0 26600.0
109 31350.0 18200.0
110 13300.0 37800.0
111 68780.0 26600.0
112 10830.0 46200.0
113 3040.0 51800.0
114 51110.0 32200.0
115 58330.0 37800.0
116 69730.0 46200.0
117 68590.0 43400.0
118 36100.0 7000.0
119 34390.0 26600.0
120 45790.0 32200.0
121 42750.0 29400.0
122 46170.0 23800.0
123 35340.0 7000.0
124 24130.0 35000.0
125 49210.0 26600.0
126 22610.0 21000.0
127 20140.0 18200.0
128 29070.0 15400.0
129 15390.0 40600.0
130 41610.0 21000.0
131 45410.0 26600.0
132 36290.0 26600.0
133 67450.0 32200.0
134 32490.0 29400.0
135 23940.0 15400.0
136 74860.0 32200.0
137 36670.0 9800.0
138 58330.0 40600.0
139 53580.0 15400.0
140 44270.0 35000.0
141 56810.0 43400.0
142 5320.0 32200.0
143 19190.0 40600.0
144 63460.0 23800.0
145 72770.0 35000.0
146 15770.0 43400.0
147 64410.0 29400.0
148 50920.0 12600.0
149 13870.0 43400.0
150 39710.0 21000.0
151 53390.0 37800.0
152 16150.0 29400.0
153 57950.0 35000.0
154 45600.0 7000.0
155 56430.0 21000.0
156 60230.0 37800.0
157 54150.0 21000.0
158 45600.0 29400.0
159 45030.0 12600.0
160 30590.0 29400.0
161 56050.0 23800.0
162 62700.0 23800.0
163 61370.0 26600.0
164 42370.0 23800.0
165 28690.0 29400.0
166 27360.0 12600.0
167 5130.0 35000.0
168 7410.0 49000.0
169 69350.0 51800.0
170 43320.0 7000.0
171 48450.0 35000.0
172 38760.0 4200.0
173 24130.0 32200.0
174 18810.0 37800.0
175 22990.0 23800.0
176 26030.0 32200.0
177 4560.0 32200.0
178 33630.0 12600.0
179 8930.0 46200.0
180 53010.0 32200.0
181 20710.0 37800.0
182 62130.0 37800.0
183 27930.0 32200.0
184 55290.0 40600.0
185 4750.0 37800.0
186 59470.0 23800.0
187 46740.0 9800.0
188 49590.0 29400.0
189 74860.0 35000.0
190 69540.0 26600.0
191 58140.0 29400.0
192 11970.0 32200.0
193 6270.0 35000.0
194 71060.0 40600.0
195 15010.0 29400.0
196 33630.0 15400.0
197 50160.0 12600.0
198 61180.0 32200.0
199 3610.0 37800.0
200 43510.0 9800.0
201 66690.0 43400.0
202 42370.0 32200.0
203 27170.0 21000.0
204 41040.0 4200.0
205 17100.0 35000.0
206 39900.0 51800.0
207 55480.0 26600.0
208 37810.0 9800.0
210 10450.0 29400.0
211 68970.0 29400.0
213 25460.0 23800.0
214 28500.0 21000.0
215 21090.0 18200.0
216 65170.0 51800.0
217 48830.0 18200.0
218 49400.0 23800.0
219 10830.0 32200.0
220 9690.0 32200.0
221 64220.0 23800.0
222 38760.0 18200.0
223 54910.0 32200.0
224 18620.0 35000.0
225 57000.0 18200.0
226 65550.0 29400.0
227 5320.0 43400.0
228 61560.0 21000.0
229 62510.0 26600.0
230 65740.0 46200.0
231 51110.0 40600.0
232 71630.0 35000.0
233 60610.0 23800.0
234 3990.0 35000.0
235 5320.0 40600.0
236 21280.0 26600.0
237 51870.0 15400.0
238 55100.0 29400.0
239 3040.0 35000.0
240 12920.0 46200.0
241 24700.0 15400.0
242 64220.0 35000.0
243 48450.0 15400.0
244 33060.0 21000.0
245 65740.0 23800.0
246 47310.0 26600.0
247 4370.0 51800.0
248 49400.0 12600.0
249 21090.0 43400.0
250 56240.0 18200.0
251 22610.0 37800.0
252 72770.0 49000.0
253 12730.0 29400.0
254 32490.0 12600.0
255 51680.0 12600.0
256 69920.0 29400.0
257 59850.0 43400.0
258 62320.0 21000.0
259 63270.0 46200.0
260 49970.0 37800.0
261 54340.0 15400.0
262 56050.0 35000.0
263 66500.0 26600.0
264 47310.0 15400.0
265 17290.0 40600.0
266 68020.0 26600.0
267 68590.0 32200.0
268 63270.0 29400.0
269 67830.0 46200.0
270 44840.0 7000.0
271 34580.0 21000.0
272 35910.0 12600.0
273 8550.0 35000.0
274 68400.0 37800.0
275 57760.0 18200.0
276 70490.0 35000.0
277 68210.0 35000.0
278 74860.0 46200.0
279 50920.0 26600.0
280 53770.0 23800.0
281 66310.0 32200.0
282 46170.0 15400.0
283 42370.0 9800.0
284 65360.0 37800.0
285 28880.0 26600.0
286 31350.0 15400.0
287 52440.0 26600.0
288 59280.0 21000.0
289 72580.0 40600.0
290 57570.0 21000.0
291 72960.0 29400.0
292 50730.0 15400.0
293 32490.0 15400.0
294 72200.0 29400.0
295 61750.0 23800.0
296 67830.0 29400.0
297 38950.0 9800.0
298 64980.0 23800.0
299 42560.0 15400.0
300 25650.0 18200.0
301 23370.0 18200.0
302 39330.0 7000.0
303 27930.0 15400.0
304 35720.0 18200.0
305 49400.0 21000.0
306 45790.0 9800.0
307 44840.0 21000.0
308 64790.0 40600.0
309 71440.0 29400.0
310 71630.0 46200.0
311 5510.0 49000.0
312 5320.0 46200.0
313 13110.0 32200.0
314 18810.0 26600.0
315 43890.0 12600.0
316 19000.0 32200.0
317 70870.0 32200.0
318 60800.0 21000.0
319 9880.0 40600.0
320 70680.0 29400.0
321 58520.0 18200.0
322 41040.0 15400.0
323 54530.0 18200.0
324 47500.0 9800.0
325 45030.0 15400.0
326 42750.0 12600.0
327 63840.0 37800.0
328 62890.0 40600.0
329 5890.0 37800.0
330 53390.0 18200.0
331 14250.0 26600.0
332 8740.0 37800.0
333 36480.0 15400.0
334 11970.0 26600.0
335 69540.0 40600.0
336 66880.0 37800.0
337 19950.0 26600.0
338 40090.0 9800.0
339 65740.0 26600.0
340 39520.0 4200.0
341 24890.0 21000.0
342 49590.0 15400.0
343 32300.0 9800.0
344 63650.0 26600.0
345 21850.0 23800.0
346 33060.0 23800.0
347 74100.0 32200.0
348 41800.0 18200.0
349 74670.0 37800.0
350 57190.0 23800.0
351 41230.0 9800.0
352 41610.0 7000.0
353 15960.0 32200.0
354 62700.0 32200.0
355 19190.0 21000.0
356 71820.0 43400.0
357 29070.0 18200.0
358 6840.0 43400.0
359 56620.0 32200.0
360 57950.0 26600.0
361 73910.0 35000.0
362 59660.0 32200.0
363 69920.0 37800.0
364 38190.0 12600.0
365 55480.0 18200.0
366 60990.0 29400.0
367 65170.0 32200.0
368 43320.0 21000.0
369 43510.0 26600.0
370 60230.0 26600.0
371 26030.0 21000.0
372 20330.0 21000.0
373 3800.0 40600.0
374 74100.0 40600.0
375 18050.0 21000.0
376 64600.0 43400.0
377 49020.0 9800.0
378 39520.0 15400.0
379 15580.0 35000.0
380 47310.0 12600.0
381 31540.0 21000.0
382 46360.0 18200.0
383 17290.0 23800.0
384 9500.0 49000.0
385 25840.0 26600.0
386 24320.0 26600.0
387 19570.0 23800.0
388 8360.0 43400.0
389 65740.0 35000.0
390 18430.0 23800.0
391 62320.0 43400.0
392 59660.0 35000.0
393 53960.0 26600.0
394 15390.0 26600.0
395 10260.0 37800.0
396 7220.0 37800.0
397 13110.0 26600.0
398 56240.0 37800.0
399 40280.0 18200.0
400 11780.0 37800.0
401 26790.0 15400.0
402 30020.0 21000.0
403 17480.0 29400.0
404 8170.0 29400.0
405 64790.0 26600.0
406 28120.0 12600.0
407 30020.0 23800.0
408 35530.0 9800.0
409 52440.0 23800.0
410 8360.0 40600.0
411 7410.0 32200.0
412 38000.0 15400.0
413 34960.0 15400.0
414 29070.0 12600.0
415 60800.0 40600.0
416 3800.0 46200.0
417 22040.0 29400.0
418 34390.0 9800.0
419 3800.0 43400.0
420 32680.0 18200.0
421 6270.0 32200.0
422 59090.0 26600.0
423 61180.0 35000.0
424 51870.0 21000.0
425 74480.0 49000.0
426 58140.0 32200.0
427 55290.0 21000.0
428 70300.0 43400.0
429 62700.0 35000.0
430 72010.0 32200.0
431 58330.0 23800.0
432 50920.0 23800.0
433 40470.0 12600.0
434 47880.0 23800.0
435 44840.0 18200.0
436 38190.0 7000.0
437 12540.0 35000.0
438 14440.0 32200.0
439 25650.0 15400.0
440 46360.0 21000.0
441 20710.0 23800.0
442 37050.0 12600.0
443 37240.0 18200.0
444 42560.0 4200.0
445 17670.0 26600.0
446 66690.0 29400.0
447 73150.0 32200.0
448 28500.0 23800.0
449 70680.0 49000.0
450 40470.0 7000.0
451 7410.0 35000.0
452 31350.0 12600.0
453 27360.0 26600.0
454 17480.0 32200.0
455 48450.0 12600.0
456 15010.0 49000.0
458 38570.0 26600.0
459 34770.0 23800.0
461 15390.0 46200.0
462 37050.0 7000.0
463 19000.0 29400.0
464 15010.0 37800.0
465 18050.0 43400.0
466 34770.0 12600.0
467 23560.0 29400.0
468 53390.0 29400.0
469 27550.0 37800.0
470 71250.0 37800.0
471 8550.0 32200.0
472 56620.0 29400.0
473 10070.0 43400.0
474 32870.0 32200.0
476 67070.0 35000.0
477 36100.0 21000.0
478 16910.0 37800.0
479 68210.0 49000.0
480 15010.0 23800.0
481 6840.0 40600.0
482 11590.0 40600.0
483 29070.0 35000.0
484 6650.0 51800.0
485 37810.0 21000.0
486 72390.0 51800.0
487 30210.0 32200.0
488 30590.0 26600.0
489 24890.0 37800.0
490 30210.0 12600.0
491 26980.0 23800.0
492 26790.0 29400.0
493 21470.0 40600.0
494 74670.0 43400.0
495 73340.0 43400.0
496 20330.0 35000.0
497 11970.0 49000.0
498 9310.0 29400.0
499 34200.0 18200.0
500 22230.0 32200.0
501 26410.0 35000.0
502 43890.0 15400.0
503 20520.0 32200.0
504 3610.0 49000.0
505 51490.0 35000.0
506 64030.0 32200.0
507 43320.0 18200.0
508 13490.0 40600.0
509 34770.0 29400.0
510 56810.0 26600.0
511 66500.0 40600.0
512 36670.0 23800.0
513 9310.0 51800.0
514 33250.0 9800.0
515 22800.0 26600.0
516 16150.0 23800.0
517 48830.0 32200.0
518 13870.0 23800.0
519 11020.0 35000.0
520 22230.0 18200.0
521 41230.0 26600.0
522 32870.0 49000.0
523 33250.0 51800.0
524 38950.0 43400.0
525 13870.0 51800.0
526 26030.0 40600.0
527 46550.0 51800.0
528 32490.0 43400.0
529 58710.0 49000.0
530 45030.0 37800.0
531 37430.0 32200.0
532 26790.0 51800.0
533 53010.0 51800.0
534 19950.0 49000.0
535 58710.0 46200.0
536 19950.0 46200.0
537 26030.0 43400.0
538 39330.0 49000.0
539 32110.0 37800.0
540 45410.0 43400.0
541 38570.0 37800.0
542 38570.0 35000.0
543 45790.0 49000.0
544 52250.0 49000.0
545 32870.0 46200.0
546 45410.0 40600.0
547 38950.0 40600.0
548 52250.0 46200.0
549 20330.0 51800.0
550 45790.0 46200.0
551 51870.0 43400.0
552 26410.0 46200.0
553 26410.0 49000.0
554 39330.0 46200.0
555 32490.0 40600.0
556 59470.0 51800.0
