Instance ID x_center y_center
0 66270.0 140.0
1 36030.0 140.0
2 59550.0 140.0
3 37150.0 140.0
4 33790.0 140.0
5 32670.0 140.0
6 53950.0 140.0
7 52830.0 140.0
8 55070.0 140.0
9 29310.0 140.0
10 28190.0 140.0
11 39390.0 140.0
12 60670.0 140.0
13 65150.0 140.0
14 40510.0 140.0
15 41630.0 140.0
16 23710.0 140.0
17 64030.0 140.0
18 21470.0 140.0
19 44990.0 140.0
20 20350.0 140.0
21 19230.0 140.0
22 56190.0 140.0
23 42750.0 140.0
24 38270.0 140.0
25 61790.0 140.0
26 18110.0 140.0
27 43870.0 140.0
28 30430.0 140.0
29 22590.0 140.0
30 31550.0 140.0
31 57310.0 140.0
32 46110.0 140.0
33 15870.0 140.0
34 16990.0 140.0
35 49470.0 140.0
36 34910.0 140.0
37 14750.0 140.0
38 13630.0 140.0
39 47230.0 140.0
40 10270.0 140.0
41 9150.0 140.0
42 24830.0 140.0
43 48350.0 140.0
44 58430.0 140.0
45 8030.0 140.0
46 12510.0 140.0
47 62910.0 140.0
48 51710.0 140.0
49 27070.0 140.0
50 11390.0 140.0
51 50590.0 140.0
52 6910.0 140.0
53 25950.0 140.0
54 20900.0 21000.0
55 25840.0 26600.0
56 29450.0 23800.0
57 41610.0 23800.0
58 26790.0 23800.0
59 13300.0 35000.0
60 12350.0 23800.0
61 9500.0 32200.0
62 16910.0 29400.0
63 12730.0 29400.0
64 61750.0 35000.0
65 56810.0 21000.0
66 69350.0 21000.0
67 68970.0 15400.0
68 59090.0 21000.0
69 39710.0 32200.0
70 50350.0 23800.0
71 49590.0 32200.0
72 57760.0 32200.0
73 47310.0 21000.0
74 24510.0 23800.0
76 27360.0 4200.0
77 25460.0 9800.0
81 22610.0 7000.0
82 23370.0 9800.0
84 24130.0 4200.0
85 22420.0 4200.0
88 20140.0 7000.0
89 19000.0 4200.0
90 20710.0 4200.0
91 22040.0 9800.0
92 21280.0 7000.0
93 57760.0 15400.0
95 62890.0 29400.0
96 60990.0 15400.0
97 60990.0 23800.0
98 62320.0 23800.0
99 57190.0 35000.0
100 58520.0 35000.0
101 58710.0 37800.0
102 60230.0 37800.0
103 59090.0 23800.0
104 57760.0 21000.0
105 57950.0 26600.0
106 59090.0 29400.0
107 60230.0 40600.0
108 63270.0 37800.0
109 60230.0 32200.0
110 59660.0 35000.0
111 63460.0 40600.0
112 62130.0 40600.0
113 36100.0 29400.0
114 38190.0 32200.0
115 40090.0 35000.0
116 40090.0 43400.0
117 49210.0 21000.0
118 46360.0 18200.0
119 46550.0 26600.0
120 45030.0 37800.0
121 42750.0 46200.0
122 48070.0 32200.0
123 49400.0 29400.0
124 49970.0 35000.0
125 48830.0 40600.0
126 56050.0 35000.0
127 50540.0 32200.0
128 54910.0 35000.0
129 56430.0 37800.0
130 54530.0 43400.0
131 42370.0 43400.0
132 37050.0 40600.0
133 43510.0 40600.0
134 37430.0 43400.0
135 36100.0 43400.0
136 51300.0 37800.0
137 53770.0 35000.0
138 51110.0 40600.0
139 38760.0 43400.0
140 38190.0 46200.0
141 35910.0 37800.0
142 9120.0 12600.0
143 10070.0 37800.0
144 11020.0 40600.0
145 11590.0 37800.0
146 11970.0 43400.0
147 13870.0 43400.0
148 17860.0 26600.0
149 19190.0 32200.0
150 16910.0 35000.0
151 16910.0 37800.0
152 16910.0 40600.0
153 10070.0 26600.0
154 7600.0 26600.0
155 8550.0 26600.0
156 8170.0 37800.0
157 7030.0 40600.0
158 7980.0 32200.0
159 8170.0 40600.0
160 18430.0 40600.0
161 22610.0 23800.0
162 22040.0 21000.0
163 21850.0 26600.0
164 22610.0 35000.0
165 27170.0 26600.0
166 28500.0 23800.0
167 26410.0 29400.0
168 26790.0 35000.0
169 23750.0 46200.0
170 25840.0 46200.0
171 32110.0 29400.0
172 30020.0 26600.0
173 30970.0 35000.0
174 30970.0 37800.0
175 35150.0 46200.0
176 37430.0 23800.0
177 42560.0 23800.0
178 41610.0 29400.0
179 40090.0 37800.0
180 41230.0 40600.0
181 31350.0 46200.0
182 27550.0 43400.0
183 30210.0 40600.0
184 34390.0 40600.0
185 33630.0 37800.0
186 32490.0 37800.0
187 27740.0 40600.0
188 26030.0 40600.0
189 21280.0 35000.0
190 23940.0 35000.0
191 20140.0 35000.0
192 23370.0 40600.0
193 24510.0 40600.0
194 12920.0 37800.0
195 13490.0 40600.0
196 9690.0 35000.0
197 9120.0 46200.0
198 9880.0 40600.0
199 12350.0 40600.0
200 24130.0 37800.0
201 25650.0 37800.0
202 35530.0 18200.0
203 28690.0 9800.0
204 34580.0 15400.0
205 59660.0 15400.0
206 34960.0 21000.0
207 62320.0 15400.0
208 26790.0 9800.0
210 62510.0 12600.0
211 29830.0 4200.0
213 58140.0 9800.0
214 58900.0 4200.0
215 62890.0 7000.0
216 33250.0 23800.0
217 30970.0 21000.0
218 25840.0 21000.0
219 61370.0 43400.0
220 60230.0 43400.0
221 58900.0 40600.0
222 61940.0 37800.0
223 57570.0 40600.0
224 33440.0 46200.0
225 20140.0 46200.0
226 20710.0 40600.0
227 30400.0 43400.0
228 19760.0 40600.0
229 21850.0 40600.0
230 22420.0 37800.0
231 31350.0 18200.0
232 23750.0 18200.0
233 25650.0 18200.0
234 30590.0 15400.0
235 41040.0 7000.0
236 41040.0 4200.0
237 35910.0 4200.0
238 17860.0 21000.0
239 63080.0 43400.0
240 67640.0 26600.0
241 61180.0 26600.0
242 61940.0 46200.0
243 57950.0 23800.0
244 57000.0 29400.0
245 63460.0 46200.0
246 61750.0 49000.0
247 56430.0 43400.0
248 58900.0 46200.0
249 49210.0 46200.0
250 48640.0 49000.0
251 57190.0 49000.0
252 55290.0 49000.0
253 47310.0 40600.0
254 44650.0 40600.0
255 44460.0 49000.0
256 57760.0 37800.0
257 54150.0 37800.0
258 47120.0 46200.0
259 46930.0 49000.0
260 38950.0 51800.0
261 28120.0 46200.0
262 29450.0 46200.0
263 30020.0 49000.0
264 39710.0 49000.0
265 35150.0 49000.0
266 30780.0 49000.0
267 29830.0 51800.0
268 27930.0 51800.0
269 24510.0 51800.0
270 28880.0 35000.0
271 25080.0 35000.0
272 42750.0 37800.0
273 41610.0 37800.0
274 26980.0 49000.0
275 22040.0 51800.0
276 22990.0 51800.0
277 21090.0 51800.0
278 21280.0 54600.0
279 22420.0 54600.0
280 20330.0 54600.0
281 17670.0 18200.0
282 18810.0 18200.0
283 21090.0 18200.0
284 22420.0 12600.0
285 20140.0 12600.0
286 19950.0 18200.0
287 16340.0 21000.0
288 33820.0 43400.0
289 34960.0 43400.0
290 29070.0 43400.0
291 26220.0 43400.0
292 26790.0 46200.0
293 32870.0 43400.0
294 31540.0 40600.0
295 31730.0 43400.0
296 24890.0 43400.0
297 21090.0 43400.0
298 21280.0 46200.0
299 23560.0 43400.0
300 22230.0 43400.0
301 15010.0 18200.0
302 16150.0 18200.0
303 15770.0 15400.0
304 18620.0 12600.0
305 17480.0 9800.0
306 15010.0 9800.0
307 11400.0 21000.0
308 23370.0 49000.0
309 25460.0 49000.0
310 28690.0 49000.0
311 43130.0 49000.0
312 41420.0 51800.0
313 56430.0 46200.0
314 54150.0 46200.0
315 43130.0 51800.0
316 41420.0 49000.0
317 32490.0 49000.0
318 18240.0 35000.0
319 19380.0 37800.0
320 19000.0 43400.0
321 24700.0 49000.0
322 19380.0 49000.0
323 20710.0 49000.0
324 18240.0 46200.0
325 16150.0 46200.0
326 13490.0 46200.0
327 14820.0 46200.0
328 11970.0 46200.0
329 9690.0 15400.0
330 10830.0 15400.0
331 5130.0 12600.0
332 9880.0 9800.0
333 9120.0 7000.0
334 4750.0 7000.0
335 12920.0 21000.0
336 17480.0 43400.0
337 19190.0 46200.0
338 19950.0 43400.0
339 7220.0 43400.0
340 17480.0 46200.0
341 16150.0 43400.0
342 15770.0 40600.0
343 14060.0 37800.0
344 14630.0 40600.0
345 15010.0 43400.0
346 7600.0 46200.0
347 6460.0 46200.0
348 6080.0 43400.0
349 8550.0 43400.0
350 10830.0 18200.0
351 13110.0 18200.0
352 10830.0 12600.0
353 10640.0 7000.0
354 11020.0 4200.0
355 9690.0 4200.0
356 7980.0 21000.0
357 10450.0 46200.0
358 16720.0 49000.0
359 19760.0 51800.0
360 18430.0 51800.0
361 18050.0 49000.0
362 10260.0 43400.0
363 13300.0 49000.0
364 14630.0 49000.0
365 13680.0 51800.0
366 11970.0 49000.0
367 7410.0 49000.0
368 10640.0 49000.0
369 8930.0 49000.0
370 8170.0 18200.0
371 7030.0 18200.0
372 5890.0 18200.0
373 7980.0 12600.0
374 6460.0 12600.0
375 4750.0 18200.0
376 59660.0 26600.0
377 60040.0 23800.0
378 59660.0 18200.0
379 63460.0 21000.0
380 63650.0 15400.0
381 61560.0 7000.0
382 60040.0 7000.0
383 64030.0 7000.0
384 61180.0 29400.0
385 61180.0 18200.0
386 60800.0 21000.0
387 60990.0 12600.0
388 58520.0 12600.0
389 57000.0 12600.0
390 59850.0 12600.0
391 58520.0 43400.0
392 58140.0 18200.0
393 56620.0 18200.0
394 54910.0 18200.0
395 56240.0 4200.0
396 53200.0 4200.0
397 54530.0 4200.0
398 53580.0 40600.0
399 53580.0 18200.0
400 52060.0 18200.0
401 52250.0 15400.0
402 49400.0 12600.0
403 50920.0 12600.0
404 52250.0 12600.0
405 53010.0 43400.0
406 51300.0 43400.0
407 51680.0 46200.0
408 53010.0 46200.0
409 53580.0 15400.0
410 47500.0 18200.0
411 47690.0 9800.0
412 47880.0 4200.0
413 44840.0 4200.0
414 45790.0 7000.0
415 47880.0 37800.0
416 50160.0 15400.0
417 50540.0 18200.0
418 48830.0 18200.0
419 46360.0 12600.0
420 44840.0 12600.0
421 45410.0 18200.0
422 36290.0 51800.0
423 38380.0 49000.0
424 37050.0 49000.0
425 37240.0 15400.0
426 38000.0 18200.0
427 35910.0 15400.0
428 34960.0 9800.0
429 33440.0 9800.0
430 33630.0 15400.0
431 39710.0 40600.0
432 38380.0 37800.0
433 38570.0 40600.0
434 38760.0 15400.0
435 39520.0 18200.0
436 40090.0 15400.0
437 44080.0 9800.0
438 45600.0 9800.0
439 40470.0 9800.0
440 27360.0 21000.0
441 60230.0 46200.0
442 60230.0 49000.0
443 58900.0 49000.0
444 44840.0 51800.0
445 57570.0 46200.0
446 55290.0 46200.0
447 52630.0 49000.0
448 49780.0 49000.0
449 45220.0 43400.0
450 28310.0 18200.0
451 27170.0 18200.0
452 26790.0 12600.0
453 30020.0 12600.0
454 23940.0 12600.0
455 25270.0 12600.0
456 33630.0 26600.0
458 61370.0 9800.0
459 62890.0 18200.0
461 65550.0 15400.0
462 42370.0 4200.0
463 28880.0 21000.0
464 23370.0 21000.0
465 24130.0 26600.0
466 33250.0 7000.0
467 22420.0 18200.0
468 19570.0 21000.0
469 20710.0 23800.0
470 31350.0 7000.0
471 54530.0 12600.0
472 19380.0 26600.0
473 18430.0 29400.0
474 15010.0 29400.0
476 32110.0 4200.0
477 12540.0 15400.0
478 11970.0 26600.0
479 10450.0 29400.0
480 34770.0 4200.0
481 9500.0 18200.0
482 9690.0 21000.0
483 10450.0 23800.0
484 13110.0 9800.0
485 10830.0 32200.0
486 11590.0 35000.0
487 61750.0 4200.0
488 65170.0 21000.0
489 67450.0 21000.0
490 43510.0 4200.0
491 53580.0 21000.0
492 55290.0 21000.0
493 56050.0 23800.0
494 37050.0 4200.0
495 58900.0 32200.0
496 61750.0 32200.0
497 64030.0 35000.0
498 44270.0 7000.0
499 50540.0 29400.0
500 52250.0 29400.0
501 54530.0 29400.0
502 46170.0 4200.0
503 47880.0 29400.0
504 45790.0 29400.0
505 45790.0 32200.0
506 28690.0 4200.0
507 43320.0 18200.0
508 42750.0 21000.0
509 45030.0 21000.0
510 33250.0 4200.0
511 34960.0 29400.0
512 33250.0 32200.0
513 35530.0 32200.0
514 57570.0 4200.0
515 44840.0 26600.0
516 43510.0 26600.0
517 39710.0 23800.0
518 41610.0 9800.0
519 31160.0 9800.0
520 31350.0 26600.0
521 29070.0 29400.0
522 15010.0 4200.0
523 16530.0 7000.0
524 26410.0 7000.0
525 65930.0 9800.0
526 37050.0 7000.0
527 19950.0 15400.0
528 14630.0 12600.0
529 5890.0 9800.0
530 5890.0 4200.0
531 5890.0 15400.0
532 66310.0 4200.0
533 66310.0 12600.0
534 56050.0 7000.0
535 52630.0 9800.0
536 49590.0 7000.0
537 46170.0 15400.0
538 34390.0 12600.0
539 40850.0 12600.0
540 26790.0 15400.0
541 67070.0 18200.0
542 22610.0 29400.0
543 16150.0 23800.0
544 15010.0 32200.0
545 5890.0 29400.0
546 5890.0 23800.0
547 5890.0 35000.0
548 67070.0 23800.0
549 53390.0 26600.0
550 67070.0 37800.0
551 54150.0 32200.0
552 45790.0 35000.0
553 46550.0 23800.0
554 35910.0 35000.0
555 39710.0 26600.0
556 27550.0 32200.0
