Instance ID x_center y_center
0 18110.0 50030.0
1 48350.0 50030.0
2 24830.0 50030.0
3 47230.0 50030.0
4 50590.0 50030.0
5 51710.0 50030.0
6 30430.0 50030.0
7 31550.0 50030.0
8 29310.0 50030.0
9 55070.0 50030.0
10 56190.0 50030.0
11 44990.0 50030.0
12 23710.0 50030.0
13 19230.0 50030.0
14 43870.0 50030.0
15 42750.0 50030.0
16 60670.0 50030.0
17 20350.0 50030.0
18 62910.0 50030.0
19 39390.0 50030.0
20 64030.0 50030.0
21 65150.0 50030.0
22 28190.0 50030.0
23 41630.0 50030.0
24 46110.0 50030.0
25 22590.0 50030.0
26 66270.0 50030.0
27 40510.0 50030.0
28 53950.0 50030.0
29 61790.0 50030.0
30 52830.0 50030.0
31 27070.0 50030.0
32 38270.0 50030.0
33 68510.0 50030.0
34 67390.0 50030.0
35 34910.0 50030.0
36 49470.0 50030.0
37 69630.0 50030.0
38 70750.0 50030.0
39 37150.0 50030.0
40 74110.0 50030.0
41 75230.0 50030.0
42 59550.0 50030.0
43 36030.0 50030.0
44 25950.0 50030.0
45 76350.0 50030.0
46 71870.0 50030.0
47 21470.0 50030.0
48 32670.0 50030.0
49 57310.0 50030.0
50 72990.0 50030.0
51 33790.0 50030.0
52 77470.0 50030.0
53 58430.0 50030.0
54 69540.0 26600.0
55 51680.0 26600.0
56 55670.0 26600.0
57 40470.0 18200.0
58 52250.0 29400.0
59 74480.0 26600.0
60 82650.0 32200.0
61 81700.0 26600.0
62 83030.0 23800.0
63 80370.0 26600.0
64 20710.0 18200.0
65 19190.0 23800.0
66 18430.0 32200.0
67 14630.0 35000.0
68 22610.0 32200.0
69 48450.0 21000.0
70 40090.0 26600.0
71 34390.0 29400.0
72 32300.0 21000.0
73 39710.0 32200.0
74 51870.0 32200.0
76 57000.0 40600.0
77 57380.0 46200.0
81 64030.0 43400.0
82 59470.0 43400.0
84 62510.0 43400.0
85 60420.0 46200.0
88 61560.0 46200.0
89 65360.0 43400.0
90 60990.0 43400.0
91 58140.0 43400.0
92 58900.0 46200.0
93 19760.0 35000.0
95 20330.0 29400.0
96 21470.0 35000.0
97 21470.0 29400.0
98 23940.0 29400.0
99 23370.0 18200.0
100 22040.0 18200.0
101 21470.0 15400.0
102 23370.0 15400.0
103 23370.0 26600.0
104 21280.0 23800.0
105 20330.0 23800.0
106 22610.0 23800.0
107 24510.0 9800.0
108 23750.0 12600.0
109 26410.0 18200.0
110 25080.0 18200.0
111 22420.0 12600.0
112 21090.0 12600.0
113 47880.0 23800.0
114 48450.0 18200.0
115 46930.0 21000.0
116 46930.0 15400.0
117 41610.0 26600.0
118 42940.0 26600.0
119 41610.0 23800.0
120 41610.0 12600.0
121 45410.0 9800.0
122 37430.0 29400.0
123 35340.0 32200.0
124 34770.0 26600.0
125 35530.0 12600.0
126 30590.0 21000.0
127 31540.0 21000.0
128 30970.0 18200.0
129 30590.0 12600.0
130 32490.0 12600.0
131 48450.0 12600.0
132 54150.0 15400.0
133 44270.0 12600.0
134 46170.0 12600.0
135 47500.0 9800.0
136 37240.0 15400.0
137 32110.0 18200.0
138 35530.0 15400.0
139 50160.0 12600.0
140 50350.0 9800.0
141 51490.0 15400.0
142 79040.0 40600.0
143 81510.0 18200.0
144 80560.0 12600.0
145 78090.0 18200.0
146 77710.0 12600.0
147 76570.0 9800.0
148 76000.0 21000.0
149 77330.0 21000.0
150 79610.0 18200.0
151 75810.0 18200.0
152 68970.0 12600.0
153 81130.0 29400.0
154 77900.0 32200.0
155 78850.0 32200.0
156 79610.0 15400.0
157 74670.0 15400.0
158 74480.0 23800.0
159 72390.0 15400.0
160 68970.0 15400.0
161 69350.0 29400.0
162 71060.0 29400.0
163 68210.0 29400.0
164 67450.0 21000.0
165 53010.0 26600.0
166 50920.0 26600.0
167 54530.0 26600.0
168 58330.0 21000.0
169 63650.0 7000.0
170 61180.0 9800.0
171 54530.0 21000.0
172 53580.0 29400.0
173 54910.0 29400.0
174 54150.0 18200.0
175 54150.0 7000.0
176 40090.0 21000.0
177 38380.0 21000.0
178 40090.0 15400.0
179 42750.0 15400.0
180 48830.0 15400.0
181 55290.0 9800.0
182 56810.0 12600.0
183 60230.0 15400.0
184 59470.0 18200.0
185 55670.0 18200.0
186 56810.0 18200.0
187 58140.0 9800.0
188 63270.0 9800.0
189 69920.0 21000.0
190 61180.0 21000.0
191 65740.0 21000.0
192 66310.0 15400.0
193 65170.0 15400.0
194 77520.0 15400.0
195 68970.0 18200.0
196 75810.0 26600.0
197 75240.0 21000.0
198 74100.0 21000.0
199 68970.0 21000.0
200 64410.0 21000.0
201 65550.0 23800.0
202 59850.0 29400.0
203 64030.0 37800.0
204 58140.0 35000.0
205 25840.0 35000.0
206 61940.0 32200.0
207 24320.0 35000.0
208 56050.0 40600.0
210 24130.0 37800.0
211 54530.0 40600.0
213 21280.0 46200.0
214 24320.0 46200.0
215 22990.0 46200.0
216 60610.0 23800.0
217 61370.0 26600.0
218 57000.0 32200.0
219 26410.0 12600.0
220 26790.0 15400.0
221 27360.0 12600.0
222 25080.0 12600.0
223 28690.0 12600.0
224 53580.0 9800.0
225 61940.0 9800.0
226 62130.0 12600.0
227 57000.0 9800.0
228 60040.0 12600.0
229 60990.0 12600.0
230 62700.0 21000.0
231 60990.0 35000.0
232 64030.0 35000.0
233 57190.0 35000.0
234 51870.0 37800.0
235 45980.0 40600.0
236 46360.0 43400.0
237 49210.0 43400.0
238 67260.0 32200.0
239 24320.0 7000.0
240 17100.0 29400.0
241 22420.0 29400.0
242 25460.0 7000.0
243 24510.0 26600.0
244 25840.0 26600.0
245 29640.0 7000.0
246 28310.0 7000.0
247 30590.0 9800.0
248 31920.0 4200.0
249 39330.0 9800.0
250 39900.0 4200.0
251 37430.0 4200.0
252 35530.0 4200.0
253 38950.0 15400.0
254 41230.0 15400.0
255 41420.0 7000.0
256 27740.0 15400.0
257 32110.0 15400.0
258 38000.0 7000.0
259 39710.0 7000.0
260 48830.0 4200.0
261 57380.0 7000.0
262 56050.0 7000.0
263 57760.0 4200.0
264 46170.0 7000.0
265 52250.0 7000.0
266 55100.0 4200.0
267 56810.0 4200.0
268 60610.0 4200.0
269 66310.0 4200.0
270 56620.0 21000.0
271 60040.0 21000.0
272 45410.0 15400.0
273 44270.0 15400.0
274 58900.0 7000.0
275 67260.0 7000.0
276 67830.0 4200.0
277 68210.0 7000.0
278 70300.0 4200.0
279 69160.0 4200.0
280 69350.0 9800.0
281 68590.0 35000.0
282 67070.0 35000.0
283 66310.0 37800.0
284 69160.0 40600.0
285 66120.0 40600.0
286 65170.0 37800.0
287 76380.0 29400.0
288 53580.0 12600.0
289 54720.0 12600.0
290 58710.0 12600.0
291 65740.0 12600.0
292 63270.0 12600.0
293 56810.0 15400.0
294 55480.0 15400.0
295 57950.0 15400.0
296 64030.0 15400.0
297 64790.0 18200.0
298 64600.0 12600.0
299 62700.0 15400.0
300 63270.0 18200.0
301 72010.0 35000.0
302 75810.0 35000.0
303 75050.0 37800.0
304 76380.0 37800.0
305 72960.0 40600.0
306 74670.0 40600.0
307 79420.0 29400.0
308 63650.0 4200.0
309 62320.0 4200.0
310 59090.0 4200.0
311 42370.0 4200.0
312 45220.0 4200.0
313 32110.0 9800.0
314 37050.0 9800.0
315 45030.0 7000.0
316 42940.0 7000.0
317 52630.0 4200.0
318 76000.0 15400.0
319 73340.0 18200.0
320 73340.0 7000.0
321 60800.0 7000.0
322 71060.0 7000.0
323 72010.0 4200.0
324 72580.0 7000.0
325 75430.0 9800.0
326 78090.0 9800.0
327 73720.0 9800.0
328 79990.0 9800.0
329 79610.0 35000.0
330 80750.0 35000.0
331 77710.0 40600.0
332 74860.0 46200.0
333 76380.0 46200.0
334 77710.0 46200.0
335 78280.0 35000.0
336 64980.0 9800.0
337 66310.0 9800.0
338 66690.0 12600.0
339 71440.0 12600.0
340 67260.0 9800.0
341 67830.0 12600.0
342 67450.0 15400.0
343 71440.0 15400.0
344 70490.0 15400.0
345 70490.0 12600.0
346 74100.0 12600.0
347 72580.0 9800.0
348 72580.0 12600.0
349 73530.0 15400.0
350 74670.0 35000.0
351 76950.0 35000.0
352 77710.0 37800.0
353 76380.0 40600.0
354 76380.0 43400.0
355 77710.0 43400.0
356 73340.0 32200.0
357 75810.0 12600.0
358 74480.0 7000.0
359 66120.0 7000.0
360 68210.0 9800.0
361 69730.0 7000.0
362 79420.0 12600.0
363 76760.0 7000.0
364 70490.0 9800.0
365 71440.0 9800.0
366 70110.0 18200.0
367 72770.0 21000.0
368 71440.0 18200.0
369 71250.0 21000.0
370 70870.0 35000.0
371 73150.0 35000.0
372 73910.0 37800.0
373 68400.0 43400.0
374 70680.0 46200.0
375 70870.0 40600.0
376 26220.0 29400.0
377 27740.0 29400.0
378 27360.0 32200.0
379 22800.0 35000.0
380 21090.0 37800.0
381 22800.0 43400.0
382 24320.0 43400.0
383 21090.0 43400.0
384 24700.0 23800.0
385 25840.0 32200.0
386 24320.0 32200.0
387 22230.0 37800.0
388 22420.0 40600.0
389 24320.0 40600.0
390 19950.0 40600.0
391 28500.0 9800.0
392 28880.0 35000.0
393 27360.0 35000.0
394 27170.0 37800.0
395 25840.0 37800.0
396 28120.0 40600.0
397 26410.0 40600.0
398 29260.0 15400.0
399 32680.0 35000.0
400 31160.0 35000.0
401 30210.0 40600.0
402 30400.0 43400.0
403 28500.0 43400.0
404 26790.0 43400.0
405 35910.0 9800.0
406 34580.0 9800.0
407 33440.0 9800.0
408 34010.0 12600.0
409 34200.0 32200.0
410 32680.0 32200.0
411 31350.0 32200.0
412 36860.0 37800.0
413 35720.0 40600.0
414 31730.0 40600.0
415 38380.0 12600.0
416 37620.0 35000.0
417 39140.0 35000.0
418 38950.0 37800.0
419 41800.0 37800.0
420 43320.0 37800.0
421 40090.0 37800.0
422 48830.0 7000.0
423 47500.0 7000.0
424 49970.0 7000.0
425 49780.0 32200.0
426 48260.0 32200.0
427 46930.0 32200.0
428 46360.0 37800.0
429 47880.0 37800.0
430 47690.0 35000.0
431 50730.0 18200.0
432 51680.0 12600.0
433 51870.0 18200.0
434 45600.0 32200.0
435 38000.0 32200.0
436 36290.0 35000.0
437 40660.0 43400.0
438 33820.0 46200.0
439 35150.0 46200.0
440 56620.0 29400.0
441 26790.0 7000.0
442 31730.0 7000.0
443 33060.0 7000.0
444 41040.0 4200.0
445 30590.0 7000.0
446 34390.0 7000.0
447 35530.0 7000.0
448 36860.0 7000.0
449 42180.0 9800.0
450 53770.0 32200.0
451 55290.0 32200.0
452 56050.0 35000.0
453 54340.0 37800.0
454 57380.0 37800.0
455 55670.0 37800.0
456 59090.0 26600.0
458 19190.0 46200.0
459 13870.0 32200.0
461 11590.0 32200.0
462 42750.0 46200.0
463 44080.0 32200.0
464 44270.0 26600.0
465 43510.0 29400.0
466 48450.0 46200.0
467 62320.0 29400.0
468 64030.0 29400.0
469 66310.0 29400.0
470 51870.0 46200.0
471 28690.0 32200.0
472 76380.0 23800.0
473 78090.0 23800.0
474 79610.0 21000.0
476 53010.0 46200.0
477 77900.0 29400.0
478 78470.0 26600.0
479 80370.0 23800.0
480 45030.0 46200.0
481 74860.0 32200.0
482 76570.0 32200.0
483 80750.0 32200.0
484 69350.0 32200.0
485 71630.0 32200.0
486 71630.0 26600.0
487 18810.0 43400.0
488 20710.0 32200.0
489 16530.0 32200.0
490 41610.0 46200.0
491 22040.0 26600.0
492 17290.0 23800.0
493 19570.0 26600.0
494 49590.0 46200.0
495 22800.0 21000.0
496 21090.0 21000.0
497 18810.0 21000.0
498 40470.0 46200.0
499 33060.0 23800.0
500 30970.0 23800.0
501 28690.0 23800.0
502 37810.0 46200.0
503 35720.0 29400.0
504 32870.0 29400.0
505 30590.0 29400.0
506 46170.0 46200.0
507 41420.0 29400.0
508 39330.0 29400.0
509 38190.0 26600.0
510 50350.0 43400.0
511 47120.0 26600.0
512 45790.0 23800.0
513 44650.0 21000.0
514 32490.0 46200.0
515 33440.0 21000.0
516 34770.0 21000.0
517 36670.0 21000.0
518 39330.0 46200.0
519 44840.0 43400.0
520 45790.0 26600.0
521 49210.0 26600.0
522 65170.0 46200.0
523 54530.0 43400.0
524 60990.0 40600.0
525 14630.0 46200.0
526 50350.0 40600.0
527 70110.0 37800.0
528 82270.0 37800.0
529 81510.0 46200.0
530 81510.0 43400.0
531 72390.0 43400.0
532 11970.0 43400.0
533 15390.0 40600.0
534 17290.0 37800.0
535 28310.0 46200.0
536 32870.0 37800.0
537 40090.0 40600.0
538 43890.0 35000.0
539 36670.0 43400.0
540 52250.0 35000.0
541 10830.0 35000.0
542 48070.0 29400.0
543 65930.0 26600.0
544 84170.0 21000.0
545 85310.0 26600.0
546 85690.0 35000.0
547 70110.0 23800.0
548 11970.0 29400.0
549 15010.0 26600.0
550 16910.0 18200.0
551 26790.0 21000.0
552 30590.0 26600.0
553 37430.0 23800.0
554 44270.0 18200.0
555 36670.0 18200.0
556 52630.0 23800.0
