Instance ID x_center y_center
0 29310.0 60870.0
1 59550.0 60870.0
2 36030.0 60870.0
3 58430.0 60870.0
4 61790.0 60870.0
5 62910.0 60870.0
6 41630.0 60870.0
7 42750.0 60870.0
8 40510.0 60870.0
9 66270.0 60870.0
10 67390.0 60870.0
11 56190.0 60870.0
12 34910.0 60870.0
13 30430.0 60870.0
14 55070.0 60870.0
15 53950.0 60870.0
16 71870.0 60870.0
17 31550.0 60870.0
18 74110.0 60870.0
19 50590.0 60870.0
20 75230.0 60870.0
21 76350.0 60870.0
22 39390.0 60870.0
23 52830.0 60870.0
24 57310.0 60870.0
25 33790.0 60870.0
26 77470.0 60870.0
27 51710.0 60870.0
28 65150.0 60870.0
29 72990.0 60870.0
30 64030.0 60870.0
31 38270.0 60870.0
32 49470.0 60870.0
33 79710.0 60870.0
34 78590.0 60870.0
35 46110.0 60870.0
36 60670.0 60870.0
37 80830.0 60870.0
38 81950.0 60870.0
39 48350.0 60870.0
40 85310.0 60870.0
41 86430.0 60870.0
42 70750.0 60870.0
43 47230.0 60870.0
44 37150.0 60870.0
45 87550.0 60870.0
46 83070.0 60870.0
47 32670.0 60870.0
48 43870.0 60870.0
49 68510.0 60870.0
50 84190.0 60870.0
51 44990.0 60870.0
52 88670.0 60870.0
53 69630.0 60870.0
54 86260.0 32200.0
55 79040.0 32200.0
56 69730.0 29400.0
57 58710.0 35000.0
58 72770.0 32200.0
59 95000.0 35000.0
60 101650.0 40600.0
61 98040.0 35000.0
62 96710.0 35000.0
63 97090.0 37800.0
64 27170.0 21000.0
65 22610.0 32200.0
66 25650.0 37800.0
67 17290.0 43400.0
68 29830.0 40600.0
69 54910.0 26600.0
70 50350.0 21000.0
71 40090.0 32200.0
72 38760.0 26600.0
73 48070.0 37800.0
74 71250.0 40600.0
76 68400.0 51800.0
77 70300.0 51800.0
81 75430.0 51800.0
82 72010.0 51800.0
84 70870.0 54600.0
85 72200.0 57400.0
88 74100.0 51800.0
89 74100.0 54600.0
90 70870.0 57400.0
91 73340.0 51800.0
92 72580.0 54600.0
93 26600.0 43400.0
95 30210.0 35000.0
96 28310.0 40600.0
97 27550.0 35000.0
98 28880.0 35000.0
99 32490.0 21000.0
100 26220.0 23800.0
101 27170.0 23800.0
102 30210.0 18200.0
103 27930.0 32200.0
104 26600.0 32200.0
105 24130.0 32200.0
106 27550.0 29400.0
107 30210.0 12600.0
108 28690.0 12600.0
109 29830.0 21000.0
110 31160.0 21000.0
111 30020.0 15400.0
112 28690.0 15400.0
113 57760.0 29400.0
114 56430.0 26600.0
115 58330.0 26600.0
116 58330.0 18200.0
117 48450.0 21000.0
118 48640.0 23800.0
119 49210.0 18200.0
120 50730.0 15400.0
121 54910.0 12600.0
122 43510.0 32200.0
123 44840.0 32200.0
124 41610.0 32200.0
125 41610.0 15400.0
126 39330.0 23800.0
127 38380.0 23800.0
128 37050.0 21000.0
129 38570.0 21000.0
130 39710.0 15400.0
131 56050.0 15400.0
132 63270.0 15400.0
133 54150.0 18200.0
134 56430.0 18200.0
135 57760.0 12600.0
136 42940.0 15400.0
137 41230.0 21000.0
138 43130.0 18200.0
139 61940.0 12600.0
140 59850.0 15400.0
141 62130.0 18200.0
142 95380.0 51800.0
143 97470.0 23800.0
144 96140.0 18200.0
145 95950.0 23800.0
146 95190.0 15400.0
147 83410.0 15400.0
148 93860.0 26600.0
149 94430.0 29400.0
150 96710.0 26600.0
151 98230.0 21000.0
152 82270.0 18200.0
153 95190.0 37800.0
154 95380.0 40600.0
155 94430.0 40600.0
156 94810.0 18200.0
157 92150.0 18200.0
158 90440.0 35000.0
159 87590.0 21000.0
160 83790.0 21000.0
161 85310.0 32200.0
162 83220.0 35000.0
163 84170.0 35000.0
164 84550.0 23800.0
165 80750.0 32200.0
166 79420.0 35000.0
167 78470.0 35000.0
168 78850.0 23800.0
169 80750.0 7000.0
170 74480.0 9800.0
171 70490.0 26600.0
172 68400.0 32200.0
173 68210.0 29400.0
174 68210.0 21000.0
175 68590.0 9800.0
176 56050.0 32200.0
177 54720.0 32200.0
178 57190.0 35000.0
179 59470.0 21000.0
180 61750.0 21000.0
181 67070.0 9800.0
182 71630.0 12600.0
183 71630.0 21000.0
184 64030.0 23800.0
185 66690.0 21000.0
186 70110.0 21000.0
187 71440.0 18200.0
188 74670.0 18200.0
189 85880.0 23800.0
190 80560.0 23800.0
191 82080.0 23800.0
192 75050.0 21000.0
193 73910.0 21000.0
194 95760.0 21000.0
195 88730.0 21000.0
196 94050.0 35000.0
197 91200.0 23800.0
198 93860.0 23800.0
199 88350.0 23800.0
200 74290.0 23800.0
201 73910.0 26600.0
202 65170.0 37800.0
203 73530.0 40600.0
204 63080.0 37800.0
205 31540.0 43400.0
206 63840.0 35000.0
207 30020.0 43400.0
208 66310.0 51800.0
210 28310.0 46200.0
211 64030.0 51800.0
213 27740.0 54600.0
214 29640.0 57400.0
215 28690.0 51800.0
216 71250.0 35000.0
217 68210.0 35000.0
218 79800.0 40600.0
219 31730.0 15400.0
220 33630.0 15400.0
221 34580.0 15400.0
222 31920.0 12600.0
223 35910.0 15400.0
224 67640.0 12600.0
225 77900.0 12600.0
226 78090.0 15400.0
227 70300.0 15400.0
228 77140.0 15400.0
229 78470.0 18200.0
230 78660.0 21000.0
231 72010.0 37800.0
232 78470.0 40600.0
233 79990.0 43400.0
234 78850.0 43400.0
235 79420.0 49000.0
236 77900.0 49000.0
237 78850.0 46200.0
238 84740.0 37800.0
239 30780.0 9800.0
240 25840.0 35000.0
241 31160.0 35000.0
242 31540.0 7000.0
243 29070.0 32200.0
244 30780.0 32200.0
245 34200.0 4200.0
246 34390.0 7000.0
247 37810.0 15400.0
248 36860.0 4200.0
249 46170.0 9800.0
250 46360.0 4200.0
251 39710.0 4200.0
252 39710.0 7000.0
253 47690.0 15400.0
254 49210.0 12600.0
255 47880.0 7000.0
256 34200.0 18200.0
257 40090.0 18200.0
258 42560.0 4200.0
259 48070.0 4200.0
260 59470.0 4200.0
261 78660.0 7000.0
262 75050.0 7000.0
263 74480.0 4200.0
264 57570.0 7000.0
265 60610.0 7000.0
266 69540.0 4200.0
267 73530.0 4200.0
268 75430.0 4200.0
269 86830.0 4200.0
270 76000.0 23800.0
271 77140.0 23800.0
272 56810.0 21000.0
273 57950.0 21000.0
274 76760.0 7000.0
275 83980.0 7000.0
276 84930.0 4200.0
277 83790.0 4200.0
278 82840.0 4200.0
279 85120.0 7000.0
280 83030.0 7000.0
281 83030.0 40600.0
282 84550.0 40600.0
283 86070.0 43400.0
284 82460.0 54600.0
285 82460.0 57400.0
286 84930.0 51800.0
287 92720.0 35000.0
288 64980.0 12600.0
289 66120.0 12600.0
290 69730.0 12600.0
291 72960.0 21000.0
292 72390.0 15400.0
293 67070.0 15400.0
294 64600.0 15400.0
295 65930.0 15400.0
296 73530.0 15400.0
297 75810.0 15400.0
298 75620.0 12600.0
299 73340.0 12600.0
300 74670.0 15400.0
301 87970.0 37800.0
302 91770.0 37800.0
303 92150.0 46200.0
304 93100.0 54600.0
305 91200.0 57400.0
306 92530.0 57400.0
307 93100.0 37800.0
308 75810.0 9800.0
309 73720.0 9800.0
310 72390.0 7000.0
311 51110.0 4200.0
312 54340.0 7000.0
313 39330.0 9800.0
314 40470.0 9800.0
315 54910.0 9800.0
316 50920.0 7000.0
317 53010.0 7000.0
318 95000.0 23800.0
319 94240.0 21000.0
320 93860.0 9800.0
321 77140.0 9800.0
322 78280.0 9800.0
323 79610.0 9800.0
324 80940.0 9800.0
325 83410.0 12600.0
326 84930.0 12600.0
327 82080.0 12600.0
328 86830.0 15400.0
329 86830.0 40600.0
330 91770.0 43400.0
331 91010.0 46200.0
332 94240.0 51800.0
333 91580.0 54600.0
334 92530.0 51800.0
335 93100.0 40600.0
336 79420.0 15400.0
337 79990.0 12600.0
338 80750.0 15400.0
339 88540.0 15400.0
340 80940.0 12600.0
341 82270.0 15400.0
342 82270.0 21000.0
343 86640.0 18200.0
344 84930.0 18200.0
345 85310.0 15400.0
346 90820.0 15400.0
347 89300.0 15400.0
348 89300.0 18200.0
349 90630.0 18200.0
350 91010.0 40600.0
351 93290.0 43400.0
352 94430.0 46200.0
353 92720.0 49000.0
354 91200.0 49000.0
355 94050.0 49000.0
356 90440.0 37800.0
357 92150.0 15400.0
358 87780.0 9800.0
359 89300.0 7000.0
360 89490.0 9800.0
361 87970.0 7000.0
362 93480.0 15400.0
363 92720.0 9800.0
364 91390.0 9800.0
365 91580.0 12600.0
366 92150.0 21000.0
367 92150.0 23800.0
368 90820.0 21000.0
369 89870.0 23800.0
370 87970.0 40600.0
371 89110.0 40600.0
372 87970.0 46200.0
373 56620.0 51800.0
374 55100.0 54600.0
375 55290.0 51800.0
376 32680.0 35000.0
377 34200.0 37800.0
378 33060.0 37800.0
379 31540.0 40600.0
380 30590.0 46200.0
381 30780.0 51800.0
382 30780.0 54600.0
383 26410.0 54600.0
384 30400.0 29400.0
385 31540.0 37800.0
386 30020.0 37800.0
387 29450.0 46200.0
388 28500.0 49000.0
389 31160.0 49000.0
390 29830.0 49000.0
391 34580.0 12600.0
392 35340.0 40600.0
393 33820.0 40600.0
394 33250.0 43400.0
395 33060.0 49000.0
396 34580.0 49000.0
397 33630.0 46200.0
398 37240.0 18200.0
399 39520.0 40600.0
400 38000.0 40600.0
401 37430.0 49000.0
402 38380.0 51800.0
403 34580.0 51800.0
404 35910.0 51800.0
405 41610.0 9800.0
406 42940.0 12600.0
407 40280.0 12600.0
408 41610.0 12600.0
409 41040.0 37800.0
410 41040.0 40600.0
411 40470.0 43400.0
412 44840.0 46200.0
413 44840.0 49000.0
414 40090.0 49000.0
415 45600.0 15400.0
416 44080.0 40600.0
417 45980.0 40600.0
418 46170.0 46200.0
419 48640.0 51800.0
420 50160.0 51800.0
421 46550.0 49000.0
422 58710.0 9800.0
423 58900.0 7000.0
424 59850.0 9800.0
425 60420.0 40600.0
426 58900.0 40600.0
427 58710.0 43400.0
428 60800.0 46200.0
429 60800.0 49000.0
430 58710.0 46200.0
431 63650.0 21000.0
432 64600.0 18200.0
433 64790.0 21000.0
434 61180.0 37800.0
435 58140.0 37800.0
436 57190.0 40600.0
437 51680.0 43400.0
438 49020.0 43400.0
439 50350.0 43400.0
440 67640.0 37800.0
441 32870.0 7000.0
442 35910.0 7000.0
443 37240.0 7000.0
444 45980.0 7000.0
445 37810.0 4200.0
446 41610.0 7000.0
447 43510.0 7000.0
448 44840.0 7000.0
449 49400.0 9800.0
450 65550.0 40600.0
451 66690.0 40600.0
452 67070.0 43400.0
453 65740.0 43400.0
454 68780.0 43400.0
455 68970.0 46200.0
456 66310.0 32200.0
458 25270.0 51800.0
459 24890.0 40600.0
461 17670.0 40600.0
462 53390.0 54600.0
463 77140.0 37800.0
464 76570.0 35000.0
465 76950.0 32200.0
466 59850.0 57400.0
467 80560.0 37800.0
468 81890.0 35000.0
469 83410.0 32200.0
470 62890.0 57400.0
471 27170.0 51800.0
472 92340.0 29400.0
473 90630.0 29400.0
474 98610.0 29400.0
476 62890.0 54600.0
477 96140.0 46200.0
478 97470.0 43400.0
479 99370.0 37800.0
480 55290.0 57400.0
481 95000.0 43400.0
482 97470.0 40600.0
483 99750.0 40600.0
484 59090.0 51800.0
485 88350.0 35000.0
486 90630.0 32200.0
487 26410.0 57400.0
488 23370.0 43400.0
489 22610.0 40600.0
490 53010.0 57400.0
491 25460.0 32200.0
492 22990.0 29400.0
493 20330.0 32200.0
494 54150.0 57400.0
495 26600.0 26600.0
496 24890.0 26600.0
497 25270.0 29400.0
498 51870.0 57400.0
499 42180.0 26600.0
500 40470.0 26600.0
501 37050.0 26600.0
502 56430.0 57400.0
503 44840.0 35000.0
504 43130.0 35000.0
505 39710.0 35000.0
506 50730.0 57400.0
507 49020.0 26600.0
508 47310.0 26600.0
509 45030.0 26600.0
510 57950.0 54600.0
511 56620.0 29400.0
512 54910.0 29400.0
513 52630.0 29400.0
514 45410.0 57400.0
515 46360.0 35000.0
516 49210.0 35000.0
517 50730.0 37800.0
518 52250.0 54600.0
519 61180.0 51800.0
520 61370.0 32200.0
521 62510.0 26600.0
522 76190.0 57400.0
523 66690.0 54600.0
524 73910.0 49000.0
525 20710.0 51800.0
526 83030.0 46200.0
527 86450.0 54600.0
528 97470.0 57400.0
529 88730.0 51800.0
530 103170.0 49000.0
531 56050.0 49000.0
532 21090.0 54600.0
533 24510.0 49000.0
534 22990.0 46200.0
535 35530.0 54600.0
536 40470.0 46200.0
537 44650.0 51800.0
538 54910.0 46200.0
539 52250.0 40600.0
540 65170.0 46200.0
541 13490.0 43400.0
542 76950.0 29400.0
543 84930.0 29400.0
544 102790.0 32200.0
545 105450.0 37800.0
546 102030.0 43400.0
547 95190.0 32200.0
548 20710.0 37800.0
549 15390.0 32200.0
550 22610.0 23800.0
551 38190.0 29400.0
552 36290.0 32200.0
553 45030.0 23800.0
554 53010.0 23800.0
555 53010.0 35000.0
556 64030.0 29400.0
