Instance ID x_center y_center
0 15870.0 47590.0
1 46110.0 47590.0
2 22590.0 47590.0
3 44990.0 47590.0
4 48350.0 47590.0
5 49470.0 47590.0
6 28190.0 47590.0
7 29310.0 47590.0
8 27070.0 47590.0
9 52830.0 47590.0
10 53950.0 47590.0
11 42750.0 47590.0
12 21470.0 47590.0
13 16990.0 47590.0
14 41630.0 47590.0
15 40510.0 47590.0
16 58430.0 47590.0
17 18110.0 47590.0
18 60670.0 47590.0
19 37150.0 47590.0
20 61790.0 47590.0
21 62910.0 47590.0
22 25950.0 47590.0
23 39390.0 47590.0
24 43870.0 47590.0
25 20350.0 47590.0
26 64030.0 47590.0
27 38270.0 47590.0
28 51710.0 47590.0
29 59550.0 47590.0
30 50590.0 47590.0
31 24830.0 47590.0
32 36030.0 47590.0
33 66270.0 47590.0
34 65150.0 47590.0
35 32670.0 47590.0
36 47230.0 47590.0
37 67390.0 47590.0
38 68510.0 47590.0
39 34910.0 47590.0
40 71870.0 47590.0
41 72990.0 47590.0
42 57310.0 47590.0
43 33790.0 47590.0
44 23710.0 47590.0
45 74110.0 47590.0
46 69630.0 47590.0
47 19230.0 47590.0
48 30430.0 47590.0
49 55070.0 47590.0
50 70750.0 47590.0
51 31550.0 47590.0
52 75230.0 47590.0
53 56190.0 47590.0
54 68400.0 29400.0
55 64600.0 26600.0
56 54910.0 21000.0
57 41990.0 18200.0
58 57570.0 26600.0
59 72580.0 23800.0
60 83030.0 26600.0
61 82080.0 23800.0
62 80750.0 18200.0
63 80750.0 23800.0
64 15770.0 12600.0
65 11590.0 26600.0
66 12730.0 29400.0
67 9690.0 35000.0
68 18810.0 29400.0
69 42370.0 23800.0
70 35910.0 26600.0
71 34390.0 18200.0
72 25460.0 23800.0
73 34770.0 29400.0
74 57190.0 32200.0
76 54720.0 37800.0
77 53960.0 40600.0
81 60610.0 40600.0
82 59090.0 40600.0
84 55670.0 40600.0
85 58140.0 43400.0
88 63460.0 40600.0
89 61940.0 40600.0
90 57190.0 37800.0
91 58140.0 37800.0
92 57380.0 40600.0
93 14440.0 32200.0
95 16910.0 29400.0
96 16530.0 32200.0
97 15390.0 26600.0
98 16720.0 26600.0
99 18430.0 18200.0
100 16720.0 18200.0
101 16150.0 15400.0
102 20330.0 15400.0
103 15390.0 23800.0
104 14060.0 23800.0
105 12730.0 26600.0
106 16910.0 23800.0
107 19950.0 9800.0
108 18430.0 9800.0
109 17290.0 15400.0
110 18620.0 15400.0
111 18620.0 12600.0
112 17290.0 12600.0
113 45220.0 23800.0
114 45790.0 21000.0
115 43890.0 23800.0
116 45030.0 9800.0
117 35530.0 23800.0
118 36860.0 23800.0
119 38190.0 23800.0
120 38570.0 9800.0
121 41990.0 9800.0
122 34010.0 21000.0
123 34200.0 23800.0
124 34390.0 15400.0
125 33630.0 9800.0
126 26790.0 18200.0
127 26220.0 23800.0
128 25650.0 18200.0
129 27550.0 15400.0
130 27930.0 12600.0
131 44270.0 12600.0
132 48070.0 12600.0
133 42750.0 12600.0
134 46170.0 12600.0
135 47120.0 9800.0
136 34580.0 12600.0
137 24510.0 18200.0
138 32870.0 12600.0
139 48640.0 9800.0
140 48830.0 7000.0
141 50730.0 12600.0
142 82080.0 40600.0
143 81130.0 15400.0
144 82460.0 15400.0
145 79610.0 15400.0
146 79610.0 12600.0
147 78850.0 7000.0
148 76760.0 23800.0
149 77330.0 21000.0
150 78850.0 18200.0
151 75810.0 18200.0
152 69730.0 9800.0
153 84550.0 29400.0
154 81700.0 35000.0
155 81890.0 32200.0
156 83030.0 18200.0
157 78090.0 12600.0
158 71060.0 23800.0
159 72390.0 15400.0
160 69730.0 15400.0
161 67830.0 26600.0
162 66880.0 32200.0
163 67830.0 32200.0
164 68210.0 21000.0
165 65930.0 23800.0
166 64600.0 23800.0
167 63650.0 23800.0
168 65170.0 18200.0
169 62510.0 7000.0
170 59660.0 7000.0
171 57570.0 21000.0
172 55100.0 23800.0
173 55290.0 18200.0
174 55290.0 15400.0
175 54910.0 7000.0
176 43510.0 18200.0
177 38760.0 18200.0
178 40850.0 18200.0
179 46170.0 15400.0
180 48450.0 15400.0
181 56430.0 7000.0
182 55670.0 9800.0
183 57190.0 15400.0
184 52630.0 15400.0
185 53770.0 18200.0
186 56810.0 18200.0
187 58520.0 9800.0
188 59850.0 9800.0
189 68780.0 18200.0
190 66500.0 18200.0
191 67640.0 18200.0
192 58330.0 12600.0
193 59470.0 15400.0
194 78280.0 15400.0
195 71250.0 15400.0
196 73910.0 23800.0
197 72580.0 21000.0
198 73720.0 21000.0
199 70490.0 18200.0
200 60610.0 18200.0
201 59090.0 18200.0
202 47310.0 26600.0
203 64030.0 32200.0
204 45980.0 32200.0
205 22420.0 32200.0
206 53960.0 29400.0
207 18240.0 32200.0
208 52250.0 37800.0
210 18050.0 35000.0
211 53390.0 37800.0
213 16720.0 43400.0
214 19380.0 43400.0
215 18050.0 43400.0
216 51870.0 26600.0
217 55670.0 26600.0
218 66500.0 26600.0
219 21090.0 12600.0
220 22230.0 12600.0
221 22420.0 9800.0
222 19760.0 12600.0
223 23750.0 12600.0
224 53580.0 7000.0
225 66880.0 12600.0
226 65930.0 12600.0
227 57380.0 9800.0
228 63840.0 9800.0
229 64410.0 12600.0
230 65360.0 15400.0
231 48070.0 29400.0
232 65550.0 35000.0
233 66690.0 35000.0
234 67830.0 35000.0
235 67260.0 37800.0
236 65740.0 37800.0
237 68970.0 35000.0
238 69540.0 32200.0
239 19000.0 7000.0
240 14820.0 29400.0
241 17860.0 26600.0
242 20140.0 7000.0
243 20710.0 23800.0
244 19000.0 23800.0
245 22040.0 4200.0
246 21850.0 7000.0
247 23750.0 9800.0
248 23940.0 4200.0
249 33250.0 7000.0
250 34580.0 4200.0
251 25270.0 4200.0
252 27170.0 4200.0
253 35150.0 9800.0
254 36290.0 9800.0
255 35340.0 4200.0
256 22800.0 18200.0
257 25270.0 15400.0
258 31160.0 4200.0
259 32870.0 4200.0
260 45790.0 4200.0
261 58900.0 7000.0
262 57190.0 4200.0
263 53960.0 4200.0
264 42750.0 7000.0
265 48830.0 4200.0
266 52060.0 4200.0
267 53010.0 4200.0
268 64030.0 4200.0
269 68210.0 4200.0
270 61560.0 18200.0
271 63460.0 18200.0
272 44270.0 15400.0
273 42750.0 15400.0
274 60800.0 4200.0
275 65740.0 4200.0
276 66690.0 4200.0
277 67830.0 7000.0
278 65360.0 7000.0
279 66500.0 7000.0
280 68970.0 7000.0
281 70110.0 35000.0
282 71250.0 35000.0
283 72390.0 35000.0
284 67260.0 40600.0
285 67260.0 43400.0
286 69730.0 40600.0
287 77140.0 29400.0
288 52440.0 7000.0
289 52820.0 9800.0
290 56430.0 12600.0
291 59660.0 12600.0
292 60990.0 12600.0
293 55290.0 12600.0
294 52820.0 12600.0
295 54150.0 12600.0
296 60610.0 15400.0
297 61750.0 15400.0
298 62700.0 9800.0
299 62700.0 12600.0
300 62890.0 15400.0
301 74670.0 35000.0
302 75810.0 35000.0
303 76190.0 37800.0
304 74100.0 40600.0
305 75240.0 43400.0
306 76570.0 43400.0
307 77900.0 23800.0
308 62510.0 4200.0
309 58520.0 4200.0
310 55290.0 4200.0
311 36670.0 4200.0
312 39900.0 4200.0
313 23750.0 7000.0
314 30970.0 7000.0
315 40090.0 7000.0
316 38380.0 4200.0
317 41610.0 4200.0
318 76380.0 15400.0
319 75240.0 15400.0
320 76000.0 9800.0
321 69540.0 4200.0
322 73720.0 4200.0
323 75050.0 4200.0
324 76380.0 4200.0
325 76570.0 7000.0
326 77710.0 7000.0
327 75240.0 7000.0
328 78850.0 9800.0
329 76950.0 35000.0
330 78090.0 35000.0
331 77710.0 37800.0
332 81700.0 43400.0
333 79040.0 43400.0
334 80370.0 43400.0
335 77140.0 32200.0
336 65360.0 9800.0
337 66690.0 9800.0
338 67830.0 12600.0
339 73720.0 12600.0
340 67640.0 9800.0
341 68590.0 9800.0
342 68970.0 12600.0
343 72200.0 12600.0
344 70110.0 12600.0
345 71250.0 12600.0
346 76760.0 12600.0
347 74480.0 12600.0
348 73720.0 15400.0
349 75430.0 12600.0
350 74670.0 32200.0
351 75810.0 32200.0
352 80750.0 35000.0
353 81700.0 37800.0
354 79040.0 37800.0
355 80370.0 37800.0
356 72580.0 29400.0
357 76950.0 9800.0
358 72200.0 4200.0
359 70680.0 4200.0
360 72010.0 7000.0
361 70870.0 7000.0
362 82080.0 12600.0
363 74860.0 9800.0
364 71250.0 9800.0
365 72200.0 9800.0
366 71630.0 18200.0
367 71630.0 21000.0
368 72960.0 18200.0
369 70110.0 21000.0
370 71630.0 32200.0
371 72770.0 32200.0
372 73530.0 35000.0
373 41420.0 40600.0
374 39520.0 43400.0
375 39710.0 40600.0
376 21660.0 26600.0
377 23180.0 29400.0
378 23940.0 32200.0
379 19760.0 32200.0
380 19190.0 35000.0
381 16340.0 40600.0
382 20520.0 40600.0
383 18430.0 40600.0
384 19380.0 26600.0
385 22040.0 29400.0
386 20520.0 29400.0
387 20330.0 35000.0
388 20900.0 37800.0
389 22420.0 37800.0
390 19570.0 37800.0
391 26220.0 9800.0
392 25840.0 29400.0
393 24320.0 29400.0
394 23370.0 35000.0
395 18240.0 37800.0
396 24320.0 37800.0
397 22230.0 35000.0
398 25840.0 12600.0
399 26980.0 32200.0
400 25460.0 32200.0
401 24890.0 35000.0
402 25840.0 40600.0
403 23180.0 40600.0
404 24510.0 40600.0
405 29830.0 7000.0
406 27360.0 7000.0
407 28500.0 7000.0
408 29070.0 9800.0
409 28500.0 32200.0
410 30020.0 32200.0
411 29450.0 37800.0
412 34200.0 40600.0
413 32300.0 40600.0
414 29070.0 40600.0
415 30400.0 12600.0
416 31540.0 29400.0
417 31540.0 32200.0
418 30970.0 37800.0
419 35340.0 37800.0
420 33820.0 37800.0
421 32110.0 37800.0
422 45030.0 7000.0
423 43320.0 4200.0
424 43890.0 7000.0
425 44840.0 29400.0
426 43320.0 29400.0
427 43510.0 32200.0
428 47120.0 35000.0
429 47880.0 37800.0
430 43890.0 37800.0
431 50350.0 15400.0
432 50540.0 9800.0
433 51490.0 18200.0
434 41800.0 29400.0
435 40280.0 29400.0
436 41230.0 32200.0
437 37620.0 35000.0
438 36100.0 35000.0
439 39330.0 32200.0
440 55480.0 32200.0
441 18050.0 7000.0
442 24890.0 7000.0
443 26220.0 7000.0
444 37620.0 7000.0
445 22990.0 4200.0
446 29070.0 4200.0
447 30210.0 4200.0
448 35720.0 7000.0
449 36100.0 12600.0
450 49210.0 32200.0
451 51110.0 32200.0
452 49590.0 37800.0
453 56240.0 35000.0
454 55860.0 37800.0
455 51110.0 37800.0
456 53010.0 23800.0
458 13110.0 43400.0
459 9690.0 32200.0
461 7410.0 32200.0
462 38570.0 40600.0
463 59660.0 29400.0
464 59470.0 23800.0
465 61750.0 23800.0
466 46550.0 43400.0
467 60040.0 32200.0
468 59850.0 26600.0
469 62130.0 26600.0
470 49590.0 43400.0
471 13870.0 37800.0
472 75240.0 23800.0
473 75430.0 21000.0
474 80370.0 21000.0
476 50730.0 40600.0
477 79420.0 35000.0
478 78850.0 26600.0
479 81130.0 26600.0
480 37050.0 40600.0
481 79420.0 32200.0
482 79230.0 29400.0
483 81890.0 29400.0
484 44270.0 40600.0
485 65550.0 32200.0
486 69730.0 26600.0
487 14250.0 40600.0
488 11970.0 32200.0
489 10450.0 29400.0
490 37810.0 43400.0
491 14060.0 26600.0
492 12730.0 23800.0
493 10450.0 23800.0
494 42370.0 43400.0
495 17480.0 21000.0
496 14630.0 21000.0
497 14630.0 18200.0
498 36670.0 43400.0
499 27360.0 23800.0
500 24130.0 23800.0
501 26410.0 21000.0
502 35530.0 40600.0
503 33060.0 23800.0
504 31730.0 21000.0
505 29450.0 21000.0
506 43510.0 43400.0
507 37620.0 26600.0
508 27170.0 26600.0
509 29450.0 23800.0
510 48070.0 43400.0
511 46740.0 23800.0
512 40850.0 23800.0
513 40470.0 26600.0
514 35530.0 43400.0
515 37240.0 21000.0
516 35910.0 21000.0
517 37050.0 18200.0
518 44650.0 43400.0
519 47120.0 40600.0
520 47690.0 18200.0
521 49590.0 18200.0
522 62890.0 43400.0
523 53770.0 43400.0
524 60230.0 35000.0
525 7790.0 43400.0
526 72010.0 37800.0
527 71250.0 43400.0
528 78090.0 40600.0
529 85690.0 43400.0
530 85690.0 37800.0
531 40090.0 37800.0
532 6270.0 40600.0
533 10070.0 37800.0
534 14250.0 35000.0
535 23370.0 43400.0
536 30590.0 43400.0
537 31350.0 35000.0
538 43130.0 35000.0
539 35530.0 32200.0
540 52250.0 35000.0
541 5890.0 35000.0
542 63270.0 21000.0
543 64790.0 29400.0
544 84930.0 21000.0
545 85690.0 23800.0
546 85690.0 32200.0
547 74290.0 26600.0
548 7790.0 26600.0
549 5890.0 23800.0
550 12350.0 15400.0
551 21850.0 21000.0
552 30590.0 18200.0
553 31730.0 26600.0
554 41610.0 21000.0
555 38570.0 15400.0
556 51110.0 21000.0
