Instance ID x_center y_center
0 11390.0 74430.0
1 41630.0 74430.0
2 18110.0 74430.0
3 40510.0 74430.0
4 43870.0 74430.0
5 44990.0 74430.0
6 23710.0 74430.0
7 24830.0 74430.0
8 22590.0 74430.0
9 48350.0 74430.0
10 49470.0 74430.0
11 38270.0 74430.0
12 16990.0 74430.0
13 12510.0 74430.0
14 37150.0 74430.0
15 36030.0 74430.0
16 53950.0 74430.0
17 13630.0 74430.0
18 56190.0 74430.0
19 32670.0 74430.0
20 57310.0 74430.0
21 58430.0 74430.0
22 21470.0 74430.0
23 34910.0 74430.0
24 39390.0 74430.0
25 15870.0 74430.0
26 59550.0 74430.0
27 33790.0 74430.0
28 47230.0 74430.0
29 55070.0 74430.0
30 46110.0 74430.0
31 20350.0 74430.0
32 31550.0 74430.0
33 61790.0 74430.0
34 60670.0 74430.0
35 28190.0 74430.0
36 42750.0 74430.0
37 62910.0 74430.0
38 64030.0 74430.0
39 30430.0 74430.0
40 67390.0 74430.0
41 68510.0 74430.0
42 52830.0 74430.0
43 29310.0 74430.0
44 19230.0 74430.0
45 69630.0 74430.0
46 65150.0 74430.0
47 14750.0 74430.0
48 25950.0 74430.0
49 50590.0 74430.0
50 66270.0 74430.0
51 27070.0 74430.0
52 70750.0 74430.0
53 51710.0 74430.0
54 61560.0 43400.0
55 45220.0 46200.0
56 49970.0 43400.0
57 34770.0 43400.0
58 46550.0 46200.0
59 73720.0 35000.0
60 76190.0 46200.0
61 68400.0 40600.0
62 65550.0 40600.0
63 67830.0 43400.0
64 22610.0 37800.0
65 23750.0 40600.0
66 15770.0 46200.0
67 9690.0 54600.0
68 22610.0 49000.0
69 43890.0 35000.0
70 36290.0 32200.0
71 15390.0 32200.0
72 12540.0 29400.0
73 35530.0 49000.0
74 45790.0 49000.0
76 50920.0 60200.0
77 49020.0 63000.0
81 53010.0 65800.0
82 51110.0 65800.0
84 50730.0 63000.0
85 52060.0 68600.0
88 54340.0 68600.0
89 55480.0 68600.0
90 50730.0 68600.0
91 49400.0 65800.0
92 49400.0 68600.0
93 17480.0 54600.0
95 21470.0 46200.0
96 19570.0 49000.0
97 18810.0 46200.0
98 20140.0 46200.0
99 22610.0 32200.0
100 21660.0 32200.0
101 20710.0 32200.0
102 20330.0 29400.0
103 24510.0 43400.0
104 26220.0 43400.0
105 26790.0 40600.0
106 25270.0 40600.0
107 22610.0 26600.0
108 26030.0 26600.0
109 25270.0 32200.0
110 23940.0 32200.0
111 23940.0 29400.0
112 25650.0 29400.0
113 41420.0 37800.0
114 42370.0 32200.0
115 40470.0 32200.0
116 38570.0 23800.0
117 34770.0 32200.0
118 34200.0 35000.0
119 34770.0 29400.0
120 33250.0 26600.0
121 40470.0 21000.0
122 17670.0 32200.0
123 12540.0 32200.0
124 13870.0 32200.0
125 15010.0 21000.0
126 13490.0 29400.0
127 11780.0 32200.0
128 14630.0 26600.0
129 15010.0 29400.0
130 22230.0 23800.0
131 45410.0 23800.0
132 46550.0 26600.0
133 37430.0 26600.0
134 38950.0 26600.0
135 40280.0 26600.0
136 18240.0 21000.0
137 13490.0 26600.0
138 18050.0 23800.0
139 42560.0 21000.0
140 41990.0 23800.0
141 42370.0 26600.0
142 70680.0 57400.0
143 72010.0 32200.0
144 70680.0 29400.0
145 70110.0 32200.0
146 69350.0 29400.0
147 69350.0 21000.0
148 66120.0 35000.0
149 66310.0 37800.0
150 64410.0 35000.0
151 64410.0 32200.0
152 65170.0 23800.0
153 75050.0 43400.0
154 73720.0 43400.0
155 75050.0 46200.0
156 73910.0 29400.0
157 74290.0 23800.0
158 74100.0 32200.0
159 73530.0 26600.0
160 65930.0 26600.0
161 60610.0 43400.0
162 60800.0 49000.0
163 62510.0 49000.0
164 61370.0 29400.0
165 41990.0 43400.0
166 38000.0 46200.0
167 48070.0 46200.0
168 52630.0 35000.0
169 59470.0 21000.0
170 53580.0 21000.0
171 50730.0 37800.0
172 48260.0 43400.0
173 46930.0 43400.0
174 48070.0 32200.0
175 46550.0 21000.0
176 40090.0 43400.0
177 33820.0 43400.0
178 35910.0 43400.0
179 40850.0 29400.0
180 43510.0 29400.0
181 49590.0 21000.0
182 51490.0 21000.0
183 51870.0 26600.0
184 51870.0 29400.0
185 49590.0 32200.0
186 50730.0 32200.0
187 52820.0 23800.0
188 54530.0 23800.0
189 62700.0 29400.0
190 55480.0 35000.0
191 61560.0 32200.0
192 59090.0 26600.0
193 60230.0 26600.0
194 68780.0 32200.0
195 70110.0 26600.0
196 74670.0 35000.0
197 75240.0 26600.0
198 75620.0 29400.0
199 67830.0 29400.0
200 59850.0 29400.0
201 59850.0 32200.0
202 51870.0 51800.0
203 54530.0 54600.0
204 45980.0 51800.0
205 22800.0 54600.0
206 53580.0 49000.0
207 21280.0 54600.0
208 47690.0 63000.0
210 20330.0 57400.0
211 49970.0 60200.0
213 18620.0 65800.0
214 22040.0 68600.0
215 20710.0 68600.0
216 55670.0 43400.0
217 53390.0 46200.0
218 47880.0 49000.0
219 24130.0 26600.0
220 24890.0 23800.0
221 26220.0 23800.0
222 27360.0 26600.0
223 27930.0 23800.0
224 47880.0 21000.0
225 59280.0 23800.0
226 60230.0 23800.0
227 51300.0 23800.0
228 56240.0 23800.0
229 57570.0 23800.0
230 57760.0 32200.0
231 56050.0 51800.0
232 49590.0 54600.0
233 46930.0 54600.0
234 45410.0 57400.0
235 34580.0 63000.0
236 33820.0 65800.0
237 37050.0 60200.0
238 63840.0 49000.0
239 24320.0 21000.0
240 17100.0 43400.0
241 23180.0 46200.0
242 24320.0 18200.0
243 23370.0 43400.0
244 22040.0 43400.0
245 22420.0 15400.0
246 22610.0 18200.0
247 20330.0 23800.0
248 25840.0 15400.0
249 30590.0 18200.0
250 31540.0 15400.0
251 29450.0 15400.0
252 27550.0 15400.0
253 33630.0 23800.0
254 32490.0 23800.0
255 34580.0 12600.0
256 19000.0 29400.0
257 17290.0 26600.0
258 30780.0 15400.0
259 35150.0 15400.0
260 40470.0 15400.0
261 52060.0 18200.0
262 50730.0 18200.0
263 50540.0 15400.0
264 42370.0 18200.0
265 45410.0 18200.0
266 47120.0 15400.0
267 48830.0 15400.0
268 55670.0 15400.0
269 65170.0 15400.0
270 50920.0 35000.0
271 54340.0 35000.0
272 38570.0 29400.0
273 36670.0 29400.0
274 53580.0 18200.0
275 61180.0 12600.0
276 64410.0 12600.0
277 62130.0 12600.0
278 61560.0 15400.0
279 63080.0 15400.0
280 63270.0 12600.0
281 63650.0 51800.0
282 63650.0 54600.0
283 62510.0 57400.0
284 60420.0 57400.0
285 58900.0 60200.0
286 58710.0 57400.0
287 65360.0 49000.0
288 46740.0 23800.0
289 47880.0 23800.0
290 49970.0 23800.0
291 58140.0 26600.0
292 54530.0 26600.0
293 49970.0 26600.0
294 47880.0 26600.0
295 48830.0 26600.0
296 55670.0 26600.0
297 58710.0 29400.0
298 58520.0 23800.0
299 57000.0 26600.0
300 57570.0 29400.0
301 62130.0 54600.0
302 65170.0 54600.0
303 63650.0 57400.0
304 64600.0 65800.0
305 61940.0 68600.0
306 62890.0 65800.0
307 68780.0 49000.0
308 58710.0 18200.0
309 58520.0 15400.0
310 53010.0 15400.0
311 32870.0 15400.0
312 38000.0 15400.0
313 21090.0 18200.0
314 18810.0 18200.0
315 38190.0 18200.0
316 36860.0 12600.0
317 45410.0 15400.0
318 65740.0 29400.0
319 64600.0 29400.0
320 64600.0 21000.0
321 57380.0 18200.0
322 60420.0 18200.0
323 62890.0 18200.0
324 64600.0 18200.0
325 67070.0 18200.0
326 68210.0 21000.0
327 65740.0 18200.0
328 66690.0 21000.0
329 67070.0 54600.0
330 68210.0 54600.0
331 68210.0 57400.0
332 70300.0 63000.0
333 68780.0 65800.0
334 68970.0 63000.0
335 72580.0 51800.0
336 61560.0 23800.0
337 62890.0 23800.0
338 64030.0 23800.0
339 69540.0 23800.0
340 63080.0 21000.0
341 66310.0 23800.0
342 64030.0 26600.0
343 68780.0 26600.0
344 67830.0 26600.0
345 67830.0 23800.0
346 70680.0 23800.0
347 71820.0 23800.0
348 72960.0 23800.0
349 72010.0 26600.0
350 70110.0 54600.0
351 71250.0 54600.0
352 71630.0 57400.0
353 70300.0 65800.0
354 69160.0 68600.0
355 71630.0 65800.0
356 72580.0 49000.0
357 70490.0 21000.0
358 66880.0 15400.0
359 68400.0 15400.0
360 68970.0 18200.0
361 69730.0 15400.0
362 72200.0 29400.0
363 70300.0 18200.0
364 71630.0 18200.0
365 72580.0 21000.0
366 75810.0 21000.0
367 76950.0 23800.0
368 75620.0 23800.0
369 76950.0 26600.0
370 72390.0 54600.0
371 73530.0 54600.0
372 72770.0 57400.0
373 67260.0 60200.0
374 68780.0 60200.0
375 73150.0 60200.0
376 24700.0 46200.0
377 25080.0 49000.0
378 24320.0 51800.0
379 22800.0 51800.0
380 22610.0 57400.0
381 19000.0 63000.0
382 20140.0 65800.0
383 20330.0 63000.0
384 20140.0 43400.0
385 19760.0 51800.0
386 21280.0 51800.0
387 21470.0 57400.0
388 27360.0 63000.0
389 28880.0 63000.0
390 22230.0 63000.0
391 26980.0 21000.0
392 28120.0 51800.0
393 26600.0 51800.0
394 26410.0 54600.0
395 25080.0 57400.0
396 26220.0 60200.0
397 26410.0 57400.0
398 22420.0 29400.0
399 17860.0 51800.0
400 17860.0 49000.0
401 15010.0 51800.0
402 13300.0 57400.0
403 12920.0 60200.0
404 12730.0 54600.0
405 17670.0 18200.0
406 14820.0 18200.0
407 15960.0 18200.0
408 16530.0 21000.0
409 16340.0 51800.0
410 15580.0 54600.0
411 16150.0 57400.0
412 14440.0 60200.0
413 16340.0 63000.0
414 15770.0 60200.0
415 30400.0 26600.0
416 31160.0 51800.0
417 33060.0 51800.0
418 35530.0 51800.0
419 33060.0 54600.0
420 34580.0 54600.0
421 34390.0 51800.0
422 44270.0 15400.0
423 42940.0 15400.0
424 43510.0 18200.0
425 43320.0 51800.0
426 41800.0 51800.0
427 41230.0 54600.0
428 40660.0 60200.0
429 42180.0 60200.0
430 42370.0 57400.0
431 45030.0 29400.0
432 44840.0 26600.0
433 44650.0 32200.0
434 44840.0 51800.0
435 39140.0 51800.0
436 37430.0 54600.0
437 33440.0 60200.0
438 31920.0 60200.0
439 34390.0 57400.0
440 49400.0 49000.0
441 25650.0 18200.0
442 26790.0 18200.0
443 28120.0 18200.0
444 36860.0 15400.0
445 23750.0 15400.0
446 24890.0 15400.0
447 35530.0 18200.0
448 36860.0 18200.0
449 37620.0 21000.0
450 48070.0 51800.0
451 49210.0 51800.0
452 48070.0 54600.0
453 50160.0 57400.0
454 51680.0 57400.0
455 47690.0 57400.0
456 51110.0 46200.0
458 16530.0 65800.0
459 12730.0 51800.0
461 10450.0 51800.0
462 32110.0 68600.0
463 37240.0 49000.0
464 38950.0 49000.0
465 41230.0 49000.0
466 40850.0 68600.0
467 57760.0 49000.0
468 56810.0 46200.0
469 59470.0 46200.0
470 45410.0 63000.0
471 18430.0 57400.0
472 56240.0 37800.0
473 56810.0 35000.0
474 60610.0 35000.0
476 46170.0 68600.0
477 69540.0 57400.0
478 69730.0 43400.0
479 72010.0 43400.0
480 43890.0 68600.0
481 69160.0 46200.0
482 70870.0 46200.0
483 73150.0 46200.0
484 64030.0 60200.0
485 67070.0 40600.0
486 70490.0 37800.0
487 14250.0 63000.0
488 13490.0 49000.0
489 15770.0 49000.0
490 32110.0 63000.0
491 27360.0 43400.0
492 19570.0 40600.0
493 17290.0 40600.0
494 41990.0 68600.0
495 27740.0 35000.0
496 25650.0 35000.0
497 23370.0 35000.0
498 32490.0 65800.0
499 14440.0 35000.0
500 10070.0 35000.0
501 12350.0 35000.0
502 23370.0 68600.0
503 14440.0 37800.0
504 12730.0 37800.0
505 10450.0 37800.0
506 39710.0 68600.0
507 35340.0 35000.0
508 32870.0 35000.0
509 30590.0 35000.0
510 45030.0 68600.0
511 42180.0 40600.0
512 40470.0 40600.0
513 39710.0 37800.0
514 25650.0 63000.0
515 28880.0 43400.0
516 30210.0 43400.0
517 32110.0 43400.0
518 37430.0 65800.0
519 42940.0 63000.0
520 43510.0 40600.0
521 45790.0 37800.0
522 57190.0 65800.0
523 45410.0 65800.0
524 54910.0 63000.0
525 15010.0 68600.0
526 38950.0 63000.0
527 58330.0 54600.0
528 63650.0 63000.0
529 76190.0 63000.0
530 75810.0 65800.0
531 76570.0 57400.0
532 6270.0 63000.0
533 24130.0 65800.0
534 22230.0 60200.0
535 7410.0 57400.0
536 7410.0 60200.0
537 31350.0 49000.0
538 38570.0 57400.0
539 30590.0 57400.0
540 46170.0 60200.0
541 5890.0 54600.0
542 41610.0 46200.0
543 64030.0 46200.0
544 62130.0 37800.0
545 73910.0 40600.0
546 76570.0 49000.0
547 70110.0 35000.0
548 11970.0 46200.0
549 18810.0 37800.0
550 18430.0 35000.0
551 7790.0 29400.0
552 6270.0 32200.0
553 30590.0 32200.0
554 40090.0 35000.0
555 32490.0 40600.0
556 47310.0 40600.0
