Instance ID x_center y_center
0 14750.0 80350.0
1 44990.0 80350.0
2 21470.0 80350.0
3 43870.0 80350.0
4 47230.0 80350.0
5 48350.0 80350.0
6 27070.0 80350.0
7 28190.0 80350.0
8 25950.0 80350.0
9 51710.0 80350.0
10 52830.0 80350.0
11 41630.0 80350.0
12 20350.0 80350.0
13 15870.0 80350.0
14 40510.0 80350.0
15 39390.0 80350.0
16 57310.0 80350.0
17 16990.0 80350.0
18 59550.0 80350.0
19 36030.0 80350.0
20 60670.0 80350.0
21 61790.0 80350.0
22 24830.0 80350.0
23 38270.0 80350.0
24 42750.0 80350.0
25 19230.0 80350.0
26 62910.0 80350.0
27 37150.0 80350.0
28 50590.0 80350.0
29 58430.0 80350.0
30 49470.0 80350.0
31 23710.0 80350.0
32 34910.0 80350.0
33 65150.0 80350.0
34 64030.0 80350.0
35 31550.0 80350.0
36 46110.0 80350.0
37 66270.0 80350.0
38 67390.0 80350.0
39 33790.0 80350.0
40 70750.0 80350.0
41 71870.0 80350.0
42 56190.0 80350.0
43 32670.0 80350.0
44 22590.0 80350.0
45 72990.0 80350.0
46 68510.0 80350.0
47 18110.0 80350.0
48 29310.0 80350.0
49 53950.0 80350.0
50 69630.0 80350.0
51 30430.0 80350.0
52 74110.0 80350.0
53 55070.0 80350.0
54 63840.0 49000.0
55 56240.0 46200.0
56 52630.0 54600.0
57 44650.0 54600.0
58 54910.0 51800.0
59 82460.0 46200.0
60 83030.0 57400.0
61 77140.0 49000.0
62 73530.0 49000.0
63 78470.0 49000.0
64 17670.0 40600.0
65 13110.0 49000.0
66 13490.0 57400.0
67 9690.0 63000.0
68 16910.0 57400.0
69 45790.0 43400.0
70 35150.0 43400.0
71 30210.0 54600.0
72 28120.0 43400.0
73 34770.0 54600.0
74 54150.0 54600.0
76 57000.0 68600.0
77 55860.0 68600.0
81 55670.0 74200.0
82 55670.0 71400.0
84 58710.0 71400.0
85 58520.0 77000.0
88 58520.0 74200.0
89 59660.0 74200.0
90 57570.0 74200.0
91 54340.0 71400.0
92 53960.0 74200.0
93 14440.0 63000.0
95 16530.0 54600.0
96 15390.0 57400.0
97 13870.0 54600.0
98 15200.0 54600.0
99 22990.0 43400.0
100 20140.0 46200.0
101 18810.0 46200.0
102 19190.0 40600.0
103 15010.0 51800.0
104 15200.0 49000.0
105 14250.0 49000.0
106 16530.0 49000.0
107 16530.0 32200.0
108 13870.0 35000.0
109 21850.0 43400.0
110 20520.0 43400.0
111 19380.0 35000.0
112 18050.0 35000.0
113 45600.0 46200.0
114 44270.0 43400.0
115 42370.0 43400.0
116 41230.0 37800.0
117 35150.0 49000.0
118 36860.0 49000.0
119 36670.0 43400.0
120 35530.0 40600.0
121 39710.0 29400.0
122 32110.0 51800.0
123 31160.0 54600.0
124 30210.0 51800.0
125 32870.0 37800.0
126 26410.0 49000.0
127 27360.0 49000.0
128 27550.0 40600.0
129 26030.0 40600.0
130 26030.0 35000.0
131 41990.0 35000.0
132 48450.0 35000.0
133 37810.0 37800.0
134 39330.0 37800.0
135 41040.0 32200.0
136 31540.0 37800.0
137 28690.0 40600.0
138 29830.0 37800.0
139 46740.0 32200.0
140 43890.0 32200.0
141 45790.0 35000.0
142 77520.0 65800.0
143 76190.0 43400.0
144 76000.0 40600.0
145 75050.0 40600.0
146 75430.0 37800.0
147 68970.0 32200.0
148 74480.0 51800.0
149 71250.0 54600.0
150 72010.0 49000.0
151 69730.0 43400.0
152 69350.0 35000.0
153 80370.0 54600.0
154 78660.0 54600.0
155 78850.0 57400.0
156 78850.0 40600.0
157 77710.0 35000.0
158 78280.0 43400.0
159 78470.0 37800.0
160 69730.0 37800.0
161 67070.0 49000.0
162 66120.0 49000.0
163 65930.0 46200.0
164 65930.0 43400.0
165 57950.0 46200.0
166 53580.0 49000.0
167 55290.0 49000.0
168 57950.0 43400.0
169 60230.0 29400.0
170 55860.0 32200.0
171 52250.0 51800.0
172 50920.0 60200.0
173 51110.0 54600.0
174 51490.0 37800.0
175 51490.0 32200.0
176 43130.0 51800.0
177 42560.0 57400.0
178 43130.0 54600.0
179 45030.0 40600.0
180 49590.0 37800.0
181 52250.0 29400.0
182 54530.0 32200.0
183 55670.0 35000.0
184 56810.0 37800.0
185 53010.0 37800.0
186 54530.0 37800.0
187 59660.0 32200.0
188 62130.0 32200.0
189 67260.0 43400.0
190 59280.0 43400.0
191 64220.0 43400.0
192 65930.0 37800.0
193 67070.0 37800.0
194 74480.0 43400.0
195 73910.0 40600.0
196 81510.0 46200.0
197 80180.0 35000.0
198 80560.0 40600.0
199 72770.0 40600.0
200 67450.0 40600.0
201 64410.0 46200.0
202 58710.0 63000.0
203 58330.0 68600.0
204 49400.0 65800.0
205 18620.0 63000.0
206 61180.0 60200.0
207 16340.0 63000.0
208 54530.0 68600.0
210 16910.0 68600.0
211 53010.0 68600.0
213 17100.0 77000.0
214 18620.0 77000.0
215 17290.0 71400.0
216 59470.0 57400.0
217 59090.0 54600.0
218 56620.0 60200.0
219 20710.0 35000.0
220 20710.0 37800.0
221 19000.0 37800.0
222 15580.0 35000.0
223 17670.0 37800.0
224 50540.0 29400.0
225 58520.0 32200.0
226 59470.0 35000.0
227 52820.0 32200.0
228 58520.0 35000.0
229 59090.0 37800.0
230 60800.0 43400.0
231 58330.0 65800.0
232 60990.0 63000.0
233 56430.0 63000.0
234 51870.0 68600.0
235 42940.0 71400.0
236 39900.0 71400.0
237 41230.0 71400.0
238 65740.0 57400.0
239 17860.0 32200.0
240 12160.0 54600.0
241 17480.0 54600.0
242 19380.0 32200.0
243 13870.0 51800.0
244 18620.0 51800.0
245 22800.0 32200.0
246 21470.0 32200.0
247 23370.0 35000.0
248 22420.0 29400.0
249 32490.0 29400.0
250 32680.0 26600.0
251 25650.0 26600.0
252 23750.0 26600.0
253 34390.0 37800.0
254 35530.0 37800.0
255 36100.0 26600.0
256 25080.0 37800.0
257 26790.0 37800.0
258 29260.0 26600.0
259 34390.0 26600.0
260 41230.0 26600.0
261 56620.0 29400.0
262 54530.0 29400.0
263 54340.0 23800.0
264 45410.0 26600.0
265 47310.0 26600.0
266 52440.0 23800.0
267 53390.0 23800.0
268 56810.0 23800.0
269 65930.0 23800.0
270 54340.0 43400.0
271 55480.0 43400.0
272 43890.0 37800.0
273 43510.0 40600.0
274 54340.0 26600.0
275 63840.0 26600.0
276 64410.0 23800.0
277 64790.0 26600.0
278 62700.0 29400.0
279 64220.0 29400.0
280 65930.0 29400.0
281 66690.0 63000.0
282 65550.0 63000.0
283 64790.0 65800.0
284 66500.0 68600.0
285 64980.0 68600.0
286 65930.0 65800.0
287 70300.0 60200.0
288 49020.0 32200.0
289 50160.0 32200.0
290 54150.0 35000.0
291 61560.0 37800.0
292 61750.0 35000.0
293 52630.0 35000.0
294 49780.0 35000.0
295 51490.0 35000.0
296 64410.0 35000.0
297 64410.0 37800.0
298 63460.0 32200.0
299 63080.0 35000.0
300 63270.0 37800.0
301 68590.0 63000.0
302 70110.0 63000.0
303 69730.0 68600.0
304 71820.0 71400.0
305 66880.0 71400.0
306 69350.0 71400.0
307 74860.0 60200.0
308 62130.0 26600.0
309 60800.0 26600.0
310 52250.0 26600.0
311 31350.0 26600.0
312 36480.0 23800.0
313 23370.0 29400.0
314 28690.0 29400.0
315 37430.0 29400.0
316 37240.0 26600.0
317 38950.0 26600.0
318 73340.0 43400.0
319 72200.0 43400.0
320 72200.0 32200.0
321 57000.0 26600.0
322 66120.0 26600.0
323 67450.0 26600.0
324 67640.0 29400.0
325 70110.0 29400.0
326 71250.0 29400.0
327 68780.0 29400.0
328 70870.0 32200.0
329 72010.0 63000.0
330 75050.0 63000.0
331 76570.0 65800.0
332 77520.0 68600.0
333 76000.0 68600.0
334 78470.0 65800.0
335 78280.0 60200.0
336 66120.0 32200.0
337 60610.0 32200.0
338 60610.0 35000.0
339 72960.0 35000.0
340 64980.0 32200.0
341 65550.0 35000.0
342 68210.0 37800.0
343 72200.0 37800.0
344 71250.0 37800.0
345 72010.0 35000.0
346 74100.0 35000.0
347 75240.0 35000.0
348 76380.0 35000.0
349 73910.0 37800.0
350 73530.0 63000.0
351 79230.0 63000.0
352 78850.0 68600.0
353 77140.0 74200.0
354 76380.0 77000.0
355 78470.0 77000.0
356 76380.0 60200.0
357 74670.0 32200.0
358 71440.0 26600.0
359 68780.0 26600.0
360 70110.0 26600.0
361 73150.0 26600.0
362 77140.0 40600.0
363 76000.0 32200.0
364 76190.0 29400.0
365 77520.0 32200.0
366 78850.0 32200.0
367 80750.0 32200.0
368 79040.0 35000.0
369 81510.0 35000.0
370 74290.0 65800.0
371 75430.0 65800.0
372 74670.0 68600.0
373 75240.0 71400.0
374 73720.0 71400.0
375 77330.0 71400.0
376 19000.0 54600.0
377 19380.0 57400.0
378 20140.0 60200.0
379 17100.0 60200.0
380 16530.0 65800.0
381 15580.0 77000.0
382 16340.0 74200.0
383 14250.0 71400.0
384 16720.0 51800.0
385 18620.0 60200.0
386 15200.0 60200.0
387 15390.0 65800.0
388 15580.0 68600.0
389 15960.0 71400.0
390 14250.0 68600.0
391 22800.0 37800.0
392 24320.0 60200.0
393 22800.0 60200.0
394 19950.0 68600.0
395 24700.0 74200.0
396 26220.0 74200.0
397 19570.0 71400.0
398 28120.0 35000.0
399 28880.0 60200.0
400 27360.0 60200.0
401 26410.0 63000.0
402 28500.0 65800.0
403 24320.0 65800.0
404 26410.0 65800.0
405 27930.0 32200.0
406 27740.0 29400.0
407 25460.0 29400.0
408 26410.0 32200.0
409 27740.0 63000.0
410 29260.0 63000.0
411 29830.0 65800.0
412 33440.0 68600.0
413 33440.0 71400.0
414 29830.0 71400.0
415 31540.0 40600.0
416 32300.0 63000.0
417 33820.0 63000.0
418 33250.0 65800.0
419 36100.0 71400.0
420 36860.0 74200.0
421 32110.0 71400.0
422 43510.0 23800.0
423 43700.0 26600.0
424 43890.0 29400.0
425 44080.0 60200.0
426 42560.0 60200.0
427 45030.0 63000.0
428 46740.0 65800.0
429 47120.0 68600.0
430 45030.0 65800.0
431 46550.0 37800.0
432 47880.0 37800.0
433 46930.0 40600.0
434 46360.0 60200.0
435 39900.0 60200.0
436 38570.0 60200.0
437 43320.0 63000.0
438 36100.0 65800.0
439 37430.0 65800.0
440 55480.0 57400.0
441 18430.0 29400.0
442 19570.0 29400.0
443 20900.0 29400.0
444 30020.0 26600.0
445 24130.0 32200.0
446 25270.0 32200.0
447 26790.0 29400.0
448 30020.0 29400.0
449 39900.0 35000.0
450 54910.0 63000.0
451 55290.0 60200.0
452 53770.0 60200.0
453 51680.0 65800.0
454 53200.0 65800.0
455 53770.0 63000.0
456 56810.0 54600.0
458 13490.0 77000.0
459 13110.0 60200.0
461 10830.0 60200.0
462 36670.0 77000.0
463 51680.0 49000.0
464 49970.0 49000.0
465 51490.0 43400.0
466 47690.0 77000.0
467 56620.0 49000.0
468 59090.0 49000.0
469 61370.0 49000.0
470 50730.0 77000.0
471 24510.0 68600.0
472 66500.0 54600.0
473 66690.0 51800.0
474 69730.0 49000.0
476 48830.0 77000.0
477 77140.0 63000.0
478 77330.0 54600.0
479 77710.0 51800.0
480 38950.0 77000.0
481 75620.0 57400.0
482 77330.0 57400.0
483 80750.0 57400.0
484 75050.0 74200.0
485 76570.0 46200.0
486 79610.0 46200.0
487 14250.0 74200.0
488 10070.0 54600.0
489 11590.0 57400.0
490 37810.0 77000.0
491 21280.0 51800.0
492 7790.0 51800.0
493 11590.0 51800.0
494 41990.0 68600.0
495 19760.0 49000.0
496 16910.0 46200.0
497 18430.0 43400.0
498 35530.0 77000.0
499 28500.0 49000.0
500 28310.0 46200.0
501 26410.0 43400.0
502 34010.0 77000.0
503 30780.0 57400.0
504 27930.0 57400.0
505 27170.0 51800.0
506 45030.0 77000.0
507 38000.0 49000.0
508 36670.0 46200.0
509 33250.0 43400.0
510 46930.0 71400.0
511 45220.0 49000.0
512 40850.0 49000.0
513 40090.0 43400.0
514 29450.0 77000.0
515 36860.0 57400.0
516 38190.0 57400.0
517 38950.0 51800.0
518 43130.0 68600.0
519 45600.0 68600.0
520 46170.0 54600.0
521 48070.0 54600.0
522 62890.0 77000.0
523 54530.0 77000.0
524 50730.0 71400.0
525 9690.0 71400.0
526 43130.0 74200.0
527 70110.0 65800.0
528 70490.0 74200.0
529 83030.0 65800.0
530 81130.0 74200.0
531 81510.0 71400.0
532 6270.0 74200.0
533 10450.0 68600.0
534 20710.0 74200.0
535 22610.0 63000.0
536 29450.0 68600.0
537 32870.0 74200.0
538 41230.0 65800.0
539 39330.0 63000.0
540 49970.0 63000.0
541 6270.0 60200.0
542 52630.0 46200.0
543 62510.0 51800.0
544 70870.0 51800.0
545 82270.0 51800.0
546 83030.0 60200.0
547 82650.0 43400.0
548 7030.0 57400.0
549 9310.0 49000.0
550 13870.0 43400.0
551 24130.0 46200.0
552 26410.0 54600.0
553 32490.0 46200.0
554 41990.0 46200.0
555 39330.0 54600.0
556 49590.0 57400.0
