Instance ID x_center y_center
0 13630.0 61920.0
1 43870.0 61920.0
2 20350.0 61920.0
3 42750.0 61920.0
4 46110.0 61920.0
5 47230.0 61920.0
6 25950.0 61920.0
7 27070.0 61920.0
8 24830.0 61920.0
9 50590.0 61920.0
10 51710.0 61920.0
11 40510.0 61920.0
12 19230.0 61920.0
13 14750.0 61920.0
14 39390.0 61920.0
15 38270.0 61920.0
16 56190.0 61920.0
17 15870.0 61920.0
18 58430.0 61920.0
19 34910.0 61920.0
20 59550.0 61920.0
21 60670.0 61920.0
22 23710.0 61920.0
23 37150.0 61920.0
24 41630.0 61920.0
25 18110.0 61920.0
26 61790.0 61920.0
27 36030.0 61920.0
28 49470.0 61920.0
29 57310.0 61920.0
30 48350.0 61920.0
31 22590.0 61920.0
32 33790.0 61920.0
33 64030.0 61920.0
34 62910.0 61920.0
35 30430.0 61920.0
36 44990.0 61920.0
37 65150.0 61920.0
38 66270.0 61920.0
39 32670.0 61920.0
40 69630.0 61920.0
41 70750.0 61920.0
42 55070.0 61920.0
43 31550.0 61920.0
44 21470.0 61920.0
45 71870.0 61920.0
46 67390.0 61920.0
47 16990.0 61920.0
48 28190.0 61920.0
49 52830.0 61920.0
50 68510.0 61920.0
51 29310.0 61920.0
52 72990.0 61920.0
53 53950.0 61920.0
54 65360.0 40600.0
55 58900.0 37800.0
56 54910.0 32200.0
57 42370.0 35000.0
58 52630.0 35000.0
59 78660.0 29400.0
60 78090.0 37800.0
61 74860.0 35000.0
62 70490.0 32200.0
63 76190.0 35000.0
64 26790.0 29400.0
65 16150.0 32200.0
66 15390.0 37800.0
67 11590.0 46200.0
68 24890.0 40600.0
69 46170.0 29400.0
70 38570.0 26600.0
71 11210.0 23800.0
72 13680.0 21000.0
73 36670.0 37800.0
74 51870.0 37800.0
76 49780.0 51800.0
77 49780.0 54600.0
81 56810.0 51800.0
82 51490.0 54600.0
84 53010.0 51800.0
85 55860.0 57400.0
88 59660.0 54600.0
89 61560.0 54600.0
90 55670.0 51800.0
91 53200.0 57400.0
92 54340.0 57400.0
93 22420.0 46200.0
95 23370.0 37800.0
96 22990.0 40600.0
97 20330.0 37800.0
98 22040.0 37800.0
99 25650.0 29400.0
100 27360.0 35000.0
101 27930.0 29400.0
102 26790.0 26600.0
103 22990.0 35000.0
104 18240.0 35000.0
105 17290.0 32200.0
106 22230.0 32200.0
107 21850.0 23800.0
108 19950.0 21000.0
109 24510.0 29400.0
110 24320.0 32200.0
111 20900.0 18200.0
112 21470.0 21000.0
113 44840.0 29400.0
114 45030.0 23800.0
115 40850.0 29400.0
116 42370.0 23800.0
117 37050.0 26600.0
118 37240.0 29400.0
119 37430.0 23800.0
120 35910.0 21000.0
121 39710.0 15400.0
122 16530.0 23800.0
123 12540.0 26600.0
124 12730.0 23800.0
125 16910.0 15400.0
126 15010.0 23800.0
127 14060.0 23800.0
128 13110.0 18200.0
129 16150.0 21000.0
130 24890.0 18200.0
131 40090.0 18200.0
132 43890.0 18200.0
133 38950.0 21000.0
134 42750.0 21000.0
135 44460.0 15400.0
136 15200.0 15400.0
137 11970.0 18200.0
138 15390.0 18200.0
139 50160.0 15400.0
140 47310.0 15400.0
141 46550.0 18200.0
142 75240.0 46200.0
143 75430.0 26600.0
144 74860.0 23800.0
145 73910.0 26600.0
146 76190.0 23800.0
147 73530.0 15400.0
148 68780.0 29400.0
149 67450.0 29400.0
150 70110.0 29400.0
151 68210.0 26600.0
152 68970.0 18200.0
153 78850.0 35000.0
154 76760.0 37800.0
155 79610.0 37800.0
156 80370.0 23800.0
157 78470.0 18200.0
158 80940.0 29400.0
159 77330.0 18200.0
160 69730.0 21000.0
161 64030.0 35000.0
162 63460.0 40600.0
163 64410.0 40600.0
164 64410.0 23800.0
165 54910.0 37800.0
166 55100.0 40600.0
167 58330.0 40600.0
168 58330.0 26600.0
169 63270.0 15400.0
170 57380.0 18200.0
171 54910.0 29400.0
172 53960.0 35000.0
173 53390.0 32200.0
174 51490.0 23800.0
175 52250.0 15400.0
176 38950.0 32200.0
177 38000.0 37800.0
178 40470.0 35000.0
179 40470.0 23800.0
180 41990.0 18200.0
181 53770.0 15400.0
182 54530.0 18200.0
183 51490.0 21000.0
184 48830.0 21000.0
185 49970.0 23800.0
186 53010.0 23800.0
187 55100.0 21000.0
188 57570.0 21000.0
189 66120.0 23800.0
190 61180.0 26600.0
191 62700.0 23800.0
192 59470.0 21000.0
193 56430.0 23800.0
194 73720.0 23800.0
195 72390.0 23800.0
196 77710.0 29400.0
197 82840.0 18200.0
198 78280.0 23800.0
199 71250.0 23800.0
200 56050.0 26600.0
201 52250.0 29400.0
202 41230.0 37800.0
203 48830.0 46200.0
204 47120.0 43400.0
205 23180.0 43400.0
206 46360.0 40600.0
207 21280.0 43400.0
208 51490.0 49000.0
210 21470.0 49000.0
211 49970.0 49000.0
213 22800.0 51800.0
214 22420.0 54600.0
215 21090.0 54600.0
216 45790.0 37800.0
217 49210.0 37800.0
218 60800.0 43400.0
219 26790.0 18200.0
220 27930.0 18200.0
221 28880.0 18200.0
222 23180.0 21000.0
223 28310.0 21000.0
224 55480.0 15400.0
225 65360.0 18200.0
226 65550.0 21000.0
227 53580.0 21000.0
228 63460.0 21000.0
229 64410.0 21000.0
230 63080.0 26600.0
231 49970.0 43400.0
232 62130.0 46200.0
233 60610.0 46200.0
234 60230.0 49000.0
235 39900.0 54600.0
236 36100.0 57400.0
237 36290.0 51800.0
238 67260.0 40600.0
239 23180.0 23800.0
240 17100.0 37800.0
241 24700.0 37800.0
242 27360.0 23800.0
243 25650.0 35000.0
244 24320.0 35000.0
245 24320.0 21000.0
246 24510.0 23800.0
247 22610.0 18200.0
248 25080.0 15400.0
249 29070.0 12600.0
250 30020.0 9800.0
251 26030.0 12600.0
252 24130.0 12600.0
253 32490.0 21000.0
254 33630.0 21000.0
255 33060.0 12600.0
256 19000.0 23800.0
257 18430.0 18200.0
258 30780.0 9800.0
259 32490.0 9800.0
260 41990.0 9800.0
261 57000.0 15400.0
262 56050.0 12600.0
263 54720.0 12600.0
264 40470.0 12600.0
265 47310.0 12600.0
266 49020.0 12600.0
267 52630.0 12600.0
268 53770.0 12600.0
269 70110.0 12600.0
270 57000.0 26600.0
271 60040.0 26600.0
272 40090.0 21000.0
273 41230.0 21000.0
274 59660.0 12600.0
275 66120.0 12600.0
276 68590.0 12600.0
277 66310.0 9800.0
278 67260.0 9800.0
279 67260.0 12600.0
280 65930.0 15400.0
281 65930.0 43400.0
282 67070.0 43400.0
283 67070.0 46200.0
284 63460.0 46200.0
285 63460.0 51800.0
286 64790.0 46200.0
287 68780.0 40600.0
288 51300.0 15400.0
289 51680.0 18200.0
290 53010.0 18200.0
291 55860.0 21000.0
292 56050.0 18200.0
293 49970.0 18200.0
294 46360.0 21000.0
295 48830.0 18200.0
296 58710.0 18200.0
297 62510.0 21000.0
298 61940.0 18200.0
299 60420.0 18200.0
300 60990.0 21000.0
301 65930.0 46200.0
302 68210.0 46200.0
303 70490.0 49000.0
304 68780.0 51800.0
305 69160.0 54600.0
306 70490.0 54600.0
307 74480.0 43400.0
308 62130.0 12600.0
309 61560.0 9800.0
310 57950.0 12600.0
311 31730.0 12600.0
312 34960.0 12600.0
313 22610.0 12600.0
314 21470.0 12600.0
315 35150.0 15400.0
316 37620.0 12600.0
317 38950.0 12600.0
318 69920.0 23800.0
319 68020.0 23800.0
320 68400.0 15400.0
321 60800.0 12600.0
322 63840.0 12600.0
323 65170.0 12600.0
324 69160.0 15400.0
325 71250.0 15400.0
326 72390.0 15400.0
327 72960.0 18200.0
328 71250.0 18200.0
329 72770.0 46200.0
330 73910.0 46200.0
331 73910.0 49000.0
332 75240.0 51800.0
333 72580.0 51800.0
334 73910.0 51800.0
335 77140.0 43400.0
336 67640.0 18200.0
337 66310.0 18200.0
338 67070.0 21000.0
339 82460.0 21000.0
340 69920.0 18200.0
341 71250.0 21000.0
342 68210.0 21000.0
343 72960.0 21000.0
344 73910.0 21000.0
345 75050.0 21000.0
346 81320.0 21000.0
347 80180.0 21000.0
348 79040.0 21000.0
349 77710.0 21000.0
350 76190.0 46200.0
351 77330.0 46200.0
352 77330.0 49000.0
353 76000.0 54600.0
354 74480.0 54600.0
355 77330.0 54600.0
356 78660.0 43400.0
357 75810.0 18200.0
358 74480.0 12600.0
359 76000.0 12600.0
360 77330.0 12600.0
361 73150.0 12600.0
362 76380.0 21000.0
363 76000.0 15400.0
364 77330.0 15400.0
365 78660.0 15400.0
366 81510.0 15400.0
367 81510.0 18200.0
368 80180.0 15400.0
369 79990.0 18200.0
370 75810.0 43400.0
371 79990.0 43400.0
372 78470.0 46200.0
373 72580.0 49000.0
374 71060.0 51800.0
375 75810.0 49000.0
376 26600.0 37800.0
377 28120.0 37800.0
378 28120.0 40600.0
379 26600.0 40600.0
380 24130.0 46200.0
381 23940.0 54600.0
382 25080.0 57400.0
383 24890.0 51800.0
384 21280.0 35000.0
385 21660.0 40600.0
386 20140.0 40600.0
387 20330.0 49000.0
388 25460.0 54600.0
389 26980.0 54600.0
390 19950.0 54600.0
391 24700.0 26600.0
392 29260.0 43400.0
393 26980.0 43400.0
394 26790.0 46200.0
395 30020.0 49000.0
396 30020.0 51800.0
397 26410.0 51800.0
398 26220.0 21000.0
399 25080.0 43400.0
400 17860.0 43400.0
401 17670.0 46200.0
402 14440.0 46200.0
403 14440.0 49000.0
404 12730.0 46200.0
405 21090.0 15400.0
406 17860.0 12600.0
407 19380.0 12600.0
408 19950.0 15400.0
409 19380.0 43400.0
410 16340.0 43400.0
411 16150.0 46200.0
412 17480.0 49000.0
413 18240.0 51800.0
414 13110.0 49000.0
415 30780.0 21000.0
416 29640.0 40600.0
417 31160.0 40600.0
418 30970.0 43400.0
419 38000.0 49000.0
420 37620.0 51800.0
421 32870.0 51800.0
422 43510.0 12600.0
423 41800.0 12600.0
424 41990.0 15400.0
425 42940.0 43400.0
426 44460.0 43400.0
427 46550.0 46200.0
428 45220.0 46200.0
429 47880.0 49000.0
430 46550.0 49000.0
431 45410.0 21000.0
432 43320.0 15400.0
433 44270.0 21000.0
434 41800.0 40600.0
435 39900.0 40600.0
436 37050.0 43400.0
437 37240.0 46200.0
438 33440.0 46200.0
439 34390.0 43400.0
440 53200.0 40600.0
441 26030.0 23800.0
442 26030.0 15400.0
443 27360.0 15400.0
444 36100.0 12600.0
445 24130.0 15400.0
446 28690.0 15400.0
447 31350.0 15400.0
448 33820.0 15400.0
449 34580.0 18200.0
450 54150.0 43400.0
451 53010.0 43400.0
452 52630.0 46200.0
453 54340.0 46200.0
454 55860.0 46200.0
455 52630.0 49000.0
456 46550.0 35000.0
458 20710.0 51800.0
459 13490.0 43400.0
461 11210.0 43400.0
462 45410.0 57400.0
463 56620.0 43400.0
464 56430.0 40600.0
465 57190.0 37800.0
466 43130.0 57400.0
467 58140.0 43400.0
468 60230.0 40600.0
469 62130.0 37800.0
470 46550.0 57400.0
471 18810.0 49000.0
472 62320.0 29400.0
473 60610.0 29400.0
474 65170.0 29400.0
476 48070.0 54600.0
477 72200.0 43400.0
478 72770.0 37800.0
479 75050.0 37800.0
480 38950.0 57400.0
481 72580.0 40600.0
482 74290.0 40600.0
483 76570.0 40600.0
484 68590.0 49000.0
485 72390.0 32200.0
486 75810.0 29400.0
487 16150.0 51800.0
488 12730.0 40600.0
489 15010.0 40600.0
490 33250.0 57400.0
491 19380.0 35000.0
492 16150.0 35000.0
493 13870.0 35000.0
494 37810.0 57400.0
495 28500.0 35000.0
496 28690.0 32200.0
497 26410.0 32200.0
498 32110.0 57400.0
499 18240.0 26600.0
500 16530.0 26600.0
501 14250.0 26600.0
502 26790.0 57400.0
503 15960.0 29400.0
504 12730.0 29400.0
505 10450.0 26600.0
506 50350.0 57400.0
507 38380.0 29400.0
508 34010.0 29400.0
509 33630.0 26600.0
510 48070.0 57400.0
511 44840.0 32200.0
512 43130.0 32200.0
513 43130.0 29400.0
514 30590.0 57400.0
515 33820.0 37800.0
516 33630.0 32200.0
517 35910.0 32200.0
518 44270.0 57400.0
519 44080.0 51800.0
520 44270.0 35000.0
521 49590.0 35000.0
522 59850.0 57400.0
523 56050.0 54600.0
524 43890.0 54600.0
525 16150.0 54600.0
526 35910.0 54600.0
527 64030.0 49000.0
528 69730.0 57400.0
529 79610.0 51800.0
530 81130.0 54600.0
531 81130.0 49000.0
532 6270.0 51800.0
533 16150.0 57400.0
534 26030.0 49000.0
535 7790.0 46200.0
536 8170.0 49000.0
537 34010.0 49000.0
538 42750.0 49000.0
539 35530.0 40600.0
540 56430.0 49000.0
541 6650.0 43400.0
542 58710.0 35000.0
543 66690.0 37800.0
544 66690.0 32200.0
545 69730.0 35000.0
546 81130.0 40600.0
547 78470.0 32200.0
548 9690.0 37800.0
549 12350.0 32200.0
550 19950.0 29400.0
551 10070.0 21000.0
552 7030.0 23800.0
553 33250.0 23800.0
554 44650.0 26600.0
555 36670.0 35000.0
556 49210.0 32200.0
