Instance ID x_center y_center
0 4670.0 62530.0
1 34910.0 62530.0
2 11390.0 62530.0
3 33790.0 62530.0
4 37150.0 62530.0
5 38270.0 62530.0
6 16990.0 62530.0
7 18110.0 62530.0
8 15870.0 62530.0
9 41630.0 62530.0
10 42750.0 62530.0
11 31550.0 62530.0
12 10270.0 62530.0
13 5790.0 62530.0
14 30430.0 62530.0
15 29310.0 62530.0
16 47230.0 62530.0
17 6910.0 62530.0
18 49470.0 62530.0
19 25950.0 62530.0
20 50590.0 62530.0
21 51710.0 62530.0
22 14750.0 62530.0
23 28190.0 62530.0
24 32670.0 62530.0
25 9150.0 62530.0
26 52830.0 62530.0
27 27070.0 62530.0
28 40510.0 62530.0
29 48350.0 62530.0
30 39390.0 62530.0
31 13630.0 62530.0
32 24830.0 62530.0
33 55070.0 62530.0
34 53950.0 62530.0
35 21470.0 62530.0
36 36030.0 62530.0
37 56190.0 62530.0
38 57310.0 62530.0
39 23710.0 62530.0
40 60670.0 62530.0
41 61790.0 62530.0
42 46110.0 62530.0
43 22590.0 62530.0
44 12510.0 62530.0
45 62910.0 62530.0
46 58430.0 62530.0
47 8030.0 62530.0
48 19230.0 62530.0
49 43870.0 62530.0
50 59550.0 62530.0
51 20350.0 62530.0
52 64030.0 62530.0
53 44990.0 62530.0
54 51680.0 35000.0
55 36860.0 40600.0
56 43890.0 35000.0
57 31350.0 35000.0
58 36290.0 37800.0
59 63080.0 29400.0
60 61370.0 32200.0
61 61940.0 37800.0
62 56050.0 32200.0
63 59850.0 32200.0
64 18050.0 23800.0
65 18810.0 32200.0
66 12730.0 35000.0
67 10070.0 43400.0
68 19570.0 40600.0
69 37050.0 32200.0
70 30210.0 26600.0
71 10450.0 23800.0
72 11780.0 18200.0
73 28690.0 37800.0
74 34010.0 37800.0
76 41420.0 51800.0
77 40660.0 57400.0
81 34770.0 57400.0
82 35530.0 54600.0
84 43890.0 54600.0
85 45220.0 57400.0
88 46740.0 57400.0
89 46360.0 51800.0
90 44650.0 51800.0
91 35720.0 57400.0
92 38000.0 57400.0
93 12160.0 43400.0
95 17670.0 35000.0
96 17290.0 40600.0
97 16530.0 35000.0
98 17100.0 37800.0
99 21470.0 26600.0
100 23180.0 29400.0
101 19950.0 26600.0
102 19570.0 23800.0
103 22990.0 32200.0
104 22800.0 37800.0
105 21850.0 32200.0
106 20330.0 32200.0
107 18050.0 21000.0
108 19570.0 21000.0
109 22610.0 26600.0
110 22800.0 23800.0
111 22800.0 21000.0
112 24510.0 21000.0
113 39900.0 29400.0
114 38570.0 29400.0
115 35910.0 26600.0
116 36290.0 15400.0
117 30210.0 23800.0
118 28500.0 23800.0
119 29070.0 21000.0
120 29450.0 18200.0
121 33630.0 15400.0
122 12730.0 29400.0
123 11020.0 29400.0
124 12350.0 23800.0
125 11970.0 15400.0
126 10070.0 21000.0
127 14060.0 23800.0
128 13110.0 21000.0
129 11590.0 21000.0
130 20710.0 15400.0
131 33630.0 18200.0
132 37810.0 21000.0
133 31730.0 18200.0
134 34390.0 21000.0
135 35720.0 21000.0
136 15200.0 15400.0
137 13110.0 18200.0
138 15010.0 18200.0
139 37620.0 15400.0
140 37050.0 18200.0
141 37430.0 23800.0
142 59280.0 46200.0
143 58710.0 26600.0
144 58140.0 23800.0
145 59090.0 23800.0
146 59090.0 21000.0
147 55290.0 18200.0
148 54340.0 29400.0
149 55670.0 29400.0
150 57570.0 29400.0
151 55290.0 26600.0
152 53770.0 21000.0
153 62890.0 32200.0
154 64220.0 37800.0
155 64410.0 32200.0
156 65550.0 21000.0
157 65170.0 18200.0
158 65360.0 23800.0
159 64030.0 18200.0
160 55290.0 21000.0
161 52630.0 35000.0
162 52820.0 40600.0
163 51870.0 40600.0
164 52250.0 23800.0
165 38570.0 37800.0
166 37620.0 40600.0
167 40470.0 37800.0
168 42370.0 26600.0
169 51110.0 12600.0
170 47880.0 15400.0
171 43510.0 32200.0
172 45600.0 35000.0
173 46170.0 32200.0
174 44270.0 29400.0
175 43130.0 15400.0
176 29450.0 32200.0
177 25080.0 32200.0
178 31350.0 32200.0
179 32870.0 23800.0
180 34770.0 23800.0
181 44650.0 15400.0
182 43510.0 18200.0
183 44650.0 23800.0
184 41990.0 23800.0
185 42370.0 29400.0
186 45790.0 29400.0
187 45980.0 15400.0
188 47310.0 18200.0
189 53580.0 23800.0
190 43700.0 26600.0
191 52060.0 26600.0
192 51490.0 21000.0
193 50730.0 23800.0
194 57000.0 23800.0
195 55670.0 23800.0
196 62130.0 29400.0
197 66120.0 18200.0
198 61940.0 23800.0
199 54530.0 23800.0
200 49590.0 23800.0
201 47690.0 26600.0
202 39710.0 40600.0
203 42370.0 49000.0
204 32680.0 43400.0
205 18620.0 46200.0
206 44460.0 43400.0
207 17100.0 46200.0
208 42370.0 51800.0
210 16150.0 51800.0
211 43510.0 51800.0
213 16340.0 54600.0
214 16340.0 57400.0
215 15010.0 54600.0
216 43510.0 37800.0
217 46550.0 35000.0
218 48640.0 43400.0
219 22230.0 18200.0
220 22610.0 15400.0
221 23560.0 15400.0
222 21280.0 23800.0
223 23750.0 18200.0
224 41800.0 15400.0
225 50160.0 15400.0
226 50350.0 18200.0
227 45220.0 18200.0
228 49400.0 18200.0
229 50350.0 21000.0
230 50160.0 26600.0
231 38570.0 43400.0
232 50350.0 46200.0
233 49210.0 46200.0
234 37810.0 49000.0
235 29260.0 51800.0
236 28500.0 57400.0
237 29830.0 57400.0
238 56240.0 40600.0
239 19000.0 12600.0
240 15200.0 37800.0
241 18240.0 37800.0
242 17860.0 12600.0
243 21850.0 37800.0
244 21660.0 35000.0
245 18620.0 15400.0
246 17290.0 15400.0
247 17670.0 18200.0
248 19760.0 9800.0
249 26790.0 12600.0
250 29260.0 12600.0
251 23750.0 12600.0
252 24890.0 15400.0
253 28690.0 15400.0
254 29830.0 15400.0
255 31540.0 15400.0
256 16720.0 21000.0
257 15010.0 21000.0
258 22040.0 9800.0
259 32490.0 12600.0
260 34770.0 9800.0
261 44840.0 12600.0
262 43510.0 12600.0
263 42180.0 9800.0
264 36290.0 12600.0
265 37430.0 9800.0
266 41420.0 9800.0
267 43130.0 9800.0
268 51490.0 9800.0
269 56810.0 9800.0
270 44460.0 26600.0
271 45600.0 26600.0
272 31730.0 21000.0
273 32870.0 21000.0
274 45980.0 9800.0
275 54340.0 9800.0
276 55290.0 9800.0
277 56810.0 12600.0
278 54340.0 12600.0
279 55480.0 12600.0
280 55670.0 15400.0
281 55290.0 43400.0
282 56430.0 43400.0
283 55290.0 49000.0
284 53200.0 54600.0
285 51300.0 57400.0
286 54910.0 54600.0
287 53960.0 40600.0
288 40660.0 15400.0
289 40660.0 18200.0
290 43510.0 21000.0
291 45600.0 21000.0
292 44650.0 21000.0
293 41990.0 21000.0
294 39140.0 21000.0
295 40850.0 21000.0
296 46550.0 21000.0
297 49210.0 21000.0
298 48640.0 18200.0
299 47880.0 21000.0
300 48450.0 23800.0
301 50350.0 43400.0
302 53390.0 43400.0
303 51870.0 43400.0
304 53200.0 49000.0
305 52820.0 51800.0
306 51870.0 46200.0
307 65740.0 40600.0
308 48450.0 12600.0
309 45600.0 12600.0
310 41610.0 12600.0
311 29070.0 9800.0
312 30780.0 9800.0
313 16530.0 12600.0
314 14250.0 12600.0
315 30590.0 12600.0
316 32300.0 9800.0
317 39330.0 9800.0
318 53200.0 26600.0
319 52820.0 29400.0
320 53200.0 12600.0
321 46740.0 15400.0
322 46740.0 12600.0
323 47690.0 9800.0
324 49020.0 15400.0
325 51110.0 15400.0
326 54530.0 15400.0
327 52440.0 15400.0
328 57190.0 15400.0
329 59850.0 43400.0
330 65550.0 43400.0
331 64410.0 43400.0
332 59280.0 49000.0
333 57380.0 51800.0
334 57950.0 49000.0
335 61940.0 43400.0
336 51680.0 18200.0
337 53010.0 18200.0
338 56430.0 18200.0
339 61560.0 18200.0
340 53580.0 15400.0
341 54150.0 18200.0
342 52630.0 21000.0
343 56620.0 21000.0
344 57570.0 21000.0
345 57570.0 18200.0
346 62700.0 18200.0
347 63080.0 23800.0
348 63460.0 21000.0
349 62130.0 21000.0
350 60610.0 46200.0
351 61750.0 46200.0
352 62890.0 46200.0
353 60040.0 54600.0
354 59280.0 57400.0
355 62510.0 54600.0
356 63080.0 37800.0
357 59090.0 18200.0
358 58140.0 12600.0
359 58520.0 9800.0
360 59470.0 12600.0
361 60610.0 12600.0
362 60800.0 21000.0
363 59660.0 15400.0
364 61750.0 12600.0
365 62700.0 12600.0
366 64410.0 15400.0
367 65930.0 15400.0
368 63080.0 15400.0
369 61370.0 15400.0
370 58710.0 43400.0
371 63270.0 43400.0
372 64030.0 46200.0
373 58900.0 51800.0
374 58520.0 54600.0
375 61370.0 54600.0
376 20140.0 37800.0
377 22040.0 40600.0
378 22420.0 43400.0
379 17860.0 43400.0
380 15390.0 49000.0
381 17860.0 51800.0
382 17860.0 57400.0
383 15010.0 51800.0
384 19380.0 35000.0
385 22040.0 46200.0
386 20140.0 46200.0
387 19950.0 51800.0
388 23180.0 51800.0
389 24700.0 54600.0
390 19950.0 57400.0
391 20140.0 18200.0
392 24320.0 40600.0
393 23940.0 43400.0
394 24510.0 46200.0
395 25840.0 46200.0
396 25840.0 51800.0
397 24510.0 51800.0
398 21280.0 21000.0
399 20900.0 43400.0
400 19380.0 43400.0
401 18050.0 49000.0
402 8740.0 49000.0
403 7220.0 49000.0
404 6650.0 54600.0
405 15390.0 12600.0
406 11780.0 12600.0
407 12920.0 12600.0
408 13870.0 15400.0
409 15960.0 40600.0
410 15960.0 43400.0
411 15770.0 46200.0
412 13680.0 46200.0
413 13680.0 49000.0
414 14250.0 43400.0
415 26220.0 18200.0
416 26220.0 43400.0
417 27740.0 43400.0
418 27930.0 46200.0
419 29260.0 46200.0
420 26600.0 49000.0
421 27930.0 51800.0
422 39330.0 12600.0
423 34580.0 12600.0
424 38190.0 12600.0
425 33820.0 43400.0
426 35340.0 43400.0
427 37050.0 46200.0
428 39140.0 46200.0
429 39140.0 49000.0
430 36670.0 49000.0
431 39710.0 23800.0
432 37620.0 26600.0
433 38950.0 26600.0
434 31540.0 43400.0
435 29260.0 43400.0
436 23370.0 46200.0
437 10260.0 49000.0
438 5700.0 49000.0
439 5510.0 46200.0
440 46360.0 40600.0
441 18050.0 9800.0
442 21090.0 9800.0
443 23560.0 9800.0
444 27740.0 9800.0
445 19950.0 12600.0
446 21850.0 12600.0
447 24890.0 9800.0
448 26220.0 9800.0
449 26980.0 15400.0
450 40850.0 46200.0
451 43890.0 46200.0
452 43890.0 49000.0
453 45600.0 46200.0
454 47500.0 46200.0
455 47690.0 51800.0
456 43510.0 40600.0
458 12730.0 51800.0
459 13870.0 40600.0
461 11210.0 40600.0
462 25650.0 57400.0
463 26980.0 40600.0
464 29070.0 40600.0
465 31350.0 37800.0
466 33630.0 57400.0
467 50160.0 40600.0
468 48450.0 40600.0
469 48070.0 37800.0
470 39330.0 57400.0
471 12350.0 49000.0
472 48640.0 29400.0
473 48830.0 35000.0
474 50730.0 29400.0
476 41990.0 57400.0
477 57760.0 40600.0
478 57950.0 37800.0
479 60230.0 37800.0
480 32110.0 57400.0
481 54720.0 35000.0
482 56430.0 35000.0
483 58710.0 35000.0
484 55290.0 51800.0
485 57950.0 32200.0
486 60230.0 29400.0
487 11970.0 57400.0
488 12350.0 37800.0
489 10830.0 35000.0
490 27170.0 57400.0
491 23180.0 35000.0
492 14630.0 35000.0
493 15010.0 29400.0
494 30970.0 57400.0
495 22040.0 29400.0
496 20330.0 29400.0
497 18050.0 29400.0
498 24510.0 57400.0
499 15580.0 23800.0
500 9310.0 29400.0
501 10070.0 26600.0
502 22230.0 57400.0
503 12160.0 26600.0
504 7790.0 26600.0
505 5510.0 26600.0
506 47690.0 57400.0
507 29260.0 29400.0
508 26410.0 29400.0
509 26790.0 23800.0
510 36670.0 57400.0
511 35720.0 32200.0
512 33250.0 32200.0
513 33630.0 26600.0
514 21090.0 57400.0
515 23940.0 37800.0
516 25650.0 37800.0
517 26790.0 32200.0
518 27170.0 54600.0
519 33060.0 51800.0
520 33630.0 35000.0
521 35530.0 35000.0
522 48070.0 54600.0
523 39710.0 54600.0
524 37810.0 51800.0
525 10830.0 54600.0
526 30970.0 54600.0
527 55290.0 57400.0
528 55670.0 46200.0
529 63270.0 49000.0
530 63270.0 57400.0
531 63270.0 51800.0
532 5890.0 57400.0
533 20710.0 54600.0
534 22230.0 49000.0
535 6270.0 51800.0
536 9690.0 46200.0
537 30590.0 49000.0
538 33250.0 46200.0
539 5890.0 43400.0
540 48450.0 49000.0
541 6270.0 40600.0
542 33250.0 40600.0
543 52630.0 37800.0
544 51490.0 32200.0
545 61750.0 40600.0
546 63270.0 35000.0
547 62890.0 26600.0
548 8170.0 37800.0
549 14630.0 32200.0
550 16150.0 26600.0
551 6270.0 21000.0
552 6270.0 23800.0
553 26410.0 26600.0
554 34390.0 29400.0
555 27550.0 35000.0
556 40090.0 35000.0
