Instance ID x_center y_center
0 18110.0 50030.0
1 48350.0 50030.0
2 24830.0 50030.0
3 47230.0 50030.0
4 50590.0 50030.0
5 51710.0 50030.0
6 30430.0 50030.0
7 31550.0 50030.0
8 29310.0 50030.0
9 55070.0 50030.0
10 56190.0 50030.0
11 44990.0 50030.0
12 23710.0 50030.0
13 19230.0 50030.0
14 43870.0 50030.0
15 42750.0 50030.0
16 60670.0 50030.0
17 20350.0 50030.0
18 62910.0 50030.0
19 39390.0 50030.0
20 64030.0 50030.0
21 65150.0 50030.0
22 28190.0 50030.0
23 41630.0 50030.0
24 46110.0 50030.0
25 22590.0 50030.0
26 66270.0 50030.0
27 40510.0 50030.0
28 53950.0 50030.0
29 61790.0 50030.0
30 52830.0 50030.0
31 27070.0 50030.0
32 38270.0 50030.0
33 68510.0 50030.0
34 67390.0 50030.0
35 34910.0 50030.0
36 49470.0 50030.0
37 69630.0 50030.0
38 70750.0 50030.0
39 37150.0 50030.0
40 74110.0 50030.0
41 75230.0 50030.0
42 59550.0 50030.0
43 36030.0 50030.0
44 25950.0 50030.0
45 76350.0 50030.0
46 71870.0 50030.0
47 21470.0 50030.0
48 32670.0 50030.0
49 57310.0 50030.0
50 72990.0 50030.0
51 33790.0 50030.0
52 77470.0 50030.0
53 58430.0 50030.0
54 70680.0 32200.0
55 68780.0 26600.0
56 56430.0 23800.0
57 44650.0 18200.0
58 60610.0 26600.0
59 82460.0 26600.0
60 87210.0 32200.0
61 85880.0 26600.0
62 87210.0 26600.0
63 84550.0 26600.0
64 16530.0 18200.0
65 13870.0 23800.0
66 11590.0 29400.0
67 10830.0 35000.0
68 18430.0 32200.0
69 46550.0 23800.0
70 37050.0 23800.0
71 35530.0 18200.0
72 26980.0 21000.0
73 36290.0 29400.0
74 59470.0 29400.0
76 56620.0 40600.0
77 58520.0 40600.0
81 62510.0 43400.0
82 60230.0 40600.0
84 57570.0 43400.0
85 60040.0 46200.0
88 61560.0 43400.0
89 61560.0 46200.0
90 59090.0 43400.0
91 61560.0 40600.0
92 60420.0 43400.0
93 17860.0 37800.0
95 15770.0 29400.0
96 18050.0 35000.0
97 16910.0 29400.0
98 18240.0 29400.0
99 19190.0 18200.0
100 16340.0 15400.0
101 17670.0 15400.0
102 19570.0 15400.0
103 17670.0 26600.0
104 15200.0 26600.0
105 15390.0 23800.0
106 18430.0 23800.0
107 18430.0 12600.0
108 18430.0 9800.0
109 22230.0 18200.0
110 20900.0 18200.0
111 15580.0 15400.0
112 16530.0 12600.0
113 47120.0 26600.0
114 46170.0 21000.0
115 45790.0 26600.0
116 45790.0 12600.0
117 37050.0 26600.0
118 38380.0 26600.0
119 38570.0 23800.0
120 39330.0 12600.0
121 44650.0 7000.0
122 34770.0 21000.0
123 36100.0 21000.0
124 34390.0 15400.0
125 33630.0 12600.0
126 26790.0 23800.0
127 26980.0 26600.0
128 25650.0 18200.0
129 24890.0 15400.0
130 28310.0 12600.0
131 46170.0 9800.0
132 53010.0 12600.0
133 44270.0 12600.0
134 47690.0 12600.0
135 47500.0 9800.0
136 33820.0 9800.0
137 27170.0 18200.0
138 30970.0 12600.0
139 53200.0 9800.0
140 50350.0 9800.0
141 50350.0 12600.0
142 81320.0 40600.0
143 82650.0 21000.0
144 82460.0 18200.0
145 81130.0 21000.0
146 81130.0 15400.0
147 81510.0 9800.0
148 80560.0 23800.0
149 82270.0 23800.0
150 84550.0 21000.0
151 84930.0 18200.0
152 72770.0 12600.0
153 85310.0 32200.0
154 81700.0 32200.0
155 83030.0 32200.0
156 83410.0 15400.0
157 77710.0 15400.0
158 73340.0 23800.0
159 74670.0 18200.0
160 70490.0 15400.0
161 70870.0 29400.0
162 69920.0 29400.0
163 71630.0 32200.0
164 70110.0 21000.0
165 67450.0 26600.0
166 69920.0 26600.0
167 67450.0 29400.0
168 66310.0 18200.0
169 66690.0 7000.0
170 61180.0 7000.0
171 60230.0 23800.0
172 55480.0 23800.0
173 56050.0 21000.0
174 56050.0 18200.0
175 53770.0 7000.0
176 43510.0 21000.0
177 42180.0 21000.0
178 43510.0 18200.0
179 46170.0 18200.0
180 48830.0 15400.0
181 56810.0 7000.0
182 58330.0 9800.0
183 57950.0 15400.0
184 52630.0 18200.0
185 58710.0 18200.0
186 57570.0 18200.0
187 60040.0 9800.0
188 61370.0 9800.0
189 71440.0 21000.0
190 67640.0 18200.0
191 71060.0 18200.0
192 60610.0 15400.0
193 61750.0 15400.0
194 79800.0 21000.0
195 73530.0 18200.0
196 73530.0 26600.0
197 77900.0 21000.0
198 74100.0 21000.0
199 72390.0 18200.0
200 62130.0 18200.0
201 62510.0 21000.0
202 51110.0 29400.0
203 59470.0 35000.0
204 47120.0 35000.0
205 24700.0 35000.0
206 55480.0 32200.0
207 22420.0 35000.0
208 55670.0 40600.0
210 21470.0 37800.0
211 52630.0 40600.0
213 18620.0 46200.0
214 23180.0 46200.0
215 21470.0 46200.0
216 52630.0 26600.0
217 57950.0 29400.0
218 68780.0 29400.0
219 21470.0 15400.0
220 21850.0 9800.0
221 21660.0 12600.0
222 20520.0 9800.0
223 20330.0 12600.0
224 55100.0 7000.0
225 65740.0 9800.0
226 66310.0 12600.0
227 56620.0 9800.0
228 68400.0 12600.0
229 67450.0 12600.0
230 66500.0 15400.0
231 49590.0 32200.0
232 68210.0 35000.0
233 69350.0 35000.0
234 68970.0 37800.0
235 67260.0 40600.0
236 66500.0 43400.0
237 68590.0 43400.0
238 72960.0 32200.0
239 19380.0 9800.0
240 13300.0 29400.0
241 19380.0 29400.0
242 20520.0 7000.0
243 19190.0 26600.0
244 21280.0 26600.0
245 22420.0 4200.0
246 22230.0 7000.0
247 25650.0 12600.0
248 26220.0 7000.0
249 34770.0 7000.0
250 35720.0 4200.0
251 26790.0 4200.0
252 28690.0 4200.0
253 37430.0 15400.0
254 38570.0 15400.0
255 36480.0 4200.0
256 22800.0 15400.0
257 27170.0 15400.0
258 32300.0 4200.0
259 34010.0 4200.0
260 46930.0 4200.0
261 60040.0 7000.0
262 58710.0 7000.0
263 58140.0 4200.0
264 49210.0 7000.0
265 51110.0 4200.0
266 56240.0 4200.0
267 57190.0 4200.0
268 64030.0 4200.0
269 71250.0 4200.0
270 63460.0 18200.0
271 64600.0 18200.0
272 45030.0 15400.0
273 43890.0 15400.0
274 61180.0 4200.0
275 69920.0 4200.0
276 71250.0 7000.0
277 72390.0 7000.0
278 68780.0 7000.0
279 69920.0 7000.0
280 72010.0 9800.0
281 70870.0 35000.0
282 72010.0 35000.0
283 72390.0 37800.0
284 69920.0 43400.0
285 70680.0 46200.0
286 72010.0 46200.0
287 81320.0 29400.0
288 53960.0 9800.0
289 55100.0 9800.0
290 57950.0 12600.0
291 59660.0 15400.0
292 59850.0 12600.0
293 56810.0 12600.0
294 54340.0 12600.0
295 55670.0 12600.0
296 61750.0 12600.0
297 64410.0 12600.0
298 64220.0 9800.0
299 63080.0 12600.0
300 64030.0 15400.0
301 76190.0 35000.0
302 79990.0 35000.0
303 79990.0 37800.0
304 77520.0 46200.0
305 76000.0 46200.0
306 79990.0 46200.0
307 79800.0 29400.0
308 64030.0 7000.0
309 63080.0 4200.0
310 59470.0 4200.0
311 37810.0 4200.0
312 42180.0 4200.0
313 27170.0 7000.0
314 31730.0 7000.0
315 42370.0 7000.0
316 40660.0 4200.0
317 54150.0 4200.0
318 80940.0 18200.0
319 79800.0 18200.0
320 79800.0 12600.0
321 72580.0 4200.0
322 74480.0 4200.0
323 75810.0 4200.0
324 77140.0 4200.0
325 80750.0 7000.0
326 80370.0 9800.0
327 79040.0 7000.0
328 78850.0 9800.0
329 77330.0 32200.0
330 78850.0 32200.0
331 81130.0 37800.0
332 79420.0 43400.0
333 77900.0 43400.0
334 81510.0 43400.0
335 80560.0 32200.0
336 69540.0 9800.0
337 68210.0 9800.0
338 69730.0 12600.0
339 76000.0 9800.0
340 71060.0 9800.0
341 71250.0 12600.0
342 72010.0 15400.0
343 74100.0 15400.0
344 73150.0 15400.0
345 73910.0 12600.0
346 76760.0 12600.0
347 75240.0 12600.0
348 75240.0 15400.0
349 76570.0 15400.0
350 77330.0 35000.0
351 78850.0 35000.0
352 78850.0 37800.0
353 76380.0 37800.0
354 76760.0 40600.0
355 77710.0 37800.0
356 74860.0 32200.0
357 78850.0 12600.0
358 75240.0 7000.0
359 73720.0 7000.0
360 75050.0 9800.0
361 76570.0 7000.0
362 79420.0 15400.0
363 77140.0 9800.0
364 77710.0 7000.0
365 77900.0 12600.0
366 76190.0 18200.0
367 75430.0 21000.0
368 76760.0 21000.0
369 75430.0 23800.0
370 73150.0 35000.0
371 74290.0 35000.0
372 73910.0 37800.0
373 45980.0 43400.0
374 46360.0 46200.0
375 46930.0 40600.0
376 23180.0 29400.0
377 25460.0 29400.0
378 26600.0 29400.0
379 20520.0 29400.0
380 20330.0 35000.0
381 19000.0 43400.0
382 20140.0 46200.0
383 20330.0 43400.0
384 20520.0 23800.0
385 24320.0 32200.0
386 20520.0 32200.0
387 19950.0 37800.0
388 19000.0 40600.0
389 20900.0 40600.0
390 17670.0 40600.0
391 23180.0 12600.0
392 25840.0 32200.0
393 22800.0 32200.0
394 26030.0 35000.0
395 23180.0 37800.0
396 27360.0 37800.0
397 26030.0 37800.0
398 29640.0 15400.0
399 28120.0 32200.0
400 28500.0 35000.0
401 28690.0 37800.0
402 26600.0 43400.0
403 26600.0 46200.0
404 29070.0 40600.0
405 32110.0 9800.0
406 28500.0 9800.0
407 29640.0 9800.0
408 30970.0 9800.0
409 29640.0 32200.0
410 31160.0 32200.0
411 30970.0 35000.0
412 36100.0 43400.0
413 36860.0 46200.0
414 30970.0 40600.0
415 36100.0 12600.0
416 35340.0 32200.0
417 33060.0 32200.0
418 32870.0 35000.0
419 38380.0 37800.0
420 38760.0 40600.0
421 32870.0 40600.0
422 48070.0 7000.0
423 49400.0 4200.0
424 50350.0 7000.0
425 46360.0 32200.0
426 44840.0 32200.0
427 45030.0 35000.0
428 49400.0 37800.0
429 50920.0 37800.0
430 43890.0 35000.0
431 48450.0 18200.0
432 50540.0 15400.0
433 49590.0 18200.0
434 43320.0 32200.0
435 41800.0 32200.0
436 39710.0 32200.0
437 39900.0 37800.0
438 37240.0 40600.0
439 37430.0 32200.0
440 56620.0 29400.0
441 19190.0 7000.0
442 23750.0 7000.0
443 29640.0 7000.0
444 39140.0 4200.0
445 25270.0 4200.0
446 30210.0 4200.0
447 31350.0 4200.0
448 38000.0 7000.0
449 40660.0 9800.0
450 49970.0 35000.0
451 54530.0 35000.0
452 55670.0 35000.0
453 53200.0 35000.0
454 52440.0 37800.0
455 54530.0 40600.0
456 56810.0 26600.0
458 16910.0 43400.0
459 15770.0 35000.0
461 13490.0 35000.0
462 41610.0 46200.0
463 61940.0 29400.0
464 62510.0 26600.0
465 64790.0 26600.0
466 49970.0 46200.0
467 60800.0 35000.0
468 60230.0 32200.0
469 62510.0 32200.0
470 51110.0 46200.0
471 15770.0 40600.0
472 79040.0 23800.0
473 77330.0 23800.0
474 84930.0 23800.0
476 51870.0 43400.0
477 82460.0 37800.0
478 83030.0 29400.0
479 85310.0 29400.0
480 45030.0 46200.0
481 81320.0 35000.0
482 83030.0 35000.0
483 85310.0 35000.0
484 49210.0 40600.0
485 72770.0 29400.0
486 75050.0 29400.0
487 14250.0 43400.0
488 15010.0 32200.0
489 12730.0 32200.0
490 40850.0 43400.0
491 16340.0 26600.0
492 13870.0 26600.0
493 11590.0 26600.0
494 43510.0 43400.0
495 17860.0 18200.0
496 18050.0 21000.0
497 15770.0 21000.0
498 40470.0 46200.0
499 28120.0 26600.0
500 25650.0 26600.0
501 24890.0 23800.0
502 38190.0 46200.0
503 34580.0 23800.0
504 31350.0 23800.0
505 30970.0 21000.0
506 43890.0 46200.0
507 39140.0 29400.0
508 33250.0 29400.0
509 30210.0 29400.0
510 48830.0 46200.0
511 47120.0 29400.0
512 43890.0 29400.0
513 42370.0 26600.0
514 34770.0 46200.0
515 37240.0 21000.0
516 38570.0 21000.0
517 40470.0 21000.0
518 42750.0 46200.0
519 47880.0 43400.0
520 49590.0 26600.0
521 51490.0 23800.0
522 65550.0 46200.0
523 55290.0 46200.0
524 62890.0 37800.0
525 11590.0 46200.0
526 72010.0 40600.0
527 73910.0 43400.0
528 84550.0 46200.0
529 86450.0 43400.0
530 87210.0 37800.0
531 43130.0 40600.0
532 6270.0 43400.0
533 8170.0 40600.0
534 13110.0 37800.0
535 25270.0 40600.0
536 32110.0 43400.0
537 33630.0 37800.0
538 45410.0 37800.0
539 38950.0 35000.0
540 56430.0 37800.0
541 7030.0 35000.0
542 65170.0 23800.0
543 67070.0 32200.0
544 89490.0 23800.0
545 89870.0 29400.0
546 90250.0 35000.0
547 77330.0 26600.0
548 8170.0 32200.0
549 10070.0 23800.0
550 12730.0 18200.0
551 23370.0 21000.0
552 31350.0 18200.0
553 32110.0 26600.0
554 42750.0 23800.0
555 39710.0 18200.0
556 51870.0 21000.0
