Instance ID x_center y_center
0 74110.0 140.0
1 43870.0 140.0
2 67390.0 140.0
3 44990.0 140.0
4 41630.0 140.0
5 40510.0 140.0
6 61790.0 140.0
7 60670.0 140.0
8 62910.0 140.0
9 37150.0 140.0
10 36030.0 140.0
11 47230.0 140.0
12 68510.0 140.0
13 72990.0 140.0
14 48350.0 140.0
15 49470.0 140.0
16 31550.0 140.0
17 71870.0 140.0
18 29310.0 140.0
19 52830.0 140.0
20 28190.0 140.0
21 27070.0 140.0
22 64030.0 140.0
23 50590.0 140.0
24 46110.0 140.0
25 69630.0 140.0
26 25950.0 140.0
27 51710.0 140.0
28 38270.0 140.0
29 30430.0 140.0
30 39390.0 140.0
31 65150.0 140.0
32 53950.0 140.0
33 23710.0 140.0
34 24830.0 140.0
35 57310.0 140.0
36 42750.0 140.0
37 22590.0 140.0
38 21470.0 140.0
39 55070.0 140.0
40 18110.0 140.0
41 16990.0 140.0
42 32670.0 140.0
43 56190.0 140.0
44 66270.0 140.0
45 15870.0 140.0
46 20350.0 140.0
47 70750.0 140.0
48 59550.0 140.0
49 34910.0 140.0
50 19230.0 140.0
51 58430.0 140.0
52 14750.0 140.0
53 33790.0 140.0
54 24320.0 21000.0
55 34580.0 23800.0
56 36670.0 21000.0
57 54910.0 23800.0
58 35150.0 21000.0
59 9880.0 23800.0
60 11970.0 18200.0
61 13680.0 23800.0
62 21470.0 23800.0
63 15770.0 23800.0
64 68590.0 26600.0
65 68970.0 18200.0
66 79230.0 21000.0
67 85310.0 15400.0
68 62130.0 18200.0
69 45790.0 26600.0
70 56050.0 32200.0
71 80750.0 32200.0
72 78660.0 35000.0
73 54530.0 21000.0
74 33250.0 21000.0
76 38380.0 4200.0
77 28880.0 4200.0
81 27170.0 4200.0
82 27930.0 7000.0
84 25650.0 7000.0
85 25840.0 4200.0
88 22040.0 4200.0
89 24320.0 4200.0
90 22990.0 4200.0
91 23940.0 7000.0
92 22800.0 7000.0
93 65740.0 15400.0
95 67070.0 21000.0
96 66310.0 18200.0
97 65170.0 18200.0
98 65740.0 21000.0
99 70870.0 26600.0
100 66500.0 26600.0
101 67450.0 26600.0
102 67070.0 29400.0
103 67450.0 18200.0
104 61940.0 23800.0
105 68210.0 21000.0
106 68210.0 23800.0
107 65170.0 29400.0
108 66310.0 35000.0
109 69730.0 26600.0
110 69540.0 29400.0
111 71440.0 32200.0
112 70110.0 35000.0
113 46740.0 26600.0
114 46930.0 29400.0
115 48070.0 26600.0
116 48070.0 35000.0
117 54530.0 32200.0
118 50920.0 29400.0
119 52630.0 32200.0
120 53010.0 35000.0
121 50350.0 40600.0
122 76950.0 26600.0
123 75240.0 26600.0
124 76190.0 32200.0
125 76190.0 35000.0
126 73910.0 32200.0
127 74860.0 32200.0
128 77710.0 35000.0
129 73910.0 35000.0
130 71250.0 37800.0
131 48070.0 37800.0
132 43130.0 37800.0
133 50730.0 35000.0
134 46170.0 35000.0
135 38760.0 40600.0
136 76760.0 40600.0
137 78470.0 37800.0
138 76570.0 37800.0
139 41420.0 40600.0
140 40470.0 43400.0
141 45030.0 40600.0
142 11780.0 9800.0
143 12350.0 29400.0
144 12160.0 32200.0
145 13870.0 29400.0
146 12730.0 35000.0
147 20330.0 37800.0
148 22420.0 23800.0
149 22610.0 29400.0
150 19950.0 23800.0
151 19570.0 32200.0
152 21470.0 35000.0
153 10070.0 21000.0
154 8360.0 18200.0
155 9310.0 18200.0
156 9310.0 32200.0
157 7030.0 32200.0
158 10260.0 29400.0
159 5890.0 35000.0
160 18810.0 35000.0
161 24510.0 23800.0
162 25460.0 18200.0
163 24510.0 18200.0
164 26030.0 26600.0
165 28690.0 21000.0
166 30020.0 21000.0
167 30590.0 26600.0
168 29070.0 26600.0
169 24890.0 32200.0
170 35340.0 35000.0
171 40090.0 23800.0
172 42180.0 23800.0
173 38570.0 29400.0
174 39330.0 32200.0
175 38190.0 35000.0
176 49970.0 26600.0
177 52060.0 21000.0
178 51490.0 26600.0
179 48070.0 32200.0
180 46170.0 37800.0
181 37810.0 37800.0
182 36670.0 35000.0
183 39710.0 35000.0
184 42370.0 35000.0
185 40850.0 32200.0
186 37810.0 32200.0
187 34960.0 32200.0
188 33630.0 32200.0
189 23940.0 29400.0
190 27740.0 26600.0
191 25460.0 29400.0
192 32110.0 35000.0
193 30590.0 35000.0
194 13300.0 32200.0
195 14250.0 35000.0
196 10450.0 26600.0
197 6840.0 37800.0
198 11020.0 32200.0
199 14630.0 32200.0
200 30970.0 32200.0
201 35150.0 29400.0
202 46550.0 15400.0
203 39710.0 9800.0
204 44460.0 15400.0
205 69160.0 15400.0
206 44080.0 18200.0
207 67640.0 15400.0
208 38570.0 7000.0
210 67070.0 9800.0
211 40850.0 7000.0
213 63460.0 4200.0
214 63460.0 7000.0
215 65930.0 9800.0
216 38190.0 18200.0
217 33630.0 18200.0
218 30400.0 18200.0
219 69730.0 37800.0
220 68210.0 37800.0
221 65360.0 37800.0
222 63080.0 35000.0
223 64790.0 35000.0
224 36100.0 37800.0
225 26980.0 37800.0
226 27550.0 35000.0
227 34200.0 35000.0
228 28120.0 32200.0
229 27170.0 32200.0
230 27360.0 29400.0
231 40470.0 15400.0
232 28310.0 15400.0
233 29830.0 15400.0
234 30970.0 15400.0
235 33440.0 12600.0
236 33440.0 9800.0
237 30590.0 9800.0
238 23180.0 18200.0
239 63840.0 29400.0
240 76380.0 21000.0
241 64600.0 21000.0
242 65740.0 32200.0
243 66690.0 23800.0
244 65360.0 23800.0
245 68780.0 32200.0
246 67450.0 32200.0
247 66690.0 37800.0
248 65360.0 40600.0
249 60610.0 40600.0
250 60800.0 43400.0
251 65930.0 43400.0
252 64030.0 43400.0
253 55290.0 35000.0
254 52630.0 37800.0
255 55860.0 40600.0
256 72580.0 29400.0
257 73910.0 37800.0
258 62700.0 40600.0
259 56430.0 43400.0
260 53010.0 43400.0
261 29640.0 35000.0
262 30590.0 37800.0
263 28880.0 43400.0
264 47310.0 43400.0
265 47690.0 40600.0
266 44080.0 43400.0
267 27930.0 43400.0
268 24510.0 43400.0
269 22990.0 43400.0
270 31920.0 29400.0
271 29640.0 29400.0
272 49590.0 35000.0
273 49590.0 37800.0
274 28500.0 40600.0
275 19000.0 40600.0
276 19190.0 43400.0
277 22230.0 46200.0
278 21660.0 43400.0
279 20520.0 43400.0
280 21090.0 46200.0
281 21470.0 15400.0
282 22990.0 15400.0
283 24130.0 15400.0
284 25460.0 12600.0
285 25460.0 9800.0
286 24130.0 9800.0
287 20140.0 18200.0
288 36480.0 40600.0
289 37620.0 40600.0
290 35530.0 40600.0
291 32680.0 37800.0
292 34390.0 40600.0
293 40090.0 37800.0
294 41800.0 37800.0
295 40090.0 40600.0
296 31730.0 40600.0
297 31730.0 43400.0
298 27740.0 37800.0
299 33060.0 40600.0
300 32870.0 43400.0
301 26410.0 15400.0
302 19950.0 15400.0
303 18810.0 15400.0
304 21660.0 9800.0
305 21280.0 7000.0
306 18050.0 7000.0
307 14820.0 18200.0
308 26030.0 40600.0
309 27360.0 40600.0
310 30210.0 40600.0
311 59090.0 43400.0
312 57000.0 40600.0
313 66310.0 40600.0
314 68590.0 40600.0
315 58330.0 40600.0
316 53200.0 40600.0
317 54530.0 40600.0
318 20520.0 26600.0
319 22040.0 32200.0
320 22800.0 37800.0
321 24700.0 40600.0
322 22420.0 40600.0
323 23750.0 40600.0
324 21280.0 40600.0
325 20330.0 40600.0
326 17290.0 37800.0
327 21660.0 37800.0
328 18810.0 37800.0
329 17670.0 15400.0
330 15770.0 15400.0
331 13110.0 9800.0
332 11020.0 7000.0
333 12540.0 7000.0
334 10070.0 9800.0
335 13300.0 18200.0
336 22800.0 35000.0
337 25650.0 37800.0
338 26030.0 35000.0
339 9880.0 35000.0
340 23940.0 35000.0
341 24890.0 35000.0
342 20330.0 35000.0
343 15200.0 35000.0
344 16150.0 35000.0
345 17290.0 35000.0
346 8740.0 35000.0
347 7980.0 32200.0
348 7220.0 35000.0
349 7790.0 37800.0
350 14250.0 12600.0
351 14630.0 15400.0
352 13490.0 15400.0
353 11020.0 12600.0
354 12920.0 12600.0
355 12350.0 15400.0
356 11020.0 15400.0
357 11970.0 37800.0
358 13680.0 40600.0
359 14820.0 43400.0
360 16150.0 43400.0
361 15390.0 40600.0
362 11020.0 35000.0
363 13680.0 37800.0
364 12350.0 40600.0
365 11400.0 40600.0
366 8930.0 40600.0
367 8930.0 37800.0
368 10260.0 40600.0
369 10450.0 37800.0
370 8170.0 12600.0
371 9690.0 15400.0
372 9310.0 12600.0
373 11020.0 4200.0
374 12540.0 4200.0
375 9310.0 4200.0
376 60420.0 21000.0
377 60800.0 18200.0
378 60800.0 15400.0
379 62320.0 15400.0
380 61750.0 9800.0
381 60800.0 4200.0
382 59280.0 4200.0
383 62130.0 4200.0
384 63460.0 23800.0
385 63840.0 15400.0
386 63840.0 18200.0
387 64030.0 9800.0
388 60040.0 9800.0
389 58520.0 9800.0
390 62890.0 9800.0
391 63840.0 32200.0
392 59280.0 15400.0
393 57760.0 15400.0
394 57190.0 12600.0
395 57760.0 4200.0
396 54340.0 4200.0
397 55670.0 4200.0
398 68020.0 35000.0
399 70680.0 15400.0
400 70680.0 12600.0
401 70490.0 9800.0
402 74860.0 7000.0
403 73340.0 7000.0
404 71250.0 7000.0
405 70870.0 40600.0
406 74480.0 40600.0
407 73340.0 40600.0
408 72010.0 40600.0
409 72200.0 15400.0
410 71060.0 18200.0
411 71630.0 9800.0
412 72960.0 12600.0
413 69160.0 9800.0
414 72770.0 9800.0
415 58520.0 35000.0
416 56240.0 15400.0
417 54720.0 15400.0
418 53390.0 15400.0
419 53580.0 9800.0
420 52060.0 9800.0
421 52250.0 15400.0
422 48830.0 43400.0
423 50540.0 43400.0
424 49210.0 46200.0
425 49020.0 15400.0
426 48260.0 18200.0
427 47310.0 12600.0
428 46360.0 7000.0
429 44460.0 7000.0
430 44650.0 12600.0
431 44650.0 35000.0
432 42560.0 40600.0
433 44650.0 37800.0
434 50540.0 15400.0
435 51680.0 18200.0
436 60610.0 12600.0
437 75620.0 9800.0
438 74100.0 9800.0
439 74290.0 12600.0
440 34960.0 18200.0
441 62130.0 32200.0
442 62890.0 37800.0
443 61180.0 37800.0
444 57380.0 37800.0
445 64410.0 37800.0
446 63650.0 40600.0
447 59850.0 37800.0
448 58520.0 37800.0
449 45980.0 32200.0
450 34390.0 15400.0
451 35530.0 15400.0
452 38570.0 9800.0
453 41420.0 12600.0
454 36100.0 9800.0
455 37430.0 9800.0
456 38950.0 21000.0
458 67450.0 4200.0
459 74670.0 15400.0
461 76950.0 15400.0
462 49210.0 4200.0
463 31920.0 18200.0
464 31350.0 21000.0
465 32870.0 23800.0
466 43510.0 4200.0
467 28880.0 18200.0
468 26790.0 18200.0
469 26410.0 21000.0
470 42370.0 4200.0
471 68590.0 12600.0
472 24320.0 26600.0
473 22610.0 26600.0
474 18810.0 26600.0
476 40850.0 4200.0
477 16340.0 12600.0
478 16530.0 21000.0
479 11590.0 23800.0
480 50350.0 4200.0
481 16340.0 18200.0
482 14630.0 21000.0
483 12350.0 21000.0
484 14630.0 7000.0
485 15390.0 26600.0
486 12350.0 26600.0
487 71630.0 4200.0
488 72770.0 18200.0
489 75810.0 18200.0
490 51110.0 7000.0
491 58520.0 18200.0
492 58330.0 21000.0
493 62890.0 21000.0
494 45790.0 4200.0
495 60420.0 23800.0
496 58710.0 23800.0
497 58330.0 26600.0
498 52250.0 7000.0
499 72580.0 26600.0
500 73910.0 29400.0
501 78470.0 32200.0
502 61370.0 7000.0
503 74100.0 26600.0
504 75810.0 29400.0
505 78090.0 29400.0
506 49590.0 7000.0
507 53580.0 23800.0
508 53010.0 26600.0
509 55290.0 26600.0
510 39710.0 4200.0
511 44080.0 23800.0
512 43890.0 26600.0
513 41610.0 26600.0
514 53770.0 7000.0
515 53200.0 18200.0
516 50350.0 21000.0
517 48450.0 21000.0
518 46930.0 4200.0
519 41420.0 9800.0
520 41230.0 21000.0
521 37050.0 23800.0
522 33630.0 4200.0
523 18050.0 4200.0
524 32110.0 7000.0
525 67450.0 7000.0
526 29450.0 12600.0
527 21470.0 12600.0
528 17670.0 9800.0
529 6270.0 9800.0
530 5890.0 15400.0
531 7030.0 7000.0
532 76190.0 4200.0
533 64410.0 12600.0
534 57570.0 7000.0
535 79610.0 7000.0
536 82270.0 9800.0
537 53390.0 12600.0
538 45410.0 9800.0
539 78090.0 12600.0
540 37430.0 12600.0
541 81510.0 15400.0
542 28310.0 23800.0
543 20710.0 21000.0
544 18430.0 29400.0
545 6270.0 23800.0
546 5890.0 21000.0
547 6650.0 26600.0
548 80370.0 18200.0
549 72010.0 21000.0
550 62890.0 26600.0
551 82650.0 35000.0
552 82650.0 29400.0
553 54530.0 29400.0
554 42750.0 29400.0
555 49590.0 23800.0
556 35910.0 26600.0
