Instance ID x_center y_center
0 14750.0 80350.0
1 44990.0 80350.0
2 21470.0 80350.0
3 43870.0 80350.0
4 47230.0 80350.0
5 48350.0 80350.0
6 27070.0 80350.0
7 28190.0 80350.0
8 25950.0 80350.0
9 51710.0 80350.0
10 52830.0 80350.0
11 41630.0 80350.0
12 20350.0 80350.0
13 15870.0 80350.0
14 40510.0 80350.0
15 39390.0 80350.0
16 57310.0 80350.0
17 16990.0 80350.0
18 59550.0 80350.0
19 36030.0 80350.0
20 60670.0 80350.0
21 61790.0 80350.0
22 24830.0 80350.0
23 38270.0 80350.0
24 42750.0 80350.0
25 19230.0 80350.0
26 62910.0 80350.0
27 37150.0 80350.0
28 50590.0 80350.0
29 58430.0 80350.0
30 49470.0 80350.0
31 23710.0 80350.0
32 34910.0 80350.0
33 65150.0 80350.0
34 64030.0 80350.0
35 31550.0 80350.0
36 46110.0 80350.0
37 66270.0 80350.0
38 67390.0 80350.0
39 33790.0 80350.0
40 70750.0 80350.0
41 71870.0 80350.0
42 56190.0 80350.0
43 32670.0 80350.0
44 22590.0 80350.0
45 72990.0 80350.0
46 68510.0 80350.0
47 18110.0 80350.0
48 29310.0 80350.0
49 53950.0 80350.0
50 69630.0 80350.0
51 30430.0 80350.0
52 74110.0 80350.0
53 55070.0 80350.0
54 64980.0 51800.0
55 55480.0 51800.0
56 54530.0 54600.0
57 41990.0 54600.0
58 52250.0 54600.0
59 74100.0 51800.0
60 81130.0 57400.0
61 76760.0 51800.0
62 79610.0 49000.0
63 78090.0 51800.0
64 15770.0 49000.0
65 14250.0 51800.0
66 14630.0 60200.0
67 9690.0 65800.0
68 16150.0 60200.0
69 42370.0 51800.0
70 34770.0 51800.0
71 29450.0 57400.0
72 27740.0 46200.0
73 34770.0 60200.0
74 51870.0 60200.0
76 54340.0 68600.0
77 54720.0 71400.0
81 57950.0 71400.0
82 56430.0 71400.0
84 55670.0 77000.0
85 57380.0 77000.0
88 59660.0 74200.0
89 60420.0 77000.0
90 59090.0 77000.0
91 53580.0 71400.0
92 58140.0 74200.0
93 17100.0 65800.0
95 19190.0 57400.0
96 17670.0 60200.0
97 18050.0 57400.0
98 18620.0 54600.0
99 18810.0 49000.0
100 17860.0 46200.0
101 16150.0 43400.0
102 17670.0 43400.0
103 13870.0 54600.0
104 14820.0 54600.0
105 15390.0 51800.0
106 16910.0 51800.0
107 18430.0 37800.0
108 19570.0 40600.0
109 18810.0 46200.0
110 17480.0 49000.0
111 20520.0 40600.0
112 22990.0 40600.0
113 45220.0 49000.0
114 45030.0 46200.0
115 41990.0 46200.0
116 42750.0 37800.0
117 37050.0 46200.0
118 36860.0 51800.0
119 35150.0 46200.0
120 35150.0 43400.0
121 39330.0 32200.0
122 31730.0 57400.0
123 30400.0 57400.0
124 30590.0 54600.0
125 31350.0 37800.0
126 26790.0 46200.0
127 28120.0 49000.0
128 26410.0 43400.0
129 24890.0 43400.0
130 26790.0 37800.0
131 39710.0 35000.0
132 48070.0 37800.0
133 39330.0 37800.0
134 40850.0 37800.0
135 41040.0 35000.0
136 30780.0 40600.0
137 27550.0 43400.0
138 29070.0 40600.0
139 45600.0 32200.0
140 45030.0 35000.0
141 45410.0 37800.0
142 79040.0 65800.0
143 81510.0 43400.0
144 76380.0 37800.0
145 79230.0 43400.0
146 77710.0 37800.0
147 68590.0 37800.0
148 76760.0 49000.0
149 76190.0 46200.0
150 78090.0 49000.0
151 76950.0 43400.0
152 65930.0 37800.0
153 79610.0 57400.0
154 80180.0 60200.0
155 81890.0 60200.0
156 79230.0 40600.0
157 75430.0 40600.0
158 72580.0 51800.0
159 70490.0 43400.0
160 67450.0 40600.0
161 65930.0 51800.0
162 63080.0 51800.0
163 64030.0 51800.0
164 65930.0 46200.0
165 54150.0 51800.0
166 52820.0 51800.0
167 55290.0 49000.0
168 55290.0 46200.0
169 59090.0 32200.0
170 57000.0 35000.0
171 53010.0 57400.0
172 50160.0 63000.0
173 49970.0 60200.0
174 49590.0 43400.0
175 48070.0 35000.0
176 40090.0 57400.0
177 38760.0 57400.0
178 41230.0 51800.0
179 43130.0 43400.0
180 43890.0 40600.0
181 51870.0 35000.0
182 53770.0 35000.0
183 55670.0 40600.0
184 56810.0 43400.0
185 51110.0 43400.0
186 52250.0 43400.0
187 56240.0 35000.0
188 59470.0 35000.0
189 67260.0 46200.0
190 54720.0 43400.0
191 64220.0 46200.0
192 59090.0 40600.0
193 62890.0 43400.0
194 77520.0 40600.0
195 69350.0 43400.0
196 75050.0 51800.0
197 72200.0 46200.0
198 74480.0 46200.0
199 69350.0 46200.0
200 62890.0 46200.0
201 63650.0 49000.0
202 56430.0 60200.0
203 60230.0 71400.0
204 58140.0 63000.0
205 21660.0 65800.0
206 63080.0 60200.0
207 19000.0 65800.0
208 52630.0 71400.0
210 17670.0 68600.0
211 51490.0 71400.0
213 17100.0 71400.0
214 17860.0 74200.0
215 15770.0 74200.0
216 62130.0 57400.0
217 58710.0 60200.0
218 55480.0 57400.0
219 16910.0 40600.0
220 15010.0 37800.0
221 15960.0 37800.0
222 18240.0 40600.0
223 15390.0 40600.0
224 50160.0 35000.0
225 55480.0 35000.0
226 56050.0 37800.0
227 53580.0 37800.0
228 57000.0 37800.0
229 57190.0 40600.0
230 57380.0 46200.0
231 60990.0 63000.0
232 56810.0 63000.0
233 55290.0 63000.0
234 48830.0 68600.0
235 47120.0 71400.0
236 40660.0 74200.0
237 42750.0 71400.0
238 67640.0 60200.0
239 17100.0 37800.0
240 14820.0 57400.0
241 19000.0 51800.0
242 19380.0 35000.0
243 15770.0 54600.0
244 17100.0 54600.0
245 20900.0 32200.0
246 21090.0 35000.0
247 22610.0 37800.0
248 24700.0 32200.0
249 31350.0 32200.0
250 32300.0 29400.0
251 28690.0 29400.0
252 26790.0 29400.0
253 34770.0 37800.0
254 34770.0 40600.0
255 34580.0 32200.0
256 20900.0 43400.0
257 26030.0 40600.0
258 30020.0 29400.0
259 34010.0 29400.0
260 39330.0 29400.0
261 55860.0 32200.0
262 54530.0 32200.0
263 53580.0 29400.0
264 42750.0 32200.0
265 44270.0 29400.0
266 50160.0 29400.0
267 52630.0 29400.0
268 61370.0 29400.0
269 65930.0 29400.0
270 52440.0 46200.0
271 53580.0 46200.0
272 41610.0 43400.0
273 40470.0 43400.0
274 52820.0 32200.0
275 66500.0 32200.0
276 67450.0 29400.0
277 68970.0 32200.0
278 69920.0 32200.0
279 67640.0 32200.0
280 68590.0 35000.0
281 67070.0 63000.0
282 68210.0 63000.0
283 66690.0 65800.0
284 63080.0 68600.0
285 64220.0 71400.0
286 65170.0 68600.0
287 76000.0 57400.0
288 49020.0 35000.0
289 49780.0 37800.0
290 52250.0 37800.0
291 60420.0 43400.0
292 60610.0 40600.0
293 51110.0 37800.0
294 50540.0 40600.0
295 51490.0 40600.0
296 61750.0 40600.0
297 64030.0 40600.0
298 61940.0 37800.0
299 60800.0 37800.0
300 62890.0 40600.0
301 68210.0 65800.0
302 75050.0 65800.0
303 75050.0 68600.0
304 77140.0 74200.0
305 74860.0 77000.0
306 76570.0 77000.0
307 74480.0 57400.0
308 61750.0 32200.0
309 56620.0 32200.0
310 51110.0 32200.0
311 36290.0 29400.0
312 36480.0 35000.0
313 23370.0 32200.0
314 26790.0 32200.0
315 37050.0 32200.0
316 35720.0 32200.0
317 38190.0 35000.0
318 76380.0 40600.0
319 74480.0 43400.0
320 74100.0 37800.0
321 58140.0 29400.0
322 63460.0 32200.0
323 64790.0 32200.0
324 64980.0 35000.0
325 65930.0 35000.0
326 70870.0 35000.0
327 67260.0 35000.0
328 71250.0 37800.0
329 71630.0 63000.0
330 73910.0 63000.0
331 76190.0 68600.0
332 77520.0 71400.0
333 74860.0 71400.0
334 76190.0 71400.0
335 75240.0 63000.0
336 61560.0 35000.0
337 57950.0 35000.0
338 58710.0 37800.0
339 73340.0 37800.0
340 62700.0 35000.0
341 63650.0 37800.0
342 65550.0 40600.0
343 68400.0 43400.0
344 68970.0 40600.0
345 69730.0 37800.0
346 74100.0 40600.0
347 70300.0 40600.0
348 71440.0 40600.0
349 72770.0 40600.0
350 72770.0 63000.0
351 76190.0 65800.0
352 73910.0 65800.0
353 77520.0 68600.0
354 72580.0 71400.0
355 73910.0 68600.0
356 72580.0 57400.0
357 75810.0 35000.0
358 72200.0 32200.0
359 68780.0 29400.0
360 70110.0 29400.0
361 70870.0 32200.0
362 75240.0 37800.0
363 74100.0 35000.0
364 72770.0 35000.0
365 72580.0 37800.0
366 73150.0 43400.0
367 73150.0 46200.0
368 71820.0 43400.0
369 72010.0 49000.0
370 70110.0 65800.0
371 72010.0 65800.0
372 71630.0 68600.0
373 70300.0 71400.0
374 69920.0 77000.0
375 72010.0 77000.0
376 20520.0 51800.0
377 20900.0 57400.0
378 21280.0 60200.0
379 18240.0 63000.0
380 16530.0 68600.0
381 20900.0 71400.0
382 20520.0 77000.0
383 17290.0 77000.0
384 20520.0 54600.0
385 21280.0 63000.0
386 16720.0 63000.0
387 15390.0 68600.0
388 19000.0 71400.0
389 19000.0 77000.0
390 15390.0 71400.0
391 20520.0 37800.0
392 22800.0 63000.0
393 19760.0 63000.0
394 20330.0 65800.0
395 19000.0 68600.0
396 22040.0 68600.0
397 20330.0 68600.0
398 24700.0 37800.0
399 25840.0 63000.0
400 24320.0 63000.0
401 24510.0 68600.0
402 27360.0 71400.0
403 22800.0 71400.0
404 24130.0 71400.0
405 27930.0 32200.0
406 26980.0 35000.0
407 25840.0 35000.0
408 27930.0 35000.0
409 26220.0 60200.0
410 27740.0 60200.0
411 27170.0 63000.0
412 29640.0 68600.0
413 30020.0 71400.0
414 26790.0 68600.0
415 31160.0 43400.0
416 32300.0 63000.0
417 33820.0 63000.0
418 32870.0 68600.0
419 36100.0 71400.0
420 37620.0 71400.0
421 32490.0 71400.0
422 41610.0 32200.0
423 41800.0 29400.0
424 41990.0 35000.0
425 42560.0 60200.0
426 41040.0 60200.0
427 41230.0 63000.0
428 42560.0 63000.0
429 42560.0 68600.0
430 40470.0 68600.0
431 45790.0 43400.0
432 45600.0 40600.0
433 46930.0 43400.0
434 44080.0 60200.0
435 39520.0 60200.0
436 38950.0 63000.0
437 38380.0 68600.0
438 34580.0 68600.0
439 36290.0 68600.0
440 53960.0 60200.0
441 18050.0 35000.0
442 22610.0 35000.0
443 24320.0 35000.0
444 33820.0 35000.0
445 21850.0 32200.0
446 25650.0 32200.0
447 29070.0 32200.0
448 31160.0 35000.0
449 36480.0 37800.0
450 51110.0 63000.0
451 52250.0 63000.0
452 53390.0 63000.0
453 51680.0 65800.0
454 53200.0 68600.0
455 53010.0 65800.0
456 57950.0 57400.0
458 13870.0 74200.0
459 14630.0 63000.0
461 10450.0 63000.0
462 40470.0 77000.0
463 50160.0 54600.0
464 48830.0 51800.0
465 51110.0 51800.0
466 46930.0 77000.0
467 56620.0 54600.0
468 57190.0 51800.0
469 59470.0 51800.0
470 50350.0 71400.0
471 28310.0 68600.0
472 75620.0 49000.0
473 73910.0 49000.0
474 78470.0 46200.0
476 50350.0 77000.0
477 77900.0 65800.0
478 77710.0 57400.0
479 77330.0 54600.0
480 39330.0 71400.0
481 74480.0 60200.0
482 76190.0 60200.0
483 78470.0 60200.0
484 67830.0 74200.0
485 69350.0 60200.0
486 69730.0 51800.0
487 19950.0 74200.0
488 19190.0 60200.0
489 12730.0 60200.0
490 38190.0 77000.0
491 16720.0 57400.0
492 12730.0 57400.0
493 11970.0 54600.0
494 42750.0 77000.0
495 20140.0 49000.0
496 14250.0 49000.0
497 16150.0 46200.0
498 37810.0 74200.0
499 27360.0 51800.0
500 26410.0 49000.0
501 24130.0 49000.0
502 34770.0 77000.0
503 31160.0 60200.0
504 29450.0 60200.0
505 26030.0 57400.0
506 43890.0 77000.0
507 37620.0 49000.0
508 35910.0 49000.0
509 32870.0 46200.0
510 49210.0 77000.0
511 45980.0 51800.0
512 44270.0 51800.0
513 39330.0 46200.0
514 31350.0 77000.0
515 36480.0 57400.0
516 37810.0 57400.0
517 38570.0 51800.0
518 45790.0 77000.0
519 45600.0 71400.0
520 45790.0 54600.0
521 47690.0 54600.0
522 64410.0 77000.0
523 54150.0 74200.0
524 57950.0 68600.0
525 9310.0 74200.0
526 44650.0 74200.0
527 62890.0 65800.0
528 81890.0 77000.0
529 81510.0 71400.0
530 81510.0 68600.0
531 72390.0 74200.0
532 11210.0 77000.0
533 9310.0 71400.0
534 11210.0 68600.0
535 25270.0 74200.0
536 28310.0 65800.0
537 34010.0 74200.0
538 41230.0 65800.0
539 34770.0 65800.0
540 47690.0 65800.0
541 5890.0 65800.0
542 51490.0 49000.0
543 61370.0 54600.0
544 83030.0 46200.0
545 81890.0 54600.0
546 81510.0 63000.0
547 71630.0 54600.0
548 8170.0 60200.0
549 7410.0 54600.0
550 11590.0 46200.0
551 22990.0 46200.0
552 26410.0 54600.0
553 31730.0 49000.0
554 41610.0 49000.0
555 38190.0 54600.0
556 48070.0 57400.0
