Instance ID x_center y_center
0 79710.0 140.0
1 49470.0 140.0
2 72990.0 140.0
3 50590.0 140.0
4 47230.0 140.0
5 46110.0 140.0
6 67390.0 140.0
7 66270.0 140.0
8 68510.0 140.0
9 42750.0 140.0
10 41630.0 140.0
11 52830.0 140.0
12 74110.0 140.0
13 78590.0 140.0
14 53950.0 140.0
15 55070.0 140.0
16 37150.0 140.0
17 77470.0 140.0
18 34910.0 140.0
19 58430.0 140.0
20 33790.0 140.0
21 32670.0 140.0
22 69630.0 140.0
23 56190.0 140.0
24 51710.0 140.0
25 75230.0 140.0
26 31550.0 140.0
27 57310.0 140.0
28 43870.0 140.0
29 36030.0 140.0
30 44990.0 140.0
31 70750.0 140.0
32 59550.0 140.0
33 29310.0 140.0
34 30430.0 140.0
35 62910.0 140.0
36 48350.0 140.0
37 28190.0 140.0
38 27070.0 140.0
39 60670.0 140.0
40 23710.0 140.0
41 22590.0 140.0
42 38270.0 140.0
43 61790.0 140.0
44 71870.0 140.0
45 21470.0 140.0
46 25950.0 140.0
47 76350.0 140.0
48 65150.0 140.0
49 40510.0 140.0
50 24830.0 140.0
51 64030.0 140.0
52 20350.0 140.0
53 39390.0 140.0
54 26600.0 18200.0
55 33060.0 23800.0
56 43890.0 21000.0
57 47690.0 23800.0
58 39330.0 21000.0
59 10640.0 23800.0
60 13870.0 18200.0
61 14440.0 23800.0
62 21090.0 26600.0
63 14630.0 21000.0
64 89110.0 23800.0
65 87210.0 18200.0
66 88730.0 18200.0
67 96710.0 12600.0
68 79990.0 15400.0
69 56430.0 26600.0
70 65550.0 26600.0
71 70110.0 18200.0
72 76760.0 26600.0
73 63270.0 18200.0
74 38570.0 18200.0
76 42940.0 7000.0
77 41800.0 7000.0
81 34010.0 7000.0
82 38190.0 7000.0
84 40090.0 7000.0
85 36860.0 4200.0
88 35720.0 4200.0
89 34580.0 4200.0
90 36670.0 7000.0
91 38000.0 4200.0
92 35340.0 7000.0
93 81320.0 9800.0
95 82270.0 18200.0
96 79610.0 9800.0
97 78090.0 18200.0
98 79420.0 21000.0
99 79990.0 23800.0
100 82080.0 23800.0
101 83790.0 26600.0
102 83790.0 29400.0
103 81130.0 18200.0
104 83980.0 12600.0
105 83790.0 15400.0
106 83790.0 18200.0
107 81890.0 29400.0
108 81510.0 32200.0
109 81130.0 23800.0
110 80940.0 26600.0
111 79800.0 35000.0
112 79990.0 29400.0
113 57000.0 23800.0
114 57190.0 29400.0
115 55670.0 23800.0
116 57190.0 32200.0
117 62130.0 29400.0
118 62700.0 21000.0
119 64030.0 29400.0
120 64410.0 32200.0
121 60610.0 35000.0
122 67830.0 23800.0
123 66500.0 23800.0
124 69730.0 23800.0
125 69350.0 29400.0
126 72390.0 29400.0
127 73340.0 21000.0
128 74670.0 26600.0
129 73910.0 29400.0
130 69350.0 32200.0
131 60610.0 32200.0
132 49210.0 32200.0
133 58710.0 32200.0
134 55290.0 32200.0
135 46360.0 37800.0
136 71440.0 29400.0
137 75810.0 26600.0
138 71630.0 32200.0
139 55100.0 35000.0
140 51870.0 37800.0
141 49590.0 35000.0
142 15200.0 9800.0
143 16530.0 26600.0
144 13680.0 29400.0
145 15010.0 26600.0
146 14250.0 32200.0
147 20330.0 35000.0
148 23940.0 21000.0
149 23370.0 26600.0
150 22610.0 21000.0
151 21470.0 29400.0
152 22610.0 32200.0
153 10070.0 21000.0
154 10260.0 18200.0
155 8550.0 15400.0
156 8170.0 29400.0
157 9690.0 29400.0
158 11020.0 26600.0
159 10830.0 29400.0
160 19950.0 32200.0
161 26030.0 21000.0
162 26980.0 15400.0
163 27550.0 18200.0
164 27550.0 26600.0
165 31730.0 18200.0
166 32680.0 15400.0
167 32110.0 23800.0
168 31730.0 26600.0
169 31730.0 29400.0
170 39520.0 29400.0
171 43510.0 23800.0
172 41420.0 18200.0
173 41990.0 21000.0
174 40850.0 29400.0
175 41230.0 32200.0
176 49210.0 23800.0
177 51680.0 23800.0
178 50730.0 26600.0
179 51110.0 32200.0
180 53390.0 35000.0
181 38570.0 35000.0
182 39710.0 32200.0
183 40470.0 35000.0
184 46170.0 35000.0
185 45030.0 29400.0
186 43130.0 29400.0
187 38380.0 29400.0
188 37050.0 29400.0
189 26220.0 26600.0
190 30400.0 26600.0
191 26980.0 29400.0
192 34010.0 32200.0
193 35150.0 32200.0
194 16340.0 29400.0
195 15770.0 32200.0
196 12730.0 26600.0
197 13680.0 35000.0
198 12160.0 29400.0
199 15010.0 29400.0
200 35150.0 29400.0
201 46170.0 23800.0
202 53770.0 15400.0
203 43890.0 9800.0
204 48260.0 12600.0
205 78280.0 12600.0
206 48640.0 15400.0
207 78280.0 9800.0
208 42750.0 9800.0
210 75810.0 9800.0
211 45410.0 9800.0
213 76760.0 7000.0
214 73720.0 7000.0
215 75430.0 7000.0
216 48830.0 18200.0
217 45790.0 18200.0
218 31540.0 15400.0
219 78850.0 32200.0
220 75050.0 32200.0
221 76000.0 32200.0
222 80180.0 32200.0
223 77330.0 32200.0
224 42560.0 32200.0
225 29640.0 32200.0
226 30590.0 32200.0
227 37620.0 32200.0
228 28500.0 32200.0
229 29450.0 26600.0
230 28880.0 29400.0
231 45410.0 12600.0
232 30210.0 12600.0
233 31350.0 12600.0
234 29070.0 12600.0
235 32680.0 7000.0
236 30780.0 7000.0
237 29070.0 7000.0
238 25840.0 15400.0
239 85120.0 29400.0
240 88540.0 21000.0
241 78280.0 21000.0
242 87020.0 32200.0
243 85310.0 18200.0
244 83220.0 21000.0
245 83600.0 35000.0
246 86830.0 35000.0
247 83030.0 32200.0
248 82840.0 35000.0
249 66690.0 35000.0
250 68400.0 37800.0
251 82270.0 37800.0
252 80370.0 37800.0
253 67830.0 32200.0
254 66690.0 32200.0
255 64980.0 37800.0
256 78280.0 29400.0
257 76570.0 29400.0
258 69540.0 37800.0
259 66690.0 37800.0
260 60610.0 40600.0
261 31540.0 32200.0
262 35150.0 35000.0
263 36100.0 37800.0
264 57570.0 37800.0
265 56050.0 37800.0
266 41800.0 40600.0
267 35910.0 40600.0
268 33630.0 40600.0
269 31350.0 40600.0
270 38000.0 26600.0
271 33440.0 26600.0
272 53770.0 32200.0
273 52630.0 32200.0
274 33440.0 35000.0
275 27360.0 37800.0
276 29830.0 40600.0
277 29070.0 37800.0
278 28120.0 37800.0
279 28500.0 40600.0
280 27170.0 40600.0
281 26410.0 12600.0
282 25270.0 12600.0
283 24890.0 9800.0
284 26600.0 7000.0
285 26600.0 4200.0
286 24510.0 7000.0
287 21280.0 15400.0
288 43700.0 32200.0
289 43700.0 35000.0
290 42370.0 35000.0
291 36100.0 32200.0
292 36670.0 35000.0
293 45410.0 32200.0
294 47880.0 32200.0
295 45410.0 37800.0
296 32110.0 35000.0
297 30970.0 35000.0
298 30020.0 35000.0
299 32300.0 37800.0
300 32490.0 32200.0
301 24510.0 15400.0
302 22610.0 15400.0
303 21470.0 12600.0
304 23180.0 9800.0
305 22420.0 7000.0
306 20710.0 7000.0
307 17100.0 18200.0
308 30590.0 37800.0
309 33440.0 37800.0
310 34770.0 37800.0
311 68210.0 40600.0
312 70680.0 37800.0
313 78850.0 37800.0
314 75810.0 37800.0
315 72010.0 37800.0
316 63840.0 37800.0
317 62510.0 37800.0
318 23560.0 29400.0
319 24700.0 29400.0
320 25080.0 32200.0
321 26220.0 35000.0
322 25080.0 35000.0
323 25650.0 37800.0
324 23940.0 37800.0
325 21470.0 37800.0
326 21470.0 35000.0
327 22800.0 37800.0
328 23370.0 35000.0
329 18430.0 12600.0
330 16910.0 12600.0
331 15390.0 12600.0
332 15960.0 7000.0
333 15200.0 4200.0
334 13490.0 7000.0
335 13300.0 15400.0
336 23940.0 32200.0
337 27550.0 32200.0
338 27930.0 35000.0
339 6080.0 32200.0
340 25840.0 29400.0
341 26410.0 32200.0
342 21470.0 32200.0
343 17860.0 29400.0
344 18430.0 32200.0
345 16910.0 32200.0
346 7220.0 32200.0
347 8360.0 32200.0
348 9500.0 32200.0
349 10830.0 32200.0
350 11970.0 12600.0
351 13110.0 12600.0
352 9310.0 9800.0
353 12160.0 9800.0
354 13680.0 9800.0
355 8170.0 9800.0
356 9880.0 15400.0
357 15390.0 35000.0
358 16720.0 37800.0
359 18620.0 37800.0
360 19950.0 37800.0
361 15010.0 37800.0
362 12540.0 32200.0
363 17100.0 35000.0
364 13870.0 37800.0
365 12540.0 37800.0
366 11590.0 37800.0
367 10450.0 37800.0
368 12540.0 35000.0
369 10450.0 35000.0
370 10830.0 12600.0
371 7410.0 15400.0
372 10830.0 9800.0
373 11780.0 4200.0
374 13300.0 4200.0
375 11970.0 7000.0
376 85880.0 21000.0
377 79800.0 18200.0
378 76760.0 12600.0
379 77520.0 15400.0
380 76950.0 9800.0
381 76000.0 4200.0
382 74480.0 4200.0
383 77330.0 4200.0
384 81320.0 21000.0
385 82840.0 12600.0
386 81700.0 15400.0
387 83030.0 9800.0
388 78280.0 7000.0
389 78660.0 4200.0
390 82650.0 4200.0
391 85120.0 32200.0
392 81320.0 12600.0
393 79800.0 12600.0
394 74670.0 9800.0
395 71060.0 7000.0
396 67260.0 7000.0
397 68970.0 7000.0
398 67260.0 29400.0
399 67640.0 12600.0
400 67260.0 15400.0
401 65170.0 15400.0
402 70680.0 12600.0
403 72200.0 12600.0
404 68590.0 15400.0
405 74290.0 35000.0
406 73340.0 35000.0
407 73340.0 37800.0
408 74670.0 37800.0
409 74480.0 12600.0
410 69160.0 12600.0
411 64790.0 12600.0
412 66120.0 12600.0
413 63460.0 7000.0
414 65170.0 7000.0
415 63460.0 35000.0
416 63460.0 12600.0
417 63080.0 15400.0
418 61370.0 15400.0
419 61560.0 12600.0
420 59660.0 12600.0
421 59850.0 15400.0
422 57190.0 35000.0
423 60040.0 37800.0
424 56050.0 35000.0
425 56240.0 15400.0
426 57760.0 15400.0
427 57190.0 9800.0
428 55480.0 9800.0
429 51300.0 9800.0
430 53770.0 9800.0
431 51870.0 35000.0
432 47500.0 37800.0
433 48830.0 37800.0
434 51300.0 12600.0
435 49400.0 12600.0
436 48830.0 9800.0
437 58520.0 9800.0
438 61180.0 7000.0
439 51490.0 7000.0
440 42940.0 18200.0
441 88350.0 32200.0
442 81890.0 35000.0
443 78660.0 35000.0
444 69540.0 35000.0
445 80750.0 35000.0
446 76950.0 35000.0
447 75810.0 35000.0
448 71820.0 35000.0
449 60040.0 29400.0
450 44650.0 15400.0
451 43510.0 15400.0
452 42370.0 15400.0
453 42180.0 12600.0
454 38000.0 12600.0
455 39330.0 12600.0
456 49210.0 21000.0
458 80750.0 4200.0
459 86070.0 9800.0
461 87590.0 12600.0
462 59090.0 7000.0
463 33820.0 15400.0
464 35530.0 18200.0
465 34390.0 21000.0
466 48070.0 7000.0
467 30020.0 15400.0
468 28310.0 15400.0
469 29450.0 18200.0
470 47690.0 4200.0
471 84550.0 9800.0
472 25840.0 23800.0
473 24130.0 23800.0
474 20330.0 21000.0
476 46550.0 4200.0
477 16340.0 15400.0
478 15390.0 18200.0
479 12350.0 21000.0
480 51490.0 4200.0
481 14820.0 15400.0
482 11590.0 15400.0
483 11970.0 18200.0
484 18050.0 4200.0
485 16530.0 21000.0
486 12730.0 23800.0
487 86830.0 7000.0
488 94050.0 18200.0
489 91010.0 18200.0
490 56810.0 4200.0
491 85120.0 12600.0
492 85310.0 15400.0
493 87590.0 15400.0
494 55670.0 4200.0
495 83220.0 23800.0
496 84930.0 23800.0
497 87210.0 23800.0
498 58330.0 4200.0
499 74480.0 21000.0
500 74290.0 23800.0
501 72010.0 23800.0
502 62890.0 4200.0
503 65740.0 18200.0
504 65170.0 21000.0
505 67830.0 18200.0
506 59470.0 4200.0
507 59280.0 21000.0
508 59470.0 23800.0
509 61750.0 23800.0
510 53390.0 4200.0
511 53200.0 21000.0
512 53390.0 23800.0
513 53010.0 26600.0
514 65930.0 4200.0
515 51680.0 21000.0
516 50730.0 23800.0
517 48830.0 26600.0
518 49970.0 4200.0
519 47120.0 9800.0
520 46930.0 21000.0
521 37050.0 21000.0
522 30590.0 4200.0
523 36670.0 9800.0
524 42750.0 4200.0
525 82270.0 7000.0
526 29450.0 9800.0
527 22610.0 4200.0
528 19190.0 9800.0
529 8170.0 7000.0
530 6650.0 12600.0
531 7790.0 4200.0
532 86450.0 4200.0
533 91390.0 7000.0
534 70490.0 4200.0
535 72390.0 15400.0
536 66310.0 9800.0
537 59090.0 18200.0
538 55290.0 12600.0
539 55290.0 7000.0
540 38190.0 15400.0
541 92910.0 12600.0
542 29830.0 21000.0
543 22990.0 18200.0
544 19950.0 23800.0
545 6650.0 23800.0
546 6650.0 18200.0
547 6650.0 26600.0
548 92910.0 21000.0
549 92150.0 15400.0
550 89490.0 29400.0
551 70870.0 26600.0
552 69350.0 21000.0
553 61750.0 26600.0
554 53010.0 29400.0
555 44270.0 26600.0
556 38570.0 23800.0
