Instance ID x_center y_center
0 16990.0 75980.0
1 47230.0 75980.0
2 23710.0 75980.0
3 46110.0 75980.0
4 49470.0 75980.0
5 50590.0 75980.0
6 29310.0 75980.0
7 30430.0 75980.0
8 28190.0 75980.0
9 53950.0 75980.0
10 55070.0 75980.0
11 43870.0 75980.0
12 22590.0 75980.0
13 18110.0 75980.0
14 42750.0 75980.0
15 41630.0 75980.0
16 59550.0 75980.0
17 19230.0 75980.0
18 61790.0 75980.0
19 38270.0 75980.0
20 62910.0 75980.0
21 64030.0 75980.0
22 27070.0 75980.0
23 40510.0 75980.0
24 44990.0 75980.0
25 21470.0 75980.0
26 65150.0 75980.0
27 39390.0 75980.0
28 52830.0 75980.0
29 60670.0 75980.0
30 51710.0 75980.0
31 25950.0 75980.0
32 37150.0 75980.0
33 67390.0 75980.0
34 66270.0 75980.0
35 33790.0 75980.0
36 48350.0 75980.0
37 68510.0 75980.0
38 69630.0 75980.0
39 36030.0 75980.0
40 72990.0 75980.0
41 74110.0 75980.0
42 58430.0 75980.0
43 34910.0 75980.0
44 24830.0 75980.0
45 75230.0 75980.0
46 70750.0 75980.0
47 20350.0 75980.0
48 31550.0 75980.0
49 56190.0 75980.0
50 71870.0 75980.0
51 32670.0 75980.0
52 76350.0 75980.0
53 57310.0 75980.0
54 69540.0 51800.0
55 61180.0 49000.0
56 47310.0 49000.0
57 54150.0 37800.0
58 54910.0 49000.0
59 81700.0 43400.0
60 85690.0 51800.0
61 82460.0 46200.0
62 76570.0 43400.0
63 80370.0 46200.0
64 17290.0 49000.0
65 13490.0 54600.0
66 22610.0 60200.0
67 10450.0 63000.0
68 29070.0 57400.0
69 43130.0 35000.0
70 32110.0 37800.0
71 11970.0 35000.0
72 14060.0 32200.0
73 32110.0 43400.0
74 53010.0 49000.0
76 53200.0 63000.0
77 53200.0 65800.0
81 57190.0 65800.0
82 54910.0 65800.0
84 56050.0 71400.0
85 58900.0 71400.0
88 58520.0 68600.0
89 59660.0 68600.0
90 57570.0 71400.0
91 56240.0 65800.0
92 57380.0 68600.0
93 29640.0 65800.0
95 24130.0 57400.0
96 24130.0 60200.0
97 20330.0 57400.0
98 23940.0 54600.0
99 20330.0 49000.0
100 19380.0 49000.0
101 18430.0 49000.0
102 22610.0 32200.0
103 19570.0 54600.0
104 17100.0 54600.0
105 14630.0 54600.0
106 21090.0 54600.0
107 23370.0 29400.0
108 24890.0 29400.0
109 22230.0 49000.0
110 22420.0 51800.0
111 23940.0 32200.0
112 25270.0 32200.0
113 44080.0 35000.0
114 45410.0 35000.0
115 43130.0 32200.0
116 44650.0 29400.0
117 34390.0 35000.0
118 33060.0 37800.0
119 34390.0 37800.0
120 34770.0 29400.0
121 43890.0 23800.0
122 22610.0 37800.0
123 20140.0 37800.0
124 17670.0 35000.0
125 17290.0 26600.0
126 18050.0 32200.0
127 15580.0 35000.0
128 15390.0 29400.0
129 19570.0 32200.0
130 27930.0 26600.0
131 46170.0 26600.0
132 53770.0 26600.0
133 40850.0 29400.0
134 42750.0 29400.0
135 49400.0 21000.0
136 18620.0 26600.0
137 14250.0 29400.0
138 18050.0 29400.0
139 55100.0 21000.0
140 52250.0 21000.0
141 54910.0 23800.0
142 79800.0 63000.0
143 81510.0 37800.0
144 82840.0 37800.0
145 79990.0 37800.0
146 81510.0 35000.0
147 77330.0 26600.0
148 69160.0 43400.0
149 74290.0 46200.0
150 74670.0 40600.0
151 73150.0 37800.0
152 75050.0 29400.0
153 84170.0 46200.0
154 86640.0 51800.0
155 84550.0 51800.0
156 84550.0 37800.0
157 79990.0 29400.0
158 83220.0 40600.0
159 79990.0 32200.0
160 75430.0 32200.0
161 70110.0 49000.0
162 69160.0 49000.0
163 70490.0 51800.0
164 70110.0 35000.0
165 62510.0 43400.0
166 58520.0 49000.0
167 62130.0 49000.0
168 62890.0 37800.0
169 67830.0 26600.0
170 61940.0 26600.0
171 49590.0 49000.0
172 47500.0 54600.0
173 48450.0 51800.0
174 49210.0 29400.0
175 49590.0 26600.0
176 49970.0 37800.0
177 47500.0 37800.0
178 48450.0 37800.0
179 48070.0 26600.0
180 50730.0 23800.0
181 59090.0 23800.0
182 59850.0 26600.0
183 59850.0 32200.0
184 57190.0 32200.0
185 50730.0 29400.0
186 52630.0 29400.0
187 61180.0 29400.0
188 62890.0 29400.0
189 70680.0 37800.0
190 64220.0 37800.0
191 69540.0 37800.0
192 65170.0 32200.0
193 63270.0 32200.0
194 78660.0 37800.0
195 78850.0 35000.0
196 83410.0 43400.0
197 85880.0 32200.0
198 84740.0 35000.0
199 79990.0 35000.0
200 62890.0 35000.0
201 62510.0 40600.0
202 56430.0 46200.0
203 59090.0 60200.0
204 55480.0 57400.0
205 28120.0 60200.0
206 58900.0 54600.0
207 26600.0 60200.0
208 52250.0 63000.0
210 26410.0 63000.0
211 52630.0 60200.0
213 28880.0 68600.0
214 27740.0 65800.0
215 26410.0 65800.0
216 56430.0 51800.0
217 54530.0 54600.0
218 64220.0 57400.0
219 26030.0 29400.0
220 27170.0 29400.0
221 28120.0 29400.0
222 25460.0 26600.0
223 30590.0 26600.0
224 57380.0 23800.0
225 69920.0 26600.0
226 70490.0 29400.0
227 60040.0 29400.0
228 69160.0 29400.0
229 70490.0 32200.0
230 67640.0 37800.0
231 58330.0 57400.0
232 65930.0 60200.0
233 64410.0 60200.0
234 46550.0 63000.0
235 41420.0 65800.0
236 40660.0 68600.0
237 44270.0 68600.0
238 71820.0 54600.0
239 24700.0 23800.0
240 22420.0 57400.0
241 25080.0 51800.0
242 25840.0 21000.0
243 22610.0 54600.0
244 23940.0 51800.0
245 23560.0 18200.0
246 26030.0 18200.0
247 23370.0 26600.0
248 28500.0 21000.0
249 30590.0 23800.0
250 31160.0 18200.0
251 29830.0 18200.0
252 27930.0 18200.0
253 32870.0 26600.0
254 34010.0 26600.0
255 34200.0 21000.0
256 20900.0 26600.0
257 20710.0 29400.0
258 32300.0 21000.0
259 33630.0 18200.0
260 43130.0 18200.0
261 63080.0 23800.0
262 61750.0 23800.0
263 63080.0 18200.0
264 44270.0 21000.0
265 46930.0 21000.0
266 49020.0 18200.0
267 62130.0 18200.0
268 64030.0 18200.0
269 70490.0 18200.0
270 58900.0 37800.0
271 61180.0 37800.0
272 46550.0 29400.0
273 47690.0 29400.0
274 60800.0 21000.0
275 67260.0 21000.0
276 71630.0 21000.0
277 70490.0 21000.0
278 68020.0 21000.0
279 69160.0 21000.0
280 69350.0 23800.0
281 70110.0 57400.0
282 71250.0 57400.0
283 70490.0 63000.0
284 68020.0 63000.0
285 67640.0 65800.0
286 69350.0 63000.0
287 73720.0 54600.0
288 57000.0 26600.0
289 57380.0 29400.0
290 58710.0 29400.0
291 64220.0 32200.0
292 64790.0 29400.0
293 55290.0 26600.0
294 54340.0 29400.0
295 55670.0 29400.0
296 66310.0 32200.0
297 68590.0 32200.0
298 68020.0 29400.0
299 66500.0 29400.0
300 67450.0 32200.0
301 67830.0 57400.0
302 72390.0 57400.0
303 71630.0 63000.0
304 71060.0 65800.0
305 70300.0 71400.0
306 71630.0 71400.0
307 83220.0 57400.0
308 67830.0 23800.0
309 66500.0 21000.0
310 62510.0 21000.0
311 38190.0 18200.0
312 39140.0 21000.0
313 21470.0 21000.0
314 19950.0 21000.0
315 37810.0 21000.0
316 42560.0 21000.0
317 48450.0 21000.0
318 75240.0 37800.0
319 76760.0 37800.0
320 76760.0 32200.0
321 64980.0 23800.0
322 70680.0 23800.0
323 72390.0 23800.0
324 73720.0 21000.0
325 75430.0 23800.0
326 76570.0 23800.0
327 74100.0 23800.0
328 75430.0 26600.0
329 77330.0 60200.0
330 81890.0 60200.0
331 81890.0 63000.0
332 80180.0 68600.0
333 80560.0 71400.0
334 81510.0 65800.0
335 84740.0 57400.0
336 72580.0 29400.0
337 73150.0 26600.0
338 73910.0 29400.0
339 84740.0 29400.0
340 76000.0 29400.0
341 76950.0 29400.0
342 73910.0 32200.0
343 77900.0 35000.0
344 78090.0 32200.0
345 78850.0 29400.0
346 83600.0 29400.0
347 82460.0 29400.0
348 81320.0 29400.0
349 81510.0 32200.0
350 80370.0 57400.0
351 81890.0 57400.0
352 83790.0 60200.0
353 83600.0 63000.0
354 83220.0 65800.0
355 84930.0 63000.0
356 80940.0 54600.0
357 79230.0 26600.0
358 75240.0 21000.0
359 77900.0 21000.0
360 79230.0 21000.0
361 76570.0 21000.0
362 83220.0 35000.0
363 80560.0 26600.0
364 81130.0 23800.0
365 82840.0 26600.0
366 88350.0 29400.0
367 88730.0 32200.0
368 87020.0 29400.0
369 87210.0 32200.0
370 79610.0 60200.0
371 80750.0 60200.0
372 80750.0 63000.0
373 78660.0 68600.0
374 79040.0 71400.0
375 82270.0 68600.0
376 28500.0 51800.0
377 29640.0 54600.0
378 31540.0 57400.0
379 30780.0 60200.0
380 30970.0 63000.0
381 31540.0 68600.0
382 31160.0 71400.0
383 30210.0 68600.0
384 25840.0 54600.0
385 27360.0 57400.0
386 25840.0 57400.0
387 25270.0 60200.0
388 25080.0 65800.0
389 26980.0 68600.0
390 23750.0 65800.0
391 26980.0 23800.0
392 31920.0 51800.0
393 32680.0 54600.0
394 33250.0 57400.0
395 39520.0 57400.0
396 39900.0 60200.0
397 34390.0 57400.0
398 27360.0 32200.0
399 28120.0 46200.0
400 26980.0 43400.0
401 24510.0 46200.0
402 17480.0 46200.0
403 19000.0 46200.0
404 20330.0 46200.0
405 21090.0 23800.0
406 18240.0 23800.0
407 18620.0 21000.0
408 19950.0 23800.0
409 26600.0 46200.0
410 25460.0 43400.0
411 24130.0 43400.0
412 20900.0 43400.0
413 21660.0 46200.0
414 22230.0 43400.0
415 31920.0 29400.0
416 32300.0 46200.0
417 33820.0 46200.0
418 35150.0 46200.0
419 33820.0 51800.0
420 35720.0 51800.0
421 35910.0 49000.0
422 45410.0 21000.0
423 45600.0 18200.0
424 46170.0 23800.0
425 42560.0 46200.0
426 41040.0 46200.0
427 39710.0 46200.0
428 43700.0 43400.0
429 44080.0 46200.0
430 38570.0 46200.0
431 50730.0 26600.0
432 52440.0 23800.0
433 52250.0 26600.0
434 53200.0 46200.0
435 51300.0 46200.0
436 49210.0 46200.0
437 45600.0 43400.0
438 45600.0 46200.0
439 47690.0 46200.0
440 49780.0 54600.0
441 24510.0 21000.0
442 27170.0 21000.0
443 31160.0 21000.0
444 41800.0 23800.0
445 22610.0 21000.0
446 29450.0 21000.0
447 33250.0 21000.0
448 36480.0 23800.0
449 43700.0 26600.0
450 48070.0 57400.0
451 49590.0 57400.0
452 46930.0 57400.0
453 48640.0 60200.0
454 49400.0 63000.0
455 45790.0 57400.0
456 52250.0 54600.0
458 29070.0 71400.0
459 18430.0 60200.0
461 9690.0 60200.0
462 45410.0 63000.0
463 57380.0 49000.0
464 56430.0 43400.0
465 60230.0 43400.0
466 48070.0 63000.0
467 60040.0 51800.0
468 61750.0 51800.0
469 65930.0 51800.0
470 51490.0 71400.0
471 28310.0 63000.0
472 67640.0 46200.0
473 65930.0 46200.0
474 72010.0 46200.0
476 51110.0 63000.0
477 78660.0 63000.0
478 79230.0 54600.0
479 82270.0 49000.0
480 46930.0 71400.0
481 77520.0 51800.0
482 79230.0 51800.0
483 82650.0 51800.0
484 73150.0 65800.0
485 75810.0 51800.0
486 78090.0 46200.0
487 20710.0 65800.0
488 18810.0 57400.0
489 20710.0 60200.0
490 39330.0 71400.0
491 15960.0 57400.0
492 13870.0 57400.0
493 11590.0 57400.0
494 42750.0 71400.0
495 19000.0 51800.0
496 17290.0 51800.0
497 15390.0 49000.0
498 39330.0 68600.0
499 16720.0 37800.0
500 14630.0 37800.0
501 13870.0 35000.0
502 23370.0 68600.0
503 19000.0 37800.0
504 12350.0 37800.0
505 9690.0 37800.0
506 36290.0 71400.0
507 34200.0 40600.0
508 31730.0 40600.0
509 31730.0 35000.0
510 49590.0 68600.0
511 45220.0 37800.0
512 43510.0 37800.0
513 38950.0 37800.0
514 32490.0 71400.0
515 48640.0 40600.0
516 49970.0 40600.0
517 52250.0 37800.0
518 38190.0 71400.0
519 39900.0 63000.0
520 40090.0 54600.0
521 41230.0 51800.0
522 63650.0 68600.0
523 53390.0 68600.0
524 57190.0 63000.0
525 24510.0 71400.0
526 45410.0 65800.0
527 70490.0 60200.0
528 72010.0 68600.0
529 77710.0 65800.0
530 87970.0 60200.0
531 86070.0 68600.0
532 16150.0 68600.0
533 14630.0 65800.0
534 35530.0 60200.0
535 11970.0 43400.0
536 18810.0 40600.0
537 32110.0 49000.0
538 39710.0 43400.0
539 49590.0 43400.0
540 44650.0 60200.0
541 6650.0 63000.0
542 61750.0 46200.0
543 67830.0 54600.0
544 72770.0 43400.0
545 86830.0 49000.0
546 84930.0 54600.0
547 78850.0 40600.0
548 22610.0 63000.0
549 9690.0 54600.0
550 10450.0 49000.0
551 9690.0 32200.0
552 8170.0 35000.0
553 28310.0 37800.0
554 39330.0 35000.0
555 53010.0 35000.0
556 43890.0 54600.0
