Instance ID x_center y_center
0 9150.0 55600.0
1 39390.0 55600.0
2 15870.0 55600.0
3 38270.0 55600.0
4 41630.0 55600.0
5 42750.0 55600.0
6 21470.0 55600.0
7 22590.0 55600.0
8 20350.0 55600.0
9 46110.0 55600.0
10 47230.0 55600.0
11 36030.0 55600.0
12 14750.0 55600.0
13 10270.0 55600.0
14 34910.0 55600.0
15 33790.0 55600.0
16 51710.0 55600.0
17 11390.0 55600.0
18 53950.0 55600.0
19 30430.0 55600.0
20 55070.0 55600.0
21 56190.0 55600.0
22 19230.0 55600.0
23 32670.0 55600.0
24 37150.0 55600.0
25 13630.0 55600.0
26 57310.0 55600.0
27 31550.0 55600.0
28 44990.0 55600.0
29 52830.0 55600.0
30 43870.0 55600.0
31 18110.0 55600.0
32 29310.0 55600.0
33 59550.0 55600.0
34 58430.0 55600.0
35 25950.0 55600.0
36 40510.0 55600.0
37 60670.0 55600.0
38 61790.0 55600.0
39 28190.0 55600.0
40 65150.0 55600.0
41 66270.0 55600.0
42 50590.0 55600.0
43 27070.0 55600.0
44 16990.0 55600.0
45 67390.0 55600.0
46 62910.0 55600.0
47 12510.0 55600.0
48 23710.0 55600.0
49 48350.0 55600.0
50 64030.0 55600.0
51 24830.0 55600.0
52 68510.0 55600.0
53 49470.0 55600.0
54 56620.0 35000.0
55 51680.0 29400.0
56 46170.0 35000.0
57 38190.0 29400.0
58 49590.0 32200.0
59 62700.0 29400.0
60 69730.0 32200.0
61 72580.0 26600.0
62 71250.0 26600.0
63 65170.0 29400.0
64 20710.0 21000.0
65 24130.0 32200.0
66 18810.0 26600.0
67 9690.0 35000.0
68 20710.0 35000.0
69 39710.0 21000.0
70 31350.0 23800.0
71 9690.0 18200.0
72 14820.0 18200.0
73 31350.0 32200.0
74 47690.0 32200.0
76 47120.0 46200.0
77 49400.0 49000.0
81 55670.0 49000.0
82 54150.0 49000.0
84 51110.0 49000.0
85 52060.0 51800.0
88 56620.0 49000.0
89 53960.0 51800.0
90 52630.0 49000.0
91 47880.0 46200.0
92 47880.0 49000.0
93 17480.0 40600.0
95 19570.0 32200.0
96 18050.0 35000.0
97 18050.0 29400.0
98 19380.0 29400.0
99 21850.0 21000.0
100 23180.0 23800.0
101 22230.0 23800.0
102 20330.0 18200.0
103 24510.0 29400.0
104 27740.0 29400.0
105 26410.0 32200.0
106 26410.0 29400.0
107 20710.0 15400.0
108 21850.0 18200.0
109 24510.0 21000.0
110 23180.0 21000.0
111 22800.0 18200.0
112 24130.0 18200.0
113 38760.0 26600.0
114 38570.0 23800.0
115 36670.0 23800.0
116 37430.0 18200.0
117 32870.0 23800.0
118 34200.0 23800.0
119 33250.0 21000.0
120 31730.0 18200.0
121 32110.0 12600.0
122 14630.0 21000.0
123 13300.0 21000.0
124 11970.0 21000.0
125 14630.0 12600.0
126 10830.0 18200.0
127 12920.0 18200.0
128 11970.0 18200.0
129 11210.0 15400.0
130 22230.0 9800.0
131 39710.0 12600.0
132 40090.0 15400.0
133 34010.0 18200.0
134 35530.0 18200.0
135 35340.0 9800.0
136 17860.0 15400.0
137 13870.0 18200.0
138 16150.0 15400.0
139 36860.0 15400.0
140 36290.0 12600.0
141 40470.0 18200.0
142 73340.0 49000.0
143 72390.0 21000.0
144 72200.0 15400.0
145 73910.0 21000.0
146 73530.0 15400.0
147 72770.0 9800.0
148 68400.0 23800.0
149 69730.0 26600.0
150 70490.0 21000.0
151 70490.0 18200.0
152 59470.0 12600.0
153 64790.0 32200.0
154 63840.0 35000.0
155 68210.0 32200.0
156 68590.0 21000.0
157 65170.0 12600.0
158 63460.0 26600.0
159 63650.0 18200.0
160 59850.0 18200.0
161 57950.0 35000.0
162 57760.0 29400.0
163 56430.0 29400.0
164 57190.0 21000.0
165 50350.0 29400.0
166 44460.0 29400.0
167 46170.0 26600.0
168 49970.0 23800.0
169 53770.0 9800.0
170 48260.0 12600.0
171 45030.0 32200.0
172 43700.0 37800.0
173 45030.0 37800.0
174 44270.0 21000.0
175 43510.0 12600.0
176 35530.0 32200.0
177 33440.0 32200.0
178 37050.0 29400.0
179 38190.0 21000.0
180 43130.0 18200.0
181 43890.0 9800.0
182 46550.0 12600.0
183 49210.0 18200.0
184 50350.0 21000.0
185 45790.0 21000.0
186 45790.0 18200.0
187 47120.0 15400.0
188 51870.0 12600.0
189 58520.0 21000.0
190 51300.0 23800.0
191 55480.0 21000.0
192 56050.0 15400.0
193 58330.0 18200.0
194 72960.0 18200.0
195 62510.0 18200.0
196 61750.0 23800.0
197 64600.0 18200.0
198 61560.0 21000.0
199 61370.0 18200.0
200 59470.0 21000.0
201 59850.0 23800.0
202 53010.0 35000.0
203 54530.0 43400.0
204 52060.0 40600.0
205 21280.0 40600.0
206 58520.0 37800.0
207 19380.0 40600.0
208 46170.0 46200.0
210 18810.0 43400.0
211 44650.0 46200.0
213 17480.0 49000.0
214 19760.0 51800.0
215 18810.0 46200.0
216 52630.0 37800.0
217 51110.0 40600.0
218 49400.0 37800.0
219 23750.0 15400.0
220 24890.0 15400.0
221 26220.0 18200.0
222 22420.0 15400.0
223 26410.0 15400.0
224 44840.0 12600.0
225 49400.0 12600.0
226 49970.0 15400.0
227 45980.0 15400.0
228 50920.0 15400.0
229 51490.0 18200.0
230 52820.0 23800.0
231 54910.0 40600.0
232 49970.0 40600.0
233 49970.0 43400.0
234 48450.0 43400.0
235 43700.0 43400.0
236 41800.0 43400.0
237 43130.0 46200.0
238 64220.0 37800.0
239 27360.0 12600.0
240 17100.0 26600.0
241 19760.0 26600.0
242 25080.0 12600.0
243 22990.0 29400.0
244 21280.0 29400.0
245 22040.0 12600.0
246 23370.0 12600.0
247 18430.0 12600.0
248 19380.0 7000.0
249 27550.0 7000.0
250 29640.0 7000.0
251 23370.0 7000.0
252 21090.0 7000.0
253 27550.0 18200.0
254 29070.0 18200.0
255 31160.0 9800.0
256 16340.0 18200.0
257 13490.0 15400.0
258 24700.0 4200.0
259 30970.0 4200.0
260 34390.0 7000.0
261 50540.0 12600.0
262 49590.0 9800.0
263 46740.0 7000.0
264 37050.0 9800.0
265 41990.0 9800.0
266 44840.0 7000.0
267 45790.0 7000.0
268 48450.0 7000.0
269 58330.0 7000.0
270 46740.0 21000.0
271 47880.0 21000.0
272 36670.0 21000.0
273 35530.0 21000.0
274 47880.0 9800.0
275 57760.0 9800.0
276 60230.0 9800.0
277 59850.0 7000.0
278 57000.0 7000.0
279 58900.0 9800.0
280 61370.0 9800.0
281 62510.0 40600.0
282 63650.0 40600.0
283 62890.0 46200.0
284 60800.0 46200.0
285 59280.0 46200.0
286 59850.0 43400.0
287 69540.0 37800.0
288 41040.0 12600.0
289 42180.0 12600.0
290 48450.0 15400.0
291 56240.0 18200.0
292 52250.0 15400.0
293 44650.0 15400.0
294 42560.0 15400.0
295 43510.0 15400.0
296 53390.0 12600.0
297 54910.0 15400.0
298 54340.0 12600.0
299 53580.0 15400.0
300 54530.0 18200.0
301 64790.0 40600.0
302 68970.0 40600.0
303 72390.0 49000.0
304 68020.0 46200.0
305 68020.0 49000.0
306 73530.0 40600.0
307 71440.0 37800.0
308 56430.0 9800.0
309 51680.0 9800.0
310 46170.0 9800.0
311 30970.0 7000.0
312 30020.0 9800.0
313 18050.0 9800.0
314 16150.0 9800.0
315 28690.0 9800.0
316 33060.0 9800.0
317 39330.0 9800.0
318 70680.0 15400.0
319 69540.0 15400.0
320 67640.0 12600.0
321 50920.0 9800.0
322 65740.0 9800.0
323 67070.0 9800.0
324 68020.0 9800.0
325 70490.0 9800.0
326 71630.0 9800.0
327 69160.0 9800.0
328 71630.0 12600.0
329 70110.0 40600.0
330 71250.0 40600.0
331 72390.0 40600.0
332 70300.0 49000.0
333 66120.0 49000.0
334 66690.0 46200.0
335 68020.0 37800.0
336 55480.0 12600.0
337 56810.0 12600.0
338 57570.0 15400.0
339 65360.0 15400.0
340 58140.0 12600.0
341 58710.0 15400.0
342 59850.0 15400.0
343 62700.0 15400.0
344 60990.0 15400.0
345 61370.0 12600.0
346 66500.0 15400.0
347 64220.0 12600.0
348 64220.0 15400.0
349 65930.0 18200.0
350 66690.0 40600.0
351 67830.0 40600.0
352 67450.0 43400.0
353 64220.0 49000.0
354 63080.0 51800.0
355 64030.0 46200.0
356 62700.0 37800.0
357 68590.0 12600.0
358 64220.0 9800.0
359 61560.0 7000.0
360 62890.0 7000.0
361 62510.0 9800.0
362 68020.0 15400.0
363 66500.0 12600.0
364 62510.0 12600.0
365 61940.0 15400.0
366 65550.0 21000.0
367 64410.0 21000.0
368 63080.0 21000.0
369 63270.0 23800.0
370 60230.0 40600.0
371 61370.0 40600.0
372 55670.0 43400.0
373 33820.0 49000.0
374 27360.0 51800.0
375 29070.0 46200.0
376 22040.0 26600.0
377 23560.0 26600.0
378 19760.0 37800.0
379 18240.0 37800.0
380 17670.0 43400.0
381 19000.0 49000.0
382 20520.0 49000.0
383 16150.0 49000.0
384 21280.0 32200.0
385 21280.0 37800.0
386 23560.0 40600.0
387 23370.0 46200.0
388 28880.0 49000.0
389 28880.0 51800.0
390 23370.0 51800.0
391 20520.0 12600.0
392 22800.0 37800.0
393 24320.0 37800.0
394 24890.0 40600.0
395 25080.0 46200.0
396 26600.0 46200.0
397 26790.0 43400.0
398 17860.0 18200.0
399 16720.0 37800.0
400 15580.0 35000.0
401 15010.0 46200.0
402 12540.0 46200.0
403 11020.0 46200.0
404 9690.0 46200.0
405 16530.0 12600.0
406 14440.0 7000.0
407 14820.0 9800.0
408 13110.0 12600.0
409 15200.0 37800.0
410 13680.0 37800.0
411 12350.0 40600.0
412 15200.0 40600.0
413 14440.0 43400.0
414 11590.0 43400.0
415 31540.0 15400.0
416 32300.0 37800.0
417 30780.0 37800.0
418 29830.0 43400.0
419 32680.0 43400.0
420 34200.0 43400.0
421 29450.0 37800.0
422 37430.0 4200.0
423 36860.0 7000.0
424 38190.0 7000.0
425 39520.0 37800.0
426 36860.0 37800.0
427 36670.0 43400.0
428 38380.0 43400.0
429 40280.0 43400.0
430 35530.0 43400.0
431 44650.0 18200.0
432 41040.0 21000.0
433 42370.0 21000.0
434 41420.0 37800.0
435 34580.0 37800.0
436 12350.0 37800.0
437 13680.0 40600.0
438 12920.0 43400.0
439 11210.0 40600.0
440 47880.0 37800.0
441 26410.0 12600.0
442 24890.0 7000.0
443 25080.0 9800.0
444 31920.0 9800.0
445 19190.0 9800.0
446 20330.0 9800.0
447 23750.0 9800.0
448 27360.0 9800.0
449 29260.0 12600.0
450 48830.0 40600.0
451 47690.0 40600.0
452 46550.0 37800.0
453 45600.0 43400.0
454 47120.0 43400.0
455 46550.0 40600.0
456 49210.0 35000.0
458 14250.0 49000.0
459 12350.0 32200.0
461 11590.0 35000.0
462 32490.0 51800.0
463 44460.0 35000.0
464 45790.0 29400.0
465 48070.0 29400.0
466 39330.0 51800.0
467 55480.0 35000.0
468 53770.0 32200.0
469 56050.0 32200.0
470 42370.0 51800.0
471 17670.0 46200.0
472 68020.0 26600.0
473 66310.0 26600.0
474 66690.0 23800.0
476 43130.0 49000.0
477 65360.0 46200.0
478 66690.0 32200.0
479 67450.0 29400.0
480 34770.0 51800.0
481 62700.0 35000.0
482 65170.0 35000.0
483 67450.0 35000.0
484 38950.0 49000.0
485 55290.0 23800.0
486 57570.0 23800.0
487 13870.0 51800.0
488 13870.0 35000.0
489 15390.0 32200.0
490 31350.0 51800.0
491 27740.0 32200.0
492 23370.0 35000.0
493 26030.0 35000.0
494 35910.0 51800.0
495 25460.0 26600.0
496 19190.0 21000.0
497 16910.0 21000.0
498 30970.0 49000.0
499 14060.0 23800.0
500 12350.0 23800.0
501 10830.0 26600.0
502 25650.0 51800.0
503 13680.0 26600.0
504 10070.0 21000.0
505 10070.0 23800.0
506 37810.0 51800.0
507 34960.0 26600.0
508 28310.0 26600.0
509 29450.0 23800.0
510 40850.0 51800.0
511 40660.0 26600.0
512 42370.0 26600.0
513 40850.0 29400.0
514 22230.0 51800.0
515 29260.0 29400.0
516 29830.0 26600.0
517 31730.0 26600.0
518 33630.0 51800.0
519 36860.0 49000.0
520 37050.0 32200.0
521 38950.0 32200.0
522 57950.0 51800.0
523 47690.0 51800.0
524 53770.0 46200.0
525 9690.0 49000.0
526 39330.0 46200.0
527 63650.0 43400.0
528 72010.0 43400.0
529 72010.0 46200.0
530 60230.0 49000.0
531 32870.0 46200.0
532 5890.0 51800.0
533 24890.0 49000.0
534 22990.0 43400.0
535 7790.0 43400.0
536 7410.0 40600.0
537 29450.0 40600.0
538 36290.0 40600.0
539 8550.0 37800.0
540 42750.0 40600.0
541 5890.0 35000.0
542 49970.0 26600.0
543 60610.0 32200.0
544 72010.0 23800.0
545 72010.0 29400.0
546 72010.0 35000.0
547 59090.0 26600.0
548 13870.0 29400.0
549 30590.0 35000.0
550 18430.0 23800.0
551 5890.0 18200.0
552 5890.0 21000.0
553 29070.0 21000.0
554 42750.0 23800.0
555 33250.0 29400.0
556 40470.0 35000.0
