Instance ID x_center y_center
0 66270.0 140.0
1 36030.0 140.0
2 59550.0 140.0
3 37150.0 140.0
4 33790.0 140.0
5 32670.0 140.0
6 53950.0 140.0
7 52830.0 140.0
8 55070.0 140.0
9 29310.0 140.0
10 28190.0 140.0
11 39390.0 140.0
12 60670.0 140.0
13 65150.0 140.0
14 40510.0 140.0
15 41630.0 140.0
16 23710.0 140.0
17 64030.0 140.0
18 21470.0 140.0
19 44990.0 140.0
20 20350.0 140.0
21 19230.0 140.0
22 56190.0 140.0
23 42750.0 140.0
24 38270.0 140.0
25 61790.0 140.0
26 18110.0 140.0
27 43870.0 140.0
28 30430.0 140.0
29 22590.0 140.0
30 31550.0 140.0
31 57310.0 140.0
32 46110.0 140.0
33 15870.0 140.0
34 16990.0 140.0
35 49470.0 140.0
36 34910.0 140.0
37 14750.0 140.0
38 13630.0 140.0
39 47230.0 140.0
40 10270.0 140.0
41 9150.0 140.0
42 24830.0 140.0
43 48350.0 140.0
44 58430.0 140.0
45 8030.0 140.0
46 12510.0 140.0
47 62910.0 140.0
48 51710.0 140.0
49 27070.0 140.0
50 11390.0 140.0
51 50590.0 140.0
52 6910.0 140.0
53 25950.0 140.0
54 20900.0 21000.0
55 24700.0 23800.0
56 32870.0 23800.0
57 51110.0 26600.0
58 26030.0 23800.0
59 5700.0 29400.0
60 7030.0 23800.0
61 8740.0 29400.0
62 15390.0 26600.0
63 12350.0 23800.0
64 64030.0 37800.0
65 63270.0 23800.0
66 67830.0 23800.0
67 69350.0 12600.0
68 59470.0 18200.0
69 37430.0 29400.0
70 46930.0 23800.0
71 47690.0 35000.0
72 50160.0 32200.0
73 43510.0 21000.0
74 25650.0 21000.0
76 29260.0 7000.0
77 21660.0 4200.0
81 22610.0 9800.0
82 19950.0 7000.0
84 18050.0 7000.0
85 18620.0 4200.0
88 15200.0 4200.0
89 20140.0 4200.0
90 17290.0 4200.0
91 21660.0 9800.0
92 20520.0 9800.0
93 57760.0 12600.0
95 57950.0 23800.0
96 59470.0 12600.0
97 56810.0 23800.0
98 57760.0 26600.0
99 59470.0 32200.0
100 60420.0 32200.0
101 62510.0 37800.0
102 60230.0 35000.0
103 59090.0 23800.0
104 58900.0 21000.0
105 59850.0 21000.0
106 60610.0 23800.0
107 60990.0 37800.0
108 60990.0 40600.0
109 57190.0 35000.0
110 58520.0 35000.0
111 58140.0 40600.0
112 59470.0 40600.0
113 36480.0 29400.0
114 39330.0 32200.0
115 39710.0 29400.0
116 39710.0 35000.0
117 46550.0 26600.0
118 45220.0 21000.0
119 44650.0 23800.0
120 44650.0 37800.0
121 40470.0 43400.0
122 48070.0 29400.0
123 48260.0 26600.0
124 48450.0 32200.0
125 47310.0 40600.0
126 55670.0 29400.0
127 52820.0 26600.0
128 51110.0 32200.0
129 55670.0 35000.0
130 51110.0 35000.0
131 41990.0 40600.0
132 39330.0 40600.0
133 41230.0 35000.0
134 37810.0 35000.0
135 34960.0 37800.0
136 48640.0 35000.0
137 49590.0 35000.0
138 49210.0 37800.0
139 36480.0 37800.0
140 35910.0 43400.0
141 35150.0 40600.0
142 10640.0 12600.0
143 11210.0 32200.0
144 10260.0 37800.0
145 11970.0 35000.0
146 10830.0 40600.0
147 14250.0 43400.0
148 18620.0 26600.0
149 18430.0 29400.0
150 17290.0 26600.0
151 16530.0 35000.0
152 16530.0 37800.0
153 8550.0 23800.0
154 9500.0 21000.0
155 5890.0 23800.0
156 5510.0 35000.0
157 3990.0 37800.0
158 7220.0 29400.0
159 8170.0 37800.0
160 12730.0 37800.0
161 21090.0 23800.0
162 21660.0 18200.0
163 21850.0 21000.0
164 22230.0 32200.0
165 26410.0 29400.0
166 27740.0 21000.0
167 27930.0 29400.0
168 26410.0 32200.0
169 21470.0 40600.0
170 26220.0 40600.0
171 29830.0 26600.0
172 30020.0 23800.0
173 31350.0 23800.0
174 30590.0 35000.0
175 30210.0 40600.0
176 46930.0 21000.0
177 48640.0 21000.0
178 49590.0 26600.0
179 43890.0 35000.0
180 40470.0 37800.0
181 28310.0 43400.0
182 27550.0 40600.0
183 30210.0 37800.0
184 32870.0 37800.0
185 33250.0 35000.0
186 32110.0 35000.0
187 28880.0 37800.0
188 26030.0 37800.0
189 19380.0 32200.0
190 25080.0 29400.0
191 20520.0 32200.0
192 24510.0 35000.0
193 23750.0 37800.0
194 10640.0 35000.0
195 9310.0 37800.0
196 9690.0 32200.0
197 8360.0 40600.0
198 7980.0 35000.0
199 9310.0 35000.0
200 23370.0 35000.0
201 28310.0 32200.0
202 39330.0 18200.0
203 28690.0 9800.0
204 34200.0 15400.0
205 58140.0 15400.0
206 34200.0 18200.0
207 61940.0 12600.0
208 29450.0 4200.0
210 60610.0 12600.0
211 29830.0 9800.0
213 58520.0 4200.0
214 57000.0 4200.0
215 60610.0 9800.0
216 28310.0 18200.0
217 31730.0 21000.0
218 25080.0 18200.0
219 55290.0 37800.0
220 53390.0 37800.0
221 54340.0 37800.0
222 57000.0 40600.0
223 55290.0 40600.0
224 30020.0 43400.0
225 19380.0 40600.0
226 21090.0 37800.0
227 27740.0 37800.0
228 20520.0 35000.0
229 21470.0 35000.0
230 24320.0 32200.0
231 31350.0 15400.0
232 23370.0 15400.0
233 25270.0 15400.0
234 32110.0 12600.0
235 38380.0 4200.0
236 38760.0 7000.0
237 32870.0 4200.0
238 19760.0 18200.0
239 61940.0 40600.0
240 69540.0 23800.0
241 56620.0 26600.0
242 59660.0 43400.0
243 62130.0 23800.0
244 62320.0 26600.0
245 63080.0 43400.0
246 61370.0 43400.0
247 59090.0 37800.0
248 60420.0 46200.0
249 46170.0 46200.0
250 48260.0 46200.0
251 56810.0 46200.0
252 54910.0 46200.0
253 46930.0 37800.0
254 44270.0 40600.0
255 44080.0 46200.0
256 58520.0 32200.0
257 53390.0 35000.0
258 47120.0 43400.0
259 45030.0 49000.0
260 38190.0 49000.0
261 26980.0 43400.0
262 27930.0 46200.0
263 30780.0 49000.0
264 40090.0 46200.0
265 35530.0 46200.0
266 29640.0 46200.0
267 29830.0 49000.0
268 28690.0 49000.0
269 24130.0 46200.0
270 27740.0 35000.0
271 26220.0 35000.0
272 42370.0 35000.0
273 41990.0 37800.0
274 27360.0 49000.0
275 19760.0 49000.0
276 21090.0 46200.0
277 21470.0 43400.0
278 19380.0 43400.0
279 19760.0 46200.0
280 20330.0 43400.0
281 14630.0 18200.0
282 15770.0 18200.0
283 13490.0 15400.0
284 20520.0 12600.0
285 19000.0 12600.0
286 14630.0 15400.0
287 18240.0 18200.0
288 32680.0 46200.0
289 32680.0 40600.0
290 29070.0 40600.0
291 24700.0 37800.0
292 25270.0 40600.0
293 31350.0 40600.0
294 33060.0 43400.0
295 31730.0 43400.0
296 26030.0 43400.0
297 22610.0 37800.0
298 20140.0 37800.0
299 24700.0 43400.0
300 23750.0 40600.0
301 22230.0 15400.0
302 16910.0 18200.0
303 16150.0 9800.0
304 17480.0 9800.0
305 19000.0 9800.0
306 15010.0 9800.0
307 11780.0 18200.0
308 22990.0 43400.0
309 26220.0 46200.0
310 30970.0 46200.0
311 49970.0 46200.0
312 42940.0 43400.0
313 59470.0 46200.0
314 48070.0 43400.0
315 44270.0 43400.0
316 41800.0 46200.0
317 33630.0 46200.0
318 17480.0 32200.0
319 16340.0 32200.0
320 15580.0 40600.0
321 25460.0 46200.0
322 16720.0 46200.0
323 18050.0 46200.0
324 15580.0 46200.0
325 17290.0 43400.0
326 13110.0 43400.0
327 15960.0 43400.0
328 13110.0 40600.0
329 10830.0 15400.0
330 11970.0 15400.0
331 10830.0 9800.0
332 12160.0 9800.0
333 13680.0 9800.0
334 9690.0 9800.0
335 7600.0 18200.0
336 17860.0 37800.0
337 17670.0 40600.0
338 16530.0 40600.0
339 4560.0 40600.0
340 18620.0 40600.0
341 19190.0 37800.0
342 15390.0 37800.0
343 13300.0 35000.0
344 14250.0 37800.0
345 14630.0 40600.0
346 5700.0 40600.0
347 6840.0 35000.0
348 5700.0 37800.0
349 7030.0 37800.0
350 6650.0 12600.0
351 6270.0 18200.0
352 5510.0 12600.0
353 9500.0 12600.0
354 7980.0 12600.0
355 4370.0 12600.0
356 10260.0 18200.0
357 9310.0 40600.0
358 14440.0 46200.0
359 22420.0 49000.0
360 22610.0 46200.0
361 18810.0 49000.0
362 7220.0 40600.0
363 11400.0 43400.0
364 13110.0 46200.0
365 12160.0 46200.0
366 10070.0 46200.0
367 8550.0 43400.0
368 9880.0 43400.0
369 7030.0 43400.0
370 5130.0 18200.0
371 8930.0 18200.0
372 9690.0 15400.0
373 9880.0 4200.0
374 9880.0 7000.0
375 7790.0 7000.0
376 54720.0 26600.0
377 55100.0 23800.0
378 57760.0 18200.0
379 62320.0 18200.0
380 61750.0 9800.0
381 55480.0 4200.0
382 53960.0 4200.0
383 69730.0 9800.0
384 60040.0 26600.0
385 59660.0 15400.0
386 63080.0 15400.0
387 63270.0 12600.0
388 58900.0 9800.0
389 57380.0 9800.0
390 64410.0 12600.0
391 57000.0 37800.0
392 56620.0 15400.0
393 56240.0 18200.0
394 55290.0 15400.0
395 52820.0 7000.0
396 51300.0 7000.0
397 54910.0 9800.0
398 51680.0 37800.0
399 52820.0 18200.0
400 51300.0 18200.0
401 50730.0 15400.0
402 53200.0 9800.0
403 52440.0 15400.0
404 51490.0 9800.0
405 49210.0 43400.0
406 50920.0 40600.0
407 50540.0 43400.0
408 51870.0 43400.0
409 54340.0 18200.0
410 49780.0 18200.0
411 45790.0 15400.0
412 45600.0 9800.0
413 43700.0 9800.0
414 44650.0 15400.0
415 45980.0 35000.0
416 48640.0 15400.0
417 47120.0 15400.0
418 47310.0 9800.0
419 45980.0 4200.0
420 44460.0 4200.0
421 47690.0 7000.0
422 37430.0 46200.0
423 40660.0 49000.0
424 38570.0 46200.0
425 39140.0 15400.0
426 37620.0 15400.0
427 36290.0 15400.0
428 34200.0 9800.0
429 32680.0 9800.0
430 35150.0 15400.0
431 38950.0 37800.0
432 37620.0 40600.0
433 37810.0 37800.0
434 41040.0 15400.0
435 41800.0 18200.0
436 40470.0 12600.0
437 48640.0 9800.0
438 50160.0 9800.0
439 43510.0 15400.0
440 30400.0 21000.0
441 58330.0 43400.0
442 58330.0 46200.0
443 55480.0 43400.0
444 51300.0 46200.0
445 57190.0 43400.0
446 54150.0 43400.0
447 53010.0 43400.0
448 53200.0 46200.0
449 49400.0 40600.0
450 27170.0 15400.0
451 28310.0 15400.0
452 26410.0 9800.0
453 30780.0 12600.0
454 23940.0 9800.0
455 25270.0 9800.0
456 34390.0 21000.0
458 60610.0 4200.0
459 61370.0 15400.0
461 67070.0 12600.0
462 40850.0 4200.0
463 28880.0 21000.0
464 27930.0 23800.0
465 22990.0 23800.0
466 36670.0 4200.0
467 23180.0 18200.0
468 23370.0 21000.0
469 19190.0 21000.0
470 34010.0 4200.0
471 56050.0 9800.0
472 20140.0 26600.0
473 20710.0 29400.0
474 13110.0 26600.0
476 30590.0 4200.0
477 13300.0 18200.0
478 10450.0 23800.0
479 10450.0 26600.0
480 50730.0 4200.0
481 16340.0 21000.0
482 14250.0 21000.0
483 11210.0 21000.0
484 13110.0 4200.0
485 10070.0 29400.0
486 13490.0 32200.0
487 61370.0 7000.0
488 64790.0 18200.0
489 65930.0 23800.0
490 47310.0 4200.0
491 55860.0 21000.0
492 57570.0 21000.0
493 62510.0 21000.0
494 49590.0 4200.0
495 61560.0 32200.0
496 62130.0 29400.0
497 63650.0 32200.0
498 48450.0 4200.0
499 49780.0 29400.0
500 51490.0 29400.0
501 53770.0 29400.0
502 39710.0 4200.0
503 45980.0 29400.0
504 44270.0 29400.0
505 41990.0 29400.0
506 35150.0 4200.0
507 39900.0 21000.0
508 41610.0 21000.0
509 42370.0 23800.0
510 31730.0 4200.0
511 30780.0 29400.0
512 32490.0 29400.0
513 34770.0 29400.0
514 56050.0 12600.0
515 53580.0 21000.0
516 52250.0 21000.0
517 50350.0 21000.0
518 43130.0 4200.0
519 36480.0 9800.0
520 36670.0 21000.0
521 34770.0 23800.0
522 25650.0 4200.0
523 13870.0 7000.0
524 24130.0 7000.0
525 65170.0 4200.0
526 34770.0 7000.0
527 18430.0 15400.0
528 14250.0 12600.0
529 5890.0 9800.0
530 5890.0 15400.0
531 5890.0 4200.0
532 66690.0 7000.0
533 65930.0 9800.0
534 56810.0 7000.0
535 52250.0 12600.0
536 45790.0 18200.0
537 43890.0 7000.0
538 36670.0 12600.0
539 45030.0 12600.0
540 26790.0 12600.0
541 67450.0 15400.0
542 24510.0 26600.0
543 17290.0 23800.0
544 14250.0 29400.0
545 5890.0 26600.0
546 5890.0 21000.0
547 5890.0 32200.0
548 67070.0 26600.0
549 67070.0 21000.0
550 65170.0 35000.0
551 54910.0 32200.0
552 43890.0 32200.0
553 42370.0 26600.0
554 34770.0 32200.0
555 51110.0 23800.0
556 34770.0 26600.0
