Instance ID x_center y_center
0 20350.0 71320.0
1 50590.0 71320.0
2 27070.0 71320.0
3 49470.0 71320.0
4 52830.0 71320.0
5 53950.0 71320.0
6 32670.0 71320.0
7 33790.0 71320.0
8 31550.0 71320.0
9 57310.0 71320.0
10 58430.0 71320.0
11 47230.0 71320.0
12 25950.0 71320.0
13 21470.0 71320.0
14 46110.0 71320.0
15 44990.0 71320.0
16 62910.0 71320.0
17 22590.0 71320.0
18 65150.0 71320.0
19 41630.0 71320.0
20 66270.0 71320.0
21 67390.0 71320.0
22 30430.0 71320.0
23 43870.0 71320.0
24 48350.0 71320.0
25 24830.0 71320.0
26 68510.0 71320.0
27 42750.0 71320.0
28 56190.0 71320.0
29 64030.0 71320.0
30 55070.0 71320.0
31 29310.0 71320.0
32 40510.0 71320.0
33 70750.0 71320.0
34 69630.0 71320.0
35 37150.0 71320.0
36 51710.0 71320.0
37 71870.0 71320.0
38 72990.0 71320.0
39 39390.0 71320.0
40 76350.0 71320.0
41 77470.0 71320.0
42 61790.0 71320.0
43 38270.0 71320.0
44 28190.0 71320.0
45 78590.0 71320.0
46 74110.0 71320.0
47 23710.0 71320.0
48 34910.0 71320.0
49 59550.0 71320.0
50 75230.0 71320.0
51 36030.0 71320.0
52 79710.0 71320.0
53 60670.0 71320.0
54 76760.0 51800.0
55 70680.0 43400.0
56 60990.0 46200.0
57 46550.0 43400.0
58 67070.0 49000.0
59 87020.0 46200.0
60 93290.0 51800.0
61 93860.0 46200.0
62 92910.0 46200.0
63 89870.0 51800.0
64 13870.0 37800.0
65 12730.0 46200.0
66 12730.0 51800.0
67 15390.0 57400.0
68 19570.0 51800.0
69 49590.0 37800.0
70 41990.0 40600.0
71 32870.0 49000.0
72 28500.0 43400.0
73 37430.0 49000.0
74 66690.0 51800.0
76 64600.0 60200.0
77 66500.0 65800.0
81 68210.0 63000.0
82 67450.0 60200.0
84 66690.0 63000.0
85 69540.0 65800.0
88 66120.0 60200.0
89 68020.0 65800.0
90 70490.0 60200.0
91 71440.0 60200.0
92 69160.0 60200.0
93 28120.0 57400.0
95 18050.0 51800.0
96 26030.0 54600.0
97 23750.0 49000.0
98 19380.0 49000.0
99 17670.0 43400.0
100 18620.0 43400.0
101 15010.0 37800.0
102 16910.0 37800.0
103 16910.0 49000.0
104 16720.0 51800.0
105 14630.0 46200.0
106 16910.0 46200.0
107 16530.0 35000.0
108 15010.0 35000.0
109 18430.0 37800.0
110 17480.0 40600.0
111 14060.0 35000.0
112 20330.0 35000.0
113 53200.0 40600.0
114 51870.0 40600.0
115 48070.0 43400.0
116 46170.0 35000.0
117 40470.0 40600.0
118 39900.0 43400.0
119 38950.0 37800.0
120 39330.0 35000.0
121 44270.0 29400.0
122 34390.0 46200.0
123 37240.0 46200.0
124 32490.0 43400.0
125 32490.0 35000.0
126 30590.0 40600.0
127 31540.0 40600.0
128 29450.0 40600.0
129 28690.0 37800.0
130 26790.0 35000.0
131 45790.0 32200.0
132 53770.0 32200.0
133 43510.0 35000.0
134 49970.0 35000.0
135 52060.0 26600.0
136 32680.0 37800.0
137 28310.0 40600.0
138 30970.0 37800.0
139 57000.0 29400.0
140 54150.0 29400.0
141 54150.0 26600.0
142 93480.0 57400.0
143 92910.0 37800.0
144 91960.0 35000.0
145 94430.0 37800.0
146 89110.0 35000.0
147 80750.0 32200.0
148 87780.0 46200.0
149 88350.0 40600.0
150 90250.0 40600.0
151 90250.0 37800.0
152 79610.0 35000.0
153 90630.0 57400.0
154 87400.0 51800.0
155 88350.0 51800.0
156 87590.0 37800.0
157 83790.0 37800.0
158 80560.0 46200.0
159 81890.0 40600.0
160 78090.0 37800.0
161 76190.0 46200.0
162 77520.0 51800.0
163 75810.0 51800.0
164 75430.0 40600.0
165 65930.0 46200.0
166 65740.0 49000.0
167 70490.0 49000.0
168 71630.0 40600.0
169 70870.0 29400.0
170 65740.0 32200.0
171 62890.0 43400.0
172 61940.0 46200.0
173 59850.0 40600.0
174 59470.0 37800.0
175 62510.0 29400.0
176 48070.0 46200.0
177 44840.0 49000.0
178 49590.0 46200.0
179 48070.0 35000.0
180 49970.0 32200.0
181 60990.0 29400.0
182 61750.0 32200.0
183 59090.0 35000.0
184 56810.0 37800.0
185 61370.0 40600.0
186 60990.0 37800.0
187 63460.0 35000.0
188 65930.0 35000.0
189 78280.0 40600.0
190 72960.0 40600.0
191 77140.0 40600.0
192 67830.0 37800.0
193 66690.0 37800.0
194 90820.0 35000.0
195 83030.0 40600.0
196 82650.0 46200.0
197 83980.0 43400.0
198 81700.0 43400.0
199 79230.0 40600.0
200 66310.0 40600.0
201 65550.0 43400.0
202 54910.0 49000.0
203 64030.0 57400.0
204 54340.0 54600.0
205 29260.0 54600.0
206 58520.0 51800.0
207 30020.0 57400.0
208 63650.0 60200.0
210 27930.0 60200.0
211 57570.0 60200.0
213 29640.0 65800.0
214 31160.0 65800.0
215 28310.0 65800.0
216 59090.0 49000.0
217 64030.0 51800.0
218 69920.0 51800.0
219 19570.0 37800.0
220 20710.0 37800.0
221 17100.0 32200.0
222 18240.0 32200.0
223 18430.0 35000.0
224 63460.0 32200.0
225 69920.0 37800.0
226 72390.0 35000.0
227 61180.0 35000.0
228 68780.0 32200.0
229 68970.0 37800.0
230 69540.0 40600.0
231 59090.0 54600.0
232 70110.0 54600.0
233 68970.0 54600.0
234 46550.0 60200.0
235 44840.0 60200.0
236 43320.0 60200.0
237 41990.0 60200.0
238 77140.0 54600.0
239 23180.0 32200.0
240 15200.0 49000.0
241 24700.0 49000.0
242 20140.0 32200.0
243 18050.0 49000.0
244 21660.0 46200.0
245 21660.0 35000.0
246 21850.0 32200.0
247 24510.0 32200.0
248 25460.0 26600.0
249 35150.0 29400.0
250 33060.0 29400.0
251 27170.0 29400.0
252 29070.0 29400.0
253 34770.0 35000.0
254 41610.0 35000.0
255 39140.0 26600.0
256 21660.0 37800.0
257 26410.0 37800.0
258 32300.0 29400.0
259 38190.0 29400.0
260 45030.0 26600.0
261 64600.0 29400.0
262 65930.0 29400.0
263 67260.0 26600.0
264 47310.0 26600.0
265 48070.0 29400.0
266 64220.0 26600.0
267 67450.0 32200.0
268 73910.0 26600.0
269 76570.0 26600.0
270 64600.0 40600.0
271 67640.0 40600.0
272 44650.0 35000.0
273 47310.0 32200.0
274 68400.0 26600.0
275 75620.0 32200.0
276 73910.0 29400.0
277 76570.0 29400.0
278 72960.0 29400.0
279 75240.0 29400.0
280 77710.0 29400.0
281 75050.0 54600.0
282 76570.0 57400.0
283 77710.0 60200.0
284 76380.0 65800.0
285 75240.0 60200.0
286 77710.0 65800.0
287 83220.0 54600.0
288 60420.0 32200.0
289 58140.0 32200.0
290 64790.0 32200.0
291 64600.0 35000.0
292 67450.0 35000.0
293 56810.0 32200.0
294 55100.0 32200.0
295 59470.0 32200.0
296 71250.0 35000.0
297 69730.0 32200.0
298 74480.0 32200.0
299 68780.0 35000.0
300 70110.0 35000.0
301 80750.0 54600.0
302 81890.0 57400.0
303 82650.0 60200.0
304 86260.0 60200.0
305 82840.0 63000.0
306 83790.0 65800.0
307 84360.0 51800.0
308 71630.0 32200.0
309 69540.0 26600.0
310 67830.0 29400.0
311 36670.0 26600.0
312 38000.0 32200.0
313 25270.0 35000.0
314 26790.0 32200.0
315 38190.0 26600.0
316 40280.0 29400.0
317 41610.0 26600.0
318 91580.0 40600.0
319 85880.0 37800.0
320 86260.0 35000.0
321 78660.0 32200.0
322 81700.0 29400.0
323 84550.0 29400.0
324 85500.0 29400.0
325 83410.0 35000.0
326 87970.0 32200.0
327 85120.0 32200.0
328 83410.0 32200.0
329 81890.0 54600.0
330 83030.0 57400.0
331 81510.0 60200.0
332 87780.0 60200.0
333 85120.0 65800.0
334 89110.0 60200.0
335 84740.0 54600.0
336 73340.0 32200.0
337 74670.0 35000.0
338 73530.0 35000.0
339 84740.0 37800.0
340 72580.0 37800.0
341 75810.0 35000.0
342 76570.0 37800.0
343 80560.0 35000.0
344 78470.0 35000.0
345 75430.0 37800.0
346 81320.0 37800.0
347 81320.0 35000.0
348 79800.0 37800.0
349 82650.0 37800.0
350 79990.0 57400.0
351 84170.0 57400.0
352 80370.0 60200.0
353 87020.0 65800.0
354 84740.0 60200.0
355 88350.0 65800.0
356 79800.0 51800.0
357 84550.0 35000.0
358 83220.0 29400.0
359 79420.0 29400.0
360 79610.0 32200.0
361 80370.0 26600.0
362 87400.0 35000.0
363 86640.0 32200.0
364 81890.0 32200.0
365 82080.0 35000.0
366 84170.0 40600.0
367 83030.0 43400.0
368 80560.0 40600.0
369 79990.0 43400.0
370 78470.0 54600.0
371 79610.0 54600.0
372 76570.0 60200.0
373 51680.0 60200.0
374 49780.0 60200.0
375 51110.0 65800.0
376 22040.0 49000.0
377 25840.0 51800.0
378 24700.0 54600.0
379 19760.0 54600.0
380 18810.0 60200.0
381 19380.0 65800.0
382 23180.0 63000.0
383 18050.0 65800.0
384 19760.0 46200.0
385 23180.0 51800.0
386 21280.0 54600.0
387 23750.0 60200.0
388 15960.0 63000.0
389 20140.0 60200.0
390 21850.0 65800.0
391 23180.0 35000.0
392 24700.0 51800.0
393 22800.0 54600.0
394 21470.0 60200.0
395 17480.0 63000.0
396 21660.0 63000.0
397 20710.0 65800.0
398 28880.0 35000.0
399 30020.0 51800.0
400 28500.0 51800.0
401 30590.0 54600.0
402 24700.0 57400.0
403 26220.0 57400.0
404 22610.0 60200.0
405 30970.0 32200.0
406 31920.0 32200.0
407 29260.0 32200.0
408 27930.0 32200.0
409 26980.0 51800.0
410 31540.0 51800.0
411 32110.0 54600.0
412 36860.0 60200.0
413 38380.0 60200.0
414 32870.0 57400.0
415 36480.0 35000.0
416 33060.0 51800.0
417 37240.0 54600.0
418 40850.0 51800.0
419 39140.0 54600.0
420 40660.0 54600.0
421 35910.0 54600.0
422 46550.0 29400.0
423 41800.0 29400.0
424 49590.0 29400.0
425 48640.0 49000.0
426 49780.0 54600.0
427 52630.0 51800.0
428 51300.0 54600.0
429 52820.0 54600.0
430 46930.0 54600.0
431 52250.0 32200.0
432 50920.0 29400.0
433 53010.0 35000.0
434 51300.0 51800.0
435 48260.0 54600.0
436 45790.0 54600.0
437 43700.0 54600.0
438 39520.0 57400.0
439 47310.0 57400.0
440 62700.0 51800.0
441 21470.0 29400.0
442 22990.0 29400.0
443 25460.0 29400.0
444 36860.0 32200.0
445 24130.0 29400.0
446 27550.0 26600.0
447 30590.0 29400.0
448 33060.0 32200.0
449 55100.0 35000.0
450 62130.0 54600.0
451 63270.0 54600.0
452 62890.0 57400.0
453 61560.0 57400.0
454 60040.0 60200.0
455 58710.0 60200.0
456 58330.0 46200.0
458 32870.0 63000.0
459 13870.0 57400.0
461 11590.0 57400.0
462 39710.0 60200.0
463 68400.0 51800.0
464 68970.0 49000.0
465 68970.0 43400.0
466 53010.0 60200.0
467 73720.0 51800.0
468 72010.0 51800.0
469 72390.0 49000.0
470 56430.0 60200.0
471 17670.0 60200.0
472 85120.0 43400.0
473 86830.0 43400.0
474 89110.0 43400.0
476 56810.0 65800.0
477 92340.0 57400.0
478 86830.0 54600.0
479 91010.0 46200.0
480 38950.0 65800.0
481 88540.0 57400.0
482 91770.0 51800.0
483 89110.0 54600.0
484 56050.0 63000.0
485 82650.0 51800.0
486 82650.0 49000.0
487 19570.0 63000.0
488 15010.0 54600.0
489 12730.0 54600.0
490 40850.0 60200.0
491 15580.0 51800.0
492 11210.0 51800.0
493 12730.0 49000.0
494 36670.0 63000.0
495 16340.0 43400.0
496 12730.0 43400.0
497 14630.0 40600.0
498 40090.0 65800.0
499 27360.0 43400.0
500 25650.0 43400.0
501 26410.0 40600.0
502 35530.0 63000.0
503 36100.0 46200.0
504 31350.0 49000.0
505 30210.0 43400.0
506 38950.0 63000.0
507 38760.0 43400.0
508 37050.0 43400.0
509 36670.0 37800.0
510 52630.0 65800.0
511 51680.0 43400.0
512 49970.0 43400.0
513 47690.0 37800.0
514 32490.0 65800.0
515 39900.0 46200.0
516 42370.0 49000.0
517 43890.0 43400.0
518 40090.0 63000.0
519 55100.0 60200.0
520 55670.0 46200.0
521 57570.0 40600.0
522 62130.0 63000.0
523 72010.0 63000.0
524 68970.0 57400.0
525 28310.0 63000.0
526 43890.0 63000.0
527 78470.0 63000.0
528 86830.0 63000.0
529 93290.0 63000.0
530 93290.0 60200.0
531 51490.0 63000.0
532 7410.0 65800.0
533 10070.0 60200.0
534 10830.0 63000.0
535 19950.0 57400.0
536 32870.0 60200.0
537 37050.0 51800.0
538 47310.0 51800.0
539 43510.0 57400.0
540 57570.0 57400.0
541 7030.0 57400.0
542 70110.0 46200.0
543 76950.0 49000.0
544 93670.0 43400.0
545 93670.0 49000.0
546 93670.0 54600.0
547 87210.0 49000.0
548 8170.0 54600.0
549 8170.0 49000.0
550 10070.0 40600.0
551 21850.0 40600.0
552 29450.0 46200.0
553 36290.0 40600.0
554 47690.0 40600.0
555 43890.0 46200.0
556 57950.0 43400.0
