Instance ID x_center y_center
0 140.0 58380.0
1 140.0 25900.0
2 140.0 40460.0
3 40510.0 66090.0
4 29310.0 66090.0
5 37150.0 66090.0
6 41630.0 66090.0
7 55070.0 66090.0
8 140.0 30380.0
9 140.0 22540.0
10 140.0 19180.0
11 30430.0 140.0
12 140.0 18060.0
13 41630.0 140.0
14 55070.0 140.0
15 92760.0 14700.0
16 92760.0 16940.0
17 92760.0 28140.0
18 43870.0 140.0
19 140.0 39340.0
20 140.0 43820.0
21 140.0 49420.0
22 140.0 52780.0
23 24830.0 140.0
24 28190.0 66090.0
25 30430.0 66090.0
26 31550.0 140.0
27 42750.0 140.0
28 60670.0 140.0
29 70750.0 140.0
30 92760.0 19180.0
31 92760.0 34860.0
32 38270.0 66090.0
33 140.0 27020.0
34 140.0 29260.0
35 140.0 33740.0
36 140.0 28140.0
37 52830.0 66090.0
38 53950.0 66090.0
39 92760.0 46060.0
40 58430.0 66090.0
41 71870.0 66090.0
42 65150.0 66090.0
43 140.0 24780.0
44 140.0 21420.0
45 34910.0 140.0
46 46110.0 140.0
47 58430.0 140.0
48 92760.0 21420.0
49 92760.0 23660.0
50 92760.0 30380.0
51 92760.0 33740.0
52 140.0 31500.0
53 140.0 32620.0
54 41040.0 40600.0
55 26220.0 37800.0
56 43130.0 37800.0
57 81510.0 35000.0
58 36670.0 37800.0
59 49400.0 51800.0
60 41610.0 57400.0
61 37620.0 49000.0
62 28310.0 49000.0
63 36290.0 49000.0
64 34390.0 15400.0
65 22610.0 15400.0
66 26410.0 21000.0
67 29450.0 26600.0
68 31730.0 18200.0
69 81890.0 23800.0
70 73150.0 15400.0
71 67450.0 12600.0
72 55100.0 12600.0
73 68970.0 15400.0
74 35150.0 32200.0
75 20330.0 35000.0
76 20520.0 32200.0
77 11020.0 32200.0
78 14630.0 29400.0
79 15770.0 29400.0
80 22990.0 37800.0
81 14250.0 32200.0
82 12730.0 32200.0
83 17100.0 29400.0
84 9310.0 32200.0
85 4180.0 32200.0
86 18430.0 29400.0
87 23750.0 51800.0
88 7220.0 29400.0
89 7600.0 32200.0
90 10450.0 35000.0
91 12920.0 35000.0
92 11780.0 35000.0
93 12920.0 26600.0
94 11020.0 21000.0
95 30970.0 21000.0
96 26790.0 23800.0
97 29830.0 21000.0
98 31540.0 23800.0
99 37430.0 15400.0
100 37240.0 12600.0
101 38570.0 12600.0
102 38950.0 15400.0
103 27930.0 18200.0
104 24700.0 15400.0
105 23750.0 15400.0
106 29450.0 18200.0
107 41990.0 21000.0
108 46550.0 21000.0
109 36290.0 15400.0
110 36860.0 18200.0
111 47500.0 21000.0
112 47690.0 23800.0
113 80940.0 21000.0
114 80370.0 23800.0
115 82270.0 21000.0
116 75430.0 23800.0
117 75050.0 15400.0
118 76000.0 12600.0
119 71630.0 15400.0
120 69350.0 18200.0
121 64410.0 26600.0
122 59470.0 12600.0
123 60420.0 9800.0
124 61370.0 12600.0
125 60230.0 15400.0
126 49590.0 9800.0
127 47500.0 9800.0
128 53010.0 12600.0
129 50730.0 15400.0
130 52250.0 21000.0
131 54530.0 26600.0
132 55670.0 29400.0
133 73910.0 23800.0
134 73910.0 26600.0
135 60420.0 29400.0
136 64220.0 15400.0
137 54150.0 12600.0
138 62510.0 15400.0
139 59660.0 29400.0
140 63270.0 29400.0
141 67450.0 29400.0
142 22800.0 51800.0
143 44650.0 49000.0
144 49400.0 49000.0
145 46170.0 49000.0
146 51110.0 49000.0
147 57570.0 49000.0
148 25460.0 49000.0
149 26790.0 49000.0
150 29450.0 46200.0
151 44650.0 46200.0
152 56430.0 46200.0
153 41990.0 54600.0
154 43320.0 54600.0
155 45030.0 54600.0
156 47310.0 54600.0
157 57950.0 51800.0
158 54720.0 54600.0
159 56430.0 51800.0
160 53770.0 46200.0
161 43890.0 43400.0
162 40280.0 43400.0
163 42750.0 43400.0
164 46170.0 43400.0
165 24510.0 37800.0
166 25460.0 40600.0
167 28690.0 40600.0
168 45410.0 40600.0
169 56050.0 40600.0
170 56240.0 37800.0
171 47310.0 35000.0
172 44460.0 35000.0
173 45030.0 37800.0
174 50350.0 35000.0
175 60230.0 35000.0
176 72770.0 29400.0
177 78660.0 29400.0
178 77710.0 32200.0
179 72010.0 32200.0
180 68970.0 35000.0
181 62130.0 35000.0
182 56430.0 35000.0
183 53770.0 29400.0
184 54910.0 32200.0
185 52630.0 32200.0
186 52630.0 35000.0
187 54720.0 35000.0
188 54910.0 37800.0
189 47880.0 43400.0
190 46740.0 40600.0
191 49020.0 43400.0
192 53390.0 37800.0
193 50350.0 37800.0
194 48260.0 49000.0
195 54530.0 49000.0
196 52250.0 54600.0
197 64220.0 51800.0
198 53580.0 51800.0
199 53010.0 49000.0
200 50350.0 40600.0
201 41610.0 35000.0
202 38570.0 29400.0
203 24510.0 29400.0
204 25460.0 29400.0
205 17480.0 26600.0
206 29260.0 29400.0
207 15580.0 26600.0
208 21470.0 29400.0
209 25460.0 23800.0
210 15010.0 23800.0
211 22610.0 29400.0
212 28310.0 15400.0
213 11020.0 23800.0
214 6840.0 23800.0
215 8170.0 23800.0
216 28310.0 35000.0
217 31350.0 35000.0
218 26600.0 40600.0
219 50730.0 21000.0
220 54150.0 18200.0
221 55100.0 18200.0
222 49400.0 21000.0
223 55290.0 21000.0
224 64220.0 35000.0
225 62700.0 37800.0
226 63650.0 37800.0
227 58520.0 35000.0
228 59660.0 37800.0
229 61750.0 37800.0
230 61940.0 40600.0
231 27550.0 32200.0
232 30210.0 43400.0
233 26790.0 43400.0
234 15770.0 40600.0
235 11780.0 37800.0
236 6840.0 37800.0
237 8170.0 37800.0
238 41420.0 43400.0
239 38000.0 21000.0
240 28120.0 21000.0
241 33060.0 23800.0
242 38760.0 23800.0
243 26790.0 18200.0
244 32300.0 21000.0
245 40280.0 21000.0
246 40470.0 23800.0
247 45030.0 21000.0
248 48260.0 21000.0
249 64030.0 21000.0
250 62320.0 23800.0
251 59470.0 23800.0
252 57570.0 23800.0
253 66690.0 15400.0
254 67070.0 18200.0
255 66120.0 23800.0
256 40280.0 15400.0
257 53770.0 15400.0
258 61180.0 23800.0
259 64030.0 23800.0
260 70490.0 23800.0
261 64220.0 40600.0
262 65170.0 37800.0
263 68400.0 37800.0
264 68970.0 26600.0
265 67070.0 26600.0
266 67640.0 35000.0
267 69350.0 37800.0
268 69730.0 40600.0
269 70490.0 43400.0
270 47500.0 37800.0
271 47880.0 40600.0
272 74670.0 29400.0
273 73910.0 32200.0
274 67260.0 40600.0
275 67640.0 43400.0
276 73530.0 43400.0
277 72010.0 43400.0
278 68400.0 40600.0
279 68780.0 43400.0
280 71630.0 46200.0
281 42370.0 46200.0
282 41230.0 46200.0
283 19570.0 46200.0
284 10640.0 43400.0
285 9120.0 43400.0
286 10830.0 46200.0
287 27740.0 46200.0
288 57000.0 26600.0
289 57380.0 29400.0
290 53770.0 35000.0
291 51300.0 37800.0
292 52250.0 37800.0
293 52250.0 29400.0
294 48260.0 29400.0
295 49210.0 32200.0
296 51490.0 40600.0
297 51870.0 43400.0
298 55100.0 43400.0
299 52820.0 40600.0
300 53010.0 43400.0
301 30970.0 46200.0
302 26410.0 46200.0
303 15390.0 46200.0
304 12540.0 46200.0
305 9500.0 49000.0
306 11590.0 49000.0
307 41800.0 49000.0
308 62890.0 43400.0
309 65740.0 40600.0
310 67070.0 37800.0
311 61370.0 26600.0
312 62700.0 32200.0
313 53770.0 21000.0
314 58710.0 21000.0
315 61370.0 32200.0
316 65740.0 32200.0
317 66310.0 35000.0
318 46740.0 46200.0
319 47880.0 46200.0
320 50920.0 46200.0
321 64980.0 40600.0
322 64600.0 43400.0
323 65930.0 43400.0
324 64600.0 46200.0
325 61370.0 46200.0
326 61370.0 49000.0
327 60040.0 46200.0
328 59850.0 49000.0
329 43130.0 49000.0
330 41230.0 51800.0
331 24890.0 51800.0
332 18620.0 51800.0
333 14060.0 51800.0
334 15770.0 51800.0
335 39900.0 51800.0
336 56240.0 43400.0
337 60610.0 37800.0
338 60230.0 40600.0
339 60800.0 51800.0
340 58140.0 40600.0
341 59090.0 40600.0
342 55290.0 46200.0
343 56620.0 49000.0
344 57570.0 46200.0
345 58710.0 46200.0
346 61180.0 54600.0
347 58520.0 49000.0
348 59280.0 51800.0
349 59850.0 54600.0
350 40470.0 54600.0
351 39330.0 54600.0
352 31350.0 57400.0
353 29640.0 54600.0
354 25840.0 57400.0
355 24510.0 57400.0
356 42940.0 51800.0
357 62510.0 49000.0
358 65740.0 46200.0
359 68780.0 46200.0
360 70110.0 46200.0
361 67070.0 46200.0
362 52060.0 51800.0
363 63840.0 49000.0
364 65930.0 49000.0
365 66880.0 49000.0
366 67830.0 49000.0
367 68590.0 51800.0
368 67260.0 51800.0
369 65550.0 51800.0
370 45410.0 51800.0
371 44270.0 51800.0
372 30590.0 51800.0
373 31540.0 54600.0
374 27360.0 57400.0
375 28690.0 57400.0
376 34960.0 23800.0
377 30400.0 23800.0
378 16340.0 23800.0
379 15200.0 21000.0
380 13110.0 21000.0
381 10260.0 18200.0
382 6840.0 18200.0
383 9690.0 21000.0
384 34580.0 21000.0
385 16720.0 21000.0
386 16340.0 15400.0
387 15010.0 15400.0
388 12160.0 18200.0
389 8740.0 18200.0
390 7030.0 15400.0
391 39520.0 18200.0
392 34960.0 18200.0
393 33440.0 18200.0
394 30590.0 15400.0
395 32680.0 9800.0
396 30400.0 7000.0
397 29070.0 7000.0
398 47120.0 18200.0
399 49020.0 18200.0
400 48260.0 15400.0
401 44270.0 15400.0
402 46360.0 9800.0
403 41800.0 4200.0
404 43130.0 4200.0
405 59850.0 21000.0
406 57000.0 18200.0
407 57380.0 21000.0
408 57950.0 18200.0
409 59280.0 18200.0
410 58520.0 15400.0
411 57190.0 15400.0
412 58520.0 9800.0
413 57000.0 4200.0
414 57190.0 9800.0
415 67260.0 21000.0
416 76000.0 18200.0
417 77140.0 15400.0
418 78850.0 15400.0
419 87400.0 15400.0
420 85880.0 15400.0
421 83790.0 15400.0
422 72770.0 23800.0
423 70680.0 26600.0
424 72390.0 26600.0
425 74480.0 18200.0
426 77520.0 18200.0
427 79610.0 18200.0
428 83220.0 18200.0
429 85880.0 18200.0
430 84550.0 18200.0
431 68590.0 32200.0
432 69920.0 29400.0
433 70110.0 32200.0
434 76000.0 29400.0
435 77520.0 29400.0
436 79610.0 29400.0
437 83980.0 26600.0
438 85500.0 26600.0
439 80750.0 29400.0
440 43320.0 35000.0
441 37430.0 23800.0
442 49210.0 23800.0
443 49400.0 26600.0
444 63840.0 32200.0
445 43510.0 21000.0
446 50350.0 23800.0
447 50730.0 26600.0
448 50540.0 29400.0
449 50920.0 32200.0
450 46170.0 32200.0
451 45030.0 32200.0
452 45030.0 29400.0
453 45980.0 23800.0
454 44460.0 23800.0
455 45030.0 26600.0
456 28310.0 37800.0
457 77330.0 37800.0
458 19570.0 26600.0
459 20710.0 23800.0
460 32490.0 37800.0
461 23370.0 23800.0
462 18050.0 40600.0
463 22040.0 43400.0
464 20330.0 43400.0
465 21090.0 37800.0
466 37050.0 57400.0
467 38760.0 43400.0
468 34390.0 43400.0
469 36670.0 43400.0
470 29450.0 51800.0
471 38950.0 9800.0
472 26220.0 51800.0
473 24890.0 46200.0
474 22610.0 46200.0
475 72390.0 37800.0
476 35910.0 60200.0
477 34960.0 54600.0
478 33250.0 54600.0
479 33630.0 49000.0
480 44650.0 60200.0
481 45220.0 57400.0
482 43510.0 57400.0
483 39710.0 57400.0
484 53010.0 60200.0
485 50730.0 60200.0
486 50350.0 54600.0
487 15390.0 18200.0
488 18430.0 18200.0
489 20710.0 18200.0
490 24130.0 9800.0
491 25080.0 12600.0
492 23370.0 12600.0
493 22230.0 9800.0
494 32870.0 7000.0
495 34960.0 9800.0
496 35530.0 12600.0
497 32490.0 15400.0
498 43130.0 9800.0
499 44840.0 9800.0
500 42370.0 12600.0
501 44650.0 12600.0
502 61750.0 7000.0
503 61940.0 9800.0
504 63270.0 12600.0
505 65550.0 12600.0
506 71630.0 7000.0
507 72200.0 9800.0
508 72010.0 12600.0
509 74290.0 12600.0
510 81130.0 18200.0
511 79800.0 21000.0
512 77330.0 21000.0
513 78090.0 23800.0
514 80370.0 32200.0
515 79040.0 32200.0
516 73910.0 35000.0
517 75810.0 32200.0
518 40090.0 40600.0
519 39520.0 37800.0
520 38190.0 37800.0
521 37430.0 35000.0
522 10830.0 29400.0
523 6650.0 35000.0
524 16530.0 35000.0
525 7410.0 26600.0
526 10070.0 40600.0
527 7030.0 46200.0
528 15390.0 49000.0
529 17290.0 54600.0
530 25650.0 54600.0
531 29450.0 60200.0
532 5890.0 21000.0
533 10830.0 15400.0
534 28690.0 9800.0
535 44650.0 7000.0
536 57950.0 7000.0
537 84930.0 12600.0
538 87210.0 21000.0
539 84550.0 29400.0
540 41230.0 26600.0
541 24890.0 26600.0
542 21850.0 40600.0
543 37430.0 46200.0
544 21850.0 49000.0
545 34390.0 51800.0
546 40850.0 60200.0
547 52250.0 57400.0
548 21850.0 21000.0
549 19190.0 12600.0
550 30970.0 12600.0
551 49210.0 12600.0
552 66310.0 9800.0
553 76950.0 9800.0
554 79990.0 26600.0
555 77710.0 35000.0
556 40470.0 32200.0
