Instance ID x_center y_center
0 42.0 5964.0
1 6828.0 7518.0
2 7020.0 7518.0
3 13078.0 5772.0
4 13078.0 3564.0
5 13078.0 4908.0
6 13078.0 2316.0
7 8652.0 42.0
8 7308.0 7518.0
9 5196.0 7518.0
10 42.0 5484.0
11 42.0 5292.0
12 5676.0 7518.0
13 42.0 3948.0
14 42.0 3084.0
15 42.0 2412.0
16 4236.0 42.0
17 5868.0 42.0
18 7404.0 42.0
19 6540.0 7518.0
20 9324.0 7518.0
21 13078.0 3180.0
22 8364.0 7518.0
23 4332.0 7518.0
24 13078.0 2124.0
25 8460.0 42.0
26 42.0 4620.0
27 42.0 4044.0
28 42.0 2892.0
29 42.0 1644.0
30 4428.0 42.0
31 5676.0 42.0
32 6540.0 42.0
33 8172.0 7518.0
34 8268.0 7518.0
35 8652.0 7518.0
36 6636.0 7518.0
37 6732.0 7518.0
38 13078.0 4812.0
39 13078.0 3276.0
40 13078.0 4332.0
41 13078.0 2220.0
42 9132.0 42.0
43 5292.0 7518.0
44 4428.0 7518.0
45 4236.0 7518.0
46 42.0 4236.0
47 42.0 3372.0
48 4524.0 42.0
49 4908.0 42.0
50 5964.0 42.0
51 7116.0 42.0
52 8748.0 7518.0
53 8844.0 7518.0
54 10449.0 6075.0
55 5805.0 3915.0
56 6021.0 3915.0
57 5103.0 6345.0
58 5643.0 5805.0
59 7425.0 6075.0
60 5670.0 3375.0
61 6210.0 3105.0
62 6561.0 3105.0
63 7020.0 3645.0
64 7452.0 3375.0
65 4509.0 5265.0
66 4563.0 4725.0
67 4374.0 3915.0
68 3375.0 4185.0
69 4023.0 3915.0
70 4725.0 3915.0
71 5292.0 3105.0
72 6966.0 3375.0
73 7317.0 3645.0
74 7992.0 3645.0
75 7884.0 3105.0
76 9585.0 3105.0
77 9504.0 2835.0
78 9234.0 2565.0
79 8478.0 2835.0
80 10098.0 3915.0
81 9936.0 2835.0
82 8910.0 2565.0
83 8154.0 2565.0
84 8073.0 3375.0
85 3915.0 2565.0
86 8505.0 2565.0
87 8316.0 4185.0
88 5481.0 2565.0
89 3321.0 4455.0
90 7830.0 4185.0
91 8154.0 5265.0
92 8154.0 6345.0
93 8208.0 5535.0
94 8478.0 5265.0
95 8802.0 5535.0
96 8559.0 6345.0
97 5859.0 4185.0
98 6291.0 3915.0
99 8964.0 6075.0
100 7857.0 4995.0
101 8100.0 4995.0
102 8478.0 4995.0
103 4131.0 3105.0
104 8802.0 5805.0
105 8505.0 5535.0
106 8505.0 6075.0
107 8019.0 2025.0
108 6453.0 2025.0
109 4833.0 2295.0
110 3807.0 2025.0
111 3375.0 2835.0
112 2619.0 3915.0
113 2997.0 4995.0
114 3591.0 5805.0
115 5751.0 5265.0
116 8829.0 1485.0
117 10719.0 2295.0
118 10557.0 4455.0
119 10935.0 3645.0
120 10017.0 5265.0
121 6939.0 4455.0
122 7776.0 3915.0
123 6156.0 4185.0
124 6642.0 6345.0
125 7614.0 3645.0
126 8667.0 3375.0
127 8694.0 3105.0
128 8100.0 2835.0
129 8316.0 3105.0
130 2916.0 2565.0
131 7506.0 6345.0
132 7722.0 6075.0
133 6804.0 6075.0
134 7749.0 4725.0
135 3456.0 1755.0
136 6696.0 4725.0
137 1971.0 2295.0
138 6588.0 4995.0
139 5103.0 4455.0
140 6480.0 3375.0
141 6615.0 3645.0
142 6723.0 3915.0
143 6372.0 4725.0
144 6588.0 4185.0
145 9180.0 6345.0
146 9126.0 5265.0
147 7155.0 3105.0
148 6129.0 5535.0
149 5751.0 4995.0
150 4104.0 4455.0
151 4320.0 4185.0
152 4482.0 4455.0
153 4860.0 3645.0
154 4266.0 3375.0
155 5292.0 3375.0
156 5562.0 3645.0
157 5211.0 3645.0
158 6075.0 3375.0
159 8316.0 3645.0
160 9261.0 4185.0
161 9288.0 4725.0
162 9261.0 4455.0
163 9234.0 4995.0
164 9558.0 4995.0
165 9666.0 5265.0
166 11178.0 3105.0
167 10854.0 2835.0
168 10692.0 3915.0
169 10368.0 3105.0
170 10125.0 3375.0
171 10800.0 3105.0
172 9747.0 3645.0
173 9774.0 3915.0
174 9396.0 3915.0
175 9639.0 4185.0
176 2511.0 1485.0
177 8370.0 4725.0
178 8748.0 4455.0
179 10584.0 4995.0
180 10260.0 4455.0
181 10800.0 1755.0
182 10746.0 2565.0
183 10368.0 2565.0
184 9990.0 3105.0
185 9909.0 2295.0
186 10422.0 2295.0
187 9045.0 3645.0
188 9207.0 3105.0
189 8802.0 2835.0
190 9396.0 3645.0
191 8640.0 3645.0
192 9342.0 3375.0
193 9153.0 2835.0
194 9261.0 2295.0
195 8586.0 1485.0
196 8208.0 2295.0
197 8154.0 1755.0
198 8964.0 1755.0
199 5346.0 4725.0
200 5346.0 5805.0
201 2376.0 1755.0
202 6048.0 5265.0
203 5292.0 4995.0
204 4455.0 5535.0
205 3996.0 5535.0
206 2484.0 5535.0
207 3672.0 5535.0
208 3240.0 5535.0
209 4185.0 4725.0
210 4185.0 4995.0
211 4266.0 5265.0
212 2808.0 5535.0
213 3348.0 4995.0
214 3240.0 5265.0
215 3753.0 4455.0
216 3861.0 4185.0
217 3672.0 3915.0
218 2862.0 3915.0
219 2970.0 4455.0
220 2916.0 4185.0
221 4077.0 3645.0
222 3672.0 3375.0
223 2646.0 3105.0
224 3726.0 3105.0
225 3294.0 3105.0
226 4833.0 3105.0
227 4266.0 2295.0
228 2754.0 2295.0
229 3240.0 2565.0
230 3186.0 2295.0
231 4536.0 3645.0
232 4698.0 3375.0
233 4833.0 2835.0
234 5184.0 2295.0
235 4374.0 1215.0
236 4590.0 2295.0
237 4482.0 2025.0
238 6264.0 2565.0
239 5832.0 1215.0
240 5481.0 3915.0
241 5535.0 2835.0
242 5751.0 3105.0
243 5940.0 2565.0
244 5940.0 2295.0
245 6804.0 2295.0
246 7290.0 1215.0
247 7506.0 3105.0
248 7425.0 2835.0
249 7668.0 2295.0
250 7236.0 2295.0
251 3618.0 2295.0
252 6318.0 6075.0
253 6318.0 6345.0
254 6534.0 5265.0
255 6642.0 5535.0
256 7452.0 4725.0
257 6966.0 4995.0
258 7074.0 4725.0
259 7182.0 4185.0
260 10260.0 5265.0
261 11340.0 5535.0
262 10962.0 5535.0
263 10422.0 5535.0
264 10584.0 3645.0
265 11664.0 3375.0
266 11664.0 3645.0
267 11178.0 3645.0
268 10800.0 4455.0
269 11610.0 4995.0
270 11286.0 4455.0
271 11124.0 4995.0
272 11070.0 2565.0
273 11664.0 2025.0
274 11286.0 2025.0
275 11394.0 2565.0
276 8694.0 2025.0
277 8262.0 1485.0
278 8316.0 2025.0
279 8532.0 1755.0
280 5724.0 6075.0
281 5724.0 6345.0
282 5022.0 5535.0
283 4968.0 5805.0
284 3834.0 6345.0
285 4320.0 6345.0
286 4266.0 5805.0
287 4320.0 6075.0
288 3672.0 4995.0
289 1890.0 4725.0
290 2376.0 4725.0
291 2430.0 4995.0
292 2538.0 4455.0
293 1998.0 3915.0
294 1998.0 4455.0
295 2376.0 3915.0
296 3132.0 2835.0
297 2160.0 2835.0
298 2268.0 3105.0
299 1890.0 3105.0
300 2484.0 2025.0
301 1944.0 1755.0
302 2862.0 1755.0
303 2970.0 1485.0
304 3942.0 2295.0
305 4698.0 1215.0
306 4968.0 2025.0
307 4050.0 2025.0
308 6372.0 2295.0
309 5508.0 1215.0
310 5562.0 1485.0
311 6048.0 1485.0
312 6696.0 2025.0
313 6426.0 1215.0
314 6480.0 1485.0
315 6804.0 1755.0
316 9612.0 4725.0
317 5670.0 5535.0
318 8667.0 2295.0
319 9639.0 2565.0
320 10179.0 4185.0
321 10179.0 3645.0
322 9801.0 4455.0
323 7263.0 3915.0
324 6885.0 2565.0
325 6021.0 2835.0
326 5049.0 2565.0
327 4563.0 2565.0
328 3537.0 3645.0
329 3267.0 3915.0
330 3375.0 4725.0
331 3861.0 5265.0
332 5751.0 4725.0
333 6183.0 5805.0
334 9774.0 6075.0
335 9558.0 5805.0
336 8046.0 5805.0
337 6966.0 5805.0
338 6318.0 4455.0
339 9612.0 5535.0
340 10962.0 3375.0
341 10368.0 4725.0
342 10368.0 2025.0
343 9450.0 1485.0
344 5130.0 5265.0
345 2970.0 5805.0
346 2430.0 5265.0
347 2106.0 4185.0
348 2970.0 3375.0
349 3186.0 2025.0
350 4590.0 1485.0
351 5832.0 2025.0
352 7398.0 2025.0
353 7344.0 5535.0
354 7560.0 4455.0
355 10692.0 5805.0
356 11448.0 3915.0
357 11448.0 4725.0
358 11394.0 2295.0
359 9882.0 1755.0
360 5022.0 6075.0
361 3618.0 6075.0
362 1728.0 4995.0
363 2538.0 3645.0
364 1890.0 3375.0
365 3348.0 1215.0
366 4752.0 1755.0
367 6048.0 1755.0
368 7290.0 1485.0
