Instance_ID x_center y_center
0 42.0 7212.0
1 10284.0 2700.0
2 10284.0 4236.0
3 7788.0 42.0
4 6252.0 42.0
5 5676.0 42.0
6 5484.0 42.0
7 10284.0 3564.0
8 10284.0 2892.0
9 10284.0 5100.0
10 7212.0 8619.0
11 7020.0 8619.0
12 10284.0 4716.0
13 5100.0 8619.0
14 3948.0 8619.0
15 42.0 6060.0
16 42.0 5484.0
17 42.0 4236.0
18 42.0 3468.0
19 4524.0 8619.0
20 10284.0 2796.0
21 6540.0 42.0
22 42.0 3180.0
23 10284.0 5772.0
24 5580.0 42.0
25 6156.0 42.0
26 6348.0 8619.0
27 5580.0 8619.0
28 4332.0 8619.0
29 2988.0 8619.0
30 42.0 5964.0
31 42.0 4908.0
32 42.0 3852.0
33 7116.0 8619.0
34 10284.0 4428.0
35 10284.0 4332.0
36 10284.0 3372.0
37 42.0 4332.0
38 42.0 2604.0
39 6348.0 42.0
40 2700.0 42.0
41 5004.0 42.0
42 6060.0 42.0
43 10284.0 5196.0
44 6924.0 8619.0
45 6828.0 8619.0
46 5292.0 8619.0
47 4140.0 8619.0
48 4620.0 8619.0
49 42.0 5388.0
50 42.0 4524.0
51 42.0 3660.0
52 10284.0 4044.0
53 10284.0 4140.0
54 8937.0 4185.0
55 5859.0 4725.0
56 6021.0 4995.0
57 5589.0 5265.0
58 8127.0 5535.0
59 8721.0 3105.0
60 3456.0 4725.0
61 2970.0 4185.0
62 3321.0 4185.0
63 4482.0 4185.0
64 4536.0 3915.0
65 5967.0 6075.0
66 6075.0 5535.0
67 4914.0 5535.0
68 5589.0 6075.0
69 4617.0 5805.0
70 4995.0 5805.0
71 3618.0 4995.0
72 3780.0 3645.0
73 4077.0 3645.0
74 3996.0 3375.0
75 4860.0 3645.0
76 4401.0 2565.0
77 4806.0 2835.0
78 5130.0 2835.0
79 5076.0 3375.0
80 4374.0 2025.0
81 4644.0 3105.0
82 5184.0 3105.0
83 5346.0 3645.0
84 5157.0 3915.0
85 5859.0 5265.0
86 5481.0 2835.0
87 5940.0 2835.0
88 2997.0 5535.0
89 6237.0 6345.0
90 6426.0 5265.0
91 6588.0 4725.0
92 7506.0 4725.0
93 7128.0 4725.0
94 7722.0 3915.0
95 8640.0 3915.0
96 8019.0 4455.0
97 6075.0 4725.0
98 1485.0 4185.0
99 8532.0 4185.0
100 6669.0 4455.0
101 6642.0 4185.0
102 6426.0 4455.0
103 4401.0 5265.0
104 8262.0 3915.0
105 7317.0 3915.0
106 6993.0 4185.0
107 2835.0 3645.0
108 2349.0 4185.0
109 2565.0 4995.0
110 3375.0 6075.0
111 3753.0 6615.0
112 5319.0 6885.0
113 7101.0 6885.0
114 7749.0 5805.0
115 7641.0 4995.0
116 6561.0 3375.0
117 4725.0 1755.0
118 3159.0 1755.0
119 6723.0 1755.0
120 7425.0 2295.0
121 5319.0 4185.0
122 6210.0 3915.0
123 5508.0 4995.0
124 8478.0 3105.0
125 4698.0 4455.0
126 4401.0 3645.0
127 5400.0 3375.0
128 5778.0 3915.0
129 5832.0 3645.0
130 5022.0 5265.0
131 8154.0 2835.0
132 8100.0 3105.0
133 8370.0 3375.0
134 6561.0 3915.0
135 2214.0 6615.0
136 5022.0 4455.0
137 1539.0 6615.0
138 4698.0 5265.0
139 5319.0 5265.0
140 3672.0 4185.0
141 4023.0 4185.0
142 4077.0 4455.0
143 4266.0 4725.0
144 4698.0 4725.0
145 8478.0 2835.0
146 7776.0 2835.0
147 3861.0 3915.0
148 8883.0 4725.0
149 7803.0 5535.0
150 5346.0 5805.0
151 5616.0 5535.0
152 5778.0 5805.0
153 3726.0 5265.0
154 3888.0 5805.0
155 3294.0 4995.0
156 3942.0 4995.0
157 4077.0 5265.0
158 3483.0 4455.0
159 3672.0 3375.0
160 3483.0 2565.0
161 3240.0 2565.0
162 3159.0 2835.0
163 2808.0 3105.0
164 3186.0 3105.0
165 7236.0 2835.0
166 6588.0 1215.0
167 5886.0 1755.0
168 6318.0 2295.0
169 5508.0 2565.0
170 5697.0 2295.0
171 6318.0 1755.0
172 4455.0 2835.0
173 3672.0 2835.0
174 3834.0 2565.0
175 3591.0 2025.0
176 2295.0 6345.0
177 2430.0 3105.0
178 2430.0 2835.0
179 3132.0 2025.0
180 2700.0 2025.0
181 5562.0 1485.0
182 4752.0 2025.0
183 5130.0 2025.0
184 4806.0 2565.0
185 4509.0 2295.0
186 5022.0 1755.0
187 3915.0 2295.0
188 4077.0 2835.0
189 4320.0 3375.0
190 4050.0 2025.0
191 3726.0 3105.0
192 4158.0 3105.0
193 4725.0 3375.0
194 5751.0 3105.0
195 6318.0 3375.0
196 6372.0 3645.0
197 6372.0 2835.0
198 6534.0 2565.0
199 6372.0 4995.0
200 7830.0 5265.0
201 1890.0 6885.0
202 6966.0 5535.0
203 7020.0 4995.0
204 6669.0 5805.0
205 6750.0 6075.0
206 7020.0 6345.0
207 7668.0 6345.0
208 7236.0 5805.0
209 6183.0 5805.0
210 6291.0 6615.0
211 6750.0 6615.0
212 7182.0 7425.0
213 7344.0 6345.0
214 7236.0 6615.0
215 5103.0 6075.0
216 4995.0 6345.0
217 5400.0 6615.0
218 5076.0 6885.0
219 5724.0 6615.0
220 4968.0 6615.0
221 4509.0 6075.0
222 4374.0 6345.0
223 4050.0 6345.0
224 4536.0 6615.0
225 4104.0 6615.0
226 3861.0 6075.0
227 4266.0 5805.0
228 2592.0 6345.0
229 3078.0 6345.0
230 2862.0 5805.0
231 3996.0 5535.0
232 3672.0 5535.0
233 3105.0 5265.0
234 2646.0 5265.0
235 2052.0 5805.0
236 2430.0 5805.0
237 2484.0 5535.0
238 2376.0 4725.0
239 2106.0 4185.0
240 3861.0 4725.0
241 2943.0 4995.0
242 2889.0 4725.0
243 2646.0 4185.0
244 2484.0 4455.0
245 2538.0 3915.0
246 2160.0 3915.0
247 3348.0 3375.0
248 3267.0 3645.0
249 2754.0 3375.0
250 2322.0 3375.0
251 5238.0 5535.0
252 8748.0 2025.0
253 8694.0 2295.0
254 9018.0 3105.0
255 8910.0 2835.0
256 5184.0 4725.0
257 6210.0 4185.0
258 5724.0 4185.0
259 5508.0 4725.0
260 7668.0 2295.0
261 7668.0 1215.0
262 7722.0 1755.0
263 7992.0 2295.0
264 7074.0 1755.0
265 6102.0 1215.0
266 7128.0 1215.0
267 7344.0 1485.0
268 3402.0 1755.0
269 5562.0 2025.0
270 5454.0 1755.0
271 3510.0 1215.0
272 4698.0 1215.0
273 5616.0 1215.0
274 5130.0 1215.0
275 4374.0 1215.0
276 6858.0 3375.0
277 7938.0 3375.0
278 7560.0 3375.0
279 6966.0 3915.0
280 8316.0 4725.0
281 8640.0 4725.0
282 8370.0 5535.0
283 8694.0 4995.0
284 8100.0 6345.0
285 8424.0 5805.0
286 8046.0 5805.0
287 8424.0 6345.0
288 6750.0 6885.0
289 6318.0 7425.0
290 6372.0 6885.0
291 6696.0 7425.0
292 5562.0 6885.0
293 5400.0 7425.0
294 5940.0 6885.0
295 5724.0 7425.0
296 3564.0 6885.0
297 3996.0 7425.0
298 3726.0 7155.0
299 4104.0 7155.0
300 2592.0 6885.0
301 2916.0 7425.0
302 2970.0 6885.0
303 2592.0 7425.0
304 1836.0 5265.0
305 1404.0 6345.0
306 1620.0 5805.0
307 1728.0 6345.0
308 1782.0 4185.0
309 1404.0 5265.0
310 1620.0 4725.0
311 1998.0 4725.0
312 1620.0 3375.0
313 1404.0 3915.0
314 1782.0 3915.0
315 1512.0 3645.0
316 2646.0 2565.0
317 8154.0 4995.0
318 5859.0 3375.0
319 5103.0 2295.0
320 3483.0 2295.0
321 6021.0 2025.0
322 6021.0 2565.0
323 4941.0 4185.0
324 3213.0 3915.0
325 2997.0 4455.0
326 2241.0 5265.0
327 3429.0 5805.0
328 3645.0 6345.0
329 5535.0 6345.0
330 6291.0 6075.0
331 6507.0 5535.0
332 7371.0 5535.0
333 8883.0 3375.0
334 8640.0 4455.0
335 7722.0 4185.0
336 7398.0 4455.0
337 8640.0 3645.0
338 4752.0 4995.0
339 7452.0 2565.0
340 6804.0 2025.0
341 2592.0 2295.0
342 4104.0 1755.0
343 6750.0 3105.0
344 7128.0 5265.0
345 7452.0 6075.0
346 7722.0 6885.0
347 4860.0 7155.0
348 3132.0 6615.0
349 2754.0 6075.0
350 1674.0 5535.0
351 1674.0 4455.0
352 2214.0 3645.0
353 8640.0 2565.0
354 5724.0 4455.0
355 8046.0 2025.0
356 6642.0 1485.0
357 3780.0 1485.0
358 4860.0 1485.0
359 7290.0 3645.0
360 8640.0 5265.0
361 8640.0 6075.0
362 7020.0 7155.0
363 5940.0 7155.0
364 4266.0 6885.0
365 2916.0 7155.0
366 1674.0 6075.0
367 1890.0 4995.0
368 1674.0 3105.0
