Instance ID x_center y_center
0 77470.0 80350.0
1 140.0 29260.0
2 140.0 50540.0
3 40510.0 80350.0
4 33790.0 80350.0
5 25950.0 80350.0
6 27070.0 80350.0
7 42750.0 80350.0
8 140.0 30380.0
9 140.0 24780.0
10 30430.0 140.0
11 40510.0 140.0
12 140.0 21420.0
13 51710.0 140.0
14 61790.0 140.0
15 88850.0 20300.0
16 88850.0 39340.0
17 88850.0 42700.0
18 41630.0 140.0
19 140.0 51660.0
20 37150.0 80350.0
21 32670.0 80350.0
22 140.0 56140.0
23 32670.0 140.0
24 24830.0 80350.0
25 38270.0 80350.0
26 42750.0 140.0
27 44990.0 140.0
28 64030.0 140.0
29 88850.0 23660.0
30 88850.0 33740.0
31 49470.0 80350.0
32 39390.0 80350.0
33 140.0 35980.0
34 140.0 37100.0
35 140.0 38220.0
36 140.0 31500.0
37 58430.0 80350.0
38 52830.0 80350.0
39 66270.0 80350.0
40 48350.0 80350.0
41 61790.0 80350.0
42 53950.0 80350.0
43 33790.0 140.0
44 36030.0 140.0
45 43870.0 140.0
46 53950.0 140.0
47 88850.0 29260.0
48 88850.0 30380.0
49 88850.0 35980.0
50 88850.0 40460.0
51 47230.0 80350.0
52 140.0 40460.0
53 140.0 39340.0
54 42180.0 54600.0
55 30400.0 51800.0
56 40470.0 49000.0
57 48450.0 40600.0
58 37050.0 49000.0
59 49020.0 68600.0
60 25650.0 65800.0
61 28880.0 63000.0
62 38570.0 63000.0
63 34770.0 65800.0
64 45410.0 15400.0
65 34770.0 18200.0
66 27550.0 23800.0
67 27550.0 32200.0
68 33250.0 26600.0
69 72390.0 35000.0
70 72390.0 23800.0
71 67070.0 21000.0
72 57380.0 21000.0
73 67070.0 23800.0
74 34770.0 35000.0
75 22990.0 40600.0
76 27740.0 40600.0
77 11020.0 37800.0
78 24510.0 37800.0
79 26030.0 37800.0
80 26410.0 15400.0
81 12350.0 35000.0
82 12730.0 37800.0
83 24700.0 40600.0
84 15390.0 43400.0
85 7980.0 40600.0
86 27170.0 37800.0
87 33250.0 35000.0
88 16340.0 32200.0
89 16720.0 35000.0
90 16910.0 43400.0
91 14440.0 37800.0
92 13680.0 43400.0
93 26600.0 29400.0
94 20140.0 23800.0
95 31350.0 26600.0
96 29070.0 29400.0
97 30210.0 26600.0
98 31160.0 29400.0
99 45410.0 21000.0
100 45600.0 18200.0
101 44650.0 18200.0
102 45030.0 23800.0
103 36290.0 23800.0
104 35720.0 18200.0
105 36670.0 18200.0
106 38190.0 23800.0
107 46550.0 26600.0
108 53390.0 26600.0
109 46550.0 21000.0
110 46740.0 23800.0
111 59660.0 26600.0
112 58330.0 26600.0
113 73340.0 37800.0
114 74290.0 35000.0
115 72010.0 37800.0
116 63270.0 37800.0
117 70490.0 23800.0
118 72960.0 29400.0
119 73910.0 23800.0
120 65550.0 29400.0
121 64030.0 35000.0
122 64030.0 18200.0
123 65360.0 18200.0
124 64030.0 21000.0
125 59470.0 23800.0
126 56050.0 18200.0
127 57000.0 18200.0
128 55290.0 21000.0
129 53770.0 21000.0
130 56430.0 26600.0
131 60230.0 37800.0
132 60230.0 46200.0
133 64790.0 32200.0
134 65170.0 37800.0
135 63080.0 40600.0
136 61560.0 21000.0
137 56430.0 21000.0
138 61750.0 23800.0
139 64600.0 40600.0
140 64410.0 43400.0
141 60990.0 40600.0
142 22800.0 57400.0
143 29830.0 60200.0
144 44840.0 63000.0
145 31350.0 60200.0
146 46170.0 63000.0
147 49970.0 57400.0
148 37620.0 63000.0
149 40090.0 63000.0
150 37050.0 60200.0
151 42750.0 60200.0
152 58330.0 57400.0
153 32490.0 68600.0
154 27740.0 71400.0
155 29450.0 68600.0
156 34390.0 68600.0
157 60610.0 65800.0
158 52820.0 71400.0
159 58710.0 65800.0
160 58710.0 60200.0
161 42370.0 57400.0
162 39140.0 57400.0
163 40090.0 57400.0
164 43890.0 57400.0
165 32870.0 51800.0
166 29640.0 51800.0
167 31350.0 51800.0
168 44650.0 51800.0
169 57190.0 54600.0
170 60420.0 51800.0
171 44270.0 46200.0
172 42180.0 46200.0
173 41990.0 49000.0
174 50350.0 46200.0
175 51870.0 46200.0
176 53770.0 43400.0
177 49020.0 43400.0
178 48070.0 43400.0
179 51870.0 43400.0
180 55670.0 43400.0
181 56810.0 49000.0
182 60610.0 49000.0
183 58710.0 49000.0
184 59090.0 43400.0
185 53010.0 46200.0
186 53390.0 49000.0
187 57760.0 51800.0
188 59090.0 51800.0
189 45220.0 57400.0
190 43320.0 51800.0
191 44840.0 54600.0
192 60610.0 54600.0
193 59470.0 54600.0
194 43700.0 63000.0
195 58330.0 63000.0
196 49970.0 68600.0
197 53200.0 68600.0
198 51680.0 68600.0
199 54910.0 65800.0
200 54910.0 54600.0
201 34770.0 51800.0
202 34390.0 37800.0
203 26030.0 40600.0
204 30780.0 37800.0
205 31540.0 32200.0
206 31540.0 40600.0
207 30020.0 32200.0
208 28310.0 37800.0
209 38000.0 32200.0
210 28690.0 32200.0
211 29830.0 37800.0
212 36670.0 32200.0
213 20900.0 29400.0
214 12920.0 29400.0
215 15010.0 32200.0
216 30970.0 46200.0
217 29830.0 49000.0
218 29640.0 54600.0
219 60610.0 26600.0
220 61750.0 26600.0
221 62320.0 29400.0
222 54720.0 26600.0
223 60610.0 29400.0
224 63080.0 49000.0
225 63840.0 51800.0
226 64790.0 51800.0
227 61560.0 51800.0
228 65740.0 51800.0
229 62890.0 51800.0
230 62320.0 54600.0
231 31350.0 43400.0
232 32110.0 54600.0
233 30970.0 54600.0
234 27550.0 54600.0
235 20900.0 54600.0
236 17100.0 49000.0
237 18430.0 49000.0
238 40660.0 65800.0
239 42940.0 26600.0
240 28120.0 26600.0
241 32680.0 29400.0
242 41420.0 29400.0
243 35150.0 23800.0
244 36100.0 29400.0
245 40280.0 29400.0
246 44270.0 29400.0
247 49210.0 26600.0
248 47500.0 29400.0
249 58330.0 32200.0
250 51300.0 32200.0
251 48070.0 32200.0
252 49970.0 32200.0
253 64030.0 26600.0
254 63270.0 29400.0
255 52820.0 32200.0
256 48260.0 23800.0
257 50350.0 23800.0
258 52060.0 32200.0
259 54530.0 32200.0
260 54910.0 35000.0
261 52440.0 51800.0
262 51870.0 49000.0
263 55480.0 49000.0
264 58710.0 35000.0
265 56810.0 37800.0
266 54340.0 40600.0
267 54530.0 49000.0
268 54910.0 51800.0
269 54530.0 60200.0
270 45600.0 49000.0
271 46360.0 51800.0
272 52630.0 40600.0
273 51490.0 40600.0
274 51300.0 51800.0
275 52440.0 60200.0
276 54150.0 63000.0
277 55290.0 63000.0
278 53200.0 60200.0
279 52820.0 63000.0
280 53390.0 65800.0
281 42750.0 68600.0
282 40090.0 68600.0
283 35910.0 71400.0
284 38760.0 77000.0
285 37240.0 71400.0
286 37430.0 77000.0
287 37620.0 65800.0
288 63840.0 46200.0
289 64980.0 46200.0
290 64790.0 49000.0
291 62320.0 57400.0
292 65550.0 57400.0
293 58710.0 46200.0
294 57000.0 43400.0
295 57570.0 46200.0
296 63270.0 57400.0
297 62510.0 60200.0
298 57380.0 57400.0
299 61180.0 57400.0
300 61370.0 60200.0
301 38950.0 68600.0
302 37430.0 68600.0
303 35910.0 68600.0
304 33820.0 71400.0
305 33440.0 77000.0
306 35150.0 77000.0
307 28120.0 60200.0
308 54910.0 57400.0
309 50160.0 51800.0
310 49970.0 49000.0
311 49590.0 35000.0
312 49400.0 37800.0
313 48830.0 29400.0
314 50350.0 29400.0
315 50730.0 37800.0
316 52440.0 37800.0
317 49590.0 40600.0
318 44840.0 60200.0
319 45980.0 60200.0
320 47880.0 60200.0
321 48260.0 51800.0
322 49020.0 54600.0
323 49210.0 51800.0
324 50160.0 54600.0
325 51490.0 54600.0
326 46930.0 57400.0
327 51300.0 57400.0
328 48450.0 57400.0
329 40470.0 60200.0
330 26790.0 60200.0
331 26410.0 57400.0
332 22420.0 54600.0
333 19380.0 54600.0
334 21850.0 57400.0
335 30780.0 68600.0
336 59660.0 57400.0
337 64030.0 54600.0
338 64410.0 57400.0
339 64220.0 63000.0
340 66120.0 54600.0
341 65170.0 54600.0
342 60230.0 60200.0
343 59280.0 63000.0
344 60230.0 63000.0
345 61370.0 63000.0
346 64600.0 65800.0
347 62320.0 63000.0
348 61940.0 65800.0
349 61750.0 68600.0
350 32110.0 71400.0
351 30590.0 71400.0
352 29450.0 71400.0
353 26600.0 71400.0
354 25460.0 77000.0
355 26790.0 77000.0
356 41420.0 68600.0
357 48830.0 60200.0
358 50160.0 60200.0
359 56240.0 60200.0
360 57190.0 63000.0
361 51490.0 60200.0
362 47880.0 63000.0
363 49400.0 63000.0
364 51490.0 63000.0
365 55860.0 65800.0
366 57570.0 68600.0
367 54530.0 68600.0
368 56240.0 68600.0
369 55290.0 71400.0
370 43510.0 74200.0
371 41230.0 71400.0
372 40090.0 71400.0
373 40280.0 77000.0
374 38760.0 71400.0
375 42370.0 74200.0
376 34200.0 29400.0
377 34580.0 26600.0
378 33820.0 23800.0
379 30400.0 23800.0
380 26410.0 26600.0
381 24320.0 23800.0
382 12160.0 23800.0
383 15010.0 26600.0
384 38000.0 26600.0
385 35720.0 26600.0
386 32300.0 23800.0
387 29070.0 23800.0
388 31920.0 21000.0
389 30400.0 21000.0
390 28310.0 21000.0
391 44460.0 26600.0
392 42180.0 23800.0
393 41800.0 26600.0
394 40850.0 23800.0
395 38380.0 18200.0
396 39900.0 18200.0
397 39710.0 23800.0
398 57380.0 23800.0
399 55480.0 23800.0
400 53960.0 23800.0
401 52630.0 23800.0
402 57000.0 15400.0
403 52820.0 12600.0
404 51110.0 12600.0
405 54150.0 29400.0
406 52820.0 29400.0
407 51680.0 29400.0
408 55290.0 29400.0
409 65740.0 26600.0
410 65360.0 23800.0
411 63650.0 23800.0
412 64980.0 15400.0
413 62320.0 18200.0
414 62510.0 21000.0
415 67640.0 32200.0
416 68020.0 29400.0
417 67260.0 26600.0
418 68590.0 23800.0
419 75620.0 18200.0
420 76380.0 21000.0
421 68590.0 21000.0
422 59850.0 35000.0
423 57380.0 35000.0
424 60990.0 35000.0
425 66500.0 35000.0
426 68020.0 35000.0
427 68590.0 37800.0
428 76000.0 37800.0
429 77520.0 37800.0
430 68970.0 40600.0
431 61370.0 43400.0
432 61940.0 46200.0
433 67450.0 43400.0
434 66880.0 37800.0
435 66120.0 40600.0
436 67830.0 40600.0
437 73720.0 43400.0
438 75240.0 43400.0
439 70110.0 43400.0
440 41040.0 46200.0
441 42750.0 29400.0
442 43890.0 32200.0
443 45220.0 35000.0
444 47880.0 37800.0
445 46170.0 29400.0
446 46550.0 32200.0
447 46550.0 35000.0
448 46360.0 37800.0
449 46360.0 43400.0
450 41990.0 43400.0
451 40850.0 43400.0
452 40470.0 37800.0
453 42940.0 35000.0
454 42180.0 32200.0
455 40470.0 32200.0
456 26790.0 46200.0
457 22230.0 46200.0
458 19950.0 26600.0
459 22610.0 26600.0
460 23750.0 43400.0
461 23370.0 29400.0
462 28690.0 49000.0
463 28500.0 51800.0
464 25650.0 54600.0
465 26410.0 49000.0
466 41230.0 57400.0
467 41040.0 54600.0
468 37430.0 57400.0
469 37050.0 51800.0
470 32110.0 65800.0
471 27930.0 35000.0
472 30020.0 63000.0
473 30210.0 65800.0
474 33250.0 60200.0
475 22230.0 49000.0
476 26790.0 65800.0
477 27740.0 63000.0
478 26030.0 63000.0
479 23750.0 63000.0
480 26790.0 68600.0
481 28120.0 68600.0
482 28310.0 65800.0
483 23750.0 65800.0
484 43510.0 71400.0
485 44270.0 68600.0
486 46550.0 68600.0
487 18430.0 21000.0
488 22230.0 23800.0
489 23370.0 18200.0
490 34010.0 12600.0
491 36100.0 15400.0
492 27930.0 15400.0
493 29450.0 12600.0
494 43130.0 12600.0
495 43320.0 18200.0
496 41610.0 18200.0
497 41230.0 12600.0
498 45410.0 12600.0
499 48640.0 15400.0
500 48070.0 18200.0
501 51490.0 21000.0
502 64790.0 12600.0
503 65740.0 21000.0
504 66690.0 15400.0
505 67070.0 18200.0
506 76190.0 23800.0
507 74100.0 29400.0
508 70490.0 29400.0
509 70110.0 26600.0
510 76570.0 35000.0
511 74480.0 37800.0
512 70110.0 37800.0
513 71250.0 32200.0
514 51490.0 74200.0
515 50160.0 43400.0
516 39710.0 43400.0
517 43890.0 43400.0
518 39330.0 51800.0
519 39140.0 49000.0
520 35530.0 49000.0
521 37050.0 43400.0
522 18430.0 37800.0
523 12730.0 40600.0
524 19190.0 40600.0
525 16910.0 29400.0
526 18050.0 51800.0
527 38570.0 74200.0
528 32110.0 74200.0
529 18050.0 57400.0
530 25270.0 74200.0
531 47310.0 74200.0
532 16150.0 23800.0
533 29830.0 18200.0
534 41610.0 21000.0
535 53010.0 15400.0
536 60990.0 15400.0
537 72390.0 21000.0
538 72770.0 40600.0
539 71630.0 46200.0
540 38950.0 35000.0
541 23750.0 32200.0
542 24510.0 51800.0
543 37050.0 54600.0
544 34010.0 63000.0
545 22990.0 60200.0
546 22990.0 68600.0
547 48450.0 71400.0
548 23750.0 21000.0
549 32110.0 15400.0
550 41610.0 15400.0
551 52250.0 18200.0
552 71630.0 18200.0
553 74670.0 26600.0
554 75810.0 32200.0
555 43890.0 40600.0
556 37050.0 46200.0
