Instance ID x_center y_center
0 6910.0 140.0
1 140.0 28140.0
2 140.0 39340.0
3 44990.0 61480.0
4 29310.0 61480.0
5 46110.0 61480.0
6 42750.0 61480.0
7 60670.0 61480.0
8 140.0 30380.0
9 140.0 22540.0
10 140.0 20300.0
11 31550.0 140.0
12 140.0 16940.0
13 40510.0 140.0
14 59550.0 140.0
15 99890.0 11340.0
16 99890.0 18060.0
17 99890.0 27020.0
18 46110.0 140.0
19 140.0 40460.0
20 140.0 43820.0
21 140.0 46060.0
22 140.0 51660.0
23 25950.0 140.0
24 30430.0 61480.0
25 32670.0 61480.0
26 33790.0 140.0
27 44990.0 140.0
28 57310.0 140.0
29 69630.0 140.0
30 70750.0 140.0
31 99890.0 31500.0
32 43870.0 61480.0
33 140.0 27020.0
34 140.0 29260.0
35 140.0 33740.0
36 140.0 25900.0
37 77470.0 61480.0
38 61790.0 61480.0
39 99890.0 43820.0
40 62910.0 61480.0
41 78590.0 61480.0
42 69630.0 61480.0
43 140.0 23660.0
44 140.0 19180.0
45 36030.0 140.0
46 47230.0 140.0
47 60670.0 140.0
48 99890.0 19180.0
49 99890.0 21420.0
50 99890.0 28140.0
51 59550.0 61480.0
52 140.0 31500.0
53 140.0 32620.0
54 41420.0 43400.0
55 28880.0 37800.0
56 48450.0 32200.0
57 84170.0 32200.0
58 38190.0 35000.0
59 60420.0 51800.0
60 52630.0 54600.0
61 43320.0 46200.0
62 30970.0 46200.0
63 40090.0 46200.0
64 34770.0 12600.0
65 24130.0 9800.0
66 27930.0 18200.0
67 34010.0 23800.0
68 34390.0 21000.0
69 83030.0 18200.0
70 84550.0 9800.0
71 67830.0 9800.0
72 52060.0 9800.0
73 62890.0 12600.0
74 37430.0 32200.0
75 20710.0 32200.0
76 21660.0 32200.0
77 11020.0 32200.0
78 19570.0 29400.0
79 20710.0 29400.0
80 18050.0 37800.0
81 12730.0 35000.0
82 12730.0 32200.0
83 16340.0 29400.0
84 9310.0 32200.0
85 6460.0 32200.0
86 23370.0 29400.0
87 20710.0 49000.0
88 7600.0 26600.0
89 6080.0 29400.0
90 7790.0 32200.0
91 13680.0 35000.0
92 11400.0 35000.0
93 17100.0 23800.0
94 11780.0 18200.0
95 31350.0 18200.0
96 22230.0 23800.0
97 30590.0 21000.0
98 32300.0 21000.0
99 38190.0 12600.0
100 36100.0 9800.0
101 35910.0 12600.0
102 41230.0 12600.0
103 30590.0 15400.0
104 26980.0 12600.0
105 26030.0 12600.0
106 29070.0 15400.0
107 46170.0 15400.0
108 46550.0 18200.0
109 37050.0 12600.0
110 38760.0 15400.0
111 49780.0 15400.0
112 49590.0 18200.0
113 82080.0 18200.0
114 80750.0 18200.0
115 84550.0 18200.0
116 80370.0 21000.0
117 76570.0 12600.0
118 74480.0 9800.0
119 72010.0 9800.0
120 70870.0 15400.0
121 72010.0 23800.0
122 64410.0 9800.0
123 64600.0 4200.0
124 66310.0 9800.0
125 64790.0 12600.0
126 51110.0 9800.0
127 44460.0 9800.0
128 53010.0 9800.0
129 51870.0 12600.0
130 53010.0 15400.0
131 57570.0 23800.0
132 59470.0 23800.0
133 77710.0 18200.0
134 78470.0 21000.0
135 66880.0 23800.0
136 68780.0 12600.0
137 54150.0 9800.0
138 67070.0 12600.0
139 68020.0 23800.0
140 68590.0 26600.0
141 72770.0 26600.0
142 20900.0 51800.0
143 51110.0 49000.0
144 54720.0 49000.0
145 51110.0 46200.0
146 54910.0 46200.0
147 63650.0 43400.0
148 28880.0 49000.0
149 29830.0 43400.0
150 37810.0 43400.0
151 53010.0 43400.0
152 65170.0 43400.0
153 54530.0 51800.0
154 50540.0 54600.0
155 51490.0 54600.0
156 56430.0 51800.0
157 70110.0 49000.0
158 64600.0 51800.0
159 67070.0 49000.0
160 67070.0 43400.0
161 42370.0 40600.0
162 43320.0 40600.0
163 45790.0 40600.0
164 49590.0 40600.0
165 34390.0 37800.0
166 24700.0 37800.0
167 27930.0 37800.0
168 50350.0 37800.0
169 67830.0 40600.0
170 68020.0 35000.0
171 51110.0 32200.0
172 45600.0 32200.0
173 46930.0 32200.0
174 57190.0 32200.0
175 62510.0 32200.0
176 81890.0 29400.0
177 83600.0 29400.0
178 83030.0 32200.0
179 78850.0 29400.0
180 75810.0 29400.0
181 71630.0 32200.0
182 68210.0 32200.0
183 66310.0 32200.0
184 68210.0 29400.0
185 59850.0 32200.0
186 58710.0 32200.0
187 66880.0 35000.0
188 65550.0 35000.0
189 48260.0 40600.0
190 49020.0 37800.0
191 51300.0 40600.0
192 64410.0 37800.0
193 64030.0 35000.0
194 52820.0 46200.0
195 64410.0 46200.0
196 61370.0 51800.0
197 69160.0 49000.0
198 62700.0 49000.0
199 63270.0 46200.0
200 62890.0 35000.0
201 53770.0 32200.0
202 41990.0 29400.0
203 25650.0 29400.0
204 28120.0 29400.0
205 20900.0 23800.0
206 36860.0 29400.0
207 19380.0 23800.0
208 21850.0 29400.0
209 27360.0 26600.0
210 15390.0 23800.0
211 24510.0 29400.0
212 27550.0 7000.0
213 12160.0 26600.0
214 9500.0 26600.0
215 10830.0 26600.0
216 33630.0 32200.0
217 34770.0 35000.0
218 30780.0 40600.0
219 54530.0 15400.0
220 64790.0 15400.0
221 66500.0 15400.0
222 52820.0 18200.0
223 68210.0 18200.0
224 73340.0 32200.0
225 71060.0 37800.0
226 72010.0 37800.0
227 69920.0 32200.0
228 73340.0 35000.0
229 75050.0 37800.0
230 72960.0 40600.0
231 30970.0 29400.0
232 32110.0 40600.0
233 29070.0 40600.0
234 17670.0 40600.0
235 14440.0 37800.0
236 10260.0 40600.0
237 8930.0 40600.0
238 43700.0 43400.0
239 45600.0 18200.0
240 27740.0 21000.0
241 36860.0 23800.0
242 45220.0 21000.0
243 31730.0 15400.0
244 33440.0 18200.0
245 42180.0 21000.0
246 43510.0 21000.0
247 51110.0 15400.0
248 56620.0 21000.0
249 65550.0 18200.0
250 63840.0 21000.0
251 60610.0 21000.0
252 58710.0 21000.0
253 68590.0 15400.0
254 67450.0 15400.0
255 67260.0 21000.0
256 44460.0 12600.0
257 54150.0 12600.0
258 63080.0 21000.0
259 65550.0 21000.0
260 81130.0 23800.0
261 70680.0 35000.0
262 72010.0 35000.0
263 74100.0 35000.0
264 77330.0 23800.0
265 75810.0 23800.0
266 76380.0 32200.0
267 77710.0 35000.0
268 81130.0 37800.0
269 79610.0 40600.0
270 51680.0 35000.0
271 52060.0 37800.0
272 79990.0 26600.0
273 80370.0 29400.0
274 73340.0 37800.0
275 74860.0 40600.0
276 77710.0 43400.0
277 76570.0 43400.0
278 76000.0 40600.0
279 77520.0 40600.0
280 75430.0 43400.0
281 46550.0 43400.0
282 42370.0 43400.0
283 24130.0 43400.0
284 11020.0 43400.0
285 6840.0 46200.0
286 8170.0 46200.0
287 32680.0 46200.0
288 64220.0 26600.0
289 65360.0 26600.0
290 62890.0 29400.0
291 60800.0 35000.0
292 61750.0 35000.0
293 60230.0 29400.0
294 58520.0 26600.0
295 59090.0 29400.0
296 60610.0 37800.0
297 60610.0 40600.0
298 54720.0 40600.0
299 58140.0 37800.0
300 59470.0 40600.0
301 34390.0 43400.0
302 32490.0 43400.0
303 16530.0 43400.0
304 15200.0 43400.0
305 11400.0 46200.0
306 13490.0 43400.0
307 47500.0 49000.0
308 56050.0 40600.0
309 59280.0 37800.0
310 59090.0 35000.0
311 62890.0 23800.0
312 60040.0 26600.0
313 56430.0 15400.0
314 57570.0 18200.0
315 61370.0 26600.0
316 70680.0 29400.0
317 57950.0 29400.0
318 48640.0 43400.0
319 50160.0 43400.0
320 55860.0 43400.0
321 57380.0 40600.0
322 57380.0 43400.0
323 58330.0 40600.0
324 58520.0 43400.0
325 60990.0 43400.0
326 60230.0 46200.0
327 62320.0 43400.0
328 61750.0 46200.0
329 49210.0 49000.0
330 46170.0 49000.0
331 27170.0 49000.0
332 19760.0 51800.0
333 11780.0 51800.0
334 13870.0 49000.0
335 50920.0 51800.0
336 65360.0 40600.0
337 70110.0 37800.0
338 70870.0 40600.0
339 71440.0 46200.0
340 69920.0 40600.0
341 70110.0 43400.0
342 68590.0 43400.0
343 65360.0 46200.0
344 68590.0 46200.0
345 69730.0 46200.0
346 72960.0 49000.0
347 70680.0 46200.0
348 71440.0 49000.0
349 72390.0 46200.0
350 53010.0 49000.0
351 52630.0 51800.0
352 34390.0 51800.0
353 30020.0 54600.0
354 31160.0 57400.0
355 31730.0 51800.0
356 48260.0 51800.0
357 56810.0 46200.0
358 59660.0 43400.0
359 79420.0 43400.0
360 79990.0 46200.0
361 74290.0 43400.0
362 58520.0 49000.0
363 58520.0 46200.0
364 73530.0 46200.0
365 74480.0 46200.0
366 75810.0 49000.0
367 72770.0 51800.0
368 74480.0 49000.0
369 74290.0 51800.0
370 49590.0 51800.0
371 46930.0 51800.0
372 33250.0 51800.0
373 34960.0 54600.0
374 31540.0 54600.0
375 32870.0 54600.0
376 36480.0 21000.0
377 34960.0 23800.0
378 22420.0 21000.0
379 20900.0 21000.0
380 18050.0 21000.0
381 11400.0 21000.0
382 7220.0 21000.0
383 8550.0 21000.0
384 29640.0 18200.0
385 23560.0 15400.0
386 22040.0 15400.0
387 14630.0 15400.0
388 11020.0 15400.0
389 8360.0 15400.0
390 9690.0 15400.0
391 42180.0 15400.0
392 36480.0 15400.0
393 34960.0 15400.0
394 32870.0 15400.0
395 28120.0 4200.0
396 28880.0 7000.0
397 30590.0 7000.0
398 49780.0 12600.0
399 47880.0 12600.0
400 46360.0 12600.0
401 43510.0 12600.0
402 44080.0 7000.0
403 40660.0 7000.0
404 42370.0 7000.0
405 58710.0 18200.0
406 57380.0 12600.0
407 58140.0 15400.0
408 59470.0 15400.0
409 61180.0 12600.0
410 59660.0 12600.0
411 58330.0 12600.0
412 61940.0 7000.0
413 60040.0 7000.0
414 58710.0 7000.0
415 71820.0 18200.0
416 87020.0 15400.0
417 86260.0 12600.0
418 87590.0 12600.0
419 92720.0 12600.0
420 94240.0 12600.0
421 88730.0 12600.0
422 83410.0 23800.0
423 78660.0 23800.0
424 84550.0 23800.0
425 87020.0 21000.0
426 86640.0 18200.0
427 88730.0 18200.0
428 93100.0 18200.0
429 94620.0 18200.0
430 90630.0 18200.0
431 77330.0 29400.0
432 75620.0 26600.0
433 76950.0 26600.0
434 85880.0 26600.0
435 85500.0 29400.0
436 88730.0 26600.0
437 91200.0 26600.0
438 92720.0 26600.0
439 89870.0 26600.0
440 49020.0 35000.0
441 46550.0 21000.0
442 53390.0 21000.0
443 53580.0 23800.0
444 56620.0 26600.0
445 51870.0 21000.0
446 54910.0 21000.0
447 54910.0 23800.0
448 55480.0 26600.0
449 56240.0 29400.0
450 50730.0 29400.0
451 48830.0 29400.0
452 47310.0 29400.0
453 47880.0 23800.0
454 46360.0 23800.0
455 46170.0 29400.0
456 32490.0 35000.0
457 24890.0 35000.0
458 18810.0 26600.0
459 22610.0 26600.0
460 28310.0 32200.0
461 25270.0 23800.0
462 19570.0 37800.0
463 20900.0 37800.0
464 19950.0 40600.0
465 22990.0 37800.0
466 44270.0 57400.0
467 44460.0 40600.0
468 41610.0 37800.0
469 39330.0 37800.0
470 29830.0 57400.0
471 40470.0 4200.0
472 29260.0 46200.0
473 25650.0 49000.0
474 26030.0 43400.0
475 78090.0 37800.0
476 41230.0 57400.0
477 39900.0 51800.0
478 37810.0 51800.0
479 37810.0 46200.0
480 43130.0 57400.0
481 44840.0 54600.0
482 46550.0 54600.0
483 48830.0 54600.0
484 59850.0 54600.0
485 54910.0 54600.0
486 57190.0 54600.0
487 18050.0 15400.0
488 20330.0 15400.0
489 19570.0 18200.0
490 26790.0 4200.0
491 26220.0 9800.0
492 21470.0 9800.0
493 24130.0 12600.0
494 35910.0 4200.0
495 36100.0 7000.0
496 32870.0 7000.0
497 32490.0 12600.0
498 48070.0 4200.0
499 45980.0 7000.0
500 46170.0 9800.0
501 48830.0 9800.0
502 67450.0 4200.0
503 66120.0 4200.0
504 66310.0 7000.0
505 64030.0 7000.0
506 70110.0 4200.0
507 73720.0 7000.0
508 75430.0 7000.0
509 76190.0 9800.0
510 71630.0 4200.0
511 74100.0 15400.0
512 74670.0 12600.0
513 78850.0 12600.0
514 81890.0 32200.0
515 80560.0 32200.0
516 79230.0 32200.0
517 80750.0 35000.0
518 44270.0 37800.0
519 45980.0 37800.0
520 43130.0 37800.0
521 43510.0 32200.0
522 10070.0 29400.0
523 7410.0 35000.0
524 16910.0 32200.0
525 8170.0 23800.0
526 10450.0 37800.0
527 7030.0 43400.0
528 15390.0 46200.0
529 15770.0 51800.0
530 33630.0 49000.0
531 35150.0 57400.0
532 7790.0 18200.0
533 10070.0 12600.0
534 32110.0 4200.0
535 44270.0 4200.0
536 57950.0 4200.0
537 89490.0 9800.0
538 92530.0 21000.0
539 89490.0 29400.0
540 47310.0 26600.0
541 29830.0 23800.0
542 24130.0 40600.0
543 38570.0 40600.0
544 25270.0 46200.0
545 40470.0 49000.0
546 48830.0 57400.0
547 61370.0 57400.0
548 24130.0 18200.0
549 19570.0 12600.0
550 31350.0 9800.0
551 50730.0 7000.0
552 60230.0 9800.0
553 80750.0 9800.0
554 79990.0 15400.0
555 86450.0 35000.0
556 45030.0 35000.0
