Instance ID x_center y_center
0 5790.0 140.0
1 140.0 21420.0
2 140.0 37100.0
3 27070.0 65800.0
4 140.0 44940.0
5 22590.0 65800.0
6 30430.0 65800.0
7 40510.0 65800.0
8 140.0 23660.0
9 140.0 16940.0
10 19230.0 140.0
11 18110.0 140.0
12 140.0 13580.0
13 36030.0 140.0
14 50590.0 140.0
15 72680.0 14700.0
16 72680.0 25900.0
17 72680.0 31500.0
18 140.0 25900.0
19 140.0 40460.0
20 140.0 43820.0
21 140.0 50540.0
22 14750.0 65800.0
23 23710.0 140.0
24 21470.0 65800.0
25 16990.0 65800.0
26 31550.0 140.0
27 34910.0 140.0
28 48350.0 140.0
29 58430.0 140.0
30 72680.0 21420.0
31 72680.0 32620.0
32 140.0 32620.0
33 140.0 30380.0
34 140.0 27020.0
35 140.0 29260.0
36 140.0 22540.0
37 36030.0 65800.0
38 38270.0 65800.0
39 57310.0 65800.0
40 42750.0 65800.0
41 52830.0 65800.0
42 46110.0 65800.0
43 25950.0 140.0
44 27070.0 140.0
45 32670.0 140.0
46 41630.0 140.0
47 47230.0 140.0
48 72680.0 19180.0
49 72680.0 27020.0
50 72680.0 30380.0
51 37150.0 140.0
52 140.0 28140.0
53 140.0 31500.0
54 27740.0 43400.0
55 20140.0 37800.0
56 26410.0 35000.0
57 61750.0 35000.0
58 26790.0 37800.0
59 39520.0 57400.0
60 31730.0 54600.0
61 29260.0 49000.0
62 19950.0 49000.0
63 27930.0 49000.0
64 31350.0 7000.0
65 24890.0 9800.0
66 18810.0 15400.0
67 18810.0 23800.0
68 24890.0 18200.0
69 59470.0 21000.0
70 59850.0 15400.0
71 54530.0 9800.0
72 44840.0 9800.0
73 53390.0 15400.0
74 26410.0 29400.0
75 16150.0 32200.0
76 19760.0 29400.0
77 8740.0 29400.0
78 13870.0 29400.0
79 15010.0 29400.0
80 11210.0 7000.0
81 7410.0 29400.0
82 8170.0 32200.0
83 12540.0 29400.0
84 10830.0 29400.0
85 3420.0 29400.0
86 16150.0 29400.0
87 13110.0 57400.0
88 4940.0 26600.0
89 4940.0 29400.0
90 6270.0 29400.0
91 4940.0 32200.0
92 6460.0 32200.0
93 20520.0 21000.0
94 11780.0 15400.0
95 21850.0 18200.0
96 22230.0 21000.0
97 22990.0 18200.0
98 23560.0 21000.0
99 30970.0 12600.0
100 30020.0 7000.0
101 31730.0 4200.0
102 32870.0 12600.0
103 23370.0 12600.0
104 20520.0 9800.0
105 26030.0 9800.0
106 26410.0 12600.0
107 35150.0 15400.0
108 37050.0 18200.0
109 29450.0 12600.0
110 31160.0 15400.0
111 39900.0 18200.0
112 40470.0 21000.0
113 60420.0 26600.0
114 60610.0 23800.0
115 58710.0 23800.0
116 58710.0 26600.0
117 58330.0 15400.0
118 57000.0 15400.0
119 55670.0 15400.0
120 54910.0 18200.0
121 51490.0 26600.0
122 51110.0 12600.0
123 49400.0 7000.0
124 50350.0 9800.0
125 49970.0 18200.0
126 42750.0 9800.0
127 42560.0 7000.0
128 43890.0 9800.0
129 42750.0 12600.0
130 42370.0 21000.0
131 42750.0 26600.0
132 43890.0 29400.0
133 57190.0 23800.0
134 56810.0 26600.0
135 47120.0 32200.0
136 48640.0 15400.0
137 44270.0 12600.0
138 46930.0 15400.0
139 47880.0 32200.0
140 48830.0 29400.0
141 49970.0 32200.0
142 17480.0 51800.0
143 34390.0 51800.0
144 38000.0 49000.0
145 34390.0 49000.0
146 39330.0 49000.0
147 44270.0 49000.0
148 17860.0 49000.0
149 19570.0 46200.0
150 21470.0 46200.0
151 35150.0 46200.0
152 40850.0 43400.0
153 28690.0 54600.0
154 30020.0 54600.0
155 32870.0 54600.0
156 38570.0 54600.0
157 46930.0 54600.0
158 44080.0 54600.0
159 45790.0 54600.0
160 41230.0 46200.0
161 28690.0 43400.0
162 26980.0 43400.0
163 31350.0 43400.0
164 32870.0 43400.0
165 15770.0 40600.0
166 14440.0 40600.0
167 18810.0 40600.0
168 30210.0 40600.0
169 43510.0 40600.0
170 44080.0 37800.0
171 27930.0 32200.0
172 23940.0 32200.0
173 25270.0 32200.0
174 37430.0 32200.0
175 38190.0 35000.0
176 58710.0 32200.0
177 60040.0 32200.0
178 59090.0 35000.0
179 55670.0 35000.0
180 53770.0 35000.0
181 47690.0 35000.0
182 43890.0 35000.0
183 40090.0 32200.0
184 45030.0 32200.0
185 41230.0 35000.0
186 40090.0 35000.0
187 42180.0 35000.0
188 41990.0 37800.0
189 34200.0 43400.0
190 31540.0 40600.0
191 35720.0 43400.0
192 39710.0 37800.0
193 40090.0 40600.0
194 36860.0 49000.0
195 41610.0 49000.0
196 40090.0 54600.0
197 49780.0 54600.0
198 41420.0 54600.0
199 41610.0 51800.0
200 38950.0 40600.0
201 36670.0 35000.0
202 35910.0 26600.0
203 22230.0 29400.0
204 27740.0 26600.0
205 26220.0 23800.0
206 32300.0 29400.0
207 24700.0 23800.0
208 18810.0 29400.0
209 20140.0 23800.0
210 17670.0 26600.0
211 17670.0 29400.0
212 17290.0 4200.0
213 7980.0 21000.0
214 5320.0 21000.0
215 5890.0 26600.0
216 32110.0 32200.0
217 34390.0 35000.0
218 21280.0 40600.0
219 41230.0 18200.0
220 45030.0 18200.0
221 42180.0 18200.0
222 38380.0 18200.0
223 43510.0 18200.0
224 49400.0 35000.0
225 48640.0 37800.0
226 47310.0 37800.0
227 45600.0 35000.0
228 46360.0 37800.0
229 46930.0 40600.0
230 35720.0 40600.0
231 30590.0 26600.0
232 32490.0 40600.0
233 19950.0 40600.0
234 17670.0 40600.0
235 9500.0 40600.0
236 7220.0 40600.0
237 5510.0 40600.0
238 30020.0 43400.0
239 31160.0 18200.0
240 20140.0 18200.0
241 24700.0 21000.0
242 30400.0 21000.0
243 21850.0 15400.0
244 23180.0 15400.0
245 34580.0 21000.0
246 33250.0 21000.0
247 35530.0 18200.0
248 38000.0 21000.0
249 49590.0 21000.0
250 48260.0 23800.0
251 43130.0 23800.0
252 41230.0 23800.0
253 52630.0 18200.0
254 51490.0 18200.0
255 51680.0 21000.0
256 41040.0 12600.0
257 46550.0 12600.0
258 47120.0 21000.0
259 50350.0 23800.0
260 53770.0 23800.0
261 50160.0 40600.0
262 51870.0 37800.0
263 55480.0 40600.0
264 53770.0 29400.0
265 52250.0 29400.0
266 53960.0 37800.0
267 54530.0 40600.0
268 54910.0 43400.0
269 55670.0 46200.0
270 33060.0 37800.0
271 33820.0 40600.0
272 57190.0 32200.0
273 57190.0 35000.0
274 53200.0 40600.0
275 55860.0 43400.0
276 58710.0 46200.0
277 58710.0 49000.0
278 56620.0 43400.0
279 57380.0 46200.0
280 57570.0 49000.0
281 30970.0 46200.0
282 29830.0 46200.0
283 18810.0 43400.0
284 11780.0 43400.0
285 5700.0 46200.0
286 7030.0 46200.0
287 21660.0 49000.0
288 45980.0 26600.0
289 45600.0 29400.0
290 41610.0 32200.0
291 40660.0 37800.0
292 41230.0 40600.0
293 42370.0 29400.0
294 40280.0 29400.0
295 42750.0 32200.0
296 43510.0 43400.0
297 43890.0 46200.0
298 39900.0 43400.0
299 42180.0 43400.0
300 42750.0 46200.0
301 31730.0 49000.0
302 22990.0 49000.0
303 18810.0 49000.0
304 9500.0 46200.0
305 3800.0 49000.0
306 6270.0 49000.0
307 33060.0 49000.0
308 48070.0 43400.0
309 51300.0 43400.0
310 51490.0 40600.0
311 46930.0 23800.0
312 47120.0 26600.0
313 38950.0 21000.0
314 46170.0 21000.0
315 48450.0 26600.0
316 51680.0 35000.0
317 49590.0 37800.0
318 37240.0 46200.0
319 38380.0 46200.0
320 49780.0 46200.0
321 52440.0 43400.0
322 51300.0 46200.0
323 49970.0 43400.0
324 49020.0 46200.0
325 48070.0 46200.0
326 48830.0 49000.0
327 46740.0 46200.0
328 47310.0 49000.0
329 35910.0 51800.0
330 32870.0 51800.0
331 19190.0 51800.0
332 13680.0 51800.0
333 15200.0 51800.0
334 16530.0 51800.0
335 34200.0 54600.0
336 44840.0 43400.0
337 48070.0 40600.0
338 49210.0 40600.0
339 49400.0 51800.0
340 45600.0 40600.0
341 46170.0 43400.0
342 39710.0 46200.0
343 40660.0 49000.0
344 43130.0 49000.0
345 45790.0 49000.0
346 47500.0 51800.0
347 48640.0 51800.0
348 48260.0 54600.0
349 47690.0 57400.0
350 35910.0 57400.0
351 33630.0 57400.0
352 21850.0 60200.0
353 19000.0 54600.0
354 18620.0 57400.0
355 20710.0 60200.0
356 35720.0 54600.0
357 49970.0 49000.0
358 51300.0 49000.0
359 53960.0 46200.0
360 55290.0 49000.0
361 52630.0 46200.0
362 40280.0 51800.0
363 51680.0 51800.0
364 53010.0 49000.0
365 53580.0 51800.0
366 55290.0 54600.0
367 50730.0 54600.0
368 53960.0 54600.0
369 52250.0 54600.0
370 37050.0 54600.0
371 34770.0 57400.0
372 19570.0 60200.0
373 17480.0 54600.0
374 17100.0 57400.0
375 18430.0 60200.0
376 27740.0 21000.0
377 26220.0 21000.0
378 26220.0 15400.0
379 24700.0 15400.0
380 20330.0 15400.0
381 10260.0 15400.0
382 5320.0 15400.0
383 6650.0 15400.0
384 27360.0 18200.0
385 28500.0 15400.0
386 24700.0 12600.0
387 20330.0 12600.0
388 19000.0 12600.0
389 17480.0 12600.0
390 16150.0 12600.0
391 32680.0 18200.0
392 33060.0 15400.0
393 28120.0 12600.0
394 21850.0 12600.0
395 18620.0 4200.0
396 18620.0 9800.0
397 20330.0 4200.0
398 40280.0 15400.0
399 42180.0 15400.0
400 39900.0 12600.0
401 38570.0 12600.0
402 40660.0 7000.0
403 36480.0 4200.0
404 38570.0 7000.0
405 48070.0 18200.0
406 43700.0 21000.0
407 44840.0 21000.0
408 46550.0 18200.0
409 49780.0 15400.0
410 51300.0 15400.0
411 49210.0 12600.0
412 51300.0 4200.0
413 50920.0 7000.0
414 46550.0 7000.0
415 53960.0 21000.0
416 62320.0 18200.0
417 62320.0 15400.0
418 64030.0 12600.0
419 67260.0 18200.0
420 67260.0 12600.0
421 65170.0 12600.0
422 55290.0 26600.0
423 53960.0 26600.0
424 56050.0 23800.0
425 62700.0 26600.0
426 62320.0 23800.0
427 63650.0 23800.0
428 67260.0 29400.0
429 67260.0 23800.0
430 65550.0 23800.0
431 54530.0 32200.0
432 52440.0 32200.0
433 55670.0 32200.0
434 62320.0 29400.0
435 60800.0 29400.0
436 63650.0 29400.0
437 66880.0 32200.0
438 68400.0 32200.0
439 65550.0 32200.0
440 27740.0 35000.0
441 31730.0 21000.0
442 38190.0 23800.0
443 39520.0 23800.0
444 39520.0 29400.0
445 35910.0 21000.0
446 37050.0 21000.0
447 37050.0 23800.0
448 38760.0 26600.0
449 36860.0 29400.0
450 33630.0 26600.0
451 27930.0 29400.0
452 23750.0 29400.0
453 23180.0 23800.0
454 19380.0 26600.0
455 21090.0 29400.0
456 32110.0 35000.0
457 59850.0 43400.0
458 10070.0 21000.0
459 12350.0 21000.0
460 35910.0 37800.0
461 14630.0 21000.0
462 11970.0 37800.0
463 11780.0 40600.0
464 12350.0 35000.0
465 14630.0 35000.0
466 27170.0 54600.0
467 27740.0 46200.0
468 26030.0 46200.0
469 23750.0 46200.0
470 15770.0 43400.0
471 59850.0 51800.0
472 17100.0 43400.0
473 11210.0 46200.0
474 13870.0 43400.0
475 59470.0 40600.0
476 21470.0 54600.0
477 20520.0 51800.0
478 22230.0 51800.0
479 24890.0 49000.0
480 32490.0 57400.0
481 31160.0 57400.0
482 29450.0 57400.0
483 27170.0 57400.0
484 41230.0 57400.0
485 43510.0 57400.0
486 37810.0 57400.0
487 10830.0 12600.0
488 13490.0 12600.0
489 14630.0 15400.0
490 24130.0 4200.0
491 23560.0 9800.0
492 21850.0 9800.0
493 22230.0 4200.0
494 32870.0 4200.0
495 33060.0 7000.0
496 32870.0 9800.0
497 27930.0 7000.0
498 34770.0 4200.0
499 34580.0 7000.0
500 34770.0 9800.0
501 36670.0 7000.0
502 48070.0 7000.0
503 46740.0 9800.0
504 48450.0 9800.0
505 52630.0 9800.0
506 59090.0 7000.0
507 56240.0 12600.0
508 56810.0 9800.0
509 59090.0 9800.0
510 63650.0 18200.0
511 60800.0 18200.0
512 59090.0 18200.0
513 61370.0 21000.0
514 60990.0 32200.0
515 60420.0 35000.0
516 55670.0 37800.0
517 57570.0 37800.0
518 18810.0 32200.0
519 20140.0 32200.0
520 21090.0 37800.0
521 22230.0 32200.0
522 9690.0 26600.0
523 5890.0 35000.0
524 12350.0 32200.0
525 6270.0 23800.0
526 6650.0 37800.0
527 7790.0 43400.0
528 8930.0 51800.0
529 13490.0 54600.0
530 22610.0 57400.0
531 14630.0 60200.0
532 8550.0 18200.0
533 14630.0 9800.0
534 15010.0 7000.0
535 40850.0 4200.0
536 47310.0 4200.0
537 66690.0 15400.0
538 66690.0 26600.0
539 67070.0 35000.0
540 23370.0 26600.0
541 15010.0 23800.0
542 15770.0 37800.0
543 23370.0 43400.0
544 15390.0 46200.0
545 26410.0 51800.0
546 29830.0 60200.0
547 36290.0 60200.0
548 15390.0 18200.0
549 22230.0 7000.0
550 27930.0 4200.0
551 38950.0 9800.0
552 54910.0 7000.0
553 60230.0 12600.0
554 65930.0 21000.0
555 62130.0 37800.0
556 21470.0 35000.0
