Instance ID x_center y_center
0 42.0 9036.0
1 6060.0 10456.0
2 5772.0 10456.0
3 6636.0 10456.0
4 7692.0 10456.0
5 7500.0 10456.0
6 7596.0 10456.0
7 6348.0 10456.0
8 5484.0 10456.0
9 42.0 6924.0
10 42.0 6444.0
11 42.0 5676.0
12 4524.0 10456.0
13 42.0 4044.0
14 42.0 3372.0
15 3660.0 42.0
16 5100.0 42.0
17 6636.0 42.0
18 7500.0 42.0
19 5580.0 10456.0
20 6732.0 10456.0
21 11400.0 7596.0
22 7404.0 10456.0
23 5100.0 10456.0
24 11400.0 6828.0
25 11400.0 5868.0
26 42.0 5388.0
27 42.0 4620.0
28 42.0 2604.0
29 3852.0 42.0
30 4812.0 42.0
31 6156.0 42.0
32 7116.0 42.0
33 5388.0 10456.0
34 4236.0 10456.0
35 4332.0 10456.0
36 5676.0 10456.0
37 6252.0 42.0
38 11400.0 3372.0
39 11400.0 5580.0
40 11400.0 5964.0
41 11400.0 6156.0
42 11400.0 4812.0
43 4044.0 10456.0
44 42.0 6348.0
45 42.0 5580.0
46 42.0 4524.0
47 4044.0 42.0
48 4332.0 42.0
49 5388.0 42.0
50 6444.0 42.0
51 7788.0 42.0
52 4428.0 10456.0
53 4620.0 10456.0
54 5805.0 8505.0
55 5319.0 8505.0
56 5535.0 8505.0
57 5157.0 9045.0
58 4077.0 7425.0
59 5211.0 7695.0
60 5886.0 3375.0
61 6102.0 3645.0
62 6453.0 3645.0
63 6696.0 4455.0
64 6912.0 4725.0
65 3591.0 6075.0
66 3591.0 5805.0
67 3402.0 4725.0
68 3321.0 4995.0
69 3861.0 4455.0
70 3861.0 4725.0
71 5670.0 3645.0
72 7128.0 3915.0
73 7209.0 3645.0
74 7452.0 3915.0
75 7344.0 4725.0
76 8829.0 4995.0
77 9126.0 5265.0
78 9450.0 5265.0
79 7398.0 5265.0
80 8478.0 4995.0
81 8802.0 5535.0
82 9180.0 5535.0
83 7668.0 5535.0
84 7263.0 4995.0
85 4185.0 3915.0
86 7263.0 6075.0
87 6480.0 6075.0
88 4347.0 2835.0
89 2835.0 5535.0
90 4482.0 5805.0
91 4536.0 6615.0
92 4266.0 9315.0
93 4266.0 8505.0
94 4914.0 7965.0
95 4644.0 8505.0
96 4509.0 9315.0
97 5481.0 8235.0
98 4995.0 5265.0
99 4536.0 9045.0
100 4995.0 6345.0
101 4482.0 6345.0
102 4860.0 6615.0
103 2997.0 6345.0
104 3996.0 9045.0
105 4509.0 8775.0
106 4239.0 8775.0
107 8343.0 2565.0
108 7155.0 2295.0
109 5535.0 2295.0
110 4131.0 2565.0
111 2511.0 3645.0
112 2133.0 4185.0
113 2295.0 6345.0
114 2295.0 7155.0
115 3699.0 7425.0
116 7749.0 5805.0
117 8721.0 6615.0
118 8073.0 6345.0
119 9261.0 7155.0
120 7047.0 7965.0
121 6021.0 4995.0
122 5454.0 5805.0
123 5346.0 4185.0
124 5886.0 7155.0
125 7074.0 4455.0
126 7749.0 4725.0
127 7776.0 5265.0
128 6912.0 5805.0
129 7290.0 5535.0
130 4698.0 5265.0
131 5346.0 9315.0
132 5292.0 7965.0
133 5454.0 7155.0
134 5265.0 6345.0
135 4482.0 4725.0
136 5778.0 5265.0
137 2457.0 1755.0
138 5562.0 6345.0
139 5103.0 4455.0
140 6642.0 3915.0
141 6669.0 4185.0
142 6183.0 4185.0
143 5778.0 4455.0
144 5562.0 4725.0
145 6534.0 9315.0
146 6480.0 7695.0
147 7047.0 4185.0
148 5103.0 7425.0
149 4023.0 6615.0
150 3294.0 5265.0
151 3618.0 5265.0
152 3726.0 4995.0
153 5346.0 3915.0
154 4536.0 3645.0
155 5292.0 3645.0
156 4914.0 3645.0
157 4995.0 3915.0
158 6291.0 3375.0
159 8100.0 3645.0
160 8937.0 3645.0
161 8532.0 3915.0
162 8559.0 3645.0
163 8478.0 3375.0
164 8802.0 3375.0
165 7074.0 7695.0
166 9828.0 7695.0
167 9450.0 7695.0
168 9018.0 6885.0
169 8316.0 5265.0
170 8343.0 5535.0
171 9558.0 7155.0
172 8451.0 4725.0
173 8100.0 4725.0
174 8262.0 4455.0
175 8451.0 5805.0
176 2241.0 2295.0
177 7398.0 6885.0
178 7614.0 6345.0
179 8262.0 6885.0
180 7884.0 6885.0
181 9936.0 6615.0
182 9504.0 6885.0
183 9018.0 6615.0
184 8748.0 5265.0
185 9153.0 6075.0
186 9558.0 6615.0
187 8451.0 4185.0
188 8829.0 4185.0
189 8856.0 3915.0
190 8910.0 4725.0
191 8208.0 3915.0
192 8748.0 4455.0
193 9207.0 4455.0
194 9477.0 4725.0
195 8910.0 5805.0
196 6534.0 5805.0
197 9342.0 5805.0
198 9504.0 5535.0
199 4158.0 6075.0
200 3132.0 6885.0
201 5022.0 4725.0
202 4104.0 6885.0
203 3672.0 6885.0
204 3429.0 6345.0
205 2754.0 6615.0
206 2160.0 6615.0
207 2808.0 6885.0
208 2376.0 6885.0
209 3213.0 5805.0
210 3429.0 5535.0
211 2808.0 5805.0
212 2160.0 6075.0
213 2484.0 5805.0
214 2592.0 6075.0
215 2943.0 4725.0
216 3051.0 4455.0
217 3240.0 4185.0
218 2376.0 3915.0
219 2592.0 4455.0
220 2484.0 4185.0
221 3753.0 3915.0
222 3456.0 3375.0
223 2376.0 3105.0
224 3132.0 3375.0
225 2700.0 3375.0
226 4077.0 3645.0
227 4320.0 3375.0
228 3348.0 2295.0
229 3834.0 2835.0
230 3780.0 2295.0
231 4536.0 3915.0
232 4698.0 3375.0
233 4995.0 3105.0
234 5454.0 2565.0
235 4590.0 2565.0
236 5022.0 2835.0
237 5022.0 2565.0
238 6804.0 2835.0
239 7020.0 2565.0
240 5373.0 3375.0
241 5589.0 3105.0
242 6075.0 3105.0
243 6534.0 3105.0
244 6588.0 2565.0
245 7722.0 2835.0
246 7398.0 2835.0
247 7776.0 3645.0
248 7533.0 3375.0
249 8100.0 2565.0
250 7668.0 2565.0
251 4914.0 5535.0
252 5454.0 7695.0
253 5778.0 8235.0
254 5832.0 7425.0
255 5886.0 7695.0
256 5454.0 5265.0
257 5724.0 9045.0
258 5724.0 6075.0
259 5778.0 5805.0
260 6804.0 7965.0
261 6642.0 9045.0
262 6588.0 8505.0
263 6966.0 8505.0
264 8370.0 7965.0
265 7560.0 9315.0
266 7668.0 8235.0
267 8046.0 8235.0
268 7938.0 7965.0
269 7452.0 9045.0
270 7560.0 8775.0
271 7938.0 8775.0
272 8370.0 7155.0
273 7776.0 9045.0
274 7776.0 7695.0
275 8262.0 7695.0
276 6858.0 6075.0
277 6264.0 9045.0
278 6264.0 6615.0
279 6966.0 6615.0
280 4320.0 7695.0
281 4428.0 7965.0
282 3456.0 7425.0
283 3348.0 7695.0
284 2322.0 7425.0
285 5022.0 9315.0
286 2970.0 7965.0
287 2430.0 8235.0
288 2268.0 5265.0
289 1674.0 5265.0
290 2106.0 5805.0
291 2376.0 5535.0
292 2376.0 4995.0
293 1350.0 4725.0
294 1998.0 4725.0
295 2376.0 4725.0
296 2700.0 3105.0
297 1944.0 2295.0
298 2592.0 2295.0
299 2592.0 2835.0
300 3780.0 2025.0
301 3780.0 1215.0
302 3834.0 1755.0
303 4104.0 2025.0
304 5022.0 2025.0
305 4428.0 1215.0
306 4806.0 1215.0
307 4968.0 1755.0
308 6102.0 2025.0
309 6426.0 1215.0
310 6048.0 1215.0
311 6156.0 1755.0
312 7128.0 2025.0
313 6912.0 1755.0
314 7020.0 1485.0
315 7236.0 1755.0
316 8910.0 3105.0
317 3996.0 7155.0
318 7371.0 5805.0
319 8937.0 6345.0
320 8235.0 6075.0
321 8451.0 6345.0
322 6939.0 5265.0
323 6291.0 4725.0
324 6993.0 3375.0
325 6021.0 2835.0
326 5481.0 2835.0
327 4185.0 3105.0
328 3321.0 3645.0
329 2889.0 4995.0
330 2889.0 5265.0
331 3105.0 6075.0
332 3591.0 6615.0
333 5427.0 7425.0
334 5184.0 8775.0
335 3456.0 8775.0
336 4644.0 8235.0
337 5238.0 6885.0
338 5400.0 4995.0
339 6858.0 7425.0
340 9666.0 7425.0
341 7776.0 6615.0
342 9774.0 6345.0
343 9774.0 4995.0
344 3078.0 7155.0
345 1674.0 7155.0
346 1674.0 6345.0
347 1674.0 3915.0
348 1890.0 3645.0
349 3510.0 2565.0
350 4914.0 2295.0
351 6534.0 2295.0
352 7938.0 2295.0
353 6048.0 7965.0
354 6048.0 5535.0
355 6642.0 8775.0
356 8748.0 8235.0
357 7992.0 8505.0
358 8586.0 7425.0
359 6804.0 6345.0
360 2646.0 7695.0
361 2214.0 7965.0
362 1674.0 5535.0
363 1890.0 4455.0
364 2430.0 2565.0
365 3888.0 1485.0
366 5130.0 1485.0
367 6264.0 1485.0
368 7398.0 1215.0
