Instance ID x_center y_center
0 2412.0 42.0
1 6732.0 7868.0
2 6636.0 7868.0
3 13777.0 5964.0
4 13777.0 5100.0
5 13777.0 5484.0
6 13777.0 4332.0
7 7980.0 7868.0
8 7116.0 7868.0
9 5292.0 7868.0
10 4044.0 7868.0
11 42.0 5388.0
12 5868.0 7868.0
13 42.0 3948.0
14 42.0 2988.0
15 3948.0 42.0
16 5004.0 42.0
17 6444.0 42.0
18 8172.0 42.0
19 6540.0 42.0
20 9132.0 7868.0
21 13777.0 4236.0
22 8268.0 7868.0
23 6060.0 7868.0
24 13777.0 3276.0
25 7500.0 7868.0
26 42.0 4908.0
27 42.0 4236.0
28 42.0 3084.0
29 3756.0 42.0
30 5292.0 42.0
31 7020.0 42.0
32 7596.0 42.0
33 3660.0 42.0
34 8172.0 7868.0
35 8460.0 7868.0
36 6828.0 7868.0
37 6924.0 42.0
38 9516.0 42.0
39 13777.0 3948.0
40 13777.0 4716.0
41 13777.0 3084.0
42 9228.0 7868.0
43 5388.0 7868.0
44 4812.0 7868.0
45 4716.0 7868.0
46 42.0 4140.0
47 42.0 3276.0
48 5196.0 42.0
49 5388.0 42.0
50 6348.0 42.0
51 8076.0 42.0
52 8556.0 7868.0
53 8748.0 7868.0
54 10449.0 6345.0
55 5751.0 4725.0
56 5913.0 4455.0
57 6075.0 4995.0
58 5805.0 5265.0
59 6723.0 5535.0
60 6426.0 2835.0
61 7290.0 2565.0
62 7317.0 2835.0
63 7668.0 2835.0
64 7560.0 3375.0
65 5049.0 5265.0
66 4725.0 4725.0
67 4806.0 4185.0
68 4077.0 4455.0
69 4617.0 3915.0
70 4995.0 3915.0
71 5184.0 2835.0
72 8100.0 2835.0
73 8343.0 2835.0
74 8370.0 3105.0
75 7992.0 3375.0
76 9855.0 3645.0
77 9018.0 3105.0
78 9072.0 4185.0
79 8748.0 3375.0
80 9990.0 3915.0
81 10098.0 3105.0
82 9072.0 3915.0
83 8424.0 3915.0
84 8127.0 3645.0
85 5427.0 3915.0
86 8451.0 4455.0
87 7506.0 4455.0
88 6021.0 2295.0
89 3969.0 4995.0
90 6588.0 4725.0
91 7884.0 6075.0
92 7992.0 6615.0
93 7992.0 6345.0
94 7614.0 5535.0
95 8856.0 6615.0
96 8613.0 6615.0
97 5643.0 4455.0
98 6885.0 4725.0
99 8856.0 6345.0
100 7641.0 5265.0
101 7938.0 5535.0
102 8694.0 5535.0
103 4239.0 3375.0
104 8748.0 5805.0
105 8451.0 6615.0
106 8397.0 6345.0
107 8883.0 1755.0
108 6885.0 2025.0
109 5535.0 1215.0
110 4671.0 2295.0
111 4077.0 3105.0
112 3429.0 4455.0
113 3591.0 5265.0
114 3375.0 5805.0
115 5265.0 5265.0
116 8397.0 4995.0
117 10881.0 2835.0
118 10395.0 4995.0
119 10125.0 4455.0
120 9963.0 5535.0
121 6993.0 3915.0
122 8100.0 4185.0
123 5670.0 4185.0
124 6858.0 5265.0
125 8046.0 3105.0
126 8397.0 3375.0
127 8748.0 3915.0
128 8100.0 3915.0
129 8748.0 3645.0
130 3294.0 3645.0
131 7020.0 6615.0
132 7182.0 6345.0
133 7074.0 5535.0
134 7911.0 5265.0
135 3510.0 2025.0
136 6750.0 3375.0
137 2943.0 2025.0
138 6426.0 3375.0
139 5967.0 4185.0
140 6588.0 3105.0
141 6885.0 2835.0
142 7047.0 3105.0
143 7074.0 3375.0
144 6588.0 3645.0
145 9180.0 6615.0
146 9180.0 5805.0
147 7695.0 3105.0
148 6183.0 6345.0
149 5535.0 5265.0
150 4806.0 4455.0
151 5130.0 4185.0
152 5184.0 4455.0
153 5562.0 3105.0
154 5022.0 3645.0
155 5562.0 2835.0
156 5508.0 3375.0
157 5913.0 3375.0
158 6453.0 2565.0
159 8424.0 2565.0
160 9369.0 2835.0
161 9234.0 2295.0
162 9045.0 2565.0
163 9828.0 2565.0
164 9504.0 2565.0
165 9666.0 5805.0
166 11610.0 4185.0
167 11286.0 4185.0
168 10476.0 4185.0
169 10638.0 3645.0
170 10557.0 3915.0
171 10908.0 4185.0
172 9531.0 3915.0
173 9504.0 3645.0
174 9558.0 3105.0
175 9639.0 4455.0
176 3483.0 1485.0
177 8316.0 5535.0
178 8910.0 5265.0
179 10152.0 4995.0
180 9774.0 4995.0
181 11394.0 3105.0
182 11124.0 2835.0
183 10584.0 3105.0
184 10260.0 3645.0
185 10233.0 2835.0
186 11016.0 3105.0
187 9747.0 3375.0
188 9099.0 2835.0
189 8748.0 2835.0
190 9774.0 2835.0
191 8694.0 3105.0
192 9234.0 3375.0
193 9153.0 3645.0
194 9045.0 4455.0
195 8154.0 4995.0
196 8478.0 4725.0
197 8370.0 5265.0
198 8910.0 4725.0
199 6048.0 4725.0
200 5616.0 6345.0
201 3348.0 2295.0
202 5994.0 5535.0
203 5994.0 5805.0
204 4671.0 5535.0
205 4212.0 5535.0
206 4050.0 6615.0
207 4482.0 5805.0
208 4050.0 5805.0
209 5049.0 4995.0
210 4509.0 4995.0
211 4212.0 5265.0
212 3618.0 5805.0
213 3888.0 5265.0
214 3780.0 5535.0
215 4455.0 4455.0
216 4347.0 4185.0
217 4158.0 3915.0
218 3672.0 3645.0
219 3726.0 4455.0
220 3672.0 4185.0
221 4671.0 3375.0
222 4212.0 3645.0
223 4050.0 2835.0
224 4482.0 2835.0
225 4428.0 3105.0
226 5103.0 3105.0
227 5400.0 3645.0
228 3996.0 1215.0
229 4050.0 2565.0
230 3996.0 2295.0
231 5184.0 3375.0
232 5184.0 2295.0
233 5319.0 2565.0
234 5616.0 2025.0
235 4968.0 1215.0
236 5994.0 2025.0
237 5130.0 2025.0
238 6966.0 2295.0
239 6426.0 1215.0
240 4833.0 2835.0
241 5967.0 2835.0
242 5967.0 2565.0
243 6372.0 2295.0
244 6480.0 2025.0
245 8532.0 2295.0
246 8262.0 1485.0
247 8100.0 2565.0
248 7857.0 2295.0
249 7938.0 2025.0
250 8370.0 2025.0
251 3672.0 3375.0
252 6264.0 6075.0
253 6804.0 6345.0
254 6426.0 5265.0
255 6480.0 6345.0
256 7020.0 4185.0
257 6372.0 4995.0
258 6318.0 4185.0
259 6696.0 4185.0
260 10206.0 5805.0
261 11286.0 5805.0
262 10908.0 5805.0
263 10530.0 5805.0
264 10368.0 4455.0
265 11610.0 4995.0
266 11232.0 4995.0
267 11286.0 4725.0
268 10638.0 4995.0
269 11502.0 5265.0
270 11016.0 5265.0
271 10530.0 5265.0
272 10962.0 3645.0
273 11610.0 3915.0
274 11232.0 3915.0
275 11340.0 3645.0
276 7776.0 4185.0
277 7614.0 6345.0
278 7614.0 4995.0
279 7884.0 4455.0
280 5940.0 6075.0
281 5940.0 6345.0
282 5292.0 6345.0
283 4968.0 6345.0
284 4536.0 6615.0
285 5940.0 6615.0
286 4482.0 6075.0
287 4644.0 6345.0
288 3510.0 4995.0
289 2322.0 4725.0
290 3078.0 4995.0
291 3132.0 5805.0
292 3348.0 3915.0
293 2160.0 4185.0
294 3024.0 4725.0
295 2970.0 3915.0
296 3726.0 2835.0
297 2430.0 3105.0
298 3186.0 3375.0
299 2754.0 3105.0
300 4428.0 2295.0
301 3672.0 1215.0
302 3834.0 1485.0
303 4212.0 1485.0
304 4698.0 1755.0
305 5886.0 1215.0
306 5670.0 1485.0
307 5292.0 1215.0
308 7182.0 2025.0
309 6966.0 1215.0
310 7236.0 1755.0
311 7128.0 1485.0
312 7452.0 1485.0
313 7452.0 1215.0
314 7560.0 2025.0
315 7776.0 1485.0
316 9558.0 2295.0
317 5454.0 5535.0
318 8613.0 4185.0
319 10233.0 3375.0
320 9801.0 4725.0
321 10017.0 4185.0
322 9477.0 4185.0
323 7155.0 3645.0
324 7695.0 2565.0
325 6885.0 2565.0
326 5589.0 2295.0
327 4779.0 2565.0
328 4617.0 3645.0
329 3753.0 3915.0
330 4023.0 4725.0
331 4671.0 5265.0
332 5535.0 4995.0
333 6399.0 5535.0
334 9774.0 6345.0
335 8748.0 6075.0
336 7992.0 5805.0
337 6804.0 5805.0
338 6372.0 3915.0
339 9882.0 6075.0
340 11070.0 4455.0
341 9720.0 5265.0
342 10530.0 2565.0
343 9018.0 4995.0
344 5184.0 5805.0
345 3726.0 6075.0
346 2970.0 5535.0
347 2808.0 4455.0
348 3456.0 3105.0
349 4320.0 2025.0
350 4914.0 1485.0
351 6480.0 1755.0
352 8262.0 1755.0
353 6966.0 6075.0
354 6696.0 4455.0
355 10962.0 6075.0
356 10584.0 4725.0
357 10962.0 5535.0
358 11124.0 3375.0
359 7668.0 4725.0
360 5238.0 6075.0
361 3942.0 6345.0
362 2970.0 5265.0
363 2862.0 4185.0
364 3024.0 2835.0
365 3942.0 1755.0
366 5400.0 1755.0
367 6426.0 1485.0
368 8154.0 1215.0
