Instance ID x_center y_center
0 42.0 7212.0
1 12665.0 4428.0
2 6828.0 9453.0
3 12665.0 2796.0
4 9132.0 42.0
5 6732.0 42.0
6 7692.0 42.0
7 12665.0 3948.0
8 12665.0 4620.0
9 12665.0 5484.0
10 12665.0 6252.0
11 12665.0 6348.0
12 12665.0 5292.0
13 6252.0 9453.0
14 4716.0 9453.0
15 42.0 6252.0
16 42.0 5868.0
17 42.0 4620.0
18 42.0 3948.0
19 5580.0 9453.0
20 12665.0 3564.0
21 8460.0 42.0
22 4908.0 42.0
23 12665.0 6156.0
24 7212.0 42.0
25 7500.0 42.0
26 7788.0 9453.0
27 6924.0 9453.0
28 5100.0 9453.0
29 3468.0 9453.0
30 42.0 5772.0
31 42.0 5004.0
32 42.0 4428.0
33 9132.0 9453.0
34 12665.0 4236.0
35 12665.0 4044.0
36 12665.0 4812.0
37 42.0 4812.0
38 42.0 2988.0
39 8364.0 42.0
40 4716.0 42.0
41 7116.0 42.0
42 7308.0 42.0
43 12665.0 5580.0
44 12665.0 5868.0
45 8460.0 9453.0
46 6636.0 9453.0
47 5196.0 9453.0
48 5292.0 9453.0
49 42.0 5580.0
50 42.0 4908.0
51 42.0 3756.0
52 12665.0 3756.0
53 12665.0 3852.0
54 11259.0 3375.0
55 7371.0 4995.0
56 7749.0 5265.0
57 8343.0 5265.0
58 10341.0 5265.0
59 10395.0 4455.0
60 4158.0 5265.0
61 4158.0 4725.0
62 4509.0 4725.0
63 5454.0 4455.0
64 5832.0 4455.0
65 8073.0 5805.0
66 7749.0 5805.0
67 6318.0 5805.0
68 7047.0 6345.0
69 5805.0 6075.0
70 6291.0 6075.0
71 5130.0 5535.0
72 4320.0 4185.0
73 4563.0 4185.0
74 5184.0 4185.0
75 6048.0 4185.0
76 5805.0 3375.0
77 6480.0 3375.0
78 6588.0 3645.0
79 6480.0 4185.0
80 6048.0 2835.0
81 6156.0 3375.0
82 6804.0 3375.0
83 7074.0 4455.0
84 6453.0 4455.0
85 8181.0 5535.0
86 6939.0 3915.0
87 7776.0 4185.0
88 3753.0 5265.0
89 7857.0 6615.0
90 7992.0 4995.0
91 8532.0 4995.0
92 9018.0 4995.0
93 8856.0 4455.0
94 9288.0 4455.0
95 10638.0 3915.0
96 11259.0 4185.0
97 7587.0 4995.0
98 3051.0 4995.0
99 11286.0 3915.0
100 8073.0 4455.0
101 8316.0 4455.0
102 8100.0 4725.0
103 8019.0 5265.0
104 10152.0 3645.0
105 9585.0 3645.0
106 9585.0 4185.0
107 3483.0 3915.0
108 3699.0 4725.0
109 3321.0 5805.0
110 3483.0 6615.0
111 4887.0 6885.0
112 6615.0 7425.0
113 9693.0 6885.0
114 10071.0 6345.0
115 9909.0 5805.0
116 8289.0 3645.0
117 7425.0 2835.0
118 5535.0 2025.0
119 8937.0 2295.0
120 9639.0 3375.0
121 6399.0 5265.0
122 7452.0 4725.0
123 7128.0 4995.0
124 9774.0 4995.0
125 5670.0 4185.0
126 6129.0 3915.0
127 6588.0 3915.0
128 7236.0 4185.0
129 6858.0 4185.0
130 7074.0 5805.0
131 10854.0 4185.0
132 10422.0 4185.0
133 9990.0 4455.0
134 8181.0 4185.0
135 5994.0 6615.0
136 6048.0 5535.0
137 2133.0 7155.0
138 5670.0 5535.0
139 8667.0 5535.0
140 4536.0 4455.0
141 4887.0 4455.0
142 5049.0 4725.0
143 5292.0 4995.0
144 5724.0 4995.0
145 10962.0 3375.0
146 9288.0 3645.0
147 4833.0 4185.0
148 10179.0 4995.0
149 10233.0 5805.0
150 7074.0 6075.0
151 7398.0 5805.0
152 7452.0 6075.0
153 5238.0 5805.0
154 4320.0 6075.0
155 4914.0 5265.0
156 4806.0 5535.0
157 4887.0 5805.0
158 3915.0 4995.0
159 4320.0 3645.0
160 4023.0 2835.0
161 3942.0 3645.0
162 3915.0 3375.0
163 4428.0 3375.0
164 4050.0 3105.0
165 9288.0 3375.0
166 8586.0 2025.0
167 8910.0 2835.0
168 8532.0 2835.0
169 6588.0 2835.0
170 7047.0 2835.0
171 8586.0 2295.0
172 5643.0 3105.0
173 5292.0 3105.0
174 4428.0 3105.0
175 4617.0 2835.0
176 2511.0 6885.0
177 4914.0 3915.0
178 5400.0 3915.0
179 5832.0 2565.0
180 5454.0 2565.0
181 7182.0 2025.0
182 7506.0 2565.0
183 6588.0 2565.0
184 6102.0 3105.0
185 6669.0 3105.0
186 7074.0 2565.0
187 4887.0 3105.0
188 4779.0 3375.0
189 4644.0 3645.0
190 5130.0 2835.0
191 4968.0 3645.0
192 5238.0 3375.0
193 5751.0 3645.0
194 7101.0 3645.0
195 8046.0 3645.0
196 7722.0 4455.0
197 7668.0 3645.0
198 7344.0 3375.0
199 8640.0 5265.0
200 9666.0 5805.0
201 2160.0 6345.0
202 9288.0 5805.0
203 9234.0 5265.0
204 8451.0 5805.0
205 8964.0 6075.0
206 9882.0 6075.0
207 9450.0 6075.0
208 9396.0 6345.0
209 7911.0 6075.0
210 8073.0 6345.0
211 8532.0 6345.0
212 9828.0 6345.0
213 9180.0 7155.0
214 9018.0 6615.0
215 6669.0 6075.0
216 6561.0 6345.0
217 6426.0 6615.0
218 6048.0 6885.0
219 6912.0 6885.0
220 6480.0 6885.0
221 4995.0 6345.0
222 5184.0 6615.0
223 4428.0 7155.0
224 5508.0 6615.0
225 4698.0 6615.0
226 4887.0 6075.0
227 5400.0 6075.0
228 2700.0 6345.0
229 3564.0 6345.0
230 3132.0 6345.0
231 4536.0 5805.0
232 4212.0 5805.0
233 3753.0 5805.0
234 3024.0 5265.0
235 2484.0 5805.0
236 3186.0 6075.0
237 2916.0 5805.0
238 3294.0 4725.0
239 2754.0 4995.0
240 4455.0 5535.0
241 4563.0 5265.0
242 4725.0 4995.0
243 4266.0 4995.0
244 2862.0 4725.0
245 3294.0 4185.0
246 2646.0 3645.0
247 4374.0 3915.0
248 3915.0 3915.0
249 2970.0 3645.0
250 2862.0 4185.0
251 5940.0 5805.0
252 10908.0 4995.0
253 11340.0 4725.0
254 10692.0 4725.0
255 11016.0 4725.0
256 6426.0 5535.0
257 6750.0 5805.0
258 6750.0 4995.0
259 6372.0 4995.0
260 9936.0 2835.0
261 10530.0 2835.0
262 10530.0 3105.0
263 10098.0 3105.0
264 9234.0 2835.0
265 9180.0 1755.0
266 9288.0 2295.0
267 9558.0 2835.0
268 6156.0 2565.0
269 6642.0 1755.0
270 6534.0 2025.0
271 6156.0 2025.0
272 7722.0 2835.0
273 7722.0 1755.0
274 7884.0 2025.0
275 7884.0 2565.0
276 8046.0 3915.0
277 9936.0 4185.0
278 9018.0 4185.0
279 8640.0 3645.0
280 10746.0 5265.0
281 11070.0 5265.0
282 10800.0 5535.0
283 11124.0 5535.0
284 10314.0 6345.0
285 10962.0 6075.0
286 10584.0 6075.0
287 10692.0 6345.0
288 8262.0 6885.0
289 7776.0 7425.0
290 7776.0 6885.0
291 8154.0 7155.0
292 7290.0 7425.0
293 6858.0 7695.0
294 6912.0 7425.0
295 7290.0 6885.0
296 5184.0 6885.0
297 5022.0 7425.0
298 5022.0 7155.0
299 5400.0 7155.0
300 3888.0 6615.0
301 3348.0 7425.0
302 3348.0 7155.0
303 3726.0 7155.0
304 2700.0 6075.0
305 1404.0 5805.0
306 1782.0 5805.0
307 1944.0 6075.0
308 2484.0 5265.0
309 1404.0 5265.0
310 1944.0 4995.0
311 1944.0 5265.0
312 2484.0 4455.0
313 1728.0 4455.0
314 1782.0 4185.0
315 2160.0 4185.0
316 3726.0 3105.0
317 9882.0 5265.0
318 7371.0 3915.0
319 7209.0 3105.0
320 5589.0 2835.0
321 7695.0 3105.0
322 6183.0 3645.0
323 5805.0 4725.0
324 3861.0 4185.0
325 3483.0 4995.0
326 3645.0 5535.0
327 3915.0 6075.0
328 5535.0 6345.0
329 6831.0 6615.0
330 7533.0 6345.0
331 8451.0 6075.0
332 10125.0 5535.0
333 10503.0 4995.0
334 11016.0 3645.0
335 9936.0 3915.0
336 8910.0 4725.0
337 9990.0 4725.0
338 5778.0 5265.0
339 9288.0 3105.0
340 8640.0 2565.0
341 4698.0 2565.0
342 6642.0 2295.0
343 8046.0 3375.0
344 9342.0 5535.0
345 9828.0 6615.0
346 9072.0 6885.0
347 6210.0 7155.0
348 4266.0 6885.0
349 2862.0 6615.0
350 2862.0 5535.0
351 3186.0 4455.0
352 2862.0 3915.0
353 11016.0 4455.0
354 7074.0 5265.0
355 10260.0 3375.0
356 9774.0 2565.0
357 5508.0 2295.0
358 7776.0 2295.0
359 8748.0 3915.0
360 11016.0 5805.0
361 11016.0 6615.0
362 8532.0 7425.0
363 7290.0 7155.0
364 5724.0 7425.0
365 3186.0 6885.0
366 1782.0 5535.0
367 2052.0 4725.0
368 1782.0 3915.0
