Instance ID x_center y_center
0 42.0 7788.0
1 11973.0 7404.0
2 5676.0 9970.0
3 11973.0 6444.0
4 11973.0 6060.0
5 11973.0 5484.0
6 11973.0 5580.0
7 7020.0 9970.0
8 11973.0 6732.0
9 5196.0 9970.0
10 3276.0 9970.0
11 42.0 6828.0
12 6156.0 9970.0
13 42.0 5484.0
14 42.0 4524.0
15 42.0 3852.0
16 42.0 2796.0
17 5196.0 42.0
18 6252.0 42.0
19 5388.0 42.0
20 11973.0 6540.0
21 11973.0 3660.0
22 7020.0 42.0
23 5388.0 9970.0
24 11973.0 4428.0
25 11973.0 5196.0
26 42.0 6348.0
27 42.0 5868.0
28 42.0 4620.0
29 42.0 3084.0
30 42.0 2220.0
31 3852.0 42.0
32 6828.0 42.0
33 7116.0 9970.0
34 7308.0 9970.0
35 7596.0 9970.0
36 11973.0 7020.0
37 5580.0 42.0
38 7692.0 42.0
39 11973.0 3468.0
40 8652.0 42.0
41 11973.0 4332.0
42 11973.0 4716.0
43 5580.0 9970.0
44 4524.0 9970.0
45 4428.0 9970.0
46 42.0 5580.0
47 42.0 4716.0
48 42.0 4428.0
49 3564.0 42.0
50 4812.0 42.0
51 6060.0 42.0
52 7692.0 9970.0
53 7980.0 9970.0
54 9261.0 7695.0
55 6237.0 6075.0
56 6021.0 6345.0
57 5427.0 6345.0
58 5913.0 7425.0
59 8505.0 7155.0
60 4644.0 3375.0
61 5130.0 3375.0
62 5481.0 3375.0
63 5940.0 3645.0
64 6372.0 4725.0
65 3807.0 6885.0
66 3645.0 6615.0
67 4050.0 5535.0
68 3699.0 6075.0
69 3807.0 5265.0
70 4185.0 5265.0
71 4482.0 3645.0
72 6426.0 3375.0
73 6669.0 3375.0
74 6642.0 3645.0
75 6696.0 4185.0
76 8721.0 3915.0
77 8694.0 4455.0
78 8370.0 4455.0
79 7398.0 4455.0
80 9072.0 3915.0
81 8478.0 4185.0
82 8046.0 4455.0
83 7722.0 4455.0
84 6831.0 4455.0
85 4617.0 6345.0
86 8235.0 5265.0
87 8316.0 5805.0
88 4833.0 3645.0
89 3159.0 6075.0
90 5292.0 6075.0
91 6912.0 6885.0
92 7182.0 8235.0
93 7182.0 7425.0
94 7938.0 6885.0
95 8100.0 7425.0
96 7695.0 8235.0
97 6291.0 6345.0
98 5211.0 5535.0
99 7830.0 7965.0
100 7209.0 6615.0
101 6966.0 6615.0
102 7128.0 6345.0
103 3375.0 3375.0
104 7722.0 7425.0
105 7047.0 7965.0
106 7317.0 7965.0
107 6669.0 2565.0
108 5427.0 2295.0
109 3051.0 2835.0
110 3267.0 3915.0
111 3321.0 4455.0
112 3267.0 5535.0
113 2781.0 7155.0
114 2997.0 7155.0
115 5751.0 7425.0
116 7479.0 5535.0
117 9531.0 4455.0
118 9099.0 2835.0
119 9747.0 3645.0
120 8289.0 6075.0
121 5805.0 4995.0
122 6696.0 6345.0
123 4644.0 6075.0
124 9612.0 6885.0
125 6534.0 3915.0
126 6885.0 3915.0
127 7236.0 4185.0
128 7344.0 4995.0
129 7182.0 4725.0
130 2538.0 4995.0
131 10368.0 6615.0
132 9882.0 6615.0
133 10044.0 6885.0
134 6669.0 6615.0
135 3402.0 2835.0
136 5832.0 4725.0
137 1755.0 2025.0
138 5400.0 4185.0
139 4887.0 5805.0
140 5184.0 3645.0
141 5535.0 3645.0
142 5589.0 3915.0
143 5454.0 4455.0
144 5400.0 4725.0
145 9396.0 6615.0
146 8370.0 6615.0
147 6291.0 3645.0
148 8073.0 7155.0
149 6075.0 6885.0
150 3618.0 6345.0
151 4050.0 6345.0
152 4104.0 6075.0
153 4482.0 3915.0
154 3942.0 4185.0
155 4266.0 3375.0
156 4158.0 3915.0
157 4617.0 4185.0
158 4995.0 3105.0
159 7020.0 3375.0
160 7587.0 3375.0
161 7344.0 3375.0
162 7371.0 3105.0
163 7290.0 2835.0
164 7614.0 2835.0
165 7776.0 6615.0
166 10422.0 3645.0
167 9882.0 3105.0
168 8964.0 3105.0
169 9504.0 3915.0
170 9369.0 3375.0
171 10260.0 3105.0
172 8613.0 3375.0
173 8316.0 3915.0
174 8208.0 3375.0
175 8343.0 2835.0
176 2727.0 2025.0
177 7128.0 2295.0
178 8046.0 2565.0
179 9018.0 2565.0
180 8478.0 2565.0
181 10314.0 4455.0
182 9774.0 4725.0
183 9072.0 4725.0
184 8964.0 4185.0
185 9153.0 4455.0
186 9936.0 4455.0
187 8343.0 3645.0
188 7965.0 3645.0
189 7560.0 3645.0
190 8316.0 3105.0
191 7182.0 3645.0
192 7884.0 3915.0
193 7965.0 4185.0
194 8019.0 4725.0
195 7236.0 5535.0
196 6966.0 4995.0
197 7344.0 5265.0
198 7776.0 5265.0
199 5562.0 6615.0
200 5238.0 7965.0
201 1890.0 3105.0
202 5130.0 7155.0
203 5238.0 7425.0
204 4131.0 7155.0
205 4590.0 7155.0
206 3186.0 7965.0
207 3348.0 7695.0
208 3186.0 7425.0
209 4077.0 6885.0
210 4185.0 6615.0
211 4428.0 6885.0
212 2862.0 6615.0
213 3186.0 6615.0
214 2754.0 6885.0
215 3591.0 5535.0
216 4023.0 5805.0
217 4428.0 5535.0
218 2268.0 5535.0
219 2754.0 5805.0
220 2700.0 5535.0
221 4023.0 4725.0
222 4482.0 4725.0
223 2430.0 4455.0
224 2916.0 4995.0
225 2862.0 4455.0
226 4077.0 4455.0
227 4536.0 4455.0
228 2268.0 4185.0
229 2754.0 4185.0
230 2808.0 3645.0
231 4266.0 4185.0
232 3834.0 3915.0
233 3807.0 3375.0
234 3996.0 2835.0
235 2322.0 3105.0
236 3186.0 3105.0
237 2754.0 3105.0
238 5508.0 2565.0
239 5184.0 2295.0
240 4131.0 3645.0
241 4239.0 3105.0
242 4455.0 2835.0
243 4644.0 2565.0
244 5076.0 2565.0
245 6480.0 2835.0
246 6264.0 2025.0
247 5940.0 3375.0
248 5913.0 3105.0
249 6156.0 2835.0
250 6210.0 2565.0
251 4158.0 4995.0
252 8478.0 7425.0
253 8802.0 7425.0
254 8802.0 7155.0
255 8964.0 7695.0
256 5346.0 5265.0
257 5616.0 6075.0
258 5616.0 5805.0
259 5670.0 5265.0
260 8586.0 6075.0
261 10530.0 6345.0
262 9936.0 6345.0
263 9018.0 6075.0
264 9450.0 5805.0
265 10530.0 5805.0
266 10152.0 5805.0
267 9774.0 5805.0
268 9396.0 4995.0
269 10476.0 5535.0
270 9882.0 5265.0
271 9828.0 5535.0
272 8586.0 4995.0
273 10152.0 5535.0
274 8964.0 4995.0
275 8856.0 5535.0
276 7560.0 5805.0
277 6858.0 6075.0
278 6858.0 5805.0
279 7236.0 5805.0
280 6156.0 7425.0
281 6156.0 8235.0
282 5994.0 7695.0
283 6372.0 7695.0
284 3618.0 7425.0
285 5184.0 6615.0
286 4752.0 6615.0
287 3942.0 7425.0
288 3186.0 6885.0
289 1350.0 6345.0
290 1674.0 6615.0
291 1782.0 6885.0
292 2430.0 5805.0
293 1350.0 5805.0
294 1728.0 5805.0
295 2106.0 5805.0
296 2052.0 4455.0
297 1404.0 4995.0
298 1674.0 4455.0
299 1728.0 4995.0
300 2160.0 3645.0
301 1458.0 3105.0
302 1620.0 3375.0
303 1998.0 3375.0
304 2808.0 2565.0
305 2160.0 2295.0
306 2592.0 2295.0
307 2970.0 2295.0
308 4320.0 2565.0
309 3996.0 1755.0
310 4374.0 1755.0
311 4374.0 2295.0
312 7236.0 2565.0
313 6696.0 1755.0
314 6912.0 2025.0
315 7506.0 2295.0
316 7560.0 2565.0
317 5670.0 7155.0
318 7749.0 4995.0
319 8559.0 4725.0
320 8775.0 3645.0
321 9369.0 3645.0
322 8451.0 5535.0
323 5913.0 4455.0
324 6453.0 3105.0
325 4995.0 2835.0
326 3591.0 3105.0
327 3375.0 3645.0
328 3591.0 4995.0
329 3321.0 5805.0
330 3213.0 6345.0
331 3591.0 7155.0
332 5643.0 6885.0
333 9207.0 7155.0
334 8640.0 7965.0
335 7560.0 7695.0
336 7452.0 7155.0
337 10314.0 7155.0
338 5184.0 4995.0
339 7830.0 6345.0
340 10314.0 3375.0
341 8856.0 2295.0
342 9882.0 4185.0
343 6534.0 5265.0
344 5292.0 7695.0
345 2376.0 7425.0
346 2160.0 7155.0
347 3024.0 5265.0
348 2862.0 4725.0
349 2646.0 3915.0
350 2430.0 2835.0
351 5022.0 2025.0
352 6156.0 2295.0
353 9504.0 7425.0
354 5886.0 5535.0
355 9180.0 6345.0
356 10098.0 6075.0
357 10152.0 4995.0
358 9018.0 5265.0
359 7560.0 6075.0
360 6318.0 7965.0
361 4104.0 7695.0
362 2052.0 6345.0
363 1728.0 5265.0
364 1782.0 4725.0
365 2700.0 3375.0
366 3672.0 2295.0
367 3942.0 2025.0
368 7668.0 2025.0
