Instance ID x_center y_center
0 103230.0 60870.0
1 33790.0 140.0
2 49470.0 60870.0
3 50590.0 60870.0
4 38270.0 60870.0
5 140.0 34860.0
6 140.0 40460.0
7 140.0 47180.0
8 31550.0 140.0
9 42750.0 140.0
10 53950.0 140.0
11 65150.0 140.0
12 41630.0 140.0
13 117890.0 14700.0
14 117890.0 19180.0
15 117890.0 32620.0
16 117890.0 37100.0
17 117890.0 38220.0
18 56190.0 140.0
19 48350.0 140.0
20 51710.0 60870.0
21 37150.0 60870.0
22 140.0 30380.0
23 62910.0 140.0
24 25950.0 60870.0
25 23710.0 60870.0
26 76350.0 140.0
27 78590.0 140.0
28 117890.0 12460.0
29 117890.0 25900.0
30 117890.0 44940.0
31 117890.0 40460.0
32 64030.0 140.0
33 140.0 20300.0
34 140.0 21420.0
35 140.0 22540.0
36 38270.0 140.0
37 69630.0 60870.0
38 58430.0 60870.0
39 61790.0 60870.0
40 60670.0 60870.0
41 43870.0 60870.0
42 33790.0 60870.0
43 49470.0 140.0
44 61790.0 140.0
45 72990.0 140.0
46 117890.0 18060.0
47 117890.0 23660.0
48 117890.0 31500.0
49 117890.0 33740.0
50 84190.0 60870.0
51 57310.0 140.0
52 140.0 23660.0
53 140.0 24780.0
54 55100.0 40600.0
55 47880.0 32200.0
56 56810.0 26600.0
57 88350.0 35000.0
58 54910.0 32200.0
59 26980.0 46200.0
60 24130.0 43400.0
61 28880.0 35000.0
62 39330.0 40600.0
63 29070.0 40600.0
64 79610.0 9800.0
65 60990.0 9800.0
66 45790.0 18200.0
67 30590.0 9800.0
68 53390.0 12600.0
69 98990.0 43400.0
70 96330.0 29400.0
71 97090.0 12600.0
72 90440.0 12600.0
73 92150.0 23800.0
74 53390.0 26600.0
76 26980.0 23800.0
77 16720.0 26600.0
81 19190.0 21000.0
82 19950.0 26600.0
84 21470.0 23800.0
85 10260.0 23800.0
88 20140.0 21000.0
89 17860.0 21000.0
90 18050.0 26600.0
91 20140.0 23800.0
92 19000.0 23800.0
93 38760.0 9800.0
95 52250.0 15400.0
96 42370.0 12600.0
97 51870.0 12600.0
98 53580.0 15400.0
99 77710.0 12600.0
100 79420.0 7000.0
101 78470.0 9800.0
102 78470.0 15400.0
103 61370.0 12600.0
104 60800.0 7000.0
105 62130.0 9800.0
106 63270.0 12600.0
107 75050.0 15400.0
108 76570.0 18200.0
109 76570.0 12600.0
110 76760.0 15400.0
111 79800.0 15400.0
112 79610.0 18200.0
113 96520.0 40600.0
114 97470.0 43400.0
115 93670.0 40600.0
116 91390.0 40600.0
117 94050.0 29400.0
118 99180.0 29400.0
119 97850.0 29400.0
120 89110.0 29400.0
121 84170.0 40600.0
122 93290.0 21000.0
123 96900.0 15400.0
124 95570.0 15400.0
125 86830.0 18200.0
126 88730.0 15400.0
127 89680.0 12600.0
128 87590.0 12600.0
129 86450.0 15400.0
130 82650.0 18200.0
131 80370.0 43400.0
132 83030.0 49000.0
133 89870.0 40600.0
134 89110.0 43400.0
135 80940.0 46200.0
136 90820.0 18200.0
137 88730.0 12600.0
138 89110.0 18200.0
139 84360.0 43400.0
140 83790.0 46200.0
141 84550.0 51800.0
142 20140.0 37800.0
143 38950.0 37800.0
144 44460.0 40600.0
145 40470.0 37800.0
146 46170.0 40600.0
147 60230.0 43400.0
148 40280.0 43400.0
149 41230.0 40600.0
150 38950.0 43400.0
151 42370.0 43400.0
152 58330.0 46200.0
153 27930.0 43400.0
154 25460.0 43400.0
155 26410.0 43400.0
156 36670.0 43400.0
157 45410.0 49000.0
158 28880.0 49000.0
159 44270.0 49000.0
160 56430.0 49000.0
161 53770.0 43400.0
162 52820.0 43400.0
163 54910.0 43400.0
164 57950.0 43400.0
165 51490.0 32200.0
166 48640.0 32200.0
167 49970.0 32200.0
168 59090.0 35000.0
169 65930.0 46200.0
170 71820.0 49000.0
171 60610.0 29400.0
172 61940.0 21000.0
173 66310.0 26600.0
174 67450.0 32200.0
175 70110.0 35000.0
176 90630.0 35000.0
177 91200.0 37800.0
178 88730.0 37800.0
179 87210.0 40600.0
180 87590.0 46200.0
181 74670.0 43400.0
182 73150.0 49000.0
183 69350.0 49000.0
184 74670.0 51800.0
185 68970.0 35000.0
186 67830.0 35000.0
187 68020.0 46200.0
188 66690.0 49000.0
189 52060.0 43400.0
190 57760.0 35000.0
191 56240.0 43400.0
192 64410.0 49000.0
193 63270.0 49000.0
194 43320.0 40600.0
195 43130.0 49000.0
196 29450.0 46200.0
197 32680.0 49000.0
198 33060.0 46200.0
199 38570.0 49000.0
200 39710.0 49000.0
201 40470.0 35000.0
202 40850.0 23800.0
203 27170.0 21000.0
204 32300.0 21000.0
205 38380.0 12600.0
206 36100.0 21000.0
207 36860.0 12600.0
208 27930.0 23800.0
210 35910.0 9800.0
211 30210.0 21000.0
213 31540.0 7000.0
214 31540.0 4200.0
215 32870.0 7000.0
216 34010.0 26600.0
217 34770.0 29400.0
218 49780.0 29400.0
219 81130.0 18200.0
220 81130.0 21000.0
221 79800.0 21000.0
222 77900.0 18200.0
223 78470.0 21000.0
224 76380.0 43400.0
225 77520.0 43400.0
226 78850.0 43400.0
227 72960.0 46200.0
228 72200.0 43400.0
229 73150.0 43400.0
230 69160.0 43400.0
231 32870.0 23800.0
232 53390.0 32200.0
233 51110.0 29400.0
234 51110.0 26600.0
235 49400.0 21000.0
236 50920.0 21000.0
237 51110.0 23800.0
238 54340.0 46200.0
239 68020.0 15400.0
240 46740.0 15400.0
241 51300.0 15400.0
242 66880.0 15400.0
243 60230.0 12600.0
244 60420.0 15400.0
245 68780.0 15400.0
246 70110.0 15400.0
247 74670.0 18200.0
248 72960.0 21000.0
249 80370.0 29400.0
250 76760.0 29400.0
251 73150.0 23800.0
252 75050.0 23800.0
253 92530.0 29400.0
254 91390.0 29400.0
255 73340.0 29400.0
256 81700.0 15400.0
257 83410.0 15400.0
258 74860.0 26600.0
259 75050.0 29400.0
260 75050.0 35000.0
261 70680.0 37800.0
262 69350.0 37800.0
263 69920.0 40600.0
264 76190.0 37800.0
265 74670.0 37800.0
266 71820.0 40600.0
267 70870.0 43400.0
268 62130.0 46200.0
269 61370.0 51800.0
270 60420.0 32200.0
271 60800.0 35000.0
272 88730.0 40600.0
273 87590.0 37800.0
274 63460.0 37800.0
275 60040.0 51800.0
276 60990.0 54600.0
277 62130.0 54600.0
278 58520.0 54600.0
279 59660.0 54600.0
280 59850.0 57400.0
281 53770.0 54600.0
282 54150.0 51800.0
283 53010.0 51800.0
284 51680.0 51800.0
285 52060.0 57400.0
286 52250.0 54600.0
287 41040.0 49000.0
288 78280.0 46200.0
289 79420.0 46200.0
290 77710.0 49000.0
291 65360.0 49000.0
292 67070.0 51800.0
293 76570.0 49000.0
294 79420.0 49000.0
295 77710.0 51800.0
296 68590.0 54600.0
297 67450.0 54600.0
298 66120.0 51800.0
299 66120.0 54600.0
300 66310.0 57400.0
301 42370.0 54600.0
302 41230.0 54600.0
303 40090.0 54600.0
304 39900.0 51800.0
305 36860.0 54600.0
306 38570.0 54600.0
307 31160.0 35000.0
308 64790.0 51800.0
309 65740.0 37800.0
310 67070.0 37800.0
311 72010.0 29400.0
312 68400.0 29400.0
313 74670.0 21000.0
314 76950.0 23800.0
315 69730.0 29400.0
316 72580.0 32200.0
317 66690.0 35000.0
318 44460.0 43400.0
319 47120.0 43400.0
320 49400.0 43400.0
321 60800.0 37800.0
322 61940.0 37800.0
323 64790.0 37800.0
324 64980.0 40600.0
325 64030.0 40600.0
326 61370.0 40600.0
327 63840.0 43400.0
328 61750.0 43400.0
329 34010.0 37800.0
330 29830.0 35000.0
331 27550.0 35000.0
332 19380.0 32200.0
333 17860.0 32200.0
334 16530.0 32200.0
335 29640.0 43400.0
336 69160.0 46200.0
337 75050.0 46200.0
338 76190.0 46200.0
339 47120.0 46200.0
340 70300.0 46200.0
341 71630.0 46200.0
342 54910.0 49000.0
343 50540.0 49000.0
344 52250.0 49000.0
345 53390.0 49000.0
346 48260.0 49000.0
347 47500.0 51800.0
348 46740.0 49000.0
349 45790.0 51800.0
350 35150.0 54600.0
351 29450.0 54600.0
352 28310.0 54600.0
353 26980.0 54600.0
354 26980.0 57400.0
355 28310.0 57400.0
356 31160.0 49000.0
357 48450.0 43400.0
358 59660.0 46200.0
359 60800.0 49000.0
360 62130.0 49000.0
361 59470.0 49000.0
362 45600.0 43400.0
363 48640.0 46200.0
364 49590.0 49000.0
365 42180.0 49000.0
366 37050.0 46200.0
367 34770.0 46200.0
368 36480.0 49000.0
369 34390.0 49000.0
370 32110.0 51800.0
371 30970.0 51800.0
372 28690.0 51800.0
373 22040.0 51800.0
374 22800.0 54600.0
375 23370.0 51800.0
376 49400.0 15400.0
377 49400.0 12600.0
378 48260.0 12600.0
379 46360.0 12600.0
380 46170.0 9800.0
381 43700.0 7000.0
382 43700.0 4200.0
383 45030.0 4200.0
384 62320.0 15400.0
385 58140.0 12600.0
386 56620.0 12600.0
387 55290.0 12600.0
388 52820.0 7000.0
389 53580.0 4200.0
390 54910.0 4200.0
391 72960.0 15400.0
392 72960.0 12600.0
393 71440.0 12600.0
394 67450.0 12600.0
395 64600.0 7000.0
396 66120.0 7000.0
397 67450.0 7000.0
398 84740.0 18200.0
399 96520.0 18200.0
400 95000.0 18200.0
401 97850.0 18200.0
402 106780.0 15400.0
403 108300.0 15400.0
404 102410.0 15400.0
405 80750.0 23800.0
406 79800.0 23800.0
407 78660.0 23800.0
408 82270.0 23800.0
409 97280.0 21000.0
410 98800.0 21000.0
411 99750.0 18200.0
412 106400.0 18200.0
413 107920.0 18200.0
414 102410.0 18200.0
415 83980.0 29400.0
416 97280.0 32200.0
417 98800.0 32200.0
418 100130.0 32200.0
419 106780.0 32200.0
420 108300.0 32200.0
421 102790.0 32200.0
422 77330.0 37800.0
423 75240.0 32200.0
424 77330.0 35000.0
425 96900.0 35000.0
426 98420.0 35000.0
427 99750.0 35000.0
428 106780.0 35000.0
429 108300.0 35000.0
430 102410.0 35000.0
431 87210.0 49000.0
432 84740.0 49000.0
433 86070.0 49000.0
434 92340.0 35000.0
435 93860.0 35000.0
436 95570.0 35000.0
437 105260.0 35000.0
438 107160.0 37800.0
439 99370.0 37800.0
440 55100.0 26600.0
441 66690.0 18200.0
442 69350.0 21000.0
443 68020.0 21000.0
444 68780.0 26600.0
445 71630.0 18200.0
446 71630.0 21000.0
447 70490.0 23800.0
448 69160.0 23800.0
449 67260.0 23800.0
450 56050.0 23800.0
451 54910.0 23800.0
452 54530.0 18200.0
453 59280.0 18200.0
454 57000.0 18200.0
455 55670.0 18200.0
456 37050.0 29400.0
458 32870.0 9800.0
459 33630.0 12600.0
461 30970.0 12600.0
462 49590.0 37800.0
463 49020.0 35000.0
464 43890.0 35000.0
465 44270.0 32200.0
466 49970.0 40600.0
467 53200.0 40600.0
468 51490.0 40600.0
469 53010.0 35000.0
470 37430.0 40600.0
471 87590.0 9800.0
472 37240.0 37800.0
473 35530.0 37800.0
474 34390.0 40600.0
476 19570.0 35000.0
477 21280.0 35000.0
478 23370.0 35000.0
479 25650.0 35000.0
480 19570.0 40600.0
481 20900.0 40600.0
482 22610.0 40600.0
483 25270.0 40600.0
484 20710.0 46200.0
485 22990.0 46200.0
486 25270.0 46200.0
487 41230.0 9800.0
488 43510.0 9800.0
489 44270.0 12600.0
490 62890.0 4200.0
491 61940.0 7000.0
492 58710.0 9800.0
493 56430.0 9800.0
494 76950.0 4200.0
495 77140.0 9800.0
496 75430.0 9800.0
497 73150.0 9800.0
498 79230.0 4200.0
499 84740.0 7000.0
500 84550.0 9800.0
501 85690.0 12600.0
502 99750.0 12600.0
503 98420.0 12600.0
504 95570.0 12600.0
505 93290.0 12600.0
506 99370.0 26600.0
507 98040.0 26600.0
508 96710.0 23800.0
509 94430.0 23800.0
510 99750.0 40600.0
511 97660.0 40600.0
512 95570.0 43400.0
513 93290.0 43400.0
514 95190.0 37800.0
515 90060.0 37800.0
516 84550.0 32200.0
517 82650.0 32200.0
518 64030.0 15400.0
519 63080.0 21000.0
520 62510.0 23800.0
521 59470.0 23800.0
522 20710.0 18200.0
523 15010.0 23800.0
524 24890.0 26600.0
525 27550.0 7000.0
526 47310.0 23800.0
527 48070.0 54600.0
528 35910.0 51800.0
529 15390.0 35000.0
530 21090.0 57400.0
531 18050.0 51800.0
532 39710.0 4200.0
533 49590.0 4200.0
534 68970.0 4200.0
535 103930.0 12600.0
536 104310.0 21000.0
537 104690.0 29400.0
538 103930.0 40600.0
539 103170.0 37800.0
540 57190.0 21000.0
541 26790.0 9800.0
542 44650.0 29400.0
543 53390.0 37800.0
544 36290.0 35000.0
545 27170.0 32200.0
546 16530.0 43400.0
547 23370.0 49000.0
548 41610.0 15400.0
549 56810.0 7000.0
550 75810.0 7000.0
551 87970.0 4200.0
552 94050.0 9800.0
553 92910.0 26600.0
554 94810.0 46200.0
555 84170.0 35000.0
556 62130.0 26600.0
