Instance ID x_center y_center
0 42.0 7884.0
1 5964.0 9417.0
2 5292.0 9417.0
3 7500.0 9417.0
4 10246.0 6444.0
5 10246.0 4908.0
6 10246.0 5772.0
7 6060.0 9417.0
8 6636.0 9417.0
9 3948.0 9417.0
10 42.0 6348.0
11 42.0 5868.0
12 4332.0 9417.0
13 42.0 4428.0
14 42.0 3852.0
15 42.0 2892.0
16 3564.0 42.0
17 5100.0 42.0
18 6540.0 42.0
19 4812.0 42.0
20 6924.0 9417.0
21 10246.0 5964.0
22 10246.0 3660.0
23 2988.0 9417.0
24 10246.0 5100.0
25 5580.0 9417.0
26 42.0 5292.0
27 42.0 4908.0
28 42.0 3564.0
29 2412.0 42.0
30 3660.0 42.0
31 4716.0 42.0
32 5868.0 42.0
33 2604.0 42.0
34 4812.0 9417.0
35 4908.0 9417.0
36 6348.0 9417.0
37 5196.0 42.0
38 10246.0 2796.0
39 10246.0 5388.0
40 10246.0 3468.0
41 10246.0 4812.0
42 10246.0 5292.0
43 3852.0 9417.0
44 3660.0 9417.0
45 42.0 5676.0
46 42.0 4716.0
47 42.0 3948.0
48 4044.0 42.0
49 3852.0 42.0
50 5004.0 42.0
51 6444.0 42.0
52 5004.0 9417.0
53 5388.0 9417.0
54 5481.0 8235.0
55 4347.0 4995.0
56 4563.0 4995.0
57 3159.0 6615.0
58 4077.0 7695.0
59 6453.0 7695.0
60 4752.0 3105.0
61 5184.0 2835.0
62 5589.0 2835.0
63 5616.0 3915.0
64 5886.0 4185.0
65 3429.0 6075.0
66 3483.0 5805.0
67 3726.0 4455.0
68 3159.0 4995.0
69 3375.0 4455.0
70 3861.0 4725.0
71 3888.0 3105.0
72 6156.0 3375.0
73 6129.0 3105.0
74 5886.0 3105.0
75 6318.0 4185.0
76 7749.0 4455.0
77 7614.0 4995.0
78 6696.0 4725.0
79 5670.0 4725.0
80 8046.0 4185.0
81 7722.0 4185.0
82 6696.0 4455.0
83 5994.0 4725.0
84 5967.0 4455.0
85 3915.0 5805.0
86 6615.0 5265.0
87 6696.0 5535.0
88 4239.0 2835.0
89 2727.0 5265.0
90 4320.0 5535.0
91 4752.0 6075.0
92 4806.0 6885.0
93 4860.0 6345.0
94 5292.0 6345.0
95 5454.0 7155.0
96 4725.0 7965.0
97 4509.0 5265.0
98 5913.0 2295.0
99 5076.0 7695.0
100 5319.0 6075.0
101 4428.0 6075.0
102 5076.0 6075.0
103 3321.0 4185.0
104 4806.0 7425.0
105 4941.0 7155.0
106 4671.0 7155.0
107 7479.0 2025.0
108 5751.0 2025.0
109 4185.0 2025.0
110 3159.0 2835.0
111 2349.0 3645.0
112 2133.0 4185.0
113 2295.0 6075.0
114 2511.0 6615.0
115 4293.0 6615.0
116 5859.0 6345.0
117 8073.0 5265.0
118 8397.0 4185.0
119 8019.0 6345.0
120 7533.0 6345.0
121 5211.0 4455.0
122 4806.0 5805.0
123 5292.0 5805.0
124 6318.0 7425.0
125 6156.0 3915.0
126 6345.0 4725.0
127 6480.0 4995.0
128 5616.0 4995.0
129 6048.0 4995.0
130 3942.0 4995.0
131 6264.0 7155.0
132 6642.0 7155.0
133 6858.0 7425.0
134 4509.0 5805.0
135 2160.0 2295.0
136 5130.0 3915.0
137 1917.0 1755.0
138 4806.0 3915.0
139 4239.0 4185.0
140 5400.0 3105.0
141 5427.0 3375.0
142 5427.0 3645.0
143 4860.0 3645.0
144 4806.0 4185.0
145 7020.0 7155.0
146 6804.0 6885.0
147 5805.0 3375.0
148 4401.0 7155.0
149 4077.0 7155.0
150 3240.0 5265.0
151 3618.0 5265.0
152 3996.0 5265.0
153 3888.0 3645.0
154 3078.0 3645.0
155 3888.0 3375.0
156 3564.0 3375.0
157 4239.0 3645.0
158 4995.0 3375.0
159 6372.0 3105.0
160 6939.0 2835.0
161 7506.0 3105.0
162 7317.0 2835.0
163 7506.0 2565.0
164 7776.0 2835.0
165 7236.0 6615.0
166 8640.0 6075.0
167 8208.0 6075.0
168 7614.0 5805.0
169 7290.0 4995.0
170 7533.0 5265.0
171 8046.0 5805.0
172 7371.0 4185.0
173 7020.0 4185.0
174 7344.0 3375.0
175 7857.0 3375.0
176 3267.0 2565.0
177 5940.0 3645.0
178 6588.0 3645.0
179 8478.0 3375.0
180 7992.0 3645.0
181 8910.0 4995.0
182 8100.0 4455.0
183 7992.0 4995.0
184 7344.0 4455.0
185 7371.0 4725.0
186 8424.0 4995.0
187 7371.0 3915.0
188 7155.0 3105.0
189 6642.0 3375.0
190 7560.0 3645.0
191 6696.0 3105.0
192 7128.0 3645.0
193 6723.0 3915.0
194 6075.0 5265.0
195 5616.0 6345.0
196 5670.0 5805.0
197 5670.0 6075.0
198 6156.0 5805.0
199 3996.0 6075.0
200 3942.0 6345.0
201 2268.0 2025.0
202 4266.0 6345.0
203 3942.0 6615.0
204 3429.0 6345.0
205 3672.0 6075.0
206 2106.0 6345.0
207 2970.0 6345.0
208 2538.0 6345.0
209 3969.0 5535.0
210 3483.0 5535.0
211 3024.0 5805.0
212 2106.0 5535.0
213 2538.0 6075.0
214 2484.0 5805.0
215 3537.0 4995.0
216 3375.0 4725.0
217 2970.0 4455.0
218 2376.0 4185.0
219 2322.0 4725.0
220 2484.0 4455.0
221 3213.0 3915.0
222 3024.0 4185.0
223 2700.0 4185.0
224 2754.0 3375.0
225 2592.0 3915.0
226 3861.0 3915.0
227 3942.0 4185.0
228 2214.0 2565.0
229 2700.0 3105.0
230 2646.0 2565.0
231 3402.0 3645.0
232 3240.0 3375.0
233 3699.0 2835.0
234 4212.0 2295.0
235 3348.0 2295.0
236 3834.0 2565.0
237 3780.0 2295.0
238 5616.0 2295.0
239 4752.0 2295.0
240 4293.0 3375.0
241 4293.0 3105.0
242 4725.0 2835.0
243 5400.0 2565.0
244 5184.0 2295.0
245 6750.0 2295.0
246 6048.0 2025.0
247 6588.0 2835.0
248 6075.0 2835.0
249 6534.0 2565.0
250 6318.0 2295.0
251 5292.0 4725.0
252 6426.0 8235.0
253 6102.0 8235.0
254 5724.0 7695.0
255 5778.0 8235.0
256 4644.0 4725.0
257 5130.0 5535.0
258 5076.0 4995.0
259 4752.0 5535.0
260 7560.0 6885.0
261 7452.0 7425.0
262 8154.0 7155.0
263 7776.0 7155.0
264 7830.0 6615.0
265 8910.0 6885.0
266 8316.0 6615.0
267 8478.0 6885.0
268 8586.0 3645.0
269 9018.0 4455.0
270 8640.0 4455.0
271 9018.0 3375.0
272 8316.0 5265.0
273 8910.0 5805.0
274 8694.0 5265.0
275 8586.0 5805.0
276 6102.0 6345.0
277 5886.0 7155.0
278 5832.0 6885.0
279 6210.0 6885.0
280 4320.0 7695.0
281 4428.0 7965.0
282 4428.0 7425.0
283 4644.0 7695.0
284 2700.0 6885.0
285 3132.0 7425.0
286 3240.0 7155.0
287 2808.0 7425.0
288 2484.0 5535.0
289 1620.0 5265.0
290 1998.0 5265.0
291 1728.0 5535.0
292 1998.0 4725.0
293 1674.0 4725.0
294 2754.0 4995.0
295 2376.0 4995.0
296 1998.0 3645.0
297 1674.0 3375.0
298 2160.0 3375.0
299 1674.0 3645.0
300 2646.0 2295.0
301 2430.0 1215.0
302 2592.0 1485.0
303 2700.0 2025.0
304 4212.0 1755.0
305 3456.0 1215.0
306 3834.0 1215.0
307 4212.0 1215.0
308 4914.0 1755.0
309 4590.0 1755.0
310 4698.0 1215.0
311 5076.0 1215.0
312 5616.0 1755.0
313 5940.0 1755.0
314 5886.0 1215.0
315 6264.0 1215.0
316 8154.0 2835.0
317 3888.0 7425.0
318 6021.0 5535.0
319 6885.0 4995.0
320 7857.0 3915.0
321 7695.0 5535.0
322 7209.0 5535.0
323 5373.0 4185.0
324 5805.0 2565.0
325 4887.0 2565.0
326 4293.0 2565.0
327 3267.0 3105.0
328 2673.0 3645.0
329 2781.0 4725.0
330 2943.0 5535.0
331 3105.0 6075.0
332 4347.0 6885.0
333 6129.0 7695.0
334 5346.0 7965.0
335 5562.0 7425.0
336 5022.0 6615.0
337 7182.0 7695.0
338 4590.0 4455.0
339 6912.0 6345.0
340 7506.0 6075.0
341 8262.0 3105.0
342 8424.0 4725.0
343 6426.0 6075.0
344 3564.0 6885.0
345 1890.0 6615.0
346 1674.0 6075.0
347 1674.0 4455.0
348 1728.0 3915.0
349 2538.0 2835.0
350 3564.0 2025.0
351 5130.0 2025.0
352 6858.0 2025.0
353 6426.0 7965.0
354 5184.0 5265.0
355 8154.0 7425.0
356 8640.0 6345.0
357 8640.0 3915.0
358 8640.0 5535.0
359 6264.0 6615.0
360 3456.0 7695.0
361 2484.0 7155.0
362 1674.0 5805.0
363 1674.0 4995.0
364 1998.0 3105.0
365 2862.0 1755.0
366 3942.0 1485.0
367 5130.0 1485.0
368 6264.0 1485.0
