Instance ID x_center y_center
0 42.0 6732.0
1 10859.0 3852.0
2 5868.0 8189.0
3 7692.0 42.0
4 7116.0 42.0
5 5868.0 42.0
6 5772.0 42.0
7 5676.0 42.0
8 10859.0 3372.0
9 6636.0 8189.0
10 10859.0 5676.0
11 10859.0 5868.0
12 10859.0 4332.0
13 5772.0 8189.0
14 4524.0 8189.0
15 3564.0 8189.0
16 42.0 5484.0
17 42.0 4140.0
18 42.0 3276.0
19 4620.0 8189.0
20 10859.0 2796.0
21 6252.0 42.0
22 42.0 3084.0
23 10859.0 4428.0
24 5580.0 42.0
25 6444.0 42.0
26 7308.0 8189.0
27 6348.0 8189.0
28 4716.0 8189.0
29 3468.0 8189.0
30 42.0 5964.0
31 42.0 4908.0
32 42.0 3948.0
33 10859.0 3276.0
34 10859.0 2988.0
35 10859.0 2892.0
36 10859.0 4044.0
37 42.0 4044.0
38 42.0 2604.0
39 6060.0 42.0
40 42.0 2124.0
41 4716.0 42.0
42 6348.0 42.0
43 10859.0 4716.0
44 10859.0 5196.0
45 10859.0 5484.0
46 6060.0 8189.0
47 4908.0 8189.0
48 5004.0 8189.0
49 42.0 5196.0
50 42.0 4620.0
51 42.0 3564.0
52 10859.0 2604.0
53 10859.0 2700.0
54 9099.0 1755.0
55 7155.0 3915.0
56 7371.0 4185.0
57 8019.0 4185.0
58 8505.0 4455.0
59 8613.0 3645.0
60 3510.0 4725.0
61 3024.0 4185.0
62 3375.0 4185.0
63 3996.0 3915.0
64 4428.0 3645.0
65 7911.0 5535.0
66 7803.0 5265.0
67 5832.0 5535.0
68 6561.0 5805.0
69 5589.0 5265.0
70 5967.0 5265.0
71 3348.0 5265.0
72 3780.0 3645.0
73 3699.0 3375.0
74 3942.0 3375.0
75 4806.0 3375.0
76 4563.0 2295.0
77 4968.0 2295.0
78 5130.0 2565.0
79 4860.0 3105.0
80 4212.0 2295.0
81 4320.0 2565.0
82 4860.0 2835.0
83 5184.0 3105.0
84 5049.0 3645.0
85 6237.0 4995.0
86 5535.0 3105.0
87 7128.0 3105.0
88 3969.0 4725.0
89 7425.0 5805.0
90 7506.0 3105.0
91 8316.0 3375.0
92 9558.0 3105.0
93 8856.0 3105.0
94 8478.0 3105.0
95 9504.0 2565.0
96 9531.0 2835.0
97 7101.0 4185.0
98 1485.0 4455.0
99 9396.0 2295.0
100 7749.0 3105.0
101 8100.0 3105.0
102 7452.0 3375.0
103 6291.0 5265.0
104 9234.0 2835.0
105 8613.0 2835.0
106 8613.0 2295.0
107 2079.0 2835.0
108 2349.0 4455.0
109 2133.0 5265.0
110 4077.0 6075.0
111 4833.0 6345.0
112 6507.0 6075.0
113 8613.0 6075.0
114 9693.0 5535.0
115 7317.0 4995.0
116 6777.0 3375.0
117 4671.0 1485.0
118 3051.0 1755.0
119 6885.0 2025.0
120 8019.0 2565.0
121 5265.0 4455.0
122 6534.0 3375.0
123 6966.0 4995.0
124 7722.0 4185.0
125 4482.0 3915.0
126 4347.0 3375.0
127 5184.0 2835.0
128 5778.0 3375.0
129 5292.0 3375.0
130 5724.0 6615.0
131 8370.0 3645.0
132 7884.0 3375.0
133 7938.0 3645.0
134 6723.0 3105.0
135 2592.0 6615.0
136 4914.0 4185.0
137 2133.0 6615.0
138 4752.0 4995.0
139 5805.0 4995.0
140 3564.0 3915.0
141 3753.0 4185.0
142 4239.0 4185.0
143 4374.0 4455.0
144 4806.0 4455.0
145 8316.0 2835.0
146 7776.0 2835.0
147 3429.0 3645.0
148 8343.0 4455.0
149 7479.0 4725.0
150 6642.0 5265.0
151 6966.0 5265.0
152 7020.0 5535.0
153 3672.0 5265.0
154 4374.0 4995.0
155 3834.0 4455.0
156 3942.0 4995.0
157 4023.0 5265.0
158 3483.0 4455.0
159 3402.0 3105.0
160 2835.0 2565.0
161 2484.0 2295.0
162 2457.0 2565.0
163 1998.0 2565.0
164 2322.0 2835.0
165 7668.0 2565.0
166 6372.0 1215.0
167 6804.0 1755.0
168 7236.0 2025.0
169 5508.0 2565.0
170 5643.0 2295.0
171 6372.0 1755.0
172 3699.0 2295.0
173 3510.0 2835.0
174 3132.0 2565.0
175 2943.0 2295.0
176 1485.0 6075.0
177 1458.0 3105.0
178 2700.0 2835.0
179 3024.0 2025.0
180 2430.0 2025.0
181 5670.0 1485.0
182 4644.0 1755.0
183 5400.0 2025.0
184 4698.0 2565.0
185 4401.0 2025.0
186 5076.0 1755.0
187 3915.0 2565.0
188 3753.0 3105.0
189 4104.0 3105.0
190 3564.0 2565.0
191 3132.0 2835.0
192 3942.0 2835.0
193 4455.0 2835.0
194 5751.0 2835.0
195 7020.0 2565.0
196 6696.0 3645.0
197 6642.0 2565.0
198 6426.0 3105.0
199 7074.0 4455.0
200 6642.0 4995.0
201 2322.0 6345.0
202 6048.0 4725.0
203 6642.0 4455.0
204 8127.0 4995.0
205 8586.0 4995.0
206 9234.0 5535.0
207 8532.0 5805.0
208 8802.0 5535.0
209 7371.0 5265.0
210 7533.0 5535.0
211 8316.0 5535.0
212 8910.0 6075.0
213 8208.0 5805.0
214 8262.0 6075.0
215 6183.0 5535.0
216 5643.0 5805.0
217 6210.0 5805.0
218 5670.0 6075.0
219 6696.0 6345.0
220 6102.0 6075.0
221 4779.0 5535.0
222 5076.0 5805.0
223 4536.0 6345.0
224 5130.0 6075.0
225 4698.0 6075.0
226 4563.0 5265.0
227 5130.0 5265.0
228 3402.0 5805.0
229 4266.0 5805.0
230 3834.0 5805.0
231 4212.0 5535.0
232 3834.0 5535.0
233 2889.0 5265.0
234 2430.0 5265.0
235 1566.0 5265.0
236 2916.0 5535.0
237 2484.0 5535.0
238 2592.0 4455.0
239 1512.0 3915.0
240 3537.0 4995.0
241 3105.0 4995.0
242 2997.0 4725.0
243 2106.0 4455.0
244 2052.0 3915.0
245 2376.0 3105.0
246 1728.0 3645.0
247 3456.0 3375.0
248 2943.0 3645.0
249 2052.0 3645.0
250 1944.0 3105.0
251 5724.0 4725.0
252 9558.0 4185.0
253 9612.0 3915.0
254 8694.0 3915.0
255 9018.0 3915.0
256 5238.0 4185.0
257 5670.0 4455.0
258 5616.0 4185.0
259 6048.0 4455.0
260 8100.0 2025.0
261 7722.0 1215.0
262 7722.0 2025.0
263 8154.0 1485.0
264 7128.0 1755.0
265 6858.0 1215.0
266 6642.0 1485.0
267 7182.0 1215.0
268 3996.0 1485.0
269 5724.0 1215.0
270 5508.0 1755.0
271 3618.0 1485.0
272 4428.0 1485.0
273 6156.0 1485.0
274 5292.0 1485.0
275 4914.0 1485.0
276 6102.0 3375.0
277 5886.0 1755.0
278 5940.0 3645.0
279 6318.0 3645.0
280 8802.0 4185.0
281 9126.0 4185.0
282 8748.0 4455.0
283 9072.0 4455.0
284 9288.0 4995.0
285 7938.0 4455.0
286 7614.0 4995.0
287 8910.0 4995.0
288 7560.0 6075.0
289 7290.0 6885.0
290 7560.0 6345.0
291 7668.0 6615.0
292 7020.0 6345.0
293 6318.0 6885.0
294 6804.0 6885.0
295 7236.0 6615.0
296 5238.0 6345.0
297 4698.0 6885.0
298 5022.0 6615.0
299 5400.0 6615.0
300 4050.0 6345.0
301 3510.0 6885.0
302 3510.0 6615.0
303 3132.0 6615.0
304 2322.0 6075.0
305 1566.0 5805.0
306 1944.0 5805.0
307 2646.0 6075.0
308 2376.0 4725.0
309 1458.0 4995.0
310 1944.0 4995.0
311 1782.0 4455.0
312 2592.0 4185.0
313 1404.0 3645.0
314 2430.0 3645.0
315 2484.0 3915.0
316 2160.0 2295.0
317 8316.0 4725.0
318 5967.0 3105.0
319 4941.0 2025.0
320 3861.0 2025.0
321 6291.0 2295.0
322 6075.0 2565.0
323 4887.0 3915.0
324 3051.0 3915.0
325 2997.0 4455.0
326 2619.0 4995.0
327 3375.0 5535.0
328 5319.0 5535.0
329 6831.0 6075.0
330 6993.0 5805.0
331 8235.0 5265.0
332 7479.0 4455.0
333 8397.0 4185.0
334 9234.0 2025.0
335 8802.0 2565.0
336 9072.0 3375.0
337 7884.0 3915.0
338 4806.0 4725.0
339 7830.0 2295.0
340 6210.0 2025.0
341 2430.0 1755.0
342 3942.0 1755.0
343 6804.0 2835.0
344 6750.0 4725.0
345 9234.0 5805.0
346 8370.0 6345.0
347 5994.0 6345.0
348 4266.0 6615.0
349 3456.0 6075.0
350 1674.0 5535.0
351 1890.0 4185.0
352 1674.0 3375.0
353 9234.0 3645.0
354 6372.0 4185.0
355 8154.0 1755.0
356 7452.0 1485.0
357 3726.0 1215.0
358 4914.0 1215.0
359 6534.0 3915.0
360 9234.0 4725.0
361 9234.0 5265.0
362 8100.0 6885.0
363 6534.0 6615.0
364 5562.0 6885.0
365 3240.0 6345.0
366 2700.0 5805.0
367 1674.0 4725.0
368 2754.0 3375.0
