Instance ID x_center y_center
0 6910.0 140.0
1 140.0 21420.0
2 140.0 34860.0
3 37150.0 54430.0
4 38270.0 54430.0
5 49470.0 54430.0
6 36030.0 54430.0
7 67390.0 54430.0
8 140.0 22540.0
9 140.0 15820.0
10 140.0 13580.0
11 30430.0 140.0
12 140.0 11340.0
13 42750.0 140.0
14 56190.0 140.0
15 88150.0 11340.0
16 88150.0 18060.0
17 88150.0 25900.0
18 32670.0 140.0
19 140.0 38220.0
20 140.0 39340.0
21 23710.0 54430.0
22 140.0 43820.0
23 25950.0 140.0
24 22590.0 54430.0
25 28190.0 54430.0
26 34910.0 140.0
27 47230.0 140.0
28 58430.0 140.0
29 67390.0 140.0
30 88150.0 13580.0
31 88150.0 30380.0
32 140.0 30380.0
33 140.0 24780.0
34 140.0 25900.0
35 140.0 29260.0
36 140.0 20300.0
37 47230.0 54430.0
38 55070.0 54430.0
39 81950.0 54430.0
40 53950.0 54430.0
41 74110.0 54430.0
42 65150.0 54430.0
43 140.0 18060.0
44 27070.0 140.0
45 36030.0 140.0
46 46110.0 140.0
47 55070.0 140.0
48 88150.0 16940.0
49 88150.0 20300.0
50 88150.0 24780.0
51 52830.0 54430.0
52 140.0 27020.0
53 140.0 28140.0
54 34580.0 37800.0
55 24700.0 35000.0
56 38190.0 29400.0
57 76950.0 29400.0
58 35150.0 29400.0
59 61940.0 46200.0
60 54530.0 46200.0
61 48640.0 43400.0
62 45790.0 40600.0
63 49970.0 46200.0
64 35530.0 9800.0
65 23370.0 12600.0
66 21470.0 15400.0
67 21850.0 21000.0
68 30210.0 15400.0
69 76190.0 18200.0
70 73150.0 9800.0
71 63650.0 9800.0
72 51680.0 9800.0
73 59470.0 12600.0
74 35150.0 26600.0
75 16910.0 26600.0
76 17860.0 26600.0
77 8740.0 29400.0
78 15010.0 23800.0
79 21470.0 23800.0
80 13490.0 32200.0
81 7410.0 26600.0
82 8930.0 26600.0
83 19000.0 26600.0
84 10830.0 29400.0
85 3800.0 26600.0
86 19570.0 23800.0
87 20330.0 43400.0
88 4940.0 26600.0
89 6080.0 26600.0
90 7410.0 29400.0
91 4180.0 29400.0
92 6080.0 29400.0
93 20140.0 18200.0
94 11780.0 15400.0
95 25270.0 15400.0
96 22990.0 21000.0
97 26410.0 15400.0
98 27740.0 18200.0
99 34010.0 12600.0
100 36100.0 7000.0
101 37050.0 9800.0
102 38190.0 12600.0
103 27930.0 9800.0
104 25080.0 9800.0
105 24130.0 9800.0
106 28310.0 12600.0
107 40850.0 15400.0
108 46170.0 18200.0
109 35150.0 12600.0
110 36480.0 12600.0
111 47500.0 15400.0
112 47690.0 18200.0
113 79420.0 18200.0
114 77710.0 18200.0
115 77330.0 21000.0
116 72390.0 21000.0
117 69350.0 12600.0
118 70680.0 12600.0
119 72390.0 12600.0
120 68970.0 15400.0
121 62890.0 21000.0
122 61370.0 12600.0
123 62700.0 7000.0
124 62130.0 9800.0
125 62130.0 15400.0
126 50730.0 9800.0
127 49780.0 9800.0
128 49210.0 12600.0
129 50730.0 12600.0
130 50730.0 15400.0
131 51870.0 21000.0
132 51490.0 23800.0
133 70110.0 18200.0
134 70490.0 21000.0
135 55480.0 21000.0
136 59660.0 15400.0
137 52250.0 12600.0
138 57190.0 15400.0
139 57380.0 21000.0
140 57190.0 23800.0
141 61370.0 23800.0
142 21280.0 43400.0
143 50350.0 43400.0
144 57000.0 43400.0
145 52250.0 43400.0
146 57570.0 40600.0
147 59850.0 37800.0
148 41420.0 43400.0
149 43510.0 43400.0
150 47310.0 40600.0
151 51110.0 37800.0
152 57570.0 37800.0
153 60610.0 46200.0
154 57760.0 43400.0
155 60230.0 43400.0
156 61750.0 43400.0
157 61750.0 40600.0
158 63460.0 46200.0
159 64410.0 40600.0
160 54910.0 37800.0
161 35910.0 40600.0
162 36480.0 37800.0
163 35530.0 37800.0
164 43890.0 37800.0
165 28310.0 35000.0
166 21280.0 32200.0
167 23750.0 35000.0
168 40850.0 35000.0
169 49210.0 35000.0
170 55100.0 29400.0
171 41230.0 29400.0
172 36860.0 29400.0
173 38950.0 32200.0
174 45790.0 29400.0
175 47310.0 29400.0
176 76950.0 26600.0
177 79040.0 29400.0
178 78090.0 29400.0
179 67830.0 29400.0
180 67070.0 26600.0
181 59850.0 29400.0
182 56430.0 29400.0
183 55670.0 26600.0
184 58330.0 26600.0
185 49590.0 29400.0
186 48450.0 29400.0
187 52820.0 29400.0
188 52630.0 32200.0
189 45220.0 37800.0
190 42560.0 35000.0
191 46360.0 37800.0
192 52630.0 35000.0
193 53770.0 35000.0
194 53960.0 43400.0
195 54910.0 40600.0
196 65170.0 46200.0
197 67640.0 43400.0
198 64980.0 43400.0
199 56050.0 40600.0
200 51490.0 35000.0
201 38950.0 35000.0
202 32490.0 26600.0
203 22610.0 26600.0
204 25080.0 23800.0
205 27360.0 21000.0
206 27360.0 26600.0
207 25460.0 21000.0
208 20330.0 26600.0
209 29260.0 18200.0
210 24130.0 21000.0
211 21470.0 26600.0
212 31730.0 21000.0
213 8740.0 18200.0
214 3420.0 18200.0
215 5890.0 18200.0
216 25650.0 29400.0
217 26030.0 32200.0
218 25840.0 35000.0
219 49210.0 15400.0
220 53010.0 15400.0
221 53960.0 15400.0
222 50160.0 18200.0
223 54150.0 18200.0
224 61940.0 29400.0
225 61560.0 32200.0
226 60610.0 32200.0
227 58140.0 29400.0
228 58520.0 32200.0
229 59470.0 32200.0
230 45980.0 35000.0
231 27930.0 23800.0
232 27170.0 37800.0
233 25650.0 37800.0
234 23750.0 37800.0
235 11400.0 35000.0
236 3800.0 37800.0
237 6270.0 37800.0
238 33440.0 40600.0
239 34200.0 18200.0
240 23180.0 15400.0
241 30020.0 21000.0
242 35340.0 18200.0
243 30210.0 12600.0
244 31920.0 15400.0
245 39520.0 18200.0
246 38190.0 18200.0
247 43130.0 15400.0
248 43700.0 18200.0
249 62890.0 18200.0
250 64980.0 21000.0
251 49590.0 21000.0
252 47690.0 21000.0
253 64790.0 15400.0
254 67450.0 18200.0
255 68400.0 21000.0
256 40280.0 12600.0
257 47310.0 12600.0
258 59280.0 21000.0
259 66690.0 21000.0
260 71630.0 23800.0
261 47120.0 32200.0
262 48830.0 32200.0
263 70680.0 32200.0
264 70110.0 26600.0
265 67450.0 23800.0
266 71060.0 26600.0
267 72010.0 32200.0
268 72390.0 35000.0
269 73910.0 35000.0
270 42940.0 32200.0
271 44080.0 35000.0
272 72010.0 26600.0
273 70490.0 29400.0
274 69540.0 32200.0
275 71060.0 37800.0
276 78090.0 37800.0
277 76570.0 35000.0
278 74480.0 37800.0
279 75620.0 37800.0
280 76950.0 37800.0
281 34770.0 40600.0
282 32110.0 40600.0
283 22610.0 40600.0
284 11020.0 40600.0
285 5320.0 40600.0
286 6650.0 40600.0
287 36100.0 43400.0
288 53960.0 21000.0
289 53960.0 23800.0
290 54150.0 26600.0
291 53960.0 32200.0
292 54910.0 32200.0
293 53010.0 26600.0
294 50160.0 23800.0
295 51870.0 26600.0
296 56050.0 32200.0
297 54910.0 35000.0
298 57000.0 32200.0
299 56240.0 35000.0
300 56430.0 37800.0
301 40470.0 43400.0
302 34770.0 43400.0
303 30970.0 43400.0
304 26980.0 40600.0
305 25460.0 40600.0
306 28690.0 43400.0
307 39140.0 43400.0
308 61750.0 35000.0
309 64980.0 35000.0
310 65550.0 32200.0
311 64410.0 23800.0
312 64600.0 29400.0
313 44650.0 18200.0
314 58330.0 18200.0
315 63270.0 29400.0
316 68780.0 26600.0
317 66310.0 29400.0
318 48640.0 40600.0
319 47880.0 37800.0
320 67260.0 37800.0
321 68400.0 32200.0
322 68400.0 35000.0
323 67070.0 35000.0
324 66120.0 35000.0
325 66310.0 37800.0
326 65170.0 37800.0
327 63840.0 37800.0
328 62130.0 37800.0
329 35530.0 46200.0
330 34390.0 46200.0
331 27550.0 46200.0
332 18620.0 43400.0
333 12160.0 43400.0
334 17290.0 43400.0
335 39520.0 46200.0
336 57760.0 35000.0
337 62510.0 32200.0
338 63650.0 32200.0
339 66880.0 40600.0
340 57760.0 32200.0
341 59090.0 35000.0
342 53390.0 37800.0
343 52820.0 40600.0
344 53770.0 40600.0
345 59090.0 40600.0
346 65740.0 40600.0
347 60800.0 40600.0
348 63080.0 40600.0
349 63270.0 43400.0
350 42370.0 46200.0
351 39330.0 49000.0
352 25270.0 46200.0
353 23940.0 46200.0
354 22040.0 46200.0
355 20330.0 46200.0
356 38000.0 46200.0
357 67830.0 40600.0
358 68400.0 37800.0
359 72200.0 37800.0
360 73530.0 37800.0
361 70110.0 37800.0
362 66500.0 43400.0
363 69160.0 40600.0
364 70490.0 40600.0
365 73720.0 43400.0
366 73150.0 40600.0
367 70870.0 43400.0
368 71820.0 40600.0
369 69350.0 43400.0
370 40850.0 46200.0
371 36670.0 46200.0
372 30210.0 46200.0
373 31540.0 46200.0
374 28880.0 49000.0
375 27550.0 49000.0
376 31920.0 18200.0
377 30400.0 18200.0
378 26220.0 18200.0
379 24700.0 18200.0
380 22610.0 18200.0
381 10260.0 18200.0
382 3800.0 15400.0
383 6270.0 12600.0
384 28120.0 15400.0
385 26600.0 12600.0
386 24700.0 12600.0
387 21850.0 12600.0
388 8360.0 12600.0
389 3420.0 12600.0
390 4750.0 12600.0
391 38000.0 15400.0
392 36100.0 15400.0
393 34200.0 15400.0
394 31350.0 12600.0
395 33060.0 7000.0
396 33820.0 4200.0
397 32490.0 4200.0
398 45600.0 15400.0
399 45220.0 12600.0
400 43700.0 12600.0
401 42370.0 12600.0
402 45980.0 4200.0
403 44460.0 4200.0
404 41990.0 4200.0
405 59470.0 18200.0
406 55480.0 15400.0
407 55860.0 18200.0
408 57190.0 18200.0
409 57000.0 12600.0
410 55480.0 12600.0
411 54150.0 12600.0
412 60040.0 4200.0
413 58520.0 4200.0
414 53770.0 7000.0
415 65740.0 18200.0
416 72960.0 15400.0
417 74100.0 12600.0
418 77330.0 12600.0
419 85120.0 12600.0
420 82460.0 12600.0
421 79230.0 12600.0
422 73910.0 23800.0
423 69160.0 23800.0
424 73910.0 21000.0
425 73720.0 18200.0
426 75620.0 21000.0
427 78090.0 23800.0
428 83980.0 18200.0
429 82460.0 18200.0
430 81130.0 18200.0
431 65550.0 26600.0
432 60420.0 21000.0
433 65930.0 23800.0
434 73340.0 26600.0
435 74860.0 26600.0
436 76570.0 23800.0
437 82460.0 29400.0
438 82460.0 23800.0
439 79990.0 23800.0
440 38760.0 26600.0
441 36670.0 18200.0
442 43890.0 21000.0
443 43700.0 23800.0
444 49400.0 23800.0
445 42750.0 18200.0
446 46170.0 21000.0
447 46930.0 23800.0
448 45600.0 23800.0
449 45980.0 26600.0
450 41230.0 26600.0
451 40090.0 26600.0
452 37430.0 26600.0
453 34200.0 23800.0
454 34200.0 21000.0
455 36290.0 21000.0
456 23750.0 32200.0
457 17670.0 32200.0
458 11970.0 21000.0
459 16910.0 23800.0
460 19950.0 29400.0
461 17670.0 18200.0
462 13870.0 35000.0
463 20520.0 35000.0
464 18810.0 35000.0
465 18050.0 37800.0
466 37050.0 49000.0
467 37620.0 37800.0
468 37050.0 35000.0
469 34010.0 35000.0
470 38190.0 49000.0
471 27170.0 7000.0
472 37620.0 43400.0
473 37810.0 40600.0
474 41610.0 37800.0
475 79610.0 35000.0
476 46550.0 49000.0
477 45220.0 43400.0
478 46930.0 43400.0
479 47690.0 46200.0
480 42750.0 49000.0
481 55860.0 43400.0
482 56050.0 46200.0
483 58330.0 46200.0
484 66310.0 49000.0
485 67450.0 46200.0
486 70490.0 46200.0
487 11210.0 12600.0
488 14250.0 12600.0
489 16530.0 12600.0
490 24890.0 4200.0
491 23560.0 7000.0
492 21850.0 7000.0
493 22230.0 9800.0
494 35150.0 4200.0
495 34960.0 7000.0
496 28690.0 7000.0
497 30970.0 7000.0
498 47310.0 4200.0
499 49780.0 7000.0
500 48070.0 7000.0
501 45790.0 7000.0
502 61370.0 4200.0
503 61560.0 7000.0
504 59850.0 7000.0
505 56810.0 7000.0
506 68210.0 4200.0
507 70680.0 7000.0
508 66310.0 7000.0
509 68590.0 7000.0
510 83410.0 15400.0
511 80560.0 12600.0
512 75810.0 12600.0
513 75050.0 15400.0
514 83790.0 29400.0
515 80180.0 29400.0
516 75810.0 29400.0
517 76190.0 32200.0
518 16530.0 29400.0
519 29260.0 32200.0
520 30590.0 32200.0
521 32490.0 29400.0
522 8930.0 23800.0
523 7030.0 32200.0
524 13110.0 26600.0
525 7410.0 21000.0
526 7410.0 35000.0
527 8170.0 43400.0
528 24890.0 43400.0
529 15390.0 46200.0
530 21090.0 49000.0
531 33250.0 49000.0
532 7790.0 15400.0
533 7410.0 9800.0
534 28690.0 4200.0
535 41230.0 7000.0
536 54530.0 4200.0
537 80750.0 9800.0
538 81890.0 21000.0
539 81510.0 26600.0
540 38190.0 23800.0
541 18050.0 21000.0
542 18810.0 40600.0
543 30970.0 37800.0
544 41990.0 40600.0
545 50350.0 49000.0
546 60230.0 49000.0
547 75810.0 46200.0
548 16530.0 15400.0
549 17670.0 9800.0
550 31730.0 9800.0
551 46170.0 9800.0
552 57950.0 9800.0
553 69350.0 9800.0
554 79610.0 15400.0
555 80750.0 32200.0
556 34390.0 32200.0
