Instance ID x_center y_center
0 6910.0 140.0
1 140.0 21420.0
2 140.0 35980.0
3 31550.0 62260.0
4 23710.0 62260.0
5 25950.0 62260.0
6 36030.0 62260.0
7 43870.0 62260.0
8 140.0 22540.0
9 140.0 18060.0
10 140.0 15820.0
11 29310.0 140.0
12 140.0 16940.0
13 38270.0 140.0
14 48350.0 140.0
15 58430.0 140.0
16 76860.0 21420.0
17 76860.0 27020.0
18 32670.0 140.0
19 140.0 40460.0
20 140.0 41580.0
21 140.0 47180.0
22 16990.0 62260.0
23 23710.0 140.0
24 24830.0 62260.0
25 20350.0 62260.0
26 31550.0 140.0
27 37150.0 140.0
28 53950.0 140.0
29 76860.0 12460.0
30 76860.0 20300.0
31 76860.0 32620.0
32 140.0 33740.0
33 140.0 25900.0
34 140.0 27020.0
35 140.0 30380.0
36 140.0 23660.0
37 40510.0 62260.0
38 41630.0 62260.0
39 64030.0 62260.0
40 47230.0 62260.0
41 56190.0 62260.0
42 49470.0 62260.0
43 24830.0 140.0
44 25950.0 140.0
45 33790.0 140.0
46 42750.0 140.0
47 49470.0 140.0
48 55070.0 140.0
49 76860.0 23660.0
50 76860.0 29260.0
51 42750.0 62260.0
52 140.0 28140.0
53 140.0 29260.0
54 30020.0 37800.0
55 21660.0 37800.0
56 31350.0 32200.0
57 60230.0 32200.0
58 29450.0 32200.0
59 41420.0 51800.0
60 32490.0 54600.0
61 30020.0 46200.0
62 24890.0 43400.0
63 31350.0 46200.0
64 34390.0 9800.0
65 21470.0 9800.0
66 19570.0 18200.0
67 18050.0 18200.0
68 24510.0 18200.0
69 67070.0 18200.0
70 65550.0 9800.0
71 55290.0 9800.0
72 45600.0 9800.0
73 54150.0 12600.0
74 30590.0 29400.0
75 16910.0 29400.0
76 18240.0 29400.0
77 7220.0 29400.0
78 9690.0 23800.0
79 18810.0 23800.0
80 11590.0 37800.0
81 5510.0 32200.0
82 8930.0 29400.0
83 13300.0 26600.0
84 5510.0 29400.0
85 3800.0 29400.0
86 14630.0 26600.0
87 20710.0 51800.0
88 3800.0 23800.0
89 4180.0 26600.0
90 11970.0 26600.0
91 11780.0 32200.0
92 10640.0 32200.0
93 21280.0 21000.0
94 9880.0 18200.0
95 22990.0 18200.0
96 22990.0 21000.0
97 24130.0 21000.0
98 25840.0 21000.0
99 33630.0 12600.0
100 33440.0 7000.0
101 33250.0 9800.0
102 33630.0 15400.0
103 24510.0 12600.0
104 22800.0 9800.0
105 22990.0 12600.0
106 27930.0 15400.0
107 32870.0 18200.0
108 38190.0 18200.0
109 32490.0 12600.0
110 31920.0 15400.0
111 38760.0 15400.0
112 40470.0 18200.0
113 66120.0 21000.0
114 63270.0 21000.0
115 61370.0 23800.0
116 57570.0 23800.0
117 58330.0 12600.0
118 61560.0 12600.0
119 60230.0 12600.0
120 55670.0 15400.0
121 50350.0 23800.0
122 49210.0 9800.0
123 50540.0 4200.0
124 51110.0 9800.0
125 50730.0 15400.0
126 41230.0 9800.0
127 43320.0 9800.0
128 37430.0 9800.0
129 40850.0 12600.0
130 43510.0 15400.0
131 43130.0 23800.0
132 43890.0 26600.0
133 58710.0 21000.0
134 59470.0 23800.0
135 45600.0 23800.0
136 49400.0 15400.0
137 44270.0 9800.0
138 47690.0 12600.0
139 48260.0 23800.0
140 48070.0 26600.0
141 48830.0 29400.0
142 21660.0 51800.0
143 33250.0 46200.0
144 38380.0 46200.0
145 34770.0 46200.0
146 39710.0 46200.0
147 45790.0 43400.0
148 21280.0 49000.0
149 22610.0 49000.0
150 27930.0 43400.0
151 35530.0 43400.0
152 44270.0 43400.0
153 37430.0 49000.0
154 35720.0 51800.0
155 36670.0 51800.0
156 40090.0 49000.0
157 46930.0 49000.0
158 46740.0 51800.0
159 45790.0 49000.0
160 41230.0 43400.0
161 29450.0 43400.0
162 30020.0 40600.0
163 30970.0 40600.0
164 35150.0 40600.0
165 20330.0 37800.0
166 19000.0 37800.0
167 24130.0 37800.0
168 34010.0 37800.0
169 39330.0 40600.0
170 43700.0 35000.0
171 34390.0 32200.0
172 32300.0 32200.0
173 32870.0 35000.0
174 37050.0 32200.0
175 46550.0 29400.0
176 58710.0 29400.0
177 60420.0 29400.0
178 61370.0 32200.0
179 54910.0 32200.0
180 52250.0 32200.0
181 47310.0 32200.0
182 43890.0 32200.0
183 41230.0 32200.0
184 41230.0 29400.0
185 39710.0 32200.0
186 38570.0 32200.0
187 42560.0 32200.0
188 41610.0 35000.0
189 37620.0 37800.0
190 35340.0 37800.0
191 36860.0 40600.0
192 40090.0 35000.0
193 40090.0 37800.0
194 37240.0 46200.0
195 41610.0 49000.0
196 45030.0 51800.0
197 49020.0 51800.0
198 44460.0 49000.0
199 43130.0 49000.0
200 38950.0 37800.0
201 26030.0 37800.0
202 28690.0 23800.0
203 16910.0 26600.0
204 21280.0 26600.0
205 22800.0 23800.0
206 25080.0 26600.0
207 21280.0 23800.0
208 18430.0 26600.0
209 26220.0 23800.0
210 19950.0 23800.0
211 19950.0 26600.0
212 24130.0 23800.0
213 7980.0 18200.0
214 3800.0 18200.0
215 8550.0 23800.0
216 22230.0 29400.0
217 23370.0 32200.0
218 22800.0 37800.0
219 41990.0 15400.0
220 43510.0 18200.0
221 44460.0 18200.0
222 42180.0 18200.0
223 45790.0 18200.0
224 49020.0 32200.0
225 50160.0 32200.0
226 50350.0 35000.0
227 45600.0 32200.0
228 45220.0 35000.0
229 45790.0 37800.0
230 43700.0 37800.0
231 27170.0 29400.0
232 33630.0 40600.0
233 22610.0 40600.0
234 21470.0 40600.0
235 10260.0 37800.0
236 4560.0 40600.0
237 5890.0 40600.0
238 30780.0 43400.0
239 31540.0 18200.0
240 21280.0 18200.0
241 26980.0 21000.0
242 30780.0 21000.0
243 24510.0 15400.0
244 25840.0 15400.0
245 34200.0 18200.0
246 34010.0 21000.0
247 36670.0 18200.0
248 36860.0 21000.0
249 50350.0 18200.0
250 47500.0 21000.0
251 41230.0 21000.0
252 39330.0 21000.0
253 53390.0 15400.0
254 52250.0 15400.0
255 52440.0 21000.0
256 35340.0 12600.0
257 38190.0 12600.0
258 48640.0 21000.0
259 50730.0 21000.0
260 53770.0 23800.0
261 44460.0 35000.0
262 47690.0 35000.0
263 54340.0 35000.0
264 53770.0 26600.0
265 53010.0 29400.0
266 53580.0 32200.0
267 55290.0 35000.0
268 55670.0 37800.0
269 57190.0 37800.0
270 36100.0 35000.0
271 36480.0 37800.0
272 57190.0 29400.0
273 56430.0 32200.0
274 53960.0 37800.0
275 55100.0 40600.0
276 56050.0 40600.0
277 58710.0 40600.0
278 59660.0 40600.0
279 57380.0 40600.0
280 57950.0 43400.0
281 33250.0 43400.0
282 32110.0 43400.0
283 26030.0 43400.0
284 12540.0 40600.0
285 10640.0 40600.0
286 10830.0 43400.0
287 23940.0 46200.0
288 45220.0 26600.0
289 44840.0 29400.0
290 43510.0 29400.0
291 41040.0 37800.0
292 41990.0 37800.0
293 42370.0 26600.0
294 40280.0 26600.0
295 41230.0 26600.0
296 41610.0 40600.0
297 42750.0 40600.0
298 47880.0 40600.0
299 44080.0 40600.0
300 42750.0 43400.0
301 29070.0 46200.0
302 25270.0 46200.0
303 18810.0 49000.0
304 12540.0 46200.0
305 9880.0 46200.0
306 11210.0 46200.0
307 30780.0 49000.0
308 49970.0 40600.0
309 50160.0 37800.0
310 51870.0 37800.0
311 46930.0 23800.0
312 51680.0 35000.0
313 37810.0 15400.0
314 47310.0 15400.0
315 49210.0 35000.0
316 52440.0 26600.0
317 53010.0 35000.0
318 35720.0 46200.0
319 38000.0 43400.0
320 48640.0 40600.0
321 53960.0 40600.0
322 51680.0 40600.0
323 53010.0 40600.0
324 52440.0 43400.0
325 48830.0 43400.0
326 48070.0 46200.0
327 47500.0 43400.0
328 46550.0 46200.0
329 34770.0 49000.0
330 32110.0 49000.0
331 20330.0 49000.0
332 18240.0 51800.0
333 18240.0 54600.0
334 19570.0 51800.0
335 30780.0 51800.0
336 46740.0 40600.0
337 47690.0 37800.0
338 48830.0 37800.0
339 51680.0 49000.0
340 46740.0 37800.0
341 45410.0 40600.0
342 39710.0 43400.0
343 41040.0 46200.0
344 41990.0 46200.0
345 44650.0 46200.0
346 50540.0 49000.0
347 47880.0 49000.0
348 49020.0 49000.0
349 50350.0 51800.0
350 33630.0 51800.0
351 29450.0 51800.0
352 27930.0 51800.0
353 29640.0 54600.0
354 25460.0 54600.0
355 27170.0 54600.0
356 32300.0 51800.0
357 49210.0 46200.0
358 50540.0 43400.0
359 54720.0 43400.0
360 55670.0 46200.0
361 53390.0 43400.0
362 43320.0 46200.0
363 50540.0 46200.0
364 52630.0 46200.0
365 53960.0 46200.0
366 55290.0 49000.0
367 52630.0 49000.0
368 53960.0 49000.0
369 52250.0 51800.0
370 34770.0 51800.0
371 31350.0 54600.0
372 24130.0 54600.0
373 22800.0 54600.0
374 20520.0 54600.0
375 23370.0 57400.0
376 28500.0 21000.0
377 28120.0 18200.0
378 22800.0 15400.0
379 20520.0 15400.0
380 18810.0 15400.0
381 6080.0 18200.0
382 5320.0 23800.0
383 5130.0 12600.0
384 26600.0 18200.0
385 26220.0 12600.0
386 21660.0 12600.0
387 19950.0 12600.0
388 11020.0 15400.0
389 10260.0 12600.0
390 11590.0 12600.0
391 35720.0 15400.0
392 31160.0 12600.0
393 29640.0 12600.0
394 27930.0 12600.0
395 30020.0 7000.0
396 28500.0 7000.0
397 27170.0 7000.0
398 40280.0 15400.0
399 45220.0 12600.0
400 43700.0 12600.0
401 42370.0 12600.0
402 44840.0 7000.0
403 42560.0 4200.0
404 42370.0 9800.0
405 48070.0 18200.0
406 44840.0 15400.0
407 45980.0 15400.0
408 48450.0 15400.0
409 51300.0 12600.0
410 49780.0 12600.0
411 46550.0 9800.0
412 49020.0 7000.0
413 47500.0 7000.0
414 46170.0 7000.0
415 53580.0 18200.0
416 56240.0 12600.0
417 56620.0 9800.0
418 57950.0 9800.0
419 59280.0 9800.0
420 59280.0 4200.0
421 57950.0 4200.0
422 56050.0 21000.0
423 53960.0 21000.0
424 56050.0 23800.0
425 57380.0 21000.0
426 60040.0 21000.0
427 61370.0 21000.0
428 67260.0 21000.0
429 70300.0 23800.0
430 68590.0 21000.0
431 54530.0 29400.0
432 51300.0 29400.0
433 55670.0 29400.0
434 57380.0 26600.0
435 58900.0 26600.0
436 60610.0 26600.0
437 66120.0 26600.0
438 69160.0 29400.0
439 61370.0 29400.0
440 33060.0 29400.0
441 32110.0 21000.0
442 35910.0 21000.0
443 36480.0 23800.0
444 50920.0 26600.0
445 35150.0 18200.0
446 37810.0 21000.0
447 37810.0 23800.0
448 38000.0 26600.0
449 38380.0 29400.0
450 35530.0 29400.0
451 34390.0 29400.0
452 34010.0 23800.0
453 35720.0 26600.0
454 32680.0 23800.0
455 31350.0 23800.0
456 21090.0 32200.0
457 61750.0 37800.0
458 11590.0 21000.0
459 14250.0 23800.0
460 17290.0 35000.0
461 15770.0 18200.0
462 13490.0 35000.0
463 13300.0 37800.0
464 15010.0 37800.0
465 17290.0 37800.0
466 32490.0 57400.0
467 32300.0 40600.0
468 32110.0 37800.0
469 28310.0 37800.0
470 22610.0 51800.0
471 60610.0 49000.0
472 23180.0 43400.0
473 21470.0 43400.0
474 21850.0 46200.0
475 16910.0 32200.0
476 24890.0 57400.0
477 24320.0 51800.0
478 26410.0 51800.0
479 27170.0 46200.0
480 34390.0 57400.0
481 34960.0 54600.0
482 36670.0 54600.0
483 38950.0 54600.0
484 43130.0 51800.0
485 44650.0 54600.0
486 42370.0 54600.0
487 12350.0 18200.0
488 13490.0 15400.0
489 16150.0 15400.0
490 23750.0 4200.0
491 22800.0 7000.0
492 20710.0 7000.0
493 18430.0 7000.0
494 32110.0 4200.0
495 32300.0 7000.0
496 24510.0 7000.0
497 24890.0 9800.0
498 34770.0 4200.0
499 34960.0 7000.0
500 36670.0 7000.0
501 39330.0 9800.0
502 54910.0 4200.0
503 52820.0 4200.0
504 51110.0 7000.0
505 53390.0 9800.0
506 68970.0 12600.0
507 64220.0 15400.0
508 61370.0 9800.0
509 63650.0 9800.0
510 69730.0 21000.0
511 64980.0 21000.0
512 59850.0 15400.0
513 62130.0 15400.0
514 66690.0 32200.0
515 63460.0 32200.0
516 57190.0 35000.0
517 58330.0 32200.0
518 20710.0 35000.0
519 24700.0 35000.0
520 25270.0 32200.0
521 27170.0 32200.0
522 8170.0 26600.0
523 9690.0 35000.0
524 13110.0 29400.0
525 6650.0 21000.0
526 6270.0 37800.0
527 14630.0 43400.0
528 10830.0 49000.0
529 14250.0 51800.0
530 28690.0 57400.0
531 19190.0 57400.0
532 6270.0 15400.0
533 10070.0 9800.0
534 27930.0 4200.0
535 38570.0 4200.0
536 46930.0 4200.0
537 61750.0 7000.0
538 65550.0 23800.0
539 65170.0 29400.0
540 31730.0 26600.0
541 16910.0 21000.0
542 17670.0 40600.0
543 26410.0 40600.0
544 17290.0 46200.0
545 26790.0 49000.0
546 38190.0 57400.0
547 47310.0 57400.0
548 16150.0 12600.0
549 17670.0 9800.0
550 29450.0 9800.0
551 40850.0 7000.0
552 55290.0 7000.0
553 65170.0 12600.0
554 63270.0 18200.0
555 60990.0 35000.0
556 28690.0 35000.0
