Instance ID x_center y_center
0 140.0 55020.0
1 140.0 25900.0
2 140.0 38220.0
3 37150.0 61920.0
4 25950.0 61920.0
5 34910.0 61920.0
6 38270.0 61920.0
7 48350.0 61920.0
8 140.0 28140.0
9 140.0 21420.0
10 140.0 19180.0
11 28190.0 140.0
12 140.0 16940.0
13 38270.0 140.0
14 50590.0 140.0
15 86800.0 12460.0
16 86800.0 14700.0
17 86800.0 27020.0
18 41630.0 140.0
19 140.0 37100.0
20 140.0 41580.0
21 140.0 46060.0
22 140.0 50540.0
23 23710.0 140.0
24 27070.0 61920.0
25 29310.0 61920.0
26 29310.0 140.0
27 39390.0 140.0
28 51710.0 140.0
29 60670.0 140.0
30 61790.0 140.0
31 86800.0 31500.0
32 36030.0 61920.0
33 33790.0 140.0
34 140.0 29260.0
35 140.0 32620.0
36 140.0 27020.0
37 50590.0 61920.0
38 51710.0 61920.0
39 86800.0 42700.0
40 55070.0 61920.0
41 67390.0 61920.0
42 60670.0 61920.0
43 140.0 23660.0
44 140.0 20300.0
45 34910.0 140.0
46 42750.0 140.0
47 53950.0 140.0
48 86800.0 20300.0
49 86800.0 21420.0
50 86800.0 28140.0
51 86800.0 32620.0
52 140.0 31500.0
53 140.0 30380.0
54 39140.0 40600.0
55 28500.0 37800.0
56 41610.0 35000.0
57 70870.0 32200.0
58 33250.0 35000.0
59 47880.0 49000.0
60 41990.0 54600.0
61 36860.0 46200.0
62 25270.0 46200.0
63 35910.0 49000.0
64 32870.0 9800.0
65 22610.0 12600.0
66 22610.0 18200.0
67 22990.0 23800.0
68 30210.0 21000.0
69 68210.0 18200.0
70 67450.0 9800.0
71 57190.0 4200.0
72 43320.0 12600.0
73 57570.0 12600.0
74 32490.0 32200.0
75 19190.0 32200.0
76 27360.0 29400.0
77 11400.0 29400.0
78 27550.0 23800.0
79 31350.0 26600.0
80 15390.0 37800.0
81 9310.0 29400.0
82 11210.0 32200.0
83 23940.0 29400.0
84 13110.0 29400.0
85 3800.0 29400.0
86 30210.0 23800.0
87 26790.0 49000.0
88 7220.0 29400.0
89 6080.0 29400.0
90 5130.0 35000.0
91 9880.0 32200.0
92 8740.0 35000.0
93 18240.0 26600.0
94 10260.0 21000.0
95 28690.0 18200.0
96 25270.0 23800.0
97 27170.0 21000.0
98 28500.0 21000.0
99 34390.0 12600.0
100 31920.0 9800.0
101 34010.0 9800.0
102 37430.0 15400.0
103 26030.0 15400.0
104 24320.0 15400.0
105 23750.0 12600.0
106 27550.0 15400.0
107 38950.0 18200.0
108 41990.0 18200.0
109 34010.0 15400.0
110 32680.0 15400.0
111 41040.0 18200.0
112 43510.0 18200.0
113 71820.0 15400.0
114 66310.0 18200.0
115 71630.0 18200.0
116 67830.0 21000.0
117 66310.0 12600.0
118 66500.0 9800.0
119 64410.0 9800.0
120 60230.0 18200.0
121 60230.0 23800.0
122 54150.0 9800.0
123 52820.0 9800.0
124 55670.0 4200.0
125 55670.0 12600.0
126 46550.0 9800.0
127 44840.0 7000.0
128 45410.0 9800.0
129 46930.0 12600.0
130 47310.0 18200.0
131 52250.0 23800.0
132 50730.0 26600.0
133 64790.0 18200.0
134 64790.0 21000.0
135 55480.0 23800.0
136 52060.0 9800.0
137 45410.0 12600.0
138 51870.0 12600.0
139 56240.0 23800.0
140 57190.0 26600.0
141 61370.0 26600.0
142 21660.0 49000.0
143 42370.0 46200.0
144 47880.0 46200.0
145 43890.0 46200.0
146 49210.0 46200.0
147 53770.0 46200.0
148 25840.0 43400.0
149 27550.0 43400.0
150 29830.0 43400.0
151 44650.0 43400.0
152 53010.0 40600.0
153 41990.0 49000.0
154 42180.0 51800.0
155 43890.0 49000.0
156 46550.0 49000.0
157 54150.0 49000.0
158 53960.0 51800.0
159 52630.0 49000.0
160 50730.0 43400.0
161 40090.0 37800.0
162 38760.0 37800.0
163 40470.0 40600.0
164 43510.0 40600.0
165 27170.0 37800.0
166 25080.0 35000.0
167 30970.0 37800.0
168 43130.0 37800.0
169 56810.0 40600.0
170 53960.0 35000.0
171 44650.0 32200.0
172 39140.0 32200.0
173 41990.0 32200.0
174 47310.0 32200.0
175 52250.0 32200.0
176 69350.0 29400.0
177 70680.0 29400.0
178 69730.0 32200.0
179 66690.0 29400.0
180 64790.0 29400.0
181 57570.0 32200.0
182 53770.0 32200.0
183 50730.0 32200.0
184 49210.0 29400.0
185 46930.0 29400.0
186 48830.0 32200.0
187 50540.0 35000.0
188 51870.0 35000.0
189 44840.0 40600.0
190 44840.0 37800.0
191 45980.0 40600.0
192 50730.0 37800.0
193 49590.0 37800.0
194 46740.0 46200.0
195 50730.0 46200.0
196 49970.0 51800.0
197 56240.0 51800.0
198 51680.0 51800.0
199 51110.0 49000.0
200 48450.0 37800.0
201 33250.0 37800.0
202 34390.0 26600.0
203 23370.0 26600.0
204 24320.0 26600.0
205 21660.0 26600.0
206 31160.0 29400.0
207 20140.0 26600.0
208 30210.0 26600.0
209 32680.0 23800.0
210 15770.0 26600.0
211 28690.0 23800.0
212 31350.0 23800.0
213 9880.0 26600.0
214 6080.0 26600.0
215 7410.0 26600.0
216 28310.0 32200.0
217 29450.0 35000.0
218 29640.0 37800.0
219 48830.0 18200.0
220 51110.0 18200.0
221 51680.0 21000.0
222 46360.0 21000.0
223 53010.0 21000.0
224 59280.0 32200.0
225 58900.0 35000.0
226 57950.0 35000.0
227 55480.0 32200.0
228 55860.0 37800.0
229 56810.0 37800.0
230 54340.0 37800.0
231 27170.0 26600.0
232 30970.0 40600.0
233 29450.0 40600.0
234 20710.0 40600.0
235 10640.0 35000.0
236 6840.0 35000.0
237 7030.0 40600.0
238 39900.0 43400.0
239 36860.0 18200.0
240 24700.0 18200.0
241 26220.0 23800.0
242 36100.0 21000.0
243 29070.0 15400.0
244 30020.0 18200.0
245 40280.0 21000.0
246 38950.0 21000.0
247 45410.0 18200.0
248 44460.0 21000.0
249 56430.0 21000.0
250 58520.0 21000.0
251 49590.0 23800.0
252 50350.0 21000.0
253 59850.0 12600.0
254 59470.0 15400.0
255 58140.0 18200.0
256 45220.0 15400.0
257 47690.0 15400.0
258 54340.0 21000.0
259 60230.0 21000.0
260 68210.0 23800.0
261 57000.0 35000.0
262 60230.0 35000.0
263 65360.0 37800.0
264 64410.0 23800.0
265 64410.0 26600.0
266 65740.0 32200.0
267 66310.0 37800.0
268 67450.0 37800.0
269 68970.0 40600.0
270 45600.0 35000.0
271 46360.0 37800.0
272 67450.0 26600.0
273 66310.0 26600.0
274 63460.0 37800.0
275 64980.0 40600.0
276 69350.0 43400.0
277 68210.0 43400.0
278 65740.0 40600.0
279 66880.0 40600.0
280 67070.0 43400.0
281 42370.0 43400.0
282 38570.0 43400.0
283 17670.0 43400.0
284 19380.0 40600.0
285 13680.0 43400.0
286 15390.0 43400.0
287 28120.0 46200.0
288 53580.0 23800.0
289 53960.0 26600.0
290 53770.0 29400.0
291 51680.0 37800.0
292 52630.0 37800.0
293 52630.0 29400.0
294 49400.0 26600.0
295 51490.0 29400.0
296 49590.0 40600.0
297 48450.0 40600.0
298 52060.0 40600.0
299 50920.0 40600.0
300 49210.0 43400.0
301 29450.0 46200.0
302 26410.0 46200.0
303 15770.0 46200.0
304 10260.0 43400.0
305 7980.0 46200.0
306 10070.0 49000.0
307 39520.0 46200.0
308 59470.0 40600.0
309 61940.0 37800.0
310 62130.0 35000.0
311 57570.0 23800.0
312 58140.0 29400.0
313 49970.0 18200.0
314 52250.0 18200.0
315 56810.0 29400.0
316 60420.0 29400.0
317 61370.0 32200.0
318 46740.0 43400.0
319 47880.0 43400.0
320 53200.0 43400.0
321 61180.0 37800.0
322 60800.0 43400.0
323 60990.0 40600.0
324 59660.0 43400.0
325 58710.0 43400.0
326 57570.0 43400.0
327 56240.0 43400.0
328 56430.0 46200.0
329 40850.0 46200.0
330 38190.0 46200.0
331 16150.0 49000.0
332 18240.0 49000.0
333 11400.0 49000.0
334 11970.0 51800.0
335 40280.0 49000.0
336 54340.0 40600.0
337 57950.0 37800.0
338 59090.0 37800.0
339 60420.0 49000.0
340 53960.0 43400.0
341 54910.0 43400.0
342 52250.0 43400.0
343 51680.0 46200.0
344 52630.0 46200.0
345 54910.0 46200.0
346 58140.0 49000.0
347 55480.0 49000.0
348 56620.0 49000.0
349 57950.0 51800.0
350 43130.0 51800.0
351 41230.0 51800.0
352 31350.0 51800.0
353 27740.0 51800.0
354 28500.0 54600.0
355 29070.0 51800.0
356 38000.0 49000.0
357 57950.0 46200.0
358 62320.0 43400.0
359 64980.0 43400.0
360 65930.0 46200.0
361 63650.0 43400.0
362 49400.0 49000.0
363 60040.0 46200.0
364 62130.0 46200.0
365 63080.0 46200.0
366 63650.0 49000.0
367 60230.0 51800.0
368 62320.0 49000.0
369 61750.0 51800.0
370 39710.0 51800.0
371 37050.0 51800.0
372 33630.0 51800.0
373 33060.0 54600.0
374 30020.0 54600.0
375 31350.0 54600.0
376 25460.0 21000.0
377 23940.0 21000.0
378 22040.0 21000.0
379 20520.0 21000.0
380 19190.0 21000.0
381 11020.0 18200.0
382 6460.0 18200.0
383 5130.0 18200.0
384 26980.0 18200.0
385 23180.0 15400.0
386 21280.0 15400.0
387 19570.0 15400.0
388 10260.0 15400.0
389 7980.0 18200.0
390 8170.0 15400.0
391 39520.0 15400.0
392 35340.0 15400.0
393 33820.0 18200.0
394 31730.0 18200.0
395 31160.0 15400.0
396 31540.0 12600.0
397 32870.0 12600.0
398 43700.0 15400.0
399 41800.0 15400.0
400 42180.0 12600.0
401 40850.0 12600.0
402 37620.0 7000.0
403 36100.0 4200.0
404 39330.0 7000.0
405 56050.0 18200.0
406 52820.0 15400.0
407 53580.0 18200.0
408 54910.0 18200.0
409 53960.0 15400.0
410 53960.0 12600.0
411 49210.0 12600.0
412 49400.0 7000.0
413 51680.0 4200.0
414 47690.0 7000.0
415 62700.0 21000.0
416 69920.0 18200.0
417 69540.0 12600.0
418 70870.0 12600.0
419 76380.0 12600.0
420 79040.0 12600.0
421 72010.0 12600.0
422 70490.0 23800.0
423 65740.0 23800.0
424 69730.0 21000.0
425 71060.0 21000.0
426 72580.0 21000.0
427 72770.0 15400.0
428 77520.0 15400.0
429 80560.0 18200.0
430 75050.0 15400.0
431 63270.0 29400.0
432 61940.0 29400.0
433 62890.0 32200.0
434 69540.0 26600.0
435 71060.0 26600.0
436 72390.0 23800.0
437 76380.0 23800.0
438 77900.0 23800.0
439 74290.0 23800.0
440 40280.0 32200.0
441 37430.0 21000.0
442 44270.0 23800.0
443 45600.0 23800.0
444 55860.0 29400.0
445 43510.0 21000.0
446 47690.0 21000.0
447 46930.0 23800.0
448 45980.0 26600.0
449 45220.0 29400.0
450 42750.0 29400.0
451 40470.0 29400.0
452 41610.0 29400.0
453 40660.0 23800.0
454 42180.0 23800.0
455 43130.0 26600.0
456 27170.0 35000.0
457 13870.0 35000.0
458 11590.0 23800.0
459 14630.0 21000.0
460 18810.0 35000.0
461 16910.0 21000.0
462 24130.0 35000.0
463 22420.0 35000.0
464 21850.0 37800.0
465 24130.0 37800.0
466 36290.0 54600.0
467 37620.0 40600.0
468 35910.0 40600.0
469 33250.0 40600.0
470 25270.0 57400.0
471 33250.0 4200.0
472 24700.0 43400.0
473 23750.0 46200.0
474 22610.0 43400.0
475 18430.0 37800.0
476 34770.0 57400.0
477 34200.0 49000.0
478 29830.0 49000.0
479 32110.0 49000.0
480 44270.0 57400.0
481 43320.0 54600.0
482 40470.0 54600.0
483 38190.0 54600.0
484 48070.0 57400.0
485 45790.0 54600.0
486 46550.0 51800.0
487 12730.0 15400.0
488 15010.0 15400.0
489 17290.0 15400.0
490 24130.0 4200.0
491 24320.0 9800.0
492 21090.0 9800.0
493 18810.0 9800.0
494 30970.0 4200.0
495 34580.0 4200.0
496 34770.0 7000.0
497 29830.0 9800.0
498 43890.0 4200.0
499 43700.0 7000.0
500 41610.0 7000.0
501 42370.0 9800.0
502 53390.0 4200.0
503 53200.0 7000.0
504 51490.0 7000.0
505 56430.0 9800.0
506 61370.0 4200.0
507 61180.0 7000.0
508 59850.0 9800.0
509 62130.0 9800.0
510 62510.0 4200.0
511 62700.0 15400.0
512 61370.0 12600.0
513 63650.0 12600.0
514 67070.0 32200.0
515 64220.0 32200.0
516 64410.0 35000.0
517 66310.0 35000.0
518 36290.0 37800.0
519 37620.0 37800.0
520 35150.0 37800.0
521 36670.0 32200.0
522 19950.0 29400.0
523 6270.0 32200.0
524 15390.0 32200.0
525 6650.0 23800.0
526 7030.0 37800.0
527 15010.0 40600.0
528 11970.0 46200.0
529 15770.0 51800.0
530 23750.0 51800.0
531 29830.0 57400.0
532 6270.0 21000.0
533 9690.0 12600.0
534 27550.0 12600.0
535 40090.0 4200.0
536 47690.0 4200.0
537 73150.0 9800.0
538 76570.0 18200.0
539 75430.0 26600.0
540 39330.0 26600.0
541 18810.0 23800.0
542 24890.0 40600.0
543 34770.0 43400.0
544 19570.0 46200.0
545 33250.0 46200.0
546 39710.0 57400.0
547 49970.0 54600.0
548 18810.0 18200.0
549 18810.0 12600.0
550 30590.0 7000.0
551 37810.0 9800.0
552 57190.0 7000.0
553 65930.0 7000.0
554 66690.0 15400.0
555 70870.0 35000.0
556 37430.0 35000.0
