Instance ID x_center y_center
0 42.0 7308.0
1 10749.0 3948.0
2 5964.0 42.0
3 10749.0 3180.0
4 10749.0 2412.0
5 6060.0 42.0
6 7308.0 42.0
7 10749.0 3852.0
8 10749.0 4044.0
9 10749.0 5388.0
10 7308.0 8991.0
11 7212.0 8991.0
12 10749.0 5004.0
13 4812.0 8991.0
14 3468.0 8991.0
15 42.0 5964.0
16 42.0 5100.0
17 42.0 4140.0
18 42.0 3276.0
19 42.0 4716.0
20 10749.0 3084.0
21 6828.0 42.0
22 4044.0 42.0
23 10749.0 6060.0
24 5772.0 42.0
25 6348.0 42.0
26 6252.0 8991.0
27 5580.0 8991.0
28 3756.0 8991.0
29 42.0 6636.0
30 42.0 5676.0
31 42.0 4620.0
32 42.0 3852.0
33 7116.0 8991.0
34 10749.0 4812.0
35 10749.0 4620.0
36 10749.0 4140.0
37 42.0 4332.0
38 3084.0 42.0
39 6636.0 42.0
40 3756.0 42.0
41 5388.0 42.0
42 6156.0 42.0
43 10749.0 5484.0
44 6924.0 8991.0
45 6828.0 8991.0
46 5196.0 8991.0
47 4140.0 8991.0
48 4044.0 8991.0
49 42.0 5004.0
50 42.0 4428.0
51 42.0 3372.0
52 10749.0 4716.0
53 10749.0 4524.0
54 9423.0 4725.0
55 6021.0 4725.0
56 5967.0 4995.0
57 6507.0 5265.0
58 8505.0 5535.0
59 8343.0 3645.0
60 3510.0 4725.0
61 3456.0 4185.0
62 3807.0 4185.0
63 4536.0 3915.0
64 4806.0 3645.0
65 5643.0 5805.0
66 5805.0 5535.0
67 4644.0 6075.0
68 5373.0 6075.0
69 4725.0 5535.0
70 4995.0 5805.0
71 3834.0 4455.0
72 3672.0 3645.0
73 3915.0 3375.0
74 4374.0 3645.0
75 5130.0 3375.0
76 5049.0 2025.0
77 5616.0 2295.0
78 5994.0 2565.0
79 5562.0 3105.0
80 5022.0 1755.0
81 5400.0 2025.0
82 5670.0 2565.0
83 5562.0 3375.0
84 5481.0 3645.0
85 4563.0 6345.0
86 6021.0 3375.0
87 6156.0 3645.0
88 3051.0 5265.0
89 6237.0 6615.0
90 6372.0 4995.0
91 6696.0 4995.0
92 7020.0 4995.0
93 7020.0 4455.0
94 7452.0 4185.0
95 8046.0 4725.0
96 9099.0 4725.0
97 5643.0 4995.0
98 3267.0 3915.0
99 8694.0 4725.0
100 6291.0 4185.0
101 6534.0 4455.0
102 6318.0 4725.0
103 6237.0 6885.0
104 8154.0 4455.0
105 7749.0 4725.0
106 7641.0 4455.0
107 2943.0 3105.0
108 2295.0 3915.0
109 2295.0 5265.0
110 3321.0 6075.0
111 3645.0 6615.0
112 5157.0 6885.0
113 7857.0 6885.0
114 8235.0 6075.0
115 7911.0 5805.0
116 6345.0 3105.0
117 6021.0 1755.0
118 4293.0 1485.0
119 7857.0 2295.0
120 8019.0 3105.0
121 5373.0 4725.0
122 6534.0 4185.0
123 6696.0 3915.0
124 8046.0 3375.0
125 4860.0 3915.0
126 4725.0 3375.0
127 5454.0 2835.0
128 5940.0 3915.0
129 5508.0 3915.0
130 5130.0 4995.0
131 9396.0 4185.0
132 7830.0 4185.0
133 7938.0 3645.0
134 6237.0 3915.0
135 5022.0 5265.0
136 5130.0 4455.0
137 2727.0 6885.0
138 4806.0 4995.0
139 4509.0 5265.0
140 3780.0 3915.0
141 4131.0 3915.0
142 4293.0 4185.0
143 4266.0 4455.0
144 4698.0 4455.0
145 9072.0 3375.0
146 7560.0 3375.0
147 4023.0 3645.0
148 8343.0 4995.0
149 8127.0 5535.0
150 5724.0 6075.0
151 6048.0 6075.0
152 5994.0 5805.0
153 4482.0 4995.0
154 3942.0 5535.0
155 3942.0 4725.0
156 4158.0 4995.0
157 4185.0 5265.0
158 3267.0 4455.0
159 3618.0 3105.0
160 3483.0 2295.0
161 2916.0 2295.0
162 3105.0 2565.0
163 3564.0 2835.0
164 3240.0 2295.0
165 7830.0 2565.0
166 7020.0 1755.0
167 7722.0 2025.0
168 6804.0 2025.0
169 4860.0 2565.0
170 6291.0 2025.0
171 7236.0 2025.0
172 4617.0 2295.0
173 4590.0 2835.0
174 3618.0 2565.0
175 3645.0 2025.0
176 3051.0 6885.0
177 4050.0 3105.0
178 4212.0 3375.0
179 4266.0 1755.0
180 3834.0 2295.0
181 5994.0 1485.0
182 5778.0 1755.0
183 5778.0 2025.0
184 5238.0 2565.0
185 5157.0 2295.0
186 5400.0 1755.0
187 4239.0 2295.0
188 4239.0 2835.0
189 4536.0 3105.0
190 3996.0 2565.0
191 3888.0 2835.0
192 4428.0 2565.0
193 4941.0 2835.0
194 5913.0 2835.0
195 6588.0 3105.0
196 6696.0 3645.0
197 6858.0 2565.0
198 6372.0 2835.0
199 6642.0 5535.0
200 7614.0 5265.0
201 5616.0 5265.0
202 7074.0 5805.0
203 7182.0 5265.0
204 6615.0 5805.0
205 6858.0 6075.0
206 7506.0 6615.0
207 7668.0 6345.0
208 7236.0 6345.0
209 6237.0 5535.0
210 6345.0 6345.0
211 6804.0 6345.0
212 7452.0 7155.0
213 7128.0 7155.0
214 7074.0 6615.0
215 4995.0 6075.0
216 5049.0 6345.0
217 5346.0 6615.0
218 4914.0 6885.0
219 5832.0 6885.0
220 4914.0 6615.0
221 4077.0 6075.0
222 4266.0 6345.0
223 3456.0 6345.0
224 4482.0 6615.0
225 4050.0 6615.0
226 3861.0 5805.0
227 4320.0 5805.0
228 2214.0 5805.0
229 2916.0 6345.0
230 2646.0 5805.0
231 4266.0 5535.0
232 3618.0 5535.0
233 3591.0 5265.0
234 2538.0 4725.0
235 2052.0 5265.0
236 2592.0 5265.0
237 2484.0 4995.0
238 2430.0 4455.0
239 2754.0 3915.0
240 3807.0 4995.0
241 3429.0 4995.0
242 2997.0 4725.0
243 3132.0 4185.0
244 2646.0 4185.0
245 2646.0 3645.0
246 2322.0 3105.0
247 3672.0 3375.0
248 3213.0 3375.0
249 2700.0 3105.0
250 2484.0 3375.0
251 5130.0 5535.0
252 8910.0 3645.0
253 9234.0 3645.0
254 8586.0 3645.0
255 8910.0 4185.0
256 5400.0 4185.0
257 5886.0 1215.0
258 5886.0 4185.0
259 5670.0 4725.0
260 8262.0 3105.0
261 9234.0 2835.0
262 8694.0 3375.0
263 8856.0 2835.0
264 8100.0 2295.0
265 9342.0 2295.0
266 8910.0 2295.0
267 8478.0 2295.0
268 4644.0 1755.0
269 6210.0 1215.0
270 5508.0 1215.0
271 4590.0 1485.0
272 6372.0 1755.0
273 7290.0 1215.0
274 6912.0 1215.0
275 6696.0 1755.0
276 6804.0 3375.0
277 9396.0 3375.0
278 7236.0 3645.0
279 7128.0 3915.0
280 8586.0 4995.0
281 8910.0 4995.0
282 8586.0 5265.0
283 8910.0 5265.0
284 7992.0 6345.0
285 8694.0 6075.0
286 8748.0 6345.0
287 8370.0 6345.0
288 6534.0 6885.0
289 6156.0 7695.0
290 6264.0 7155.0
291 6642.0 7155.0
292 5508.0 6885.0
293 5832.0 7695.0
294 5562.0 7155.0
295 5508.0 7695.0
296 4050.0 6885.0
297 3564.0 7695.0
298 3672.0 6885.0
299 3780.0 7155.0
300 2106.0 6615.0
301 1404.0 6615.0
302 1458.0 6345.0
303 1782.0 6615.0
304 2484.0 5535.0
305 1404.0 5805.0
306 1674.0 5265.0
307 1782.0 5805.0
308 2106.0 4455.0
309 1620.0 3915.0
310 1620.0 4455.0
311 1944.0 3915.0
312 2214.0 3645.0
313 1296.0 3915.0
314 1620.0 3645.0
315 1620.0 3105.0
316 3240.0 2835.0
317 8370.0 5805.0
318 6021.0 3105.0
319 6399.0 2565.0
320 4509.0 2025.0
321 6345.0 2295.0
322 5049.0 3105.0
323 4887.0 4185.0
324 3213.0 3645.0
325 2835.0 4455.0
326 2997.0 4995.0
327 3321.0 5805.0
328 3861.0 6345.0
329 5589.0 6345.0
330 5751.0 6615.0
331 6453.0 6075.0
332 8073.0 5265.0
333 8505.0 4185.0
334 9126.0 4455.0
335 7722.0 4995.0
336 7128.0 4725.0
337 7938.0 3915.0
338 4752.0 4725.0
339 8154.0 2835.0
340 7236.0 2295.0
341 3564.0 1755.0
342 5292.0 1485.0
343 7074.0 2835.0
344 7344.0 5535.0
345 7614.0 6075.0
346 7236.0 6885.0
347 4644.0 7155.0
348 2970.0 6615.0
349 2700.0 6075.0
350 1674.0 4995.0
351 1836.0 4185.0
352 2538.0 2835.0
353 9126.0 3915.0
354 5832.0 4455.0
355 8964.0 3105.0
356 8640.0 2565.0
357 4752.0 1215.0
358 6966.0 1485.0
359 7398.0 3105.0
360 9126.0 5535.0
361 8802.0 6615.0
362 6588.0 7425.0
363 5508.0 7425.0
364 4104.0 7425.0
365 2214.0 6345.0
366 1782.0 5535.0
367 1836.0 4725.0
368 1674.0 3375.0
