Instance ID x_center y_center
0 5790.0 140.0
1 140.0 22540.0
2 140.0 37100.0
3 27070.0 65800.0
4 140.0 46060.0
5 21470.0 65800.0
6 32670.0 65800.0
7 41630.0 65800.0
8 140.0 23660.0
9 140.0 18060.0
10 140.0 14700.0
11 19230.0 140.0
12 140.0 16940.0
13 37150.0 140.0
14 57310.0 140.0
15 72680.0 13580.0
16 72680.0 29260.0
17 72680.0 28140.0
18 140.0 25900.0
19 140.0 39340.0
20 140.0 43820.0
21 140.0 49420.0
22 13630.0 65800.0
23 23710.0 140.0
24 20350.0 65800.0
25 16990.0 65800.0
26 31550.0 140.0
27 34910.0 140.0
28 51710.0 140.0
29 72680.0 16940.0
30 72680.0 22540.0
31 72680.0 32620.0
32 140.0 33740.0
33 140.0 31500.0
34 140.0 30380.0
35 140.0 27020.0
36 25950.0 140.0
37 36030.0 65800.0
38 38270.0 65800.0
39 57310.0 65800.0
40 42750.0 65800.0
41 51710.0 65800.0
42 44990.0 65800.0
43 29310.0 140.0
44 28190.0 140.0
45 33790.0 140.0
46 42750.0 140.0
47 47230.0 140.0
48 72680.0 19180.0
49 72680.0 24780.0
50 72680.0 30380.0
51 36030.0 140.0
52 140.0 28140.0
53 140.0 29260.0
54 27360.0 40600.0
55 21280.0 37800.0
56 24510.0 32200.0
57 59850.0 35000.0
58 26790.0 35000.0
59 38380.0 60200.0
60 34390.0 60200.0
61 27740.0 49000.0
62 20710.0 49000.0
63 28690.0 51800.0
64 32110.0 9800.0
65 24890.0 4200.0
66 21470.0 15400.0
67 23370.0 23800.0
68 25650.0 18200.0
69 62510.0 26600.0
70 66310.0 18200.0
71 53770.0 9800.0
72 48260.0 7000.0
73 52630.0 15400.0
74 26410.0 29400.0
75 15770.0 26600.0
76 16340.0 29400.0
77 11020.0 29400.0
78 15390.0 32200.0
79 18050.0 32200.0
80 13490.0 9800.0
81 6270.0 32200.0
82 7790.0 26600.0
83 15200.0 29400.0
84 12730.0 29400.0
85 3800.0 26600.0
86 16910.0 32200.0
87 19950.0 54600.0
88 4940.0 26600.0
89 4940.0 32200.0
90 9690.0 29400.0
91 7600.0 35000.0
92 7600.0 32200.0
93 25460.0 23800.0
94 9880.0 18200.0
95 24130.0 15400.0
96 27170.0 23800.0
97 24130.0 18200.0
98 27360.0 18200.0
99 29830.0 12600.0
100 30780.0 9800.0
101 33630.0 9800.0
102 34010.0 12600.0
103 27550.0 9800.0
104 26220.0 9800.0
105 25270.0 9800.0
106 28310.0 12600.0
107 33630.0 15400.0
108 35910.0 15400.0
109 30970.0 12600.0
110 31160.0 15400.0
111 38760.0 15400.0
112 40090.0 15400.0
113 66880.0 26600.0
114 59850.0 23800.0
115 61370.0 29400.0
116 57190.0 26600.0
117 59090.0 18200.0
118 61180.0 18200.0
119 62510.0 18200.0
120 54530.0 21000.0
121 49590.0 23800.0
122 52250.0 12600.0
123 52820.0 9800.0
124 50350.0 9800.0
125 49210.0 15400.0
126 41990.0 9800.0
127 42560.0 7000.0
128 45790.0 9800.0
129 43890.0 9800.0
130 43130.0 15400.0
131 42370.0 23800.0
132 42370.0 26600.0
133 57570.0 21000.0
134 57950.0 23800.0
135 46360.0 26600.0
136 48640.0 9800.0
137 47310.0 9800.0
138 48450.0 12600.0
139 45220.0 29400.0
140 48070.0 29400.0
141 49210.0 32200.0
142 16720.0 51800.0
143 32110.0 51800.0
144 35720.0 51800.0
145 32110.0 49000.0
146 36290.0 49000.0
147 43130.0 46200.0
148 19760.0 49000.0
149 21090.0 46200.0
150 19190.0 46200.0
151 33630.0 46200.0
152 38950.0 43400.0
153 34010.0 54600.0
154 33060.0 57400.0
155 34010.0 57400.0
156 35910.0 54600.0
157 41990.0 51800.0
158 43320.0 54600.0
159 43130.0 51800.0
160 39330.0 46200.0
161 28310.0 40600.0
162 27740.0 46200.0
163 29830.0 43400.0
164 37050.0 43400.0
165 18810.0 37800.0
166 15960.0 35000.0
167 20330.0 37800.0
168 32870.0 40600.0
169 38570.0 40600.0
170 43320.0 35000.0
171 26790.0 32200.0
172 20900.0 32200.0
173 25270.0 37800.0
174 37050.0 35000.0
175 39710.0 29400.0
176 57950.0 32200.0
177 60420.0 32200.0
178 60990.0 35000.0
179 53770.0 32200.0
180 51870.0 35000.0
181 46170.0 35000.0
182 41990.0 35000.0
183 39710.0 32200.0
184 35910.0 32200.0
185 38190.0 32200.0
186 38950.0 35000.0
187 40280.0 35000.0
188 40470.0 37800.0
189 35720.0 43400.0
190 31160.0 40600.0
191 34580.0 43400.0
192 40850.0 40600.0
193 38570.0 37800.0
194 34580.0 49000.0
195 38950.0 49000.0
196 38950.0 54600.0
197 47120.0 51800.0
198 37620.0 54600.0
199 37810.0 49000.0
200 37430.0 37800.0
201 35910.0 37800.0
202 35150.0 26600.0
203 21470.0 29400.0
204 26980.0 26600.0
205 26600.0 21000.0
206 31160.0 29400.0
207 25080.0 21000.0
208 17290.0 29400.0
209 21660.0 23800.0
210 23750.0 21000.0
211 18430.0 29400.0
212 18430.0 12600.0
213 8740.0 21000.0
214 6080.0 21000.0
215 7410.0 21000.0
216 31350.0 32200.0
217 31730.0 35000.0
218 22420.0 37800.0
219 41610.0 15400.0
220 41230.0 18200.0
221 42180.0 18200.0
222 36100.0 18200.0
223 43510.0 18200.0
224 46360.0 32200.0
225 45600.0 37800.0
226 44650.0 37800.0
227 44460.0 35000.0
228 42560.0 37800.0
229 43510.0 37800.0
230 35340.0 40600.0
231 29830.0 26600.0
232 29830.0 40600.0
233 22230.0 40600.0
234 11970.0 37800.0
235 9880.0 35000.0
236 4180.0 35000.0
237 4370.0 37800.0
238 28500.0 43400.0
239 32300.0 18200.0
240 22420.0 18200.0
241 28500.0 21000.0
242 31920.0 21000.0
243 25270.0 15400.0
244 29260.0 18200.0
245 34960.0 18200.0
246 34770.0 21000.0
247 37430.0 15400.0
248 38380.0 18200.0
249 48450.0 21000.0
250 44840.0 21000.0
251 42750.0 21000.0
252 40850.0 21000.0
253 54150.0 18200.0
254 53010.0 18200.0
255 50540.0 18200.0
256 38760.0 12600.0
257 44650.0 12600.0
258 46360.0 21000.0
259 51490.0 21000.0
260 53010.0 23800.0
261 47500.0 40600.0
262 46930.0 37800.0
263 51680.0 37800.0
264 49970.0 26600.0
265 48070.0 26600.0
266 53580.0 37800.0
267 52630.0 37800.0
268 53010.0 40600.0
269 51870.0 43400.0
270 32680.0 35000.0
271 32680.0 37800.0
272 56430.0 32200.0
273 54910.0 35000.0
274 50920.0 40600.0
275 50540.0 43400.0
276 53390.0 43400.0
277 56050.0 43400.0
278 54720.0 40600.0
279 54720.0 43400.0
280 55670.0 46200.0
281 30970.0 46200.0
282 28690.0 46200.0
283 13110.0 46200.0
284 8360.0 40600.0
285 4940.0 43400.0
286 8550.0 46200.0
287 23180.0 46200.0
288 43700.0 26600.0
289 43320.0 29400.0
290 42370.0 32200.0
291 41800.0 37800.0
292 42370.0 40600.0
293 41610.0 29400.0
294 40660.0 26600.0
295 41230.0 32200.0
296 41230.0 43400.0
297 40090.0 43400.0
298 43700.0 43400.0
299 42560.0 43400.0
300 41990.0 46200.0
301 29070.0 49000.0
302 25270.0 49000.0
303 11970.0 49000.0
304 9880.0 46200.0
305 3800.0 46200.0
306 3990.0 49000.0
307 30780.0 49000.0
308 46550.0 43400.0
309 48260.0 40600.0
310 48830.0 37800.0
311 44270.0 23800.0
312 45980.0 23800.0
313 40090.0 18200.0
314 46930.0 18200.0
315 47310.0 23800.0
316 49780.0 35000.0
317 50350.0 37800.0
318 37240.0 46200.0
319 36100.0 46200.0
320 44080.0 46200.0
321 49020.0 40600.0
322 48260.0 43400.0
323 49590.0 43400.0
324 47500.0 46200.0
325 46550.0 46200.0
326 46170.0 49000.0
327 45220.0 46200.0
328 44650.0 49000.0
329 33630.0 51800.0
330 30210.0 51800.0
331 16910.0 54600.0
332 15580.0 51800.0
333 14060.0 51800.0
334 13490.0 57400.0
335 28120.0 54600.0
336 44840.0 43400.0
337 45410.0 40600.0
338 46550.0 40600.0
339 48260.0 51800.0
340 44460.0 40600.0
341 43510.0 40600.0
342 40850.0 46200.0
343 39900.0 49000.0
344 40850.0 49000.0
345 42370.0 49000.0
346 45980.0 51800.0
347 43320.0 49000.0
348 44460.0 51800.0
349 45030.0 54600.0
350 29450.0 54600.0
351 25650.0 54600.0
352 23750.0 54600.0
353 19000.0 57400.0
354 20520.0 60200.0
355 22990.0 60200.0
356 30780.0 54600.0
357 47310.0 49000.0
358 48640.0 46200.0
359 52060.0 46200.0
360 53390.0 46200.0
361 50730.0 46200.0
362 36860.0 51800.0
363 48640.0 49000.0
364 50730.0 49000.0
365 51680.0 49000.0
366 50730.0 51800.0
367 46930.0 54600.0
368 49400.0 51800.0
369 48450.0 54600.0
370 32110.0 54600.0
371 26790.0 54600.0
372 22610.0 54600.0
373 17480.0 57400.0
374 15960.0 57400.0
375 14630.0 57400.0
376 30020.0 21000.0
377 30400.0 18200.0
378 26600.0 15400.0
379 22800.0 15400.0
380 15390.0 15400.0
381 8360.0 15400.0
382 3420.0 15400.0
383 4750.0 15400.0
384 28500.0 15400.0
385 26600.0 12600.0
386 23560.0 12600.0
387 15010.0 12600.0
388 11400.0 15400.0
389 9880.0 15400.0
390 10450.0 9800.0
391 36100.0 12600.0
392 32300.0 12600.0
393 25080.0 12600.0
394 22230.0 12600.0
395 19760.0 12600.0
396 21280.0 9800.0
397 21090.0 12600.0
398 39900.0 9800.0
399 41800.0 12600.0
400 40280.0 12600.0
401 37810.0 12600.0
402 41420.0 7000.0
403 37620.0 9800.0
404 37430.0 4200.0
405 47310.0 15400.0
406 45220.0 15400.0
407 45600.0 18200.0
408 46170.0 15400.0
409 50540.0 12600.0
410 53960.0 12600.0
411 55290.0 12600.0
412 58140.0 12600.0
413 57760.0 7000.0
414 56430.0 7000.0
415 48640.0 18200.0
416 57000.0 18200.0
417 55480.0 18200.0
418 54910.0 15400.0
419 60800.0 12600.0
420 62320.0 12600.0
421 56810.0 12600.0
422 56430.0 23800.0
423 51680.0 26600.0
424 55290.0 23800.0
425 53960.0 26600.0
426 55480.0 26600.0
427 59850.0 26600.0
428 61180.0 26600.0
429 64220.0 26600.0
430 65550.0 26600.0
431 51490.0 32200.0
432 51300.0 29400.0
433 55290.0 32200.0
434 56620.0 29400.0
435 58140.0 29400.0
436 59850.0 29400.0
437 61560.0 32200.0
438 63080.0 29400.0
439 63270.0 32200.0
440 25080.0 35000.0
441 33250.0 21000.0
442 36290.0 21000.0
443 36100.0 23800.0
444 39900.0 23800.0
445 37430.0 18200.0
446 37810.0 21000.0
447 37430.0 23800.0
448 38760.0 23800.0
449 38760.0 26600.0
450 32870.0 26600.0
451 24890.0 29400.0
452 23370.0 29400.0
453 19760.0 23800.0
454 18240.0 26600.0
455 20330.0 29400.0
456 29450.0 35000.0
457 57570.0 40600.0
458 13490.0 21000.0
459 15770.0 21000.0
460 28690.0 37800.0
461 17290.0 23800.0
462 11590.0 35000.0
463 14440.0 35000.0
464 14250.0 37800.0
465 16530.0 37800.0
466 26790.0 60200.0
467 26600.0 46200.0
468 24890.0 46200.0
469 24890.0 40600.0
470 15770.0 43400.0
471 63270.0 51800.0
472 19000.0 43400.0
473 17290.0 43400.0
474 16910.0 46200.0
475 59090.0 43400.0
476 21850.0 60200.0
477 21280.0 54600.0
478 20330.0 51800.0
479 22610.0 49000.0
480 35530.0 60200.0
481 35340.0 57400.0
482 31730.0 57400.0
483 29450.0 57400.0
484 40850.0 54600.0
485 39710.0 57400.0
486 37430.0 57400.0
487 13490.0 15400.0
488 16910.0 15400.0
489 19190.0 15400.0
490 26030.0 4200.0
491 25840.0 7000.0
492 22990.0 9800.0
493 22230.0 4200.0
494 32490.0 4200.0
495 31160.0 4200.0
496 29450.0 9800.0
497 29070.0 4200.0
498 35530.0 4200.0
499 39900.0 4200.0
500 44270.0 7000.0
501 46550.0 7000.0
502 51870.0 9800.0
503 51300.0 7000.0
504 49590.0 7000.0
505 53390.0 7000.0
506 68210.0 18200.0
507 64980.0 18200.0
508 62890.0 15400.0
509 64410.0 12600.0
510 66310.0 21000.0
511 64220.0 21000.0
512 62510.0 21000.0
513 62130.0 23800.0
514 65550.0 35000.0
515 62320.0 35000.0
516 56050.0 35000.0
517 57950.0 35000.0
518 13110.0 35000.0
519 23560.0 35000.0
520 23750.0 37800.0
521 22610.0 32200.0
522 11590.0 32200.0
523 5890.0 29400.0
524 11970.0 26600.0
525 6650.0 23800.0
526 8170.0 37800.0
527 10070.0 43400.0
528 7790.0 49000.0
529 13110.0 54600.0
530 22990.0 57400.0
531 15010.0 60200.0
532 5890.0 18200.0
533 11210.0 12600.0
534 17290.0 9800.0
535 37430.0 7000.0
536 58330.0 9800.0
537 58710.0 15400.0
538 67070.0 29400.0
539 67070.0 32200.0
540 22230.0 26600.0
541 19950.0 21000.0
542 16530.0 40600.0
543 24510.0 43400.0
544 16150.0 49000.0
545 24510.0 51800.0
546 30590.0 60200.0
547 43130.0 60200.0
548 18050.0 18200.0
549 21850.0 7000.0
550 29830.0 7000.0
551 45030.0 4200.0
552 52250.0 4200.0
553 67070.0 15400.0
554 66690.0 23800.0
555 58330.0 37800.0
556 19570.0 35000.0
