Instance_ID x_center y_center
0 10270.0 140.0
1 140.0 22540.0
2 53950.0 52930.0
3 62910.0 52930.0
4 36030.0 52930.0
5 140.0 33740.0
6 140.0 34860.0
7 41630.0 52930.0
8 140.0 27020.0
9 140.0 18060.0
10 140.0 15820.0
11 30430.0 140.0
12 140.0 11340.0
13 40510.0 140.0
14 55070.0 140.0
15 102000.0 10220.0
16 102000.0 11340.0
17 102000.0 18060.0
18 102000.0 29260.0
19 48350.0 52930.0
20 49470.0 52930.0
21 34910.0 52930.0
22 140.0 39340.0
23 23710.0 140.0
24 23710.0 52930.0
25 40510.0 52930.0
26 34910.0 140.0
27 42750.0 140.0
28 62910.0 140.0
29 72990.0 140.0
30 75230.0 140.0
31 102000.0 23660.0
32 64030.0 140.0
33 37150.0 140.0
34 140.0 24780.0
35 140.0 30380.0
36 140.0 23660.0
37 102000.0 34860.0
38 75230.0 52930.0
39 88670.0 52930.0
40 52830.0 52930.0
41 80830.0 52930.0
42 59550.0 52930.0
43 140.0 21420.0
44 140.0 16940.0
45 33790.0 140.0
46 48350.0 140.0
47 57310.0 140.0
48 102000.0 15820.0
49 102000.0 16940.0
50 102000.0 22540.0
51 102000.0 25900.0
52 140.0 28140.0
53 140.0 29260.0
54 75620.0 43400.0
55 79040.0 40600.0
56 79610.0 32200.0
57 86830.0 23800.0
58 78090.0 32200.0
59 47500.0 43400.0
60 27170.0 37800.0
61 30400.0 32200.0
62 34010.0 40600.0
63 30590.0 37800.0
64 33250.0 7000.0
65 24130.0 7000.0
66 22990.0 12600.0
67 28310.0 21000.0
68 28310.0 18200.0
69 87590.0 7000.0
70 83030.0 12600.0
71 68970.0 4200.0
72 55100.0 9800.0
73 61750.0 12600.0
74 29830.0 29400.0
75 31350.0 26600.0
76 32300.0 26600.0
77 19760.0 26600.0
78 35530.0 26600.0
79 37050.0 29400.0
80 28310.0 40600.0
81 18430.0 26600.0
82 19570.0 29400.0
83 36480.0 23800.0
84 17670.0 29400.0
85 5700.0 29400.0
86 35910.0 29400.0
87 29450.0 32200.0
88 16720.0 23800.0
89 17100.0 26600.0
90 16150.0 29400.0
91 18620.0 32200.0
92 16340.0 32200.0
93 18240.0 23800.0
94 14440.0 18200.0
95 24890.0 15400.0
96 25650.0 21000.0
97 24510.0 18200.0
98 25840.0 18200.0
99 37430.0 9800.0
100 34960.0 9800.0
101 34390.0 7000.0
102 38950.0 12600.0
103 25270.0 12600.0
104 24320.0 9800.0
105 25270.0 7000.0
106 27930.0 12600.0
107 41990.0 15400.0
108 44270.0 15400.0
109 36290.0 9800.0
110 36860.0 12600.0
111 42180.0 18200.0
112 43510.0 18200.0
113 83600.0 9800.0
114 86070.0 7000.0
115 83410.0 15400.0
116 80750.0 15400.0
117 79610.0 9800.0
118 80940.0 9800.0
119 81510.0 12600.0
120 71250.0 12600.0
121 71630.0 15400.0
122 63650.0 7000.0
123 63840.0 4200.0
124 65550.0 7000.0
125 63650.0 9800.0
126 45790.0 9800.0
127 44840.0 7000.0
128 50350.0 9800.0
129 48830.0 9800.0
130 49590.0 15400.0
131 62130.0 18200.0
132 64410.0 21000.0
133 79230.0 15400.0
134 80370.0 18200.0
135 68780.0 21000.0
136 67640.0 9800.0
137 54150.0 9800.0
138 65930.0 9800.0
139 71440.0 18200.0
140 71630.0 21000.0
141 75810.0 18200.0
142 16340.0 35000.0
143 36290.0 35000.0
144 40280.0 35000.0
145 37810.0 35000.0
146 41610.0 35000.0
147 53770.0 29400.0
148 35340.0 37800.0
149 37050.0 40600.0
150 33250.0 37800.0
151 45030.0 35000.0
152 54150.0 32200.0
153 24130.0 37800.0
154 22800.0 37800.0
155 25650.0 37800.0
156 28690.0 37800.0
157 48830.0 35000.0
158 49400.0 43400.0
159 49210.0 37800.0
160 49210.0 32200.0
161 70870.0 40600.0
162 70300.0 43400.0
163 69350.0 43400.0
164 69350.0 40600.0
165 78090.0 37800.0
166 77900.0 40600.0
167 76570.0 40600.0
168 75430.0 37800.0
169 68210.0 35000.0
170 66500.0 29400.0
171 81890.0 32200.0
172 81320.0 29400.0
173 78090.0 29400.0
174 76570.0 26600.0
175 73530.0 26600.0
176 83030.0 21000.0
177 84740.0 21000.0
178 82650.0 23800.0
179 79990.0 21000.0
180 77710.0 23800.0
181 69350.0 23800.0
182 66310.0 26600.0
183 51110.0 26600.0
184 51490.0 23800.0
185 80370.0 26600.0
186 78470.0 26600.0
187 70300.0 26600.0
188 68590.0 29400.0
189 69920.0 37800.0
190 76760.0 37800.0
191 68780.0 37800.0
192 65550.0 29400.0
193 49590.0 29400.0
194 39140.0 35000.0
195 47690.0 35000.0
196 45790.0 40600.0
197 53200.0 40600.0
198 47120.0 40600.0
199 47310.0 37800.0
200 48450.0 29400.0
201 46930.0 29400.0
202 47310.0 21000.0
203 35150.0 23800.0
204 38000.0 23800.0
205 19760.0 21000.0
206 42180.0 21000.0
207 18240.0 21000.0
208 34010.0 26600.0
209 36100.0 21000.0
210 16910.0 21000.0
211 37430.0 26600.0
212 43890.0 12600.0
213 12920.0 23800.0
214 8740.0 26600.0
215 8930.0 21000.0
216 41230.0 26600.0
217 41990.0 29400.0
218 74860.0 40600.0
219 46550.0 18200.0
220 47690.0 18200.0
221 48640.0 18200.0
222 45220.0 18200.0
223 49970.0 18200.0
224 71060.0 23800.0
225 71820.0 32200.0
226 72770.0 32200.0
227 69160.0 26600.0
228 71060.0 32200.0
229 73910.0 32200.0
230 74480.0 35000.0
231 40850.0 23800.0
232 73910.0 37800.0
233 74670.0 43400.0
234 66310.0 46200.0
235 52820.0 46200.0
236 52820.0 49000.0
237 65930.0 49000.0
238 68020.0 43400.0
239 36860.0 15400.0
240 23180.0 15400.0
241 29640.0 18200.0
242 36480.0 18200.0
243 26410.0 12600.0
244 28500.0 15400.0
245 39900.0 15400.0
246 39330.0 18200.0
247 47690.0 15400.0
248 52060.0 15400.0
249 62890.0 15400.0
250 58140.0 18200.0
251 56810.0 18200.0
252 54910.0 18200.0
253 68590.0 9800.0
254 68970.0 12600.0
255 60420.0 12600.0
256 47120.0 9800.0
257 52250.0 9800.0
258 57760.0 15400.0
259 59850.0 15400.0
260 65170.0 18200.0
261 71440.0 35000.0
262 69730.0 32200.0
263 66120.0 35000.0
264 69350.0 18200.0
265 67450.0 21000.0
266 64980.0 23800.0
267 65170.0 35000.0
268 64790.0 37800.0
269 65550.0 40600.0
270 76380.0 32200.0
271 76380.0 35000.0
272 81510.0 21000.0
273 80370.0 23800.0
274 63840.0 35000.0
275 63840.0 37800.0
276 65550.0 43400.0
277 67450.0 40600.0
278 63840.0 40600.0
279 64220.0 43400.0
280 66690.0 43400.0
281 69350.0 46200.0
282 67830.0 46200.0
283 63270.0 49000.0
284 54720.0 46200.0
285 54340.0 49000.0
286 59470.0 49000.0
287 38760.0 43400.0
288 66120.0 21000.0
289 66500.0 23800.0
290 64030.0 23800.0
291 61940.0 26600.0
292 62890.0 26600.0
293 62130.0 23800.0
294 60420.0 21000.0
295 60990.0 23800.0
296 60990.0 26600.0
297 60610.0 29400.0
298 61940.0 32200.0
299 61940.0 29400.0
300 60990.0 32200.0
301 43510.0 46200.0
302 38570.0 46200.0
303 37810.0 49000.0
304 35340.0 46200.0
305 35340.0 49000.0
306 36670.0 49000.0
307 34200.0 35000.0
308 62130.0 35000.0
309 59660.0 35000.0
310 59470.0 32200.0
311 57950.0 21000.0
312 57000.0 23800.0
313 54150.0 15400.0
314 55670.0 15400.0
315 58330.0 23800.0
316 61940.0 21000.0
317 59470.0 23800.0
318 44080.0 37800.0
319 45220.0 37800.0
320 46360.0 37800.0
321 60420.0 35000.0
322 58520.0 35000.0
323 59090.0 26600.0
324 58140.0 26600.0
325 57950.0 29400.0
326 54910.0 29400.0
327 59280.0 29400.0
328 56430.0 29400.0
329 46170.0 32200.0
330 32870.0 35000.0
331 17670.0 35000.0
332 14820.0 37800.0
333 11400.0 37800.0
334 11970.0 32200.0
335 26980.0 43400.0
336 63840.0 32200.0
337 66310.0 32200.0
338 56430.0 32200.0
339 53580.0 35000.0
340 67260.0 32200.0
341 68210.0 32200.0
342 53010.0 32200.0
343 47880.0 32200.0
344 50730.0 32200.0
345 51870.0 32200.0
346 52440.0 35000.0
347 51300.0 35000.0
348 50160.0 35000.0
349 50730.0 37800.0
350 44650.0 46200.0
351 27170.0 46200.0
352 26030.0 46200.0
353 23560.0 46200.0
354 23560.0 49000.0
355 24890.0 46200.0
356 51300.0 43400.0
357 52250.0 37800.0
358 58140.0 37800.0
359 61560.0 37800.0
360 62510.0 40600.0
361 59470.0 37800.0
362 42560.0 37800.0
363 54340.0 37800.0
364 56810.0 37800.0
365 57000.0 40600.0
366 59090.0 43400.0
367 54530.0 43400.0
368 57760.0 43400.0
369 56050.0 43400.0
370 56430.0 46200.0
371 51110.0 46200.0
372 50350.0 49000.0
373 41040.0 46200.0
374 41420.0 49000.0
375 42750.0 49000.0
376 31160.0 18200.0
377 26980.0 18200.0
378 22040.0 18200.0
379 19000.0 18200.0
380 17670.0 18200.0
381 12160.0 15400.0
382 5320.0 18200.0
383 6650.0 18200.0
384 26600.0 15400.0
385 20520.0 18200.0
386 20140.0 15400.0
387 18810.0 15400.0
388 11020.0 12600.0
389 7600.0 15400.0
390 8930.0 15400.0
391 38380.0 15400.0
392 34200.0 15400.0
393 33440.0 18200.0
394 32110.0 15400.0
395 32680.0 9800.0
396 31160.0 9800.0
397 30970.0 15400.0
398 47120.0 12600.0
399 49020.0 12600.0
400 45220.0 12600.0
401 41610.0 12600.0
402 43700.0 7000.0
403 42180.0 7000.0
404 40090.0 7000.0
405 57950.0 12600.0
406 54340.0 12600.0
407 55480.0 12600.0
408 56810.0 12600.0
409 59280.0 12600.0
410 60040.0 9800.0
411 58710.0 9800.0
412 59660.0 7000.0
413 57000.0 7000.0
414 58330.0 7000.0
415 74480.0 15400.0
416 85880.0 12600.0
417 84360.0 12600.0
418 88730.0 9800.0
419 95380.0 9800.0
420 96900.0 9800.0
421 89870.0 9800.0
422 70490.0 18200.0
423 68020.0 18200.0
424 72390.0 18200.0
425 86260.0 15400.0
426 87780.0 15400.0
427 88730.0 12600.0
428 95380.0 12600.0
429 96900.0 12600.0
430 91010.0 12600.0
431 76190.0 21000.0
432 74860.0 21000.0
433 78090.0 21000.0
434 86260.0 21000.0
435 87780.0 21000.0
436 87590.0 18200.0
437 94620.0 18200.0
438 96140.0 18200.0
439 90630.0 18200.0
440 74860.0 29400.0
441 37810.0 18200.0
442 52250.0 18200.0
443 52820.0 21000.0
444 59280.0 21000.0
445 51110.0 15400.0
446 53010.0 15400.0
447 54530.0 21000.0
448 56240.0 21000.0
449 74480.0 23800.0
450 74670.0 26600.0
451 76190.0 29400.0
452 87590.0 29400.0
453 94240.0 29400.0
454 95760.0 29400.0
455 92910.0 29400.0
456 44270.0 29400.0
457 82650.0 35000.0
458 15010.0 21000.0
459 21470.0 21000.0
460 54530.0 26600.0
461 23750.0 21000.0
462 77710.0 46200.0
463 78280.0 43400.0
464 80370.0 43400.0
465 81130.0 40600.0
466 64790.0 46200.0
467 71440.0 43400.0
468 73150.0 43400.0
469 72770.0 40600.0
470 36290.0 43400.0
471 27550.0 29400.0
472 35340.0 40600.0
473 32490.0 40600.0
474 30210.0 40600.0
475 82650.0 37800.0
476 19570.0 32200.0
477 20140.0 35000.0
478 21850.0 35000.0
479 24130.0 35000.0
480 18810.0 35000.0
481 20520.0 37800.0
482 18810.0 37800.0
483 22230.0 40600.0
484 39330.0 40600.0
485 41610.0 40600.0
486 43890.0 40600.0
487 13490.0 12600.0
488 19950.0 12600.0
489 17670.0 12600.0
490 23370.0 4200.0
491 22040.0 4200.0
492 19950.0 4200.0
493 17670.0 4200.0
494 35150.0 4200.0
495 35720.0 7000.0
496 31730.0 7000.0
497 28690.0 7000.0
498 41990.0 4200.0
499 44080.0 4200.0
500 45790.0 4200.0
501 46550.0 7000.0
502 62510.0 4200.0
503 64980.0 4200.0
504 67070.0 4200.0
505 67830.0 7000.0
506 77330.0 4200.0
507 78280.0 7000.0
508 76570.0 7000.0
509 75810.0 9800.0
510 78470.0 4200.0
511 79800.0 7000.0
512 81510.0 7000.0
513 83790.0 7000.0
514 85310.0 23800.0
515 83980.0 23800.0
516 83790.0 26600.0
517 86830.0 26600.0
518 72390.0 4200.0
519 79800.0 29400.0
520 82650.0 29400.0
521 84930.0 29400.0
522 31350.0 23800.0
523 11210.0 29400.0
524 23750.0 29400.0
525 8930.0 23800.0
526 71250.0 49000.0
527 60990.0 46200.0
528 31350.0 49000.0
529 12730.0 35000.0
530 19570.0 46200.0
531 46550.0 49000.0
532 10450.0 18200.0
533 9690.0 9800.0
534 32490.0 12600.0
535 41990.0 9800.0
536 58710.0 4200.0
537 91390.0 7000.0
538 92530.0 15400.0
539 92150.0 21000.0
540 94050.0 32200.0
541 24890.0 23800.0
542 85690.0 40600.0
543 73910.0 46200.0
544 31730.0 43400.0
545 28690.0 35000.0
546 22990.0 43400.0
547 43890.0 43400.0
548 18810.0 9800.0
549 20330.0 7000.0
550 30590.0 4200.0
551 51110.0 7000.0
552 72390.0 7000.0
553 77330.0 12600.0
554 82270.0 4200.0
555 91390.0 26600.0
556 86830.0 32200.0
