Instance ID x_center y_center
0 42.0 7500.0
1 4524.0 9023.0
2 4908.0 9023.0
3 4812.0 9023.0
4 5484.0 9023.0
5 5772.0 9023.0
6 5868.0 9023.0
7 9808.0 5004.0
8 4140.0 9023.0
9 42.0 5772.0
10 42.0 5292.0
11 42.0 4332.0
12 3276.0 9023.0
13 42.0 2796.0
14 2700.0 42.0
15 3756.0 42.0
16 4908.0 42.0
17 6636.0 42.0
18 7116.0 42.0
19 4812.0 42.0
20 4332.0 9023.0
21 6636.0 9023.0
22 9808.0 5964.0
23 42.0 5004.0
24 7308.0 9023.0
25 9808.0 4428.0
26 42.0 3948.0
27 42.0 3372.0
28 2796.0 42.0
29 3948.0 42.0
30 4620.0 42.0
31 5676.0 42.0
32 5772.0 42.0
33 2412.0 42.0
34 2604.0 9023.0
35 2700.0 9023.0
36 4428.0 9023.0
37 9808.0 3660.0
38 9808.0 3468.0
39 9808.0 5388.0
40 9808.0 5868.0
41 9808.0 6348.0
42 9808.0 4332.0
43 42.0 5676.0
44 42.0 5100.0
45 42.0 4428.0
46 42.0 3276.0
47 3564.0 42.0
48 4140.0 42.0
49 5004.0 42.0
50 6348.0 42.0
51 9808.0 2796.0
52 2796.0 9023.0
53 2988.0 9023.0
54 3861.0 7425.0
55 4185.0 4455.0
56 4185.0 4725.0
57 1971.0 6075.0
58 3591.0 5805.0
59 4401.0 7155.0
60 5832.0 2835.0
61 6372.0 2835.0
62 6615.0 3105.0
63 6534.0 3645.0
64 6426.0 3915.0
65 3321.0 4995.0
66 3213.0 4725.0
67 3348.0 3645.0
68 2943.0 3645.0
69 3591.0 3375.0
70 3699.0 3645.0
71 5346.0 3105.0
72 6966.0 3105.0
73 7101.0 3375.0
74 6048.0 3645.0
75 5940.0 4185.0
76 7695.0 4995.0
77 8046.0 4995.0
78 8316.0 5265.0
79 6588.0 4455.0
80 7452.0 5535.0
81 8370.0 4995.0
82 8478.0 4725.0
83 6912.0 4455.0
84 6615.0 4185.0
85 2781.0 2835.0
86 5805.0 5535.0
87 5400.0 5535.0
88 4563.0 2565.0
89 2565.0 3645.0
90 4482.0 5535.0
91 2808.0 6345.0
92 2592.0 6615.0
93 2970.0 6615.0
94 2268.0 6075.0
95 2484.0 7425.0
96 2511.0 7695.0
97 4131.0 4185.0
98 2889.0 2565.0
99 2862.0 7695.0
100 2511.0 6075.0
101 2484.0 6345.0
102 2754.0 6075.0
103 3051.0 5535.0
104 2862.0 7155.0
105 2997.0 6885.0
106 2673.0 6885.0
107 7263.0 2295.0
108 7857.0 1755.0
109 5535.0 2025.0
110 3969.0 1755.0
111 2403.0 2025.0
112 2349.0 2565.0
113 2295.0 4725.0
114 2295.0 5265.0
115 3429.0 5805.0
116 5967.0 4455.0
117 8127.0 6885.0
118 6939.0 6345.0
119 6615.0 6345.0
120 5211.0 5805.0
121 5373.0 3645.0
122 4320.0 4995.0
123 4428.0 3645.0
124 4374.0 6885.0
125 6804.0 3915.0
126 6237.0 4455.0
127 6750.0 4725.0
128 6426.0 4995.0
129 6372.0 4725.0
130 5130.0 3375.0
131 3564.0 7695.0
132 3564.0 7155.0
133 4050.0 7155.0
134 4293.0 5265.0
135 3726.0 4455.0
136 5022.0 4185.0
137 1755.0 1755.0
138 4698.0 4185.0
139 5427.0 3375.0
140 5886.0 3105.0
141 6237.0 3105.0
142 6291.0 3375.0
143 5724.0 3645.0
144 4860.0 3645.0
145 3888.0 7695.0
146 4482.0 6345.0
147 6831.0 3375.0
148 4185.0 6345.0
149 3969.0 4995.0
150 3402.0 3915.0
151 3294.0 4185.0
152 3672.0 4185.0
153 4428.0 3375.0
154 4374.0 2835.0
155 5022.0 3105.0
156 4698.0 3105.0
157 4779.0 3375.0
158 6237.0 2565.0
159 7182.0 3645.0
160 7317.0 3375.0
161 8100.0 3375.0
162 7965.0 3645.0
163 7668.0 3375.0
164 8424.0 3645.0
165 4752.0 6075.0
166 6750.0 6615.0
167 6804.0 6075.0
168 6102.0 5805.0
169 6858.0 5265.0
170 6507.0 5535.0
171 6534.0 5805.0
172 6993.0 4995.0
173 7344.0 4995.0
174 7236.0 4725.0
175 7371.0 5265.0
176 2025.0 1755.0
177 7236.0 5805.0
178 7290.0 6075.0
179 7182.0 6345.0
180 7722.0 6075.0
181 7452.0 7425.0
182 7290.0 6885.0
183 7398.0 6615.0
184 7884.0 5265.0
185 7911.0 5535.0
186 7668.0 6885.0
187 7263.0 4455.0
188 7641.0 4455.0
189 7506.0 3645.0
190 7614.0 4725.0
191 7344.0 3915.0
192 8046.0 4725.0
193 8343.0 4185.0
194 8397.0 4455.0
195 7236.0 4185.0
196 5400.0 4185.0
197 7614.0 4185.0
198 7992.0 4185.0
199 3564.0 4995.0
200 1674.0 6075.0
201 3834.0 3915.0
202 3888.0 5535.0
203 3456.0 5535.0
204 2889.0 4995.0
205 2592.0 5265.0
206 1890.0 5535.0
207 2376.0 4995.0
208 2322.0 5535.0
209 2943.0 4185.0
210 3105.0 4455.0
211 2592.0 4185.0
212 1620.0 4185.0
213 2268.0 4185.0
214 2484.0 4455.0
215 2997.0 3915.0
216 2997.0 3375.0
217 2754.0 3105.0
218 2592.0 2565.0
219 2430.0 3105.0
220 2376.0 2835.0
221 3483.0 3105.0
222 3186.0 2565.0
223 2700.0 2025.0
224 3132.0 2295.0
225 2646.0 2295.0
226 3915.0 2835.0
227 3726.0 2565.0
228 3726.0 1755.0
229 4050.0 2295.0
230 3618.0 2295.0
231 4050.0 3105.0
232 4374.0 3105.0
233 4833.0 2835.0
234 5022.0 2565.0
235 4914.0 1755.0
236 4428.0 2295.0
237 4860.0 2295.0
238 6912.0 2565.0
239 6750.0 2025.0
240 5427.0 2835.0
241 5751.0 2565.0
242 6075.0 2295.0
243 6588.0 2565.0
244 6858.0 2295.0
245 7560.0 2565.0
246 7236.0 2565.0
247 7560.0 3105.0
248 7479.0 2835.0
249 7992.0 2565.0
250 7290.0 2025.0
251 4482.0 4455.0
252 4212.0 7695.0
253 4536.0 7695.0
254 4698.0 6885.0
255 4698.0 7425.0
256 4806.0 4455.0
257 5130.0 7425.0
258 4914.0 4995.0
259 4914.0 5535.0
260 5292.0 6075.0
261 4860.0 7695.0
262 4914.0 6615.0
263 4968.0 6345.0
264 6426.0 6615.0
265 5508.0 7425.0
266 5508.0 6615.0
267 6102.0 6615.0
268 6534.0 6885.0
269 5562.0 7695.0
270 5994.0 7425.0
271 6480.0 7695.0
272 6912.0 6885.0
273 5886.0 7695.0
274 5994.0 7155.0
275 6804.0 7695.0
276 5184.0 4455.0
277 5940.0 4995.0
278 5562.0 4995.0
279 5670.0 4455.0
280 3078.0 6075.0
281 3132.0 6345.0
282 3456.0 6345.0
283 3510.0 6615.0
284 2052.0 4725.0
285 1350.0 4995.0
286 1728.0 4995.0
287 1728.0 4725.0
288 1944.0 4185.0
289 1350.0 3645.0
290 1728.0 3645.0
291 2106.0 3645.0
292 1944.0 2835.0
293 1404.0 3375.0
294 1836.0 3375.0
295 1620.0 2835.0
296 2592.0 1755.0
297 2430.0 1215.0
298 2916.0 1215.0
299 2916.0 1755.0
300 4104.0 2025.0
301 3456.0 1215.0
302 3996.0 1215.0
303 4212.0 1755.0
304 5238.0 1755.0
305 4536.0 1755.0
306 4590.0 1215.0
307 4968.0 1215.0
308 6102.0 1755.0
309 5346.0 1215.0
310 5778.0 1215.0
311 6210.0 1215.0
312 6372.0 2025.0
313 5724.0 1485.0
314 5724.0 1755.0
315 6426.0 1755.0
316 8532.0 3375.0
317 3294.0 5265.0
318 5913.0 4725.0
319 8451.0 5535.0
320 7047.0 5535.0
321 6453.0 5265.0
322 5913.0 5265.0
323 5697.0 3915.0
324 6831.0 2835.0
325 5967.0 2025.0
326 5535.0 2295.0
327 4131.0 2565.0
328 3159.0 2835.0
329 2403.0 3375.0
330 2565.0 3915.0
331 2727.0 4725.0
332 3915.0 5265.0
333 4239.0 7425.0
334 3186.0 7425.0
335 2106.0 7155.0
336 1890.0 6615.0
337 3672.0 6885.0
338 4860.0 3915.0
339 4590.0 5805.0
340 6102.0 6075.0
341 7884.0 6345.0
342 7938.0 7155.0
343 8154.0 3915.0
344 2808.0 5805.0
345 1674.0 5805.0
346 1674.0 4455.0
347 1728.0 2565.0
348 1836.0 2295.0
349 3402.0 2025.0
350 4914.0 2025.0
351 7236.0 1755.0
352 7884.0 2295.0
353 5076.0 7155.0
354 5130.0 5265.0
355 5832.0 6345.0
356 5454.0 6885.0
357 6750.0 7425.0
358 6858.0 7155.0
359 4914.0 4725.0
360 3834.0 6075.0
361 1674.0 5265.0
362 1728.0 3915.0
363 1674.0 3105.0
364 2538.0 1485.0
365 3672.0 1485.0
366 5022.0 1485.0
367 6966.0 1215.0
368 6696.0 1485.0
