Instance ID x_center y_center
0 42.0 7212.0
1 12665.0 4716.0
2 6636.0 9453.0
3 12665.0 2892.0
4 9804.0 42.0
5 6444.0 42.0
6 7308.0 42.0
7 12665.0 3756.0
8 12665.0 4524.0
9 12665.0 5292.0
10 12665.0 6156.0
11 12665.0 6252.0
12 12665.0 5388.0
13 5964.0 9453.0
14 4620.0 9453.0
15 42.0 6252.0
16 42.0 5772.0
17 42.0 4524.0
18 42.0 3756.0
19 5484.0 9453.0
20 12665.0 3372.0
21 8652.0 42.0
22 4812.0 42.0
23 12665.0 5964.0
24 7404.0 42.0
25 7692.0 42.0
26 7884.0 9453.0
27 6924.0 9453.0
28 4908.0 9453.0
29 3468.0 9453.0
30 42.0 6060.0
31 42.0 5004.0
32 42.0 4332.0
33 8844.0 9453.0
34 12665.0 4236.0
35 12665.0 4044.0
36 12665.0 4908.0
37 42.0 4620.0
38 42.0 2892.0
39 8748.0 42.0
40 4620.0 42.0
41 7020.0 42.0
42 7500.0 42.0
43 12665.0 5484.0
44 12665.0 6060.0
45 8460.0 9453.0
46 6348.0 9453.0
47 5004.0 9453.0
48 5292.0 9453.0
49 42.0 5484.0
50 42.0 4812.0
51 42.0 3660.0
52 12665.0 3948.0
53 12665.0 3852.0
54 11205.0 4185.0
55 7641.0 4995.0
56 7425.0 4995.0
57 6561.0 5805.0
58 10179.0 5535.0
59 10881.0 4185.0
60 4104.0 5265.0
61 4320.0 4995.0
62 4455.0 4725.0
63 5400.0 4185.0
64 5778.0 3915.0
65 7911.0 6075.0
66 7641.0 6075.0
67 6102.0 6345.0
68 6831.0 6345.0
69 5697.0 6075.0
70 6399.0 6075.0
71 4644.0 5535.0
72 4374.0 4185.0
73 4617.0 3915.0
74 5076.0 4185.0
75 6048.0 4455.0
76 5967.0 2835.0
77 6696.0 3105.0
78 6912.0 3645.0
79 6858.0 4455.0
80 5778.0 3105.0
81 6534.0 3375.0
82 6588.0 3645.0
83 6588.0 3915.0
84 6399.0 4185.0
85 8127.0 5535.0
86 7263.0 3915.0
87 7668.0 4455.0
88 3915.0 5535.0
89 7803.0 6615.0
90 7884.0 5265.0
91 8586.0 4995.0
92 9018.0 4995.0
93 8694.0 4455.0
94 9234.0 4455.0
95 10314.0 4185.0
96 10557.0 4185.0
97 7479.0 5265.0
98 3699.0 4455.0
99 10692.0 3915.0
100 7965.0 4455.0
101 8262.0 4455.0
102 8046.0 4725.0
103 6939.0 5265.0
104 10098.0 3645.0
105 9261.0 4185.0
106 9531.0 4185.0
107 3159.0 3645.0
108 3483.0 4455.0
109 3159.0 5535.0
110 3483.0 6615.0
111 4563.0 6885.0
112 6723.0 7155.0
113 9747.0 6885.0
114 10341.0 6345.0
115 9639.0 6075.0
116 8505.0 3645.0
117 6993.0 2565.0
118 5589.0 2295.0
119 9477.0 2295.0
120 9585.0 3105.0
121 6183.0 4995.0
122 8262.0 4185.0
123 7128.0 4995.0
124 9774.0 4995.0
125 6210.0 3915.0
126 5805.0 4185.0
127 6912.0 3915.0
128 7398.0 4185.0
129 7020.0 4185.0
130 6264.0 5805.0
131 11394.0 4455.0
132 10368.0 4455.0
133 9882.0 4455.0
134 7317.0 4455.0
135 5508.0 6885.0
136 5940.0 5535.0
137 2349.0 6885.0
138 5508.0 5805.0
139 7317.0 5535.0
140 4482.0 4455.0
141 4833.0 4455.0
142 4995.0 4725.0
143 5184.0 4995.0
144 5616.0 4995.0
145 11178.0 3375.0
146 9396.0 3645.0
147 4725.0 4185.0
148 10449.0 5265.0
149 9531.0 5805.0
150 7506.0 6345.0
151 7182.0 6345.0
152 7236.0 6075.0
153 5184.0 5805.0
154 4266.0 6075.0
155 4266.0 5535.0
156 4428.0 5805.0
157 4779.0 5805.0
158 4077.0 4725.0
159 4212.0 3645.0
160 4131.0 3105.0
161 3780.0 3105.0
162 3807.0 3375.0
163 3726.0 2835.0
164 4050.0 2835.0
165 9234.0 3105.0
166 8748.0 1755.0
167 9126.0 2565.0
168 8640.0 2565.0
169 7074.0 3105.0
170 8181.0 3105.0
171 8802.0 2025.0
172 5319.0 2835.0
173 5346.0 3105.0
174 4536.0 2835.0
175 4509.0 2565.0
176 3213.0 6885.0
177 4968.0 3915.0
178 5346.0 3645.0
179 5292.0 2295.0
180 5022.0 2565.0
181 7884.0 2025.0
182 7830.0 2295.0
183 7452.0 2295.0
184 6318.0 3105.0
185 6507.0 2835.0
186 7506.0 2835.0
187 4941.0 2835.0
188 4671.0 3375.0
189 4536.0 3645.0
190 4698.0 3105.0
191 4860.0 3645.0
192 5130.0 3375.0
193 5643.0 3375.0
194 7209.0 3375.0
195 8262.0 3645.0
196 7884.0 4185.0
197 7884.0 3645.0
198 7668.0 3105.0
199 8586.0 5265.0
200 9504.0 5265.0
201 2052.0 6615.0
202 9774.0 5535.0
203 9018.0 5265.0
204 8343.0 6075.0
205 8856.0 6075.0
206 9396.0 6075.0
207 9234.0 6615.0
208 9180.0 6345.0
209 7911.0 5805.0
210 8019.0 6345.0
211 8640.0 6615.0
212 9720.0 6345.0
213 9504.0 6885.0
214 9072.0 6885.0
215 6453.0 6345.0
216 6291.0 6615.0
217 5832.0 6615.0
218 6696.0 6885.0
219 7182.0 6885.0
220 6264.0 6885.0
221 4887.0 6345.0
222 5130.0 6615.0
223 4914.0 7155.0
224 5292.0 7155.0
225 4914.0 6885.0
226 5157.0 6075.0
227 5346.0 6345.0
228 2592.0 6345.0
229 3456.0 6345.0
230 3024.0 6345.0
231 4644.0 6075.0
232 4050.0 5805.0
233 3537.0 5805.0
234 3240.0 5265.0
235 2592.0 6075.0
236 2916.0 6075.0
237 2808.0 5535.0
238 2970.0 4995.0
239 2376.0 4725.0
240 4563.0 5265.0
241 3699.0 5265.0
242 3861.0 4995.0
243 3240.0 4725.0
244 2808.0 4725.0
245 3024.0 4185.0
246 2700.0 4185.0
247 4320.0 3915.0
248 3807.0 3915.0
249 3294.0 3915.0
250 2808.0 3915.0
251 6858.0 6075.0
252 11070.0 4455.0
253 11178.0 4995.0
254 10746.0 4455.0
255 10854.0 4995.0
256 6318.0 4725.0
257 6588.0 5535.0
258 6588.0 5265.0
259 6642.0 4995.0
260 10044.0 3105.0
261 10800.0 2835.0
262 10854.0 3105.0
263 10422.0 3105.0
264 9558.0 2565.0
265 9720.0 1485.0
266 9774.0 2025.0
267 9882.0 2565.0
268 5724.0 2025.0
269 6318.0 1485.0
270 6264.0 2025.0
271 5832.0 2295.0
272 7182.0 2025.0
273 7128.0 1485.0
274 7074.0 1755.0
275 7560.0 2025.0
276 8100.0 3915.0
277 11178.0 3915.0
278 8964.0 3645.0
279 8640.0 4185.0
280 10854.0 5265.0
281 11178.0 5265.0
282 10422.0 5535.0
283 10746.0 5535.0
284 10530.0 6885.0
285 10854.0 6075.0
286 10638.0 6345.0
287 10854.0 6885.0
288 8370.0 6885.0
289 7830.0 7695.0
290 7992.0 7155.0
291 8370.0 7155.0
292 6588.0 7425.0
293 7344.0 7695.0
294 7290.0 7155.0
295 7020.0 7695.0
296 4104.0 7155.0
297 4806.0 7965.0
298 4482.0 7155.0
299 4428.0 7425.0
300 3888.0 6615.0
301 3348.0 7965.0
302 3240.0 7155.0
303 3618.0 7155.0
304 2376.0 5535.0
305 1458.0 6345.0
306 1728.0 5805.0
307 1782.0 6345.0
308 2052.0 4725.0
309 1350.0 4995.0
310 1728.0 4995.0
311 2106.0 4995.0
312 1944.0 4455.0
313 1512.0 4455.0
314 1728.0 3915.0
315 2106.0 3915.0
316 3186.0 3105.0
317 10098.0 5805.0
318 7317.0 3645.0
319 7047.0 2835.0
320 5481.0 2565.0
321 8181.0 2835.0
322 6075.0 3375.0
323 5751.0 4725.0
324 3753.0 4185.0
325 3645.0 4725.0
326 3483.0 5535.0
327 3807.0 6075.0
328 4725.0 6615.0
329 6831.0 6615.0
330 7857.0 6885.0
331 8613.0 6345.0
332 9099.0 5805.0
333 10449.0 4995.0
334 11016.0 3645.0
335 9882.0 3915.0
336 8748.0 4725.0
337 9882.0 4725.0
338 5670.0 5265.0
339 9450.0 2835.0
340 8856.0 2295.0
341 4590.0 2295.0
342 7614.0 2565.0
343 8100.0 3375.0
344 9072.0 5535.0
345 9936.0 6615.0
346 9180.0 7155.0
347 6102.0 7155.0
348 3888.0 6885.0
349 2862.0 6615.0
350 2646.0 5805.0
351 2862.0 4455.0
352 2538.0 3645.0
353 11016.0 4725.0
354 7020.0 4725.0
355 10476.0 3375.0
356 10098.0 2295.0
357 6264.0 2565.0
358 6696.0 2295.0
359 8802.0 3915.0
360 11016.0 5805.0
361 11016.0 6615.0
362 8478.0 7425.0
363 7290.0 7425.0
364 5130.0 7425.0
365 3294.0 7425.0
366 1674.0 6075.0
367 1674.0 5265.0
368 1728.0 4185.0
