Instance ID x_center y_center
0 11916.0 8824.0
1 8268.0 8824.0
2 7884.0 8824.0
3 15690.0 6540.0
4 15690.0 5772.0
5 15690.0 4908.0
6 15690.0 4332.0
7 8652.0 8824.0
8 8172.0 8824.0
9 7020.0 8824.0
10 5292.0 8824.0
11 5388.0 8824.0
12 7308.0 8824.0
13 42.0 4524.0
14 42.0 3852.0
15 5292.0 42.0
16 5484.0 42.0
17 7788.0 42.0
18 9036.0 42.0
19 7692.0 8824.0
20 9900.0 8824.0
21 10860.0 8824.0
22 9516.0 8824.0
23 7500.0 8824.0
24 10956.0 42.0
25 9420.0 42.0
26 42.0 5388.0
27 42.0 4620.0
28 42.0 3468.0
29 4716.0 42.0
30 5388.0 42.0
31 6444.0 42.0
32 7980.0 42.0
33 5196.0 42.0
34 8844.0 8824.0
35 9132.0 8824.0
36 7980.0 8824.0
37 7884.0 42.0
38 10284.0 8824.0
39 15690.0 5292.0
40 15690.0 4716.0
41 15690.0 2796.0
42 9996.0 42.0
43 6924.0 8824.0
44 6348.0 8824.0
45 6444.0 8824.0
46 6540.0 8824.0
47 6636.0 42.0
48 6348.0 42.0
49 6540.0 42.0
50 7692.0 42.0
51 8748.0 42.0
52 9228.0 8824.0
53 9324.0 8824.0
54 10935.0 7425.0
55 7425.0 5265.0
56 7641.0 5265.0
57 7479.0 5805.0
58 7047.0 7155.0
59 8181.0 7155.0
60 7290.0 3105.0
61 7668.0 3105.0
62 7695.0 3375.0
63 8154.0 4185.0
64 8478.0 3915.0
65 6507.0 6615.0
66 6183.0 6345.0
67 6102.0 4725.0
68 5751.0 4995.0
69 5913.0 4455.0
70 6291.0 4455.0
71 6588.0 3375.0
72 8370.0 3645.0
73 8667.0 3645.0
74 8856.0 3915.0
75 9072.0 4185.0
76 10881.0 3915.0
77 11286.0 3645.0
78 10962.0 3645.0
79 9720.0 3645.0
80 11178.0 4185.0
81 11664.0 3915.0
82 11610.0 3645.0
83 9450.0 3375.0
84 9153.0 3645.0
85 7209.0 4455.0
86 9693.0 4455.0
87 9720.0 5535.0
88 6561.0 2565.0
89 5427.0 5265.0
90 7290.0 5535.0
91 8910.0 5805.0
92 8856.0 6615.0
93 8910.0 6345.0
94 9288.0 6345.0
95 9558.0 7155.0
96 8883.0 7425.0
97 7155.0 5265.0
98 7371.0 3915.0
99 9234.0 7425.0
100 9153.0 5805.0
101 8586.0 6075.0
102 9234.0 5535.0
103 5481.0 3105.0
104 9288.0 6615.0
105 8991.0 7155.0
106 9099.0 6885.0
107 9261.0 2025.0
108 8181.0 2025.0
109 6237.0 2025.0
110 4995.0 2565.0
111 5535.0 3645.0
112 4995.0 4455.0
113 5049.0 5805.0
114 5211.0 6885.0
115 6723.0 6075.0
116 9261.0 2835.0
117 11799.0 3105.0
118 11097.0 4725.0
119 11475.0 5805.0
120 10989.0 6615.0
121 7911.0 4725.0
122 8964.0 5265.0
123 6750.0 5265.0
124 8100.0 6075.0
125 8532.0 4185.0
126 9477.0 4185.0
127 10044.0 3915.0
128 9180.0 3915.0
129 9612.0 3915.0
130 4266.0 4185.0
131 8046.0 7695.0
132 8154.0 6885.0
133 8208.0 6615.0
134 8613.0 5805.0
135 9774.0 2025.0
136 7668.0 4995.0
137 4131.0 1755.0
138 7776.0 5805.0
139 7371.0 4185.0
140 7452.0 3645.0
141 7803.0 3645.0
142 7803.0 3915.0
143 7668.0 4185.0
144 7614.0 4455.0
145 9936.0 7695.0
146 9990.0 6615.0
147 8343.0 3375.0
148 7209.0 7155.0
149 6993.0 6075.0
150 5940.0 5535.0
151 6318.0 5535.0
152 6372.0 5265.0
153 6912.0 3915.0
154 5886.0 3375.0
155 7236.0 3375.0
156 6912.0 3375.0
157 7047.0 3645.0
158 7587.0 2835.0
159 9990.0 3375.0
160 10233.0 5535.0
161 10206.0 6075.0
162 10233.0 5805.0
163 10530.0 6075.0
164 10584.0 6345.0
165 10638.0 6615.0
166 11016.0 7155.0
167 11502.0 6075.0
168 10800.0 5805.0
169 11502.0 4185.0
170 11421.0 4995.0
171 11124.0 6075.0
172 10827.0 4725.0
173 10746.0 4455.0
174 10368.0 4455.0
175 10287.0 4725.0
176 4941.0 2025.0
177 9504.0 5265.0
178 9774.0 4995.0
179 10962.0 4995.0
180 10584.0 4995.0
181 11070.0 2295.0
182 11610.0 2835.0
183 10800.0 2835.0
184 11286.0 3915.0
185 11313.0 3105.0
186 11232.0 2835.0
187 10503.0 4185.0
188 10395.0 3375.0
189 10260.0 3105.0
190 10530.0 3915.0
191 10098.0 3645.0
192 10530.0 3645.0
193 10773.0 3375.0
194 10719.0 3105.0
195 9396.0 2565.0
196 9072.0 3105.0
197 9558.0 2835.0
198 9882.0 2565.0
199 6858.0 5535.0
200 7344.0 6615.0
201 4644.0 2835.0
202 6912.0 6345.0
203 6912.0 6615.0
204 6129.0 6615.0
205 6534.0 6345.0
206 5022.0 6345.0
207 5454.0 6885.0
208 5292.0 6615.0
209 6129.0 6075.0
210 6237.0 5805.0
211 6480.0 6075.0
212 5346.0 6345.0
213 5616.0 5805.0
214 5292.0 6075.0
215 5859.0 5265.0
216 6237.0 4995.0
217 6480.0 4725.0
218 5238.0 4455.0
219 5562.0 4455.0
220 5184.0 4725.0
221 6291.0 3915.0
222 6480.0 3645.0
223 5130.0 4185.0
224 5778.0 3645.0
225 5184.0 3645.0
226 6183.0 3105.0
227 6642.0 3105.0
228 5292.0 2565.0
229 5616.0 2835.0
230 5184.0 2835.0
231 6156.0 3645.0
232 6264.0 3375.0
233 6507.0 2295.0
234 6966.0 2295.0
235 5670.0 2565.0
236 6102.0 2565.0
237 5832.0 2295.0
238 8316.0 2295.0
239 7938.0 2025.0
240 6723.0 2835.0
241 7155.0 2835.0
242 7425.0 2565.0
243 7884.0 2565.0
244 7884.0 2295.0
245 9288.0 2295.0
246 9018.0 2025.0
247 8694.0 3375.0
248 8559.0 2835.0
249 8856.0 2565.0
250 8856.0 2295.0
251 5130.0 3915.0
252 7884.0 7425.0
253 8208.0 7425.0
254 8478.0 7155.0
255 8532.0 7425.0
256 7938.0 5265.0
257 7668.0 6075.0
258 7668.0 5535.0
259 8100.0 5805.0
260 11394.0 6615.0
261 12528.0 6345.0
262 12042.0 6345.0
263 11880.0 6615.0
264 11826.0 6075.0
265 12528.0 5805.0
266 12150.0 5805.0
267 12150.0 6075.0
268 11718.0 4455.0
269 12582.0 4995.0
270 12204.0 4995.0
271 12150.0 4455.0
272 11934.0 3645.0
273 12582.0 4185.0
274 12204.0 4185.0
275 12258.0 3645.0
276 9288.0 4725.0
277 8424.0 5265.0
278 8370.0 4725.0
279 8748.0 4725.0
280 7452.0 7155.0
281 7290.0 7425.0
282 6966.0 7425.0
283 6642.0 7425.0
284 5238.0 7155.0
285 7398.0 7695.0
286 5940.0 7425.0
287 5562.0 7155.0
288 5292.0 5805.0
289 3780.0 5265.0
290 4158.0 5265.0
291 4320.0 5805.0
292 4752.0 4725.0
293 3456.0 4725.0
294 4158.0 4725.0
295 3780.0 4725.0
296 4698.0 3915.0
297 3780.0 3375.0
298 4158.0 3375.0
299 4266.0 3915.0
300 4752.0 2295.0
301 4374.0 1215.0
302 4752.0 1215.0
303 4806.0 1755.0
304 5832.0 1755.0
305 5400.0 1755.0
306 5670.0 1215.0
307 6048.0 1215.0
308 7128.0 1755.0
309 6534.0 1755.0
310 6804.0 1215.0
311 7182.0 1215.0
312 8478.0 2025.0
313 7938.0 1215.0
314 8316.0 1215.0
315 8370.0 1485.0
316 10260.0 6345.0
317 6912.0 6885.0
318 9531.0 3105.0
319 11475.0 3375.0
320 11259.0 4455.0
321 11421.0 5535.0
322 10773.0 5535.0
323 8127.0 4455.0
324 8397.0 3105.0
325 7371.0 2295.0
326 6669.0 2025.0
327 6021.0 2835.0
328 5697.0 3915.0
329 5697.0 4725.0
330 5535.0 5535.0
331 5751.0 6345.0
332 6993.0 5805.0
333 7857.0 7155.0
334 10260.0 7425.0
335 9828.0 6885.0
336 9288.0 6075.0
337 7992.0 6345.0
338 7290.0 4725.0
339 10908.0 6885.0
340 11286.0 6345.0
341 10638.0 5265.0
342 11286.0 2565.0
343 10260.0 2295.0
344 6426.0 7155.0
345 4590.0 6885.0
346 4482.0 6075.0
347 4374.0 4455.0
348 5184.0 3375.0
349 4374.0 2565.0
350 5616.0 2025.0
351 7830.0 1755.0
352 8964.0 1755.0
353 8910.0 7695.0
354 8424.0 5535.0
355 12258.0 6885.0
356 12528.0 5535.0
357 12474.0 4725.0
358 12474.0 3915.0
359 9018.0 4995.0
360 6048.0 7695.0
361 5184.0 7425.0
362 4482.0 5535.0
363 4482.0 4995.0
364 4374.0 3645.0
365 5022.0 1485.0
366 6264.0 1485.0
367 7506.0 1485.0
368 9072.0 1485.0
