Instance ID x_center y_center
0 10270.0 140.0
1 25950.0 140.0
2 36030.0 50030.0
3 41630.0 50030.0
4 140.0 31500.0
5 140.0 27020.0
6 140.0 32620.0
7 140.0 33740.0
8 24830.0 140.0
9 36030.0 140.0
10 46110.0 140.0
11 57310.0 140.0
12 37150.0 140.0
13 96200.0 13580.0
14 96200.0 20300.0
15 96200.0 28140.0
16 96200.0 32620.0
17 96200.0 30380.0
18 44990.0 140.0
19 38270.0 140.0
20 40510.0 50030.0
21 24830.0 50030.0
22 140.0 23660.0
23 52830.0 140.0
24 18110.0 50030.0
25 140.0 43820.0
26 65150.0 140.0
27 68510.0 140.0
28 96200.0 15820.0
29 96200.0 23660.0
30 96200.0 33740.0
31 96200.0 31500.0
32 52830.0 50030.0
33 28190.0 140.0
34 140.0 15820.0
35 140.0 19180.0
36 31550.0 140.0
37 51710.0 50030.0
38 50590.0 50030.0
39 46110.0 50030.0
40 47230.0 50030.0
41 34910.0 50030.0
42 31550.0 50030.0
43 40510.0 140.0
44 51710.0 140.0
45 59550.0 140.0
46 96200.0 14700.0
47 96200.0 21420.0
48 96200.0 27020.0
49 96200.0 29260.0
50 69630.0 50030.0
51 47230.0 140.0
52 140.0 16940.0
53 140.0 18060.0
54 43320.0 35000.0
55 40660.0 26600.0
56 45410.0 23800.0
57 75050.0 35000.0
58 43890.0 26600.0
59 21660.0 37800.0
60 20710.0 37800.0
61 20900.0 26600.0
62 28310.0 32200.0
63 22990.0 35000.0
64 67070.0 9800.0
65 48830.0 9800.0
66 35910.0 12600.0
67 25650.0 12600.0
68 40850.0 9800.0
69 84930.0 37800.0
70 78090.0 23800.0
71 81510.0 15400.0
72 77140.0 12600.0
73 78090.0 18200.0
74 41230.0 21000.0
75 23750.0 21000.0
76 25840.0 21000.0
77 20140.0 18200.0
78 25270.0 15400.0
79 27930.0 15400.0
80 83030.0 9800.0
81 17290.0 15400.0
82 18050.0 18200.0
83 23560.0 18200.0
84 15770.0 21000.0
85 7220.0 18200.0
86 26790.0 15400.0
87 13490.0 4200.0
88 14440.0 12600.0
89 14820.0 15400.0
90 16150.0 15400.0
91 16720.0 18200.0
92 15580.0 18200.0
93 30020.0 7000.0
94 35340.0 4200.0
95 43510.0 9800.0
96 30970.0 9800.0
97 40850.0 12600.0
98 42180.0 12600.0
99 63650.0 9800.0
100 63080.0 4200.0
101 66690.0 4200.0
102 65550.0 9800.0
103 49970.0 9800.0
104 51680.0 4200.0
105 53770.0 9800.0
106 54150.0 12600.0
107 60230.0 12600.0
108 59090.0 15400.0
109 62510.0 9800.0
110 63460.0 12600.0
111 61940.0 12600.0
112 62130.0 15400.0
113 83600.0 32200.0
114 84170.0 35000.0
115 81130.0 29400.0
116 69350.0 32200.0
117 79610.0 23800.0
118 80940.0 23800.0
119 76190.0 23800.0
120 72770.0 23800.0
121 67830.0 29400.0
122 75430.0 18200.0
123 81700.0 18200.0
124 80370.0 18200.0
125 68210.0 18200.0
126 75430.0 12600.0
127 74480.0 12600.0
128 71630.0 12600.0
129 73150.0 12600.0
130 65930.0 15400.0
131 65170.0 35000.0
132 65170.0 40600.0
133 70870.0 29400.0
134 70870.0 35000.0
135 66880.0 35000.0
136 72200.0 18200.0
137 70490.0 12600.0
138 70490.0 18200.0
139 68020.0 35000.0
140 67070.0 37800.0
141 67830.0 40600.0
142 11020.0 26600.0
143 29070.0 29400.0
144 29260.0 32200.0
145 30590.0 29400.0
146 32110.0 32200.0
147 46550.0 35000.0
148 26220.0 35000.0
149 27550.0 35000.0
150 29450.0 35000.0
151 32110.0 35000.0
152 46930.0 37800.0
153 19190.0 37800.0
154 17100.0 37800.0
155 16150.0 37800.0
156 26790.0 37800.0
157 35530.0 37800.0
158 25840.0 40600.0
159 33250.0 40600.0
160 46550.0 40600.0
161 42750.0 40600.0
162 41800.0 40600.0
163 42370.0 37800.0
164 43890.0 37800.0
165 41990.0 26600.0
166 38760.0 26600.0
167 39710.0 26600.0
168 46170.0 29400.0
169 52630.0 37800.0
170 56240.0 40600.0
171 47690.0 23800.0
172 49780.0 23800.0
173 52250.0 23800.0
174 55670.0 26600.0
175 55670.0 29400.0
176 73530.0 29400.0
177 76000.0 32200.0
178 75050.0 32200.0
179 71250.0 32200.0
180 70490.0 37800.0
181 57950.0 32200.0
182 57570.0 40600.0
183 61750.0 37800.0
184 62510.0 40600.0
185 58330.0 29400.0
186 57190.0 29400.0
187 56620.0 35000.0
188 56810.0 37800.0
189 41420.0 35000.0
190 43320.0 29400.0
191 44460.0 35000.0
192 50350.0 37800.0
193 49210.0 40600.0
194 30400.0 32200.0
195 31730.0 37800.0
196 24890.0 37800.0
197 30780.0 40600.0
198 29640.0 40600.0
199 31730.0 40600.0
200 34390.0 40600.0
201 34390.0 26600.0
202 35530.0 21000.0
203 24890.0 18200.0
204 31540.0 18200.0
205 34200.0 7000.0
206 30400.0 21000.0
207 32300.0 7000.0
208 29070.0 15400.0
209 34200.0 15400.0
210 28310.0 7000.0
211 30210.0 15400.0
212 32870.0 15400.0
213 25460.0 7000.0
214 26220.0 4200.0
215 26790.0 7000.0
216 27930.0 23800.0
217 28690.0 26600.0
218 41040.0 23800.0
219 64030.0 15400.0
220 63650.0 18200.0
221 62700.0 18200.0
222 60420.0 15400.0
223 61370.0 18200.0
224 59660.0 32200.0
225 60800.0 35000.0
226 62130.0 35000.0
227 57760.0 35000.0
228 59280.0 37800.0
229 59470.0 35000.0
230 51680.0 35000.0
231 27930.0 18200.0
232 44650.0 21000.0
233 39330.0 21000.0
234 38190.0 21000.0
235 40660.0 18200.0
236 39140.0 15400.0
237 37810.0 15400.0
238 44080.0 40600.0
239 55480.0 12600.0
240 38000.0 12600.0
241 39520.0 12600.0
242 54340.0 15400.0
243 51110.0 9800.0
244 52440.0 9800.0
245 56240.0 12600.0
246 58330.0 12600.0
247 65550.0 12600.0
248 58520.0 18200.0
249 65930.0 23800.0
250 59280.0 23800.0
251 59090.0 21000.0
252 60990.0 21000.0
253 70110.0 23800.0
254 68590.0 23800.0
255 60420.0 23800.0
256 66880.0 12600.0
257 68210.0 15400.0
258 62320.0 21000.0
259 62510.0 23800.0
260 61750.0 26600.0
261 53580.0 29400.0
262 55670.0 32200.0
263 54720.0 35000.0
264 61750.0 29400.0
265 61370.0 32200.0
266 55480.0 35000.0
267 54530.0 29400.0
268 53390.0 35000.0
269 51110.0 43400.0
270 47500.0 29400.0
271 44460.0 29400.0
272 73910.0 32200.0
273 72770.0 32200.0
274 52060.0 32200.0
275 49020.0 43400.0
276 51490.0 46200.0
277 52630.0 46200.0
278 47880.0 46200.0
279 49020.0 46200.0
280 50350.0 46200.0
281 45790.0 46200.0
282 43890.0 43400.0
283 45030.0 43400.0
284 42180.0 43400.0
285 42560.0 46200.0
286 44270.0 46200.0
287 28500.0 37800.0
288 63460.0 35000.0
289 63460.0 37800.0
290 60230.0 43400.0
291 53960.0 40600.0
292 57950.0 43400.0
293 63650.0 43400.0
294 62320.0 43400.0
295 61370.0 43400.0
296 59090.0 43400.0
297 58330.0 46200.0
298 54720.0 40600.0
299 56620.0 43400.0
300 57190.0 46200.0
301 34770.0 46200.0
302 28690.0 43400.0
303 27550.0 43400.0
304 26220.0 43400.0
305 26980.0 46200.0
306 28310.0 46200.0
307 26600.0 26600.0
308 52630.0 40600.0
309 52820.0 29400.0
310 53770.0 32200.0
311 57570.0 23800.0
312 53960.0 23800.0
313 64790.0 18200.0
314 63650.0 21000.0
315 55670.0 23800.0
316 57380.0 26600.0
317 53010.0 26600.0
318 34200.0 35000.0
319 35340.0 35000.0
320 36480.0 35000.0
321 45220.0 32200.0
322 46360.0 32200.0
323 51870.0 29400.0
324 50920.0 32200.0
325 47690.0 32200.0
326 48070.0 35000.0
327 49780.0 32200.0
328 49590.0 35000.0
329 33630.0 32200.0
330 25270.0 26600.0
331 24130.0 26600.0
332 13300.0 21000.0
333 11780.0 21000.0
334 14630.0 23800.0
335 22800.0 37800.0
336 55100.0 37800.0
337 59850.0 40600.0
338 60230.0 37800.0
339 39140.0 37800.0
340 58900.0 40600.0
341 58330.0 37800.0
342 45410.0 37800.0
343 32680.0 37800.0
344 40090.0 37800.0
345 41230.0 37800.0
346 39140.0 40600.0
347 38000.0 40600.0
348 36860.0 40600.0
349 35530.0 40600.0
350 28310.0 40600.0
351 22610.0 40600.0
352 21470.0 40600.0
353 17100.0 43400.0
354 18240.0 46200.0
355 19190.0 43400.0
356 23940.0 40600.0
357 38190.0 37800.0
358 40660.0 40600.0
359 46740.0 43400.0
360 48070.0 43400.0
361 40470.0 43400.0
362 30020.0 37800.0
363 36860.0 37800.0
364 37050.0 43400.0
365 35720.0 43400.0
366 34770.0 43400.0
367 32110.0 43400.0
368 33440.0 43400.0
369 32490.0 46200.0
370 29450.0 46200.0
371 23750.0 43400.0
372 21470.0 43400.0
373 12540.0 43400.0
374 11020.0 43400.0
375 9690.0 43400.0
376 41800.0 15400.0
377 42180.0 9800.0
378 42560.0 7000.0
379 40660.0 7000.0
380 39330.0 7000.0
381 39520.0 4200.0
382 36860.0 4200.0
383 38190.0 4200.0
384 52060.0 12600.0
385 54340.0 7000.0
386 51300.0 7000.0
387 49970.0 7000.0
388 49780.0 4200.0
389 48260.0 4200.0
390 48830.0 7000.0
391 58520.0 9800.0
392 60800.0 9800.0
393 60800.0 7000.0
394 59090.0 7000.0
395 55860.0 7000.0
396 56620.0 9800.0
397 57570.0 7000.0
398 70680.0 15400.0
399 81700.0 12600.0
400 80180.0 12600.0
401 83030.0 12600.0
402 89300.0 15400.0
403 90820.0 15400.0
404 85690.0 15400.0
405 65170.0 21000.0
406 66880.0 18200.0
407 67260.0 21000.0
408 68970.0 21000.0
409 83220.0 21000.0
410 82840.0 18200.0
411 84170.0 18200.0
412 92720.0 18200.0
413 91960.0 21000.0
414 86830.0 15400.0
415 69160.0 26600.0
416 84360.0 26600.0
417 83980.0 23800.0
418 85690.0 21000.0
419 85500.0 23800.0
420 88160.0 26600.0
421 87970.0 21000.0
422 63270.0 29400.0
423 64220.0 26600.0
424 64790.0 29400.0
425 82840.0 26600.0
426 82840.0 29400.0
427 84170.0 29400.0
428 88540.0 32200.0
429 90060.0 32200.0
430 86450.0 32200.0
431 70110.0 40600.0
432 67640.0 43400.0
433 69350.0 43400.0
434 71060.0 26600.0
435 72580.0 26600.0
436 85690.0 26600.0
437 92720.0 29400.0
438 92340.0 26600.0
439 86830.0 26600.0
440 42940.0 23800.0
441 55670.0 15400.0
442 56810.0 15400.0
443 56240.0 18200.0
444 53580.0 18200.0
445 57950.0 15400.0
446 59850.0 18200.0
447 57570.0 18200.0
448 54720.0 18200.0
449 53960.0 21000.0
450 42750.0 18200.0
451 43130.0 21000.0
452 44270.0 18200.0
453 45980.0 15400.0
454 47500.0 15400.0
455 44650.0 15400.0
456 31350.0 26600.0
457 76190.0 26600.0
458 25270.0 9800.0
459 27550.0 9800.0
460 64790.0 32200.0
461 27550.0 12600.0
462 37050.0 29400.0
463 38380.0 29400.0
464 35530.0 29400.0
465 36670.0 26600.0
466 42370.0 35000.0
467 41800.0 29400.0
468 40090.0 29400.0
469 41990.0 32200.0
470 10830.0 32200.0
471 16530.0 9800.0
472 26980.0 32200.0
473 25270.0 32200.0
474 22990.0 32200.0
475 76950.0 29400.0
476 11970.0 26600.0
477 13300.0 26600.0
478 15010.0 26600.0
479 17290.0 26600.0
480 11970.0 32200.0
481 15960.0 32200.0
482 18050.0 32200.0
483 18050.0 35000.0
484 13870.0 32200.0
485 14630.0 29400.0
486 15390.0 35000.0
487 36670.0 7000.0
488 38190.0 9800.0
489 35910.0 9800.0
490 52630.0 4200.0
491 52820.0 7000.0
492 45790.0 7000.0
493 45410.0 9800.0
494 65550.0 4200.0
495 64220.0 4200.0
496 62890.0 7000.0
497 65170.0 7000.0
498 69350.0 4200.0
499 69160.0 9800.0
500 70870.0 9800.0
501 73150.0 9800.0
502 84550.0 15400.0
503 82840.0 15400.0
504 78470.0 12600.0
505 79610.0 15400.0
506 81890.0 23800.0
507 81320.0 26600.0
508 79610.0 26600.0
509 78470.0 21000.0
510 84550.0 32200.0
511 82460.0 32200.0
512 78850.0 32200.0
513 79230.0 35000.0
514 81130.0 32200.0
515 77140.0 32200.0
516 76190.0 35000.0
517 73150.0 35000.0
518 51870.0 26600.0
519 50160.0 26600.0
520 48830.0 26600.0
521 46930.0 26600.0
522 21090.0 15400.0
523 11590.0 18200.0
524 19950.0 21000.0
525 21470.0 7000.0
526 36290.0 18200.0
527 38570.0 46200.0
528 22990.0 46200.0
529 10830.0 23800.0
530 14250.0 46200.0
531 10450.0 40600.0
532 31350.0 4200.0
533 44270.0 4200.0
534 59470.0 4200.0
535 87590.0 12600.0
536 88730.0 18200.0
537 89490.0 23800.0
538 88350.0 35000.0
539 88730.0 29400.0
540 48450.0 18200.0
541 21850.0 12600.0
542 37050.0 23800.0
543 37430.0 32200.0
544 24510.0 29400.0
545 18810.0 23800.0
546 10830.0 37800.0
547 17290.0 40600.0
548 32110.0 12600.0
549 46550.0 12600.0
550 69730.0 7000.0
551 77710.0 9800.0
552 75050.0 15400.0
553 73530.0 21000.0
554 81130.0 37800.0
555 74670.0 37800.0
556 48830.0 21000.0
