Instance_ID x_center y_center
0 67390.0 58490.0
1 140.0 23660.0
2 140.0 35980.0
3 36030.0 58490.0
4 25950.0 58490.0
5 31550.0 58490.0
6 37150.0 58490.0
7 43870.0 58490.0
8 140.0 27020.0
9 140.0 20300.0
10 140.0 18060.0
11 27070.0 140.0
12 140.0 16940.0
13 36030.0 140.0
14 47230.0 140.0
15 64030.0 140.0
16 81900.0 14700.0
17 81900.0 25900.0
18 38270.0 140.0
19 140.0 37100.0
20 140.0 41580.0
21 140.0 43820.0
22 140.0 48300.0
23 23710.0 140.0
24 21470.0 58490.0
25 27070.0 58490.0
26 28190.0 140.0
27 37150.0 140.0
28 48350.0 140.0
29 56190.0 140.0
30 57310.0 140.0
31 81900.0 29260.0
32 34910.0 58490.0
33 140.0 25900.0
34 140.0 28140.0
35 140.0 31500.0
36 140.0 24780.0
37 47230.0 58490.0
38 48350.0 58490.0
39 70750.0 58490.0
40 52830.0 58490.0
41 62910.0 58490.0
42 56190.0 58490.0
43 140.0 22540.0
44 140.0 19180.0
45 32670.0 140.0
46 40510.0 140.0
47 50590.0 140.0
48 81900.0 19180.0
49 81900.0 20300.0
50 81900.0 27020.0
51 81900.0 30380.0
52 140.0 29260.0
53 140.0 30380.0
54 35340.0 37800.0
55 24700.0 40600.0
56 38950.0 35000.0
57 67830.0 35000.0
58 32870.0 35000.0
59 44840.0 49000.0
60 39710.0 54600.0
61 35340.0 43400.0
62 26410.0 43400.0
63 35910.0 46200.0
64 29450.0 12600.0
65 24130.0 12600.0
66 23750.0 18200.0
67 26790.0 23800.0
68 25270.0 18200.0
69 70870.0 12600.0
70 60230.0 4200.0
71 55290.0 9800.0
72 42560.0 9800.0
73 54910.0 12600.0
74 31730.0 29400.0
75 17670.0 32200.0
76 17860.0 26600.0
77 8740.0 29400.0
78 15390.0 26600.0
79 17670.0 29400.0
80 21090.0 35000.0
81 7030.0 29400.0
82 8930.0 32200.0
83 13300.0 26600.0
84 10830.0 29400.0
85 3420.0 29400.0
86 16910.0 26600.0
87 19950.0 46200.0
88 4560.0 29400.0
89 5700.0 29400.0
90 7410.0 32200.0
91 10260.0 32200.0
92 6080.0 32200.0
93 14440.0 23800.0
94 9880.0 21000.0
95 27550.0 15400.0
96 21850.0 21000.0
97 26790.0 18200.0
98 28120.0 18200.0
99 31730.0 12600.0
100 31540.0 9800.0
101 32870.0 12600.0
102 34390.0 15400.0
103 22230.0 15400.0
104 19380.0 15400.0
105 22610.0 12600.0
106 24890.0 15400.0
107 36670.0 18200.0
108 42370.0 18200.0
109 30590.0 12600.0
110 31160.0 15400.0
111 46740.0 18200.0
112 45410.0 18200.0
113 66880.0 18200.0
114 65550.0 18200.0
115 67070.0 15400.0
116 65170.0 21000.0
117 59850.0 9800.0
118 60420.0 7000.0
119 57950.0 9800.0
120 55670.0 15400.0
121 54910.0 21000.0
122 53770.0 9800.0
123 53200.0 7000.0
124 51870.0 9800.0
125 53010.0 15400.0
126 40850.0 9800.0
127 41800.0 9800.0
128 40850.0 12600.0
129 39330.0 12600.0
130 44650.0 15400.0
131 46930.0 23800.0
132 48830.0 23800.0
133 61750.0 15400.0
134 61750.0 18200.0
135 50160.0 23800.0
136 53200.0 12600.0
137 41990.0 12600.0
138 51490.0 12600.0
139 52060.0 21000.0
140 53010.0 23800.0
141 53010.0 26600.0
142 16720.0 46200.0
143 41610.0 46200.0
144 45220.0 43400.0
145 43130.0 46200.0
146 46550.0 46200.0
147 49970.0 43400.0
148 24700.0 46200.0
149 24890.0 43400.0
150 27550.0 46200.0
151 40090.0 43400.0
152 49970.0 40600.0
153 35530.0 49000.0
154 36860.0 49000.0
155 39330.0 51800.0
156 46550.0 49000.0
157 52250.0 49000.0
158 49020.0 51800.0
159 51870.0 46200.0
160 48450.0 43400.0
161 36290.0 43400.0
162 36100.0 37800.0
163 38950.0 40600.0
164 40470.0 40600.0
165 29450.0 37800.0
166 23560.0 35000.0
167 24510.0 37800.0
168 40470.0 37800.0
169 45410.0 37800.0
170 49020.0 32200.0
171 41990.0 32200.0
172 39900.0 32200.0
173 40470.0 35000.0
174 44650.0 32200.0
175 54530.0 32200.0
176 67450.0 29400.0
177 66120.0 29400.0
178 65170.0 29400.0
179 62130.0 29400.0
180 59090.0 29400.0
181 53390.0 29400.0
182 50350.0 32200.0
183 48070.0 29400.0
184 50730.0 29400.0
185 46550.0 29400.0
186 46170.0 32200.0
187 47880.0 32200.0
188 46930.0 35000.0
189 41800.0 40600.0
190 41800.0 37800.0
191 43700.0 40600.0
192 45410.0 35000.0
193 44270.0 35000.0
194 44460.0 46200.0
195 50730.0 46200.0
196 48070.0 49000.0
197 51300.0 49000.0
198 49400.0 49000.0
199 49590.0 46200.0
200 43130.0 35000.0
201 34770.0 35000.0
202 34390.0 23800.0
203 19190.0 26600.0
204 21280.0 26600.0
205 16340.0 23800.0
206 28500.0 26600.0
207 13300.0 21000.0
208 20330.0 26600.0
209 24320.0 21000.0
210 11970.0 21000.0
211 22610.0 26600.0
212 23750.0 7000.0
213 8360.0 21000.0
214 6080.0 21000.0
215 5510.0 26600.0
216 26790.0 32200.0
217 27930.0 35000.0
218 27360.0 37800.0
219 46170.0 15400.0
220 48070.0 15400.0
221 49020.0 15400.0
222 43700.0 18200.0
223 48830.0 18200.0
224 55100.0 29400.0
225 55480.0 35000.0
226 54530.0 35000.0
227 52060.0 32200.0
228 52440.0 35000.0
229 53010.0 37800.0
230 52440.0 40600.0
231 26410.0 29400.0
232 25650.0 40600.0
233 26030.0 37800.0
234 12730.0 35000.0
235 7600.0 37800.0
236 6080.0 37800.0
237 10830.0 35000.0
238 34200.0 37800.0
239 36100.0 15400.0
240 26220.0 21000.0
241 30020.0 21000.0
242 33820.0 21000.0
243 23370.0 15400.0
244 29640.0 18200.0
245 35340.0 18200.0
246 35530.0 21000.0
247 38950.0 18200.0
248 40660.0 21000.0
249 55290.0 18200.0
250 55860.0 23800.0
251 46930.0 21000.0
252 45030.0 21000.0
253 57570.0 12600.0
254 57950.0 15400.0
255 57380.0 18200.0
256 38380.0 15400.0
257 42370.0 15400.0
258 52820.0 21000.0
259 57950.0 21000.0
260 62510.0 21000.0
261 53960.0 37800.0
262 56050.0 37800.0
263 59280.0 35000.0
264 59850.0 21000.0
265 59090.0 23800.0
266 60040.0 32200.0
267 60610.0 35000.0
268 61370.0 37800.0
269 63270.0 40600.0
270 42180.0 35000.0
271 42940.0 37800.0
272 61370.0 26600.0
273 60610.0 29400.0
274 58520.0 37800.0
275 61940.0 40600.0
276 66310.0 40600.0
277 64410.0 37800.0
278 63460.0 37800.0
279 64980.0 40600.0
280 64410.0 43400.0
281 34390.0 43400.0
282 33250.0 43400.0
283 14630.0 43400.0
284 10640.0 40600.0
285 6460.0 43400.0
286 7790.0 43400.0
287 27740.0 43400.0
288 48260.0 21000.0
289 49400.0 21000.0
290 49210.0 26600.0
291 47120.0 32200.0
292 48450.0 35000.0
293 47690.0 26600.0
294 45600.0 23800.0
295 45790.0 26600.0
296 47690.0 37800.0
297 47690.0 40600.0
298 50160.0 37800.0
299 49020.0 37800.0
300 48830.0 40600.0
301 27930.0 40600.0
302 26790.0 40600.0
303 16910.0 43400.0
304 13300.0 43400.0
305 9500.0 43400.0
306 11590.0 43400.0
307 37620.0 43400.0
308 54530.0 40600.0
309 57380.0 37800.0
310 57570.0 35000.0
311 57190.0 23800.0
312 57000.0 32200.0
313 41230.0 18200.0
314 53010.0 18200.0
315 55670.0 32200.0
316 57760.0 26600.0
317 58330.0 32200.0
318 42180.0 43400.0
319 43320.0 43400.0
320 52820.0 43400.0
321 59660.0 37800.0
322 59280.0 40600.0
323 57950.0 40600.0
324 57000.0 40600.0
325 56050.0 40600.0
326 53770.0 43400.0
327 55860.0 43400.0
328 55670.0 46200.0
329 40090.0 46200.0
330 37430.0 46200.0
331 15010.0 51800.0
332 15580.0 46200.0
333 9500.0 49000.0
334 12730.0 51800.0
335 39140.0 49000.0
336 49780.0 35000.0
337 53390.0 32200.0
338 53390.0 35000.0
339 54340.0 46200.0
340 50920.0 37800.0
341 51490.0 35000.0
342 46550.0 40600.0
343 45980.0 43400.0
344 46930.0 43400.0
345 51110.0 43400.0
346 54720.0 49000.0
347 52060.0 43400.0
348 53200.0 46200.0
349 53390.0 49000.0
350 41990.0 49000.0
351 37810.0 49000.0
352 26030.0 46200.0
353 25080.0 49000.0
354 22040.0 51800.0
355 22990.0 46200.0
356 40660.0 49000.0
357 57190.0 46200.0
358 60800.0 40600.0
359 61940.0 43400.0
360 63270.0 43400.0
361 60610.0 43400.0
362 48260.0 46200.0
363 58140.0 43400.0
364 59470.0 43400.0
365 59660.0 46200.0
366 60990.0 46200.0
367 56050.0 49000.0
368 58520.0 46200.0
369 57570.0 49000.0
370 43130.0 49000.0
371 40470.0 51800.0
372 26410.0 51800.0
373 28120.0 49000.0
374 27740.0 51800.0
375 25270.0 51800.0
376 28500.0 21000.0
377 22800.0 21000.0
378 16340.0 21000.0
379 14820.0 21000.0
380 11970.0 15400.0
381 6840.0 15400.0
382 4560.0 21000.0
383 5130.0 15400.0
384 31540.0 18200.0
385 19760.0 21000.0
386 14820.0 18200.0
387 13110.0 15400.0
388 10260.0 15400.0
389 10260.0 18200.0
390 8550.0 15400.0
391 33820.0 18200.0
392 32680.0 15400.0
393 29640.0 15400.0
394 26410.0 15400.0
395 25080.0 7000.0
396 24700.0 4200.0
397 26410.0 7000.0
398 39900.0 15400.0
399 37240.0 15400.0
400 36480.0 12600.0
401 35150.0 12600.0
402 41800.0 4200.0
403 40280.0 4200.0
404 35530.0 7000.0
405 51870.0 18200.0
406 50160.0 15400.0
407 50540.0 18200.0
408 51110.0 21000.0
409 51300.0 15400.0
410 49020.0 12600.0
411 47310.0 12600.0
412 51300.0 4200.0
413 49780.0 4200.0
414 46170.0 7000.0
415 59280.0 18200.0
416 60420.0 15400.0
417 60420.0 12600.0
418 59090.0 12600.0
419 69540.0 4200.0
420 66880.0 4200.0
421 64410.0 4200.0
422 63270.0 23800.0
423 61560.0 23800.0
424 64410.0 23800.0
425 63460.0 18200.0
426 64220.0 15400.0
427 65550.0 15400.0
428 69540.0 15400.0
429 69540.0 18200.0
430 68210.0 18200.0
431 57190.0 29400.0
432 55860.0 26600.0
433 59470.0 26600.0
434 62700.0 26600.0
435 64220.0 26600.0
436 65550.0 26600.0
437 69160.0 23800.0
438 73340.0 26600.0
439 67830.0 23800.0
440 39520.0 29400.0
441 37050.0 21000.0
442 39710.0 21000.0
443 40660.0 23800.0
444 46740.0 26600.0
445 38570.0 21000.0
446 41990.0 21000.0
447 41990.0 23800.0
448 42940.0 26600.0
449 44460.0 29400.0
450 42370.0 29400.0
451 41230.0 29400.0
452 41230.0 26600.0
453 37620.0 23800.0
454 39140.0 23800.0
455 39710.0 26600.0
456 25650.0 35000.0
457 21090.0 32200.0
458 11210.0 23800.0
459 18050.0 21000.0
460 21470.0 29400.0
461 18430.0 23800.0
462 16530.0 35000.0
463 16340.0 37800.0
464 18050.0 40600.0
465 19190.0 35000.0
466 30970.0 54600.0
467 31160.0 40600.0
468 29450.0 40600.0
469 32110.0 37800.0
470 24130.0 51800.0
471 22610.0 7000.0
472 23560.0 40600.0
473 21470.0 46200.0
474 21470.0 40600.0
475 64030.0 35000.0
476 31350.0 51800.0
477 30780.0 49000.0
478 29830.0 51800.0
479 30590.0 43400.0
480 38570.0 54600.0
481 38000.0 51800.0
482 36290.0 51800.0
483 34010.0 51800.0
484 42370.0 54600.0
485 42750.0 51800.0
486 45030.0 51800.0
487 12730.0 18200.0
488 15010.0 15400.0
489 17670.0 15400.0
490 23370.0 4200.0
491 22040.0 9800.0
492 21090.0 12600.0
493 18810.0 12600.0
494 30210.0 7000.0
495 31920.0 7000.0
496 28690.0 7000.0
497 27170.0 12600.0
498 38950.0 4200.0
499 41420.0 7000.0
500 39710.0 7000.0
501 37430.0 7000.0
502 52630.0 4200.0
503 52060.0 7000.0
504 50350.0 7000.0
505 48070.0 7000.0
506 61370.0 4200.0
507 61560.0 7000.0
508 59090.0 7000.0
509 56810.0 7000.0
510 63270.0 4200.0
511 63460.0 9800.0
512 61750.0 9800.0
513 62510.0 12600.0
514 69350.0 29400.0
515 63840.0 29400.0
516 61370.0 32200.0
517 63270.0 32200.0
518 36290.0 35000.0
519 37620.0 35000.0
520 35910.0 29400.0
521 34010.0 29400.0
522 9310.0 26600.0
523 6270.0 35000.0
524 13870.0 32200.0
525 6650.0 23800.0
526 12350.0 37800.0
527 6650.0 40600.0
528 10070.0 46200.0
529 13490.0 49000.0
530 21090.0 49000.0
531 25650.0 54600.0
532 6270.0 18200.0
533 10450.0 12600.0
534 28690.0 4200.0
535 35150.0 4200.0
536 45790.0 4200.0
537 65550.0 7000.0
538 71250.0 21000.0
539 69350.0 26600.0
540 35530.0 26600.0
541 22990.0 23800.0
542 20710.0 37800.0
543 35150.0 40600.0
544 20710.0 43400.0
545 31730.0 46200.0
546 34770.0 54600.0
547 46930.0 54600.0
548 19950.0 18200.0
549 18050.0 9800.0
550 27170.0 9800.0
551 37050.0 9800.0
552 47690.0 9800.0
553 56430.0 4200.0
554 67070.0 12600.0
555 67830.0 32200.0
556 35150.0 32200.0
