Instance ID x_center y_center
0 12300.0 8824.0
1 7788.0 8824.0
2 7692.0 8824.0
3 15690.0 6828.0
4 15690.0 5772.0
5 15690.0 4524.0
6 15690.0 4716.0
7 9132.0 8824.0
8 8172.0 8824.0
9 6252.0 8824.0
10 4812.0 8824.0
11 4620.0 8824.0
12 6924.0 8824.0
13 42.0 4524.0
14 42.0 3276.0
15 4620.0 42.0
16 5868.0 42.0
17 7596.0 42.0
18 9132.0 42.0
19 7692.0 42.0
20 10380.0 8824.0
21 11052.0 8824.0
22 9516.0 42.0
23 7020.0 8824.0
24 15690.0 5100.0
25 8748.0 8824.0
26 42.0 5580.0
27 42.0 4620.0
28 42.0 3180.0
29 4428.0 42.0
30 6252.0 42.0
31 7788.0 42.0
32 8556.0 42.0
33 9324.0 8824.0
34 9420.0 8824.0
35 9708.0 8824.0
36 7884.0 8824.0
37 8076.0 42.0
38 10860.0 42.0
39 15690.0 5484.0
40 10764.0 42.0
41 15690.0 4332.0
42 10668.0 8824.0
43 6348.0 8824.0
44 5484.0 8824.0
45 5580.0 8824.0
46 42.0 4812.0
47 5484.0 42.0
48 6156.0 42.0
49 6348.0 42.0
50 7404.0 42.0
51 9036.0 42.0
52 9804.0 8824.0
53 9900.0 8824.0
54 11799.0 7155.0
55 6993.0 4995.0
56 7263.0 5265.0
57 7263.0 7425.0
58 6669.0 6615.0
59 7641.0 6885.0
60 7074.0 3105.0
61 7830.0 3105.0
62 8235.0 3105.0
63 8964.0 3645.0
64 8856.0 3915.0
65 5805.0 6075.0
66 5913.0 5535.0
67 5616.0 4725.0
68 5211.0 5265.0
69 5643.0 4455.0
70 6021.0 4725.0
71 6318.0 3105.0
72 9072.0 3375.0
73 9315.0 3375.0
74 9612.0 3645.0
75 9720.0 3915.0
76 11043.0 3915.0
77 10368.0 4185.0
78 10422.0 4725.0
79 9126.0 4455.0
80 11718.0 3915.0
81 10692.0 3915.0
82 10530.0 4455.0
83 9450.0 4455.0
84 9261.0 4185.0
85 6615.0 4725.0
86 9639.0 4725.0
87 8694.0 5265.0
88 6561.0 2835.0
89 4671.0 5265.0
90 7992.0 5265.0
91 9234.0 6615.0
92 9234.0 7425.0
93 9126.0 7155.0
94 10044.0 6615.0
95 10530.0 7425.0
96 9585.0 7425.0
97 6993.0 5265.0
98 7263.0 4725.0
99 9990.0 7425.0
100 9207.0 6075.0
101 9234.0 6345.0
102 9774.0 6075.0
103 4887.0 3375.0
104 10098.0 6885.0
105 9423.0 7155.0
106 9585.0 6615.0
107 9855.0 2025.0
108 8073.0 2025.0
109 6345.0 2025.0
110 4941.0 2025.0
111 4131.0 3645.0
112 4077.0 4455.0
113 4185.0 6075.0
114 5103.0 7425.0
115 6615.0 6345.0
116 9639.0 5265.0
117 12501.0 4455.0
118 11529.0 2835.0
119 11907.0 5805.0
120 11583.0 6615.0
121 7965.0 4455.0
122 9396.0 5265.0
123 6912.0 4725.0
124 7938.0 6345.0
125 9234.0 3915.0
126 9855.0 4185.0
127 10206.0 4455.0
128 9126.0 4995.0
129 9828.0 4455.0
130 5292.0 4185.0
131 8370.0 7425.0
132 8532.0 7155.0
133 8046.0 7155.0
134 8991.0 6075.0
135 5454.0 2025.0
136 8100.0 4185.0
137 4077.0 1485.0
138 7668.0 3645.0
139 6723.0 5265.0
140 8370.0 3375.0
141 8613.0 3645.0
142 8127.0 3645.0
143 7776.0 3915.0
144 7614.0 4185.0
145 10584.0 6885.0
146 10638.0 6615.0
147 8721.0 3375.0
148 7155.0 6615.0
149 6075.0 6075.0
150 5670.0 4995.0
151 5562.0 5265.0
152 5940.0 5265.0
153 6426.0 3645.0
154 5724.0 3375.0
155 6750.0 3375.0
156 6426.0 3375.0
157 6561.0 3915.0
158 7479.0 3105.0
159 9612.0 3105.0
160 10773.0 3105.0
161 10476.0 2835.0
162 10557.0 2565.0
163 11340.0 2565.0
164 11070.0 2835.0
165 11178.0 6615.0
166 11178.0 6345.0
167 11934.0 6345.0
168 11340.0 5805.0
169 10800.0 4725.0
170 11097.0 4995.0
171 11556.0 6345.0
172 11583.0 3645.0
173 11394.0 3915.0
174 10692.0 3375.0
175 10395.0 3105.0
176 5373.0 1755.0
177 10044.0 1485.0
178 10098.0 2295.0
179 11664.0 2565.0
180 10746.0 2295.0
181 12042.0 4995.0
182 11880.0 4185.0
183 11502.0 4725.0
184 10746.0 4185.0
185 11259.0 4185.0
186 11934.0 4725.0
187 10881.0 3645.0
188 10287.0 3375.0
189 9558.0 3375.0
190 11232.0 3645.0
191 9882.0 3375.0
192 10314.0 3645.0
193 10287.0 3915.0
194 10395.0 4995.0
195 9450.0 6075.0
196 9504.0 5535.0
197 9342.0 5805.0
198 10098.0 6075.0
199 6426.0 5535.0
200 5886.0 6615.0
201 5238.0 2295.0
202 6912.0 6615.0
203 6318.0 6615.0
204 5481.0 6345.0
205 5508.0 6615.0
206 4860.0 6885.0
207 5400.0 7155.0
208 5292.0 6885.0
209 5535.0 5535.0
210 5481.0 5805.0
211 5562.0 6075.0
212 4914.0 6345.0
213 4428.0 6075.0
214 4482.0 6345.0
215 5265.0 4725.0
216 5211.0 4995.0
217 4914.0 4725.0
218 4320.0 4455.0
219 4104.0 5265.0
220 4428.0 4725.0
221 5427.0 3915.0
222 4968.0 3915.0
223 4482.0 3375.0
224 4914.0 3645.0
225 4482.0 3645.0
226 5967.0 3645.0
227 6210.0 3915.0
228 4806.0 1485.0
229 4752.0 2565.0
230 4698.0 2295.0
231 5886.0 3915.0
232 5994.0 3105.0
233 6075.0 2835.0
234 6210.0 2295.0
235 5940.0 1215.0
236 5886.0 2295.0
237 5994.0 2025.0
238 7560.0 2565.0
239 7614.0 1215.0
240 6075.0 3375.0
241 6669.0 3105.0
242 7047.0 2835.0
243 7236.0 2565.0
244 7506.0 2295.0
245 9612.0 2025.0
246 9234.0 1215.0
247 8964.0 3105.0
248 8937.0 2565.0
249 9450.0 2295.0
250 9180.0 2025.0
251 4590.0 4185.0
252 7560.0 7425.0
253 7884.0 7425.0
254 7614.0 7155.0
255 7614.0 6345.0
256 7884.0 4725.0
257 7614.0 5805.0
258 7614.0 5265.0
259 7560.0 4725.0
260 11934.0 6615.0
261 12852.0 6885.0
262 12474.0 6885.0
263 12096.0 6885.0
264 12150.0 5535.0
265 13500.0 5535.0
266 12528.0 5535.0
267 12420.0 5805.0
268 11610.0 3375.0
269 13500.0 4455.0
270 12528.0 3915.0
271 11988.0 3645.0
272 12744.0 4455.0
273 13500.0 4725.0
274 12582.0 4725.0
275 13068.0 4455.0
276 9882.0 5265.0
277 8856.0 7425.0
278 8856.0 5805.0
279 9072.0 5265.0
280 6912.0 6885.0
281 6912.0 7425.0
282 6534.0 7425.0
283 6210.0 7425.0
284 4752.0 6615.0
285 7074.0 7155.0
286 5130.0 6615.0
287 4860.0 7425.0
288 4590.0 5805.0
289 3294.0 5535.0
290 3996.0 5535.0
291 4266.0 5805.0
292 4212.0 4995.0
293 3294.0 4725.0
294 3726.0 5265.0
295 3996.0 4725.0
296 4374.0 3915.0
297 3348.0 3105.0
298 3780.0 3375.0
299 4158.0 3375.0
300 4266.0 2295.0
301 4374.0 1215.0
302 4428.0 1485.0
303 3942.0 2295.0
304 6642.0 2295.0
305 6480.0 1485.0
306 6642.0 2025.0
307 6750.0 1755.0
308 7614.0 1755.0
309 8100.0 1215.0
310 8100.0 1755.0
311 7938.0 2295.0
312 8640.0 2025.0
313 8424.0 1215.0
314 8532.0 1755.0
315 8856.0 2295.0
316 11016.0 2565.0
317 6156.0 6345.0
318 9531.0 4995.0
319 11097.0 4455.0
320 11151.0 3375.0
321 11637.0 4995.0
322 11259.0 5265.0
323 8181.0 3915.0
324 8829.0 2835.0
325 7641.0 2835.0
326 6399.0 2565.0
327 5535.0 2835.0
328 5427.0 3645.0
329 4671.0 4995.0
330 4779.0 5535.0
331 5157.0 6075.0
332 6507.0 6075.0
333 7317.0 6885.0
334 11124.0 7155.0
335 10044.0 7155.0
336 9342.0 6885.0
337 8262.0 6885.0
338 7344.0 4455.0
339 11340.0 6885.0
340 11610.0 6075.0
341 10962.0 2025.0
342 11880.0 4455.0
343 10368.0 5805.0
344 6102.0 6885.0
345 4158.0 6885.0
346 3618.0 6345.0
347 3456.0 4455.0
348 3510.0 3645.0
349 4320.0 2025.0
350 5778.0 1485.0
351 7452.0 2025.0
352 9288.0 1755.0
353 7992.0 6615.0
354 7614.0 4995.0
355 12636.0 6615.0
356 12744.0 6075.0
357 12420.0 3375.0
358 12582.0 4185.0
359 8748.0 5535.0
360 6210.0 7155.0
361 4698.0 7155.0
362 3564.0 5805.0
363 3510.0 4995.0
364 4050.0 3105.0
365 4374.0 1755.0
366 6048.0 1755.0
367 7992.0 1485.0
368 9288.0 1485.0
