Instance ID x_center y_center
0 10270.0 140.0
1 31550.0 140.0
2 38270.0 52930.0
3 43870.0 52930.0
4 140.0 31500.0
5 140.0 29260.0
6 140.0 32620.0
7 140.0 40460.0
8 28190.0 140.0
9 38270.0 140.0
10 50590.0 140.0
11 62910.0 140.0
12 41630.0 140.0
13 102000.0 13580.0
14 102000.0 21420.0
15 102000.0 30380.0
16 102000.0 34860.0
17 102000.0 33740.0
18 49470.0 140.0
19 39390.0 140.0
20 40510.0 52930.0
21 34910.0 52930.0
22 140.0 27020.0
23 60670.0 140.0
24 18110.0 52930.0
25 140.0 46060.0
26 70750.0 140.0
27 74110.0 140.0
28 102000.0 16940.0
29 102000.0 25900.0
30 102000.0 39340.0
31 66270.0 52930.0
32 52830.0 140.0
33 140.0 18060.0
34 140.0 19180.0
35 140.0 20300.0
36 34910.0 140.0
37 53950.0 52930.0
38 52830.0 52930.0
39 48350.0 52930.0
40 47230.0 52930.0
41 27070.0 52930.0
42 24830.0 52930.0
43 44990.0 140.0
44 55070.0 140.0
45 64030.0 140.0
46 102000.0 15820.0
47 102000.0 22540.0
48 102000.0 29260.0
49 102000.0 31500.0
50 72990.0 52930.0
51 47230.0 140.0
52 140.0 21420.0
53 140.0 22540.0
54 44840.0 32200.0
55 40660.0 29400.0
56 47310.0 23800.0
57 68210.0 32200.0
58 44650.0 29400.0
59 22040.0 40600.0
60 21850.0 35000.0
61 22800.0 29400.0
62 30590.0 32200.0
63 22610.0 32200.0
64 71630.0 9800.0
65 58330.0 4200.0
66 41610.0 9800.0
67 32110.0 12600.0
68 43510.0 9800.0
69 86830.0 35000.0
70 87970.0 26600.0
71 86830.0 18200.0
72 83980.0 12600.0
73 81510.0 23800.0
74 43890.0 23800.0
76 22800.0 21000.0
77 14060.0 21000.0
81 12730.0 21000.0
82 14630.0 23800.0
84 16150.0 21000.0
85 4940.0 21000.0
88 10260.0 15400.0
89 10640.0 18200.0
90 13110.0 23800.0
91 15960.0 26600.0
92 14820.0 26600.0
93 35340.0 9800.0
95 48830.0 12600.0
96 37430.0 9800.0
97 48070.0 9800.0
98 50160.0 12600.0
99 68970.0 9800.0
100 68400.0 4200.0
101 70490.0 9800.0
102 70490.0 12600.0
103 57190.0 9800.0
104 57000.0 7000.0
105 57950.0 7000.0
106 58710.0 12600.0
107 64790.0 15400.0
108 66310.0 12600.0
109 67450.0 9800.0
110 67640.0 12600.0
111 68020.0 15400.0
112 66690.0 15400.0
113 88160.0 35000.0
114 86830.0 37800.0
115 84930.0 35000.0
116 77710.0 37800.0
117 81890.0 29400.0
118 84740.0 29400.0
119 84930.0 26600.0
120 79990.0 26600.0
121 76570.0 40600.0
122 83410.0 21000.0
123 85120.0 21000.0
124 85310.0 18200.0
125 76190.0 21000.0
126 79230.0 12600.0
127 78280.0 9800.0
128 77710.0 12600.0
129 78470.0 15400.0
130 72010.0 18200.0
131 68590.0 40600.0
132 69730.0 43400.0
133 80370.0 35000.0
134 79990.0 37800.0
135 73720.0 40600.0
136 77520.0 21000.0
137 76570.0 12600.0
138 76190.0 18200.0
139 74480.0 40600.0
140 75430.0 43400.0
141 71630.0 46200.0
142 15200.0 32200.0
143 30590.0 29400.0
144 33060.0 29400.0
145 32110.0 29400.0
146 35910.0 32200.0
147 47690.0 32200.0
148 31920.0 35000.0
149 32110.0 32200.0
150 33250.0 35000.0
151 37050.0 35000.0
152 48830.0 37800.0
153 19190.0 37800.0
154 20520.0 37800.0
155 21850.0 37800.0
156 26790.0 37800.0
157 32490.0 40600.0
158 23180.0 43400.0
159 32110.0 43400.0
160 47690.0 40600.0
161 46170.0 37800.0
162 44840.0 35000.0
163 45790.0 32200.0
164 49210.0 35000.0
165 44650.0 26600.0
166 41800.0 32200.0
167 42370.0 29400.0
168 47690.0 26600.0
169 53390.0 37800.0
170 56620.0 37800.0
171 50730.0 26600.0
172 53200.0 21000.0
173 56050.0 23800.0
174 55670.0 26600.0
175 59090.0 29400.0
176 70110.0 32200.0
177 71440.0 32200.0
178 67070.0 35000.0
179 68590.0 37800.0
180 70490.0 40600.0
181 63270.0 40600.0
182 57950.0 40600.0
183 60610.0 43400.0
184 62130.0 46200.0
185 54910.0 29400.0
186 56050.0 29400.0
187 52440.0 40600.0
188 51110.0 40600.0
189 45600.0 35000.0
190 45980.0 26600.0
191 46740.0 35000.0
192 49210.0 40600.0
193 48070.0 43400.0
194 33820.0 32200.0
195 29830.0 40600.0
196 22990.0 40600.0
197 26220.0 43400.0
198 26600.0 40600.0
199 28310.0 40600.0
200 30970.0 40600.0
201 31730.0 23800.0
202 33630.0 15400.0
203 21090.0 18200.0
204 27740.0 18200.0
205 33060.0 9800.0
206 31920.0 18200.0
207 31540.0 9800.0
208 21850.0 21000.0
210 32110.0 7000.0
211 23750.0 21000.0
213 30780.0 7000.0
214 28880.0 4200.0
215 29070.0 7000.0
216 26790.0 21000.0
217 32110.0 21000.0
218 41040.0 23800.0
219 68210.0 18200.0
220 68970.0 21000.0
221 68020.0 21000.0
222 66120.0 18200.0
223 66690.0 21000.0
224 64980.0 40600.0
225 63080.0 37800.0
226 62130.0 37800.0
227 59660.0 40600.0
228 59660.0 37800.0
229 60610.0 37800.0
230 58140.0 37800.0
231 24890.0 18200.0
232 43130.0 21000.0
233 41230.0 21000.0
234 39710.0 21000.0
235 41420.0 15400.0
236 39900.0 15400.0
237 38570.0 15400.0
238 44840.0 37800.0
239 58140.0 15400.0
240 42940.0 12600.0
241 51300.0 12600.0
242 55860.0 15400.0
243 55670.0 9800.0
244 55860.0 12600.0
245 59660.0 15400.0
246 60990.0 15400.0
247 70490.0 15400.0
248 64980.0 18200.0
249 75050.0 26600.0
250 69160.0 26600.0
251 68210.0 23800.0
252 70110.0 23800.0
253 79990.0 23800.0
254 77330.0 26600.0
255 69920.0 26600.0
256 74860.0 12600.0
257 76190.0 15400.0
258 71440.0 23800.0
259 71630.0 26600.0
260 72770.0 35000.0
261 58520.0 32200.0
262 60230.0 32200.0
263 59280.0 35000.0
264 74290.0 37800.0
265 71630.0 37800.0
266 61180.0 35000.0
267 60230.0 35000.0
268 59090.0 43400.0
269 58330.0 46200.0
270 49020.0 29400.0
271 46740.0 29400.0
272 70110.0 35000.0
273 68590.0 35000.0
274 55860.0 35000.0
275 55480.0 46200.0
276 56810.0 46200.0
277 58330.0 49000.0
278 54720.0 49000.0
279 55860.0 49000.0
280 57190.0 49000.0
281 45790.0 49000.0
282 44650.0 43400.0
283 43130.0 43400.0
284 45980.0 46200.0
285 40660.0 49000.0
286 40470.0 43400.0
287 35340.0 37800.0
288 66880.0 43400.0
289 66880.0 40600.0
290 64030.0 43400.0
291 49780.0 43400.0
292 51490.0 43400.0
293 65550.0 43400.0
294 66880.0 46200.0
295 65550.0 46200.0
296 50730.0 46200.0
297 48450.0 46200.0
298 50540.0 43400.0
299 52820.0 46200.0
300 48070.0 49000.0
301 44650.0 49000.0
302 36670.0 46200.0
303 36670.0 49000.0
304 34200.0 46200.0
305 34200.0 49000.0
306 35530.0 49000.0
307 26980.0 29400.0
308 53010.0 43400.0
309 54340.0 35000.0
310 57570.0 35000.0
311 66690.0 26600.0
312 58140.0 26600.0
313 70110.0 18200.0
314 70110.0 21000.0
315 59470.0 26600.0
316 65360.0 29400.0
317 57190.0 29400.0
318 37240.0 32200.0
319 39900.0 32200.0
320 41040.0 32200.0
321 51680.0 32200.0
322 53200.0 35000.0
323 53770.0 29400.0
324 53960.0 26600.0
325 52630.0 29400.0
326 48830.0 32200.0
327 51300.0 29400.0
328 50350.0 32200.0
329 28310.0 29400.0
330 25650.0 29400.0
331 24130.0 29400.0
332 13300.0 26600.0
333 10260.0 26600.0
334 10450.0 32200.0
335 25080.0 37800.0
336 50540.0 37800.0
337 61370.0 40600.0
338 62510.0 43400.0
339 35340.0 43400.0
340 55480.0 40600.0
341 56430.0 40600.0
342 47310.0 37800.0
343 33820.0 40600.0
344 37050.0 40600.0
345 38570.0 40600.0
346 35340.0 40600.0
347 36100.0 43400.0
348 34200.0 43400.0
349 32870.0 46200.0
350 26410.0 49000.0
351 24890.0 49000.0
352 22230.0 49000.0
353 19000.0 46200.0
354 19380.0 49000.0
355 20710.0 49000.0
356 23180.0 37800.0
357 36670.0 37800.0
358 54340.0 40600.0
359 56620.0 43400.0
360 57950.0 43400.0
361 54910.0 43400.0
362 33820.0 37800.0
363 38000.0 37800.0
364 38570.0 43400.0
365 33060.0 43400.0
366 30590.0 43400.0
367 27170.0 43400.0
368 28880.0 43400.0
369 27170.0 46200.0
370 24510.0 46200.0
371 23370.0 46200.0
372 22230.0 46200.0
373 12920.0 46200.0
374 10640.0 46200.0
375 9310.0 46200.0
376 47120.0 12600.0
377 46360.0 9800.0
378 45220.0 9800.0
379 44840.0 12600.0
380 44270.0 7000.0
381 42180.0 7000.0
382 40660.0 4200.0
383 42370.0 4200.0
384 53960.0 12600.0
385 52820.0 9800.0
386 50920.0 9800.0
387 49210.0 9800.0
388 49400.0 7000.0
389 46740.0 7000.0
390 48070.0 7000.0
391 63840.0 12600.0
392 64980.0 9800.0
393 63460.0 9800.0
394 62130.0 9800.0
395 64980.0 7000.0
396 63460.0 7000.0
397 62130.0 7000.0
398 73720.0 15400.0
399 87020.0 12600.0
400 86640.0 15400.0
401 87970.0 15400.0
402 95000.0 15400.0
403 97280.0 15400.0
404 89490.0 15400.0
405 72390.0 23800.0
406 71820.0 21000.0
407 72960.0 21000.0
408 73530.0 23800.0
409 86640.0 21000.0
410 88540.0 21000.0
411 90630.0 18200.0
412 97280.0 21000.0
413 98800.0 21000.0
414 91770.0 18200.0
415 79800.0 29400.0
416 87400.0 29400.0
417 88920.0 29400.0
418 90250.0 26600.0
419 97660.0 29400.0
420 97660.0 26600.0
421 92150.0 26600.0
422 75810.0 37800.0
423 75240.0 35000.0
424 76950.0 35000.0
425 87400.0 32200.0
426 88920.0 32200.0
427 90250.0 32200.0
428 96140.0 35000.0
429 97660.0 35000.0
430 91390.0 35000.0
431 68590.0 46200.0
432 71440.0 43400.0
433 71250.0 49000.0
434 72580.0 32200.0
435 71440.0 29400.0
436 73910.0 32200.0
437 83980.0 32200.0
438 85500.0 32200.0
439 76190.0 32200.0
440 45600.0 23800.0
441 57190.0 15400.0
442 60610.0 18200.0
443 59280.0 18200.0
444 59280.0 23800.0
445 62510.0 15400.0
446 62890.0 18200.0
447 61750.0 18200.0
448 60040.0 21000.0
449 56620.0 21000.0
450 46550.0 21000.0
451 45410.0 21000.0
452 45410.0 15400.0
453 50920.0 18200.0
454 49780.0 15400.0
455 46550.0 15400.0
456 35910.0 21000.0
458 29070.0 9800.0
459 29830.0 12600.0
461 29830.0 15400.0
462 39710.0 29400.0
463 38380.0 29400.0
464 36670.0 29400.0
465 37430.0 26600.0
466 43510.0 32200.0
467 43700.0 35000.0
468 41610.0 35000.0
469 42750.0 37800.0
470 16910.0 32200.0
471 85690.0 12600.0
472 24320.0 32200.0
473 28690.0 32200.0
474 26410.0 32200.0
476 15010.0 29400.0
477 16340.0 29400.0
478 18050.0 29400.0
479 20710.0 29400.0
480 19950.0 32200.0
481 20520.0 35000.0
482 18430.0 32200.0
483 18430.0 35000.0
484 13490.0 40600.0
485 14630.0 37800.0
486 16910.0 37800.0
487 40090.0 7000.0
488 39330.0 9800.0
489 40470.0 12600.0
490 59850.0 4200.0
491 59280.0 7000.0
492 55670.0 7000.0
493 53390.0 7000.0
494 70490.0 4200.0
495 68780.0 7000.0
496 67070.0 7000.0
497 70870.0 7000.0
498 73910.0 4200.0
499 74480.0 9800.0
500 76190.0 9800.0
501 81130.0 12600.0
502 89490.0 18200.0
503 88160.0 18200.0
504 83410.0 18200.0
505 81130.0 18200.0
506 89110.0 26600.0
507 86640.0 26600.0
508 83030.0 26600.0
509 83790.0 23800.0
510 90250.0 37800.0
511 88540.0 37800.0
512 84930.0 37800.0
513 82650.0 37800.0
514 66310.0 37800.0
515 65360.0 35000.0
516 60990.0 29400.0
517 62890.0 29400.0
518 53010.0 15400.0
519 52440.0 18200.0
520 52250.0 21000.0
521 50350.0 21000.0
522 14630.0 18200.0
523 9310.0 23800.0
524 18810.0 23800.0
525 25270.0 7000.0
526 38570.0 18200.0
527 41230.0 46200.0
528 30210.0 49000.0
529 11210.0 29400.0
530 15390.0 49000.0
531 10830.0 43400.0
532 34770.0 4200.0
533 46930.0 4200.0
534 64030.0 4200.0
535 92150.0 12600.0
536 93290.0 21000.0
537 93670.0 29400.0
538 94050.0 37800.0
539 79990.0 32200.0
540 46930.0 18200.0
541 25650.0 12600.0
542 37050.0 23800.0
543 42750.0 40600.0
544 27930.0 35000.0
545 22230.0 26600.0
546 12730.0 35000.0
547 18430.0 40600.0
548 35910.0 12600.0
549 54530.0 4200.0
550 75430.0 7000.0
551 83030.0 9800.0
552 82650.0 15400.0
553 91010.0 23800.0
554 84170.0 40600.0
555 64410.0 32200.0
556 51870.0 23800.0
