Instance ID x_center y_center
0 140.0 55020.0
1 140.0 32620.0
2 140.0 40460.0
3 46110.0 66320.0
4 47230.0 66320.0
5 140.0 47180.0
6 33790.0 66320.0
7 65150.0 66320.0
8 140.0 33740.0
9 140.0 29260.0
10 140.0 25900.0
11 140.0 28140.0
12 140.0 22540.0
13 43870.0 140.0
14 59550.0 140.0
15 107950.0 15820.0
16 107950.0 16940.0
17 107950.0 30380.0
18 52830.0 140.0
19 140.0 41580.0
20 38270.0 66320.0
21 49470.0 66320.0
22 140.0 48300.0
23 140.0 19180.0
24 36030.0 66320.0
25 51710.0 66320.0
26 34910.0 140.0
27 47230.0 140.0
28 61790.0 140.0
29 71870.0 140.0
30 72990.0 140.0
31 107950.0 35980.0
32 48350.0 66320.0
33 140.0 31500.0
34 140.0 38220.0
35 140.0 37100.0
36 140.0 30380.0
37 107950.0 40460.0
38 77470.0 66320.0
39 107950.0 44940.0
40 68510.0 66320.0
41 87550.0 66320.0
42 78590.0 66320.0
43 140.0 27020.0
44 140.0 24780.0
45 40510.0 140.0
46 51710.0 140.0
47 66270.0 140.0
48 107950.0 23660.0
49 107950.0 24780.0
50 107950.0 31500.0
51 107950.0 33740.0
52 140.0 35980.0
53 140.0 34860.0
54 44460.0 46200.0
55 32300.0 43400.0
56 50730.0 37800.0
57 83410.0 37800.0
58 41990.0 40600.0
59 55860.0 54600.0
60 35530.0 51800.0
61 32680.0 49000.0
62 49970.0 49000.0
63 40090.0 51800.0
64 39330.0 15400.0
65 29070.0 18200.0
66 31730.0 23800.0
67 30970.0 29400.0
68 35150.0 26600.0
69 87210.0 21000.0
70 83790.0 15400.0
71 68970.0 15400.0
72 54340.0 15400.0
73 70110.0 18200.0
74 40470.0 37800.0
75 20330.0 37800.0
76 22800.0 35000.0
77 7980.0 35000.0
78 19190.0 35000.0
79 26030.0 35000.0
80 19190.0 43400.0
81 10830.0 40600.0
82 10830.0 37800.0
83 17860.0 35000.0
84 9690.0 35000.0
85 4940.0 35000.0
86 27170.0 35000.0
87 32490.0 57400.0
88 6080.0 35000.0
89 5700.0 37800.0
90 7030.0 37800.0
91 9500.0 37800.0
92 8360.0 37800.0
93 20140.0 29400.0
94 13300.0 26600.0
95 32870.0 23800.0
96 32490.0 26600.0
97 33630.0 26600.0
98 36860.0 26600.0
99 38950.0 18200.0
100 36480.0 18200.0
101 40090.0 18200.0
102 43890.0 21000.0
103 34010.0 21000.0
104 27740.0 21000.0
105 29070.0 21000.0
106 35530.0 21000.0
107 48830.0 23800.0
108 53390.0 26600.0
109 37810.0 18200.0
110 39140.0 21000.0
111 56620.0 23800.0
112 55290.0 23800.0
113 84360.0 18200.0
114 86070.0 23800.0
115 84170.0 23800.0
116 84930.0 26600.0
117 81890.0 18200.0
118 82080.0 12600.0
119 81890.0 15400.0
120 75430.0 23800.0
121 74670.0 29400.0
122 66690.0 18200.0
123 65360.0 12600.0
124 66690.0 12600.0
125 64410.0 21000.0
126 53010.0 18200.0
127 53580.0 15400.0
128 55670.0 18200.0
129 53010.0 21000.0
130 57950.0 23800.0
131 60990.0 29400.0
132 62510.0 32200.0
133 82650.0 23800.0
134 83030.0 26600.0
135 66500.0 29400.0
136 63080.0 21000.0
137 54530.0 18200.0
138 60610.0 21000.0
139 67260.0 29400.0
140 68590.0 32200.0
141 72770.0 32200.0
142 20520.0 49000.0
143 38570.0 49000.0
144 58140.0 49000.0
145 37050.0 49000.0
146 59470.0 49000.0
147 67830.0 46200.0
148 51680.0 51800.0
149 51490.0 49000.0
150 53770.0 51800.0
151 55670.0 46200.0
152 65930.0 46200.0
153 39710.0 54600.0
154 36480.0 51800.0
155 37430.0 51800.0
156 58330.0 51800.0
157 70490.0 49000.0
158 65740.0 54600.0
159 66690.0 51800.0
160 62130.0 46200.0
161 45030.0 43400.0
162 45220.0 46200.0
163 48070.0 46200.0
164 49970.0 46200.0
165 39330.0 43400.0
166 28500.0 43400.0
167 33250.0 43400.0
168 50730.0 43400.0
169 64030.0 43400.0
170 65360.0 40600.0
171 53010.0 37800.0
172 51680.0 35000.0
173 50350.0 35000.0
174 57950.0 37800.0
175 59090.0 35000.0
176 86450.0 35000.0
177 88160.0 35000.0
178 84930.0 35000.0
179 82270.0 35000.0
180 79230.0 35000.0
181 67830.0 35000.0
182 65170.0 37800.0
183 62510.0 37800.0
184 62890.0 35000.0
185 60610.0 37800.0
186 59470.0 37800.0
187 63840.0 37800.0
188 64030.0 40600.0
189 51680.0 46200.0
190 52060.0 43400.0
191 52820.0 46200.0
192 59470.0 40600.0
193 58330.0 40600.0
194 57000.0 49000.0
195 63270.0 49000.0
196 63270.0 54600.0
197 75240.0 51800.0
198 62320.0 51800.0
199 63650.0 51800.0
200 58330.0 43400.0
201 51870.0 40600.0
202 42750.0 32200.0
203 21090.0 35000.0
204 30780.0 32200.0
205 24700.0 29400.0
206 36480.0 35000.0
207 22800.0 26600.0
208 23750.0 35000.0
209 37620.0 29400.0
210 18430.0 29400.0
211 29450.0 35000.0
212 51110.0 26600.0
213 10260.0 32200.0
214 7600.0 32200.0
215 8930.0 32200.0
216 35150.0 37800.0
217 34390.0 40600.0
218 34580.0 43400.0
219 59470.0 23800.0
220 60610.0 23800.0
221 61560.0 26600.0
222 57380.0 26600.0
223 62890.0 26600.0
224 69920.0 35000.0
225 68780.0 37800.0
226 69350.0 40600.0
227 67640.0 37800.0
228 68400.0 40600.0
229 70490.0 40600.0
230 72200.0 40600.0
231 37810.0 32200.0
232 43510.0 40600.0
233 35910.0 43400.0
234 21470.0 43400.0
235 14820.0 43400.0
236 12920.0 43400.0
237 16150.0 43400.0
238 43320.0 49000.0
239 47500.0 23800.0
240 30780.0 26600.0
241 38000.0 26600.0
242 47880.0 26600.0
243 34010.0 23800.0
244 38000.0 23800.0
245 43700.0 26600.0
246 45030.0 26600.0
247 51110.0 23800.0
248 60800.0 26600.0
249 72010.0 23800.0
250 70300.0 26600.0
251 68210.0 26600.0
252 66310.0 26600.0
253 76950.0 21000.0
254 75050.0 21000.0
255 74860.0 26600.0
256 50160.0 21000.0
257 56050.0 21000.0
258 69540.0 26600.0
259 72010.0 26600.0
260 83410.0 29400.0
261 72580.0 43400.0
262 73150.0 37800.0
263 79800.0 40600.0
264 79610.0 29400.0
265 78850.0 32200.0
266 79800.0 37800.0
267 80750.0 40600.0
268 81890.0 43400.0
269 83790.0 46200.0
270 53200.0 40600.0
271 53960.0 43400.0
272 84170.0 32200.0
273 83790.0 35000.0
274 77900.0 40600.0
275 79420.0 43400.0
276 80370.0 43400.0
277 79610.0 46200.0
278 78280.0 46200.0
279 80560.0 49000.0
280 79230.0 49000.0
281 45410.0 54600.0
282 43510.0 54600.0
283 41610.0 54600.0
284 43320.0 57400.0
285 40660.0 63000.0
286 41230.0 57400.0
287 50540.0 51800.0
288 64980.0 29400.0
289 65360.0 32200.0
290 65170.0 35000.0
291 61560.0 40600.0
292 62510.0 40600.0
293 60610.0 32200.0
294 59660.0 32200.0
295 60230.0 35000.0
296 60610.0 40600.0
297 59470.0 43400.0
298 61940.0 43400.0
299 60800.0 43400.0
300 60610.0 46200.0
301 55670.0 49000.0
302 49970.0 54600.0
303 49590.0 57400.0
304 50920.0 57400.0
305 50160.0 63000.0
306 48830.0 63000.0
307 35720.0 49000.0
308 71250.0 43400.0
309 74860.0 40600.0
310 76190.0 40600.0
311 71630.0 29400.0
312 72960.0 35000.0
313 61750.0 23800.0
314 69730.0 23800.0
315 71250.0 35000.0
316 76000.0 35000.0
317 75810.0 37800.0
318 54340.0 49000.0
319 53200.0 49000.0
320 72580.0 49000.0
321 76380.0 43400.0
322 74100.0 43400.0
323 75430.0 43400.0
324 74860.0 46200.0
325 72010.0 46200.0
326 70490.0 46200.0
327 69160.0 46200.0
328 68970.0 49000.0
329 41990.0 49000.0
330 34390.0 49000.0
331 25270.0 46200.0
332 19380.0 49000.0
333 12540.0 46200.0
334 13870.0 46200.0
335 36480.0 54600.0
336 66500.0 43400.0
337 67450.0 40600.0
338 69730.0 43400.0
339 71060.0 51800.0
340 67640.0 43400.0
341 68590.0 43400.0
342 64790.0 46200.0
343 64600.0 49000.0
344 65550.0 49000.0
345 67070.0 49000.0
346 69920.0 54600.0
347 68780.0 51800.0
348 69920.0 51800.0
349 71250.0 54600.0
350 52630.0 54600.0
351 37810.0 54600.0
352 37810.0 57400.0
353 36480.0 57400.0
354 36100.0 63000.0
355 35150.0 57400.0
356 51300.0 54600.0
357 71630.0 49000.0
358 73340.0 46200.0
359 81320.0 46200.0
360 82270.0 49000.0
361 76950.0 46200.0
362 60800.0 51800.0
363 73720.0 49000.0
364 76570.0 49000.0
365 77900.0 49000.0
366 78850.0 51800.0
367 76190.0 51800.0
368 77520.0 51800.0
369 77330.0 54600.0
370 54910.0 54600.0
371 53770.0 54600.0
372 53770.0 57400.0
373 52440.0 57400.0
374 51680.0 63000.0
375 54150.0 63000.0
376 40280.0 26600.0
377 27740.0 26600.0
378 26220.0 26600.0
379 24320.0 26600.0
380 19190.0 26600.0
381 11020.0 23800.0
382 5320.0 26600.0
383 14630.0 26600.0
384 35720.0 23800.0
385 25460.0 21000.0
386 23940.0 21000.0
387 21090.0 21000.0
388 8740.0 23800.0
389 7220.0 23800.0
390 5890.0 23800.0
391 43700.0 23800.0
392 41420.0 21000.0
393 37240.0 21000.0
394 26790.0 21000.0
395 14060.0 23800.0
396 12540.0 23800.0
397 12350.0 21000.0
398 53200.0 23800.0
399 51300.0 21000.0
400 50920.0 18200.0
401 49590.0 18200.0
402 45600.0 15400.0
403 43700.0 9800.0
404 43890.0 15400.0
405 68590.0 23800.0
406 64980.0 23800.0
407 66120.0 23800.0
408 67450.0 23800.0
409 68020.0 21000.0
410 68400.0 18200.0
411 61370.0 18200.0
412 62700.0 12600.0
413 62320.0 9800.0
414 60990.0 9800.0
415 72200.0 21000.0
416 88540.0 21000.0
417 85500.0 18200.0
418 87590.0 18200.0
419 90060.0 12600.0
420 91580.0 12600.0
421 87970.0 12600.0
422 85690.0 29400.0
423 80940.0 29400.0
424 86830.0 29400.0
425 89300.0 23800.0
426 87780.0 23800.0
427 88350.0 26600.0
428 93100.0 18200.0
429 97660.0 21000.0
430 89870.0 21000.0
431 80370.0 32200.0
432 75240.0 32200.0
433 81510.0 32200.0
434 85500.0 32200.0
435 87020.0 32200.0
436 89490.0 29400.0
437 93100.0 29400.0
438 94620.0 29400.0
439 91010.0 29400.0
440 49400.0 37800.0
441 49210.0 26600.0
442 55670.0 26600.0
443 55480.0 29400.0
444 64220.0 32200.0
445 52250.0 26600.0
446 54530.0 26600.0
447 56810.0 29400.0
448 57000.0 32200.0
449 57380.0 35000.0
450 55670.0 35000.0
451 53390.0 35000.0
452 53010.0 32200.0
453 51300.0 29400.0
454 52820.0 29400.0
455 51490.0 32200.0
456 29830.0 37800.0
457 24890.0 37800.0
458 18050.0 32200.0
459 21090.0 26600.0
460 29830.0 40600.0
461 22610.0 29400.0
462 21850.0 40600.0
463 22800.0 43400.0
464 24510.0 43400.0
465 26790.0 43400.0
466 47310.0 49000.0
467 46740.0 46200.0
468 46550.0 43400.0
469 41610.0 43400.0
470 48450.0 57400.0
471 29830.0 51800.0
472 48640.0 49000.0
473 42370.0 51800.0
474 45410.0 49000.0
475 37430.0 40600.0
476 21470.0 46200.0
477 22040.0 49000.0
478 24130.0 49000.0
479 26030.0 51800.0
480 33630.0 57400.0
481 33060.0 51800.0
482 31350.0 51800.0
483 34010.0 54600.0
484 59470.0 57400.0
485 59090.0 54600.0
486 61370.0 54600.0
487 17670.0 23800.0
488 20330.0 23800.0
489 22990.0 23800.0
490 22230.0 18200.0
491 22420.0 21000.0
492 20330.0 18200.0
493 24130.0 18200.0
494 36290.0 12600.0
495 37620.0 12600.0
496 34770.0 12600.0
497 34770.0 18200.0
498 48450.0 12600.0
499 49780.0 15400.0
500 48070.0 15400.0
501 51870.0 15400.0
502 64030.0 9800.0
503 64220.0 12600.0
504 60990.0 15400.0
505 64410.0 18200.0
506 72390.0 9800.0
507 75240.0 12600.0
508 73530.0 12600.0
509 72770.0 15400.0
510 73530.0 18200.0
511 80180.0 18200.0
512 78470.0 18200.0
513 78850.0 21000.0
514 80750.0 35000.0
515 80940.0 37800.0
516 82270.0 37800.0
517 84550.0 40600.0
518 48070.0 43400.0
519 47500.0 40600.0
520 46170.0 40600.0
521 45030.0 37800.0
522 13870.0 35000.0
523 7030.0 40600.0
524 15390.0 37800.0
525 8170.0 29400.0
526 17670.0 46200.0
527 41610.0 60200.0
528 49590.0 60200.0
529 15390.0 49000.0
530 35150.0 60200.0
531 56050.0 60200.0
532 9310.0 26600.0
533 7030.0 21000.0
534 13870.0 18200.0
535 44650.0 12600.0
536 58710.0 12600.0
537 89870.0 15400.0
538 93670.0 21000.0
539 92150.0 32200.0
540 47690.0 32200.0
541 27170.0 32200.0
542 29070.0 46200.0
543 40850.0 46200.0
544 46550.0 51800.0
545 28310.0 49000.0
546 29450.0 54600.0
547 64030.0 57400.0
548 27550.0 23800.0
549 25650.0 15400.0
550 34770.0 15400.0
551 52250.0 12600.0
552 65170.0 15400.0
553 77330.0 15400.0
554 83410.0 21000.0
555 87590.0 37800.0
556 45410.0 35000.0
