Instance ID x_center y_center
0 79710.0 80350.0
1 140.0 23660.0
2 140.0 48300.0
3 140.0 47180.0
4 36030.0 80350.0
5 25950.0 80350.0
6 24830.0 80350.0
7 43870.0 80350.0
8 140.0 24780.0
9 140.0 18060.0
10 29310.0 140.0
11 39390.0 140.0
12 20350.0 140.0
13 51710.0 140.0
14 69630.0 140.0
15 70750.0 140.0
16 88850.0 28140.0
17 88850.0 34860.0
18 40510.0 140.0
19 140.0 52780.0
20 31550.0 80350.0
21 34910.0 80350.0
22 140.0 59500.0
23 32670.0 140.0
24 16990.0 80350.0
25 37150.0 80350.0
26 42750.0 140.0
27 46110.0 140.0
28 65150.0 140.0
29 88850.0 20300.0
30 88850.0 30380.0
31 88850.0 39340.0
32 41630.0 80350.0
33 140.0 34860.0
34 140.0 30380.0
35 140.0 31500.0
36 31550.0 140.0
37 42750.0 80350.0
38 46110.0 80350.0
39 66270.0 80350.0
40 51710.0 80350.0
41 61790.0 80350.0
42 53950.0 80350.0
43 33790.0 140.0
44 36030.0 140.0
45 43870.0 140.0
46 56190.0 140.0
47 57310.0 140.0
48 88850.0 22540.0
49 88850.0 29260.0
50 88850.0 35980.0
51 44990.0 140.0
52 140.0 32620.0
53 140.0 33740.0
54 36100.0 51800.0
55 26220.0 46200.0
56 41610.0 37800.0
57 71630.0 40600.0
58 36290.0 43400.0
59 48640.0 65800.0
60 25650.0 63000.0
61 26980.0 57400.0
62 37430.0 60200.0
63 32490.0 60200.0
64 45410.0 15400.0
65 34770.0 9800.0
66 26790.0 15400.0
67 27170.0 21000.0
68 32490.0 21000.0
69 71630.0 29400.0
70 72390.0 21000.0
71 63650.0 9800.0
72 57760.0 12600.0
73 64410.0 18200.0
74 33250.0 29400.0
75 22990.0 29400.0
76 23940.0 29400.0
77 14820.0 32200.0
78 21090.0 32200.0
79 23370.0 32200.0
80 26030.0 21000.0
81 13110.0 29400.0
82 14630.0 29400.0
83 20900.0 35000.0
84 17290.0 32200.0
85 4560.0 32200.0
86 26030.0 32200.0
87 32490.0 12600.0
88 10640.0 29400.0
89 11780.0 29400.0
90 10070.0 35000.0
91 13680.0 32200.0
92 11400.0 35000.0
93 30020.0 23800.0
94 17860.0 12600.0
95 30590.0 18200.0
96 30590.0 21000.0
97 30210.0 15400.0
98 33440.0 18200.0
99 43890.0 15400.0
100 45220.0 7000.0
101 45790.0 12600.0
102 46930.0 15400.0
103 34770.0 12600.0
104 34960.0 7000.0
105 35910.0 9800.0
106 37050.0 15400.0
107 45410.0 21000.0
108 47690.0 18200.0
109 41990.0 15400.0
110 43320.0 18200.0
111 50160.0 21000.0
112 49970.0 18200.0
113 76000.0 29400.0
114 73150.0 29400.0
115 72010.0 32200.0
116 66310.0 32200.0
117 70490.0 18200.0
118 74480.0 18200.0
119 70870.0 21000.0
120 66310.0 21000.0
121 61750.0 32200.0
122 65170.0 12600.0
123 64980.0 4200.0
124 65170.0 9800.0
125 62510.0 18200.0
126 54530.0 12600.0
127 57000.0 9800.0
128 56810.0 12600.0
129 54910.0 15400.0
130 53390.0 21000.0
131 54150.0 32200.0
132 54910.0 35000.0
133 70110.0 32200.0
134 68210.0 32200.0
135 57760.0 35000.0
136 62700.0 15400.0
137 58710.0 12600.0
138 60990.0 15400.0
139 56620.0 37800.0
140 59850.0 37800.0
141 60610.0 35000.0
142 20520.0 60200.0
143 28690.0 60200.0
144 44460.0 60200.0
145 30210.0 60200.0
146 46930.0 60200.0
147 52630.0 54600.0
148 37620.0 57400.0
149 38950.0 57400.0
150 38950.0 60200.0
151 38950.0 54600.0
152 51110.0 54600.0
153 31350.0 63000.0
154 28120.0 65800.0
155 27930.0 63000.0
156 41230.0 63000.0
157 53010.0 60200.0
158 50920.0 65800.0
159 52250.0 63000.0
160 48450.0 54600.0
161 38190.0 51800.0
162 33440.0 54600.0
163 37050.0 51800.0
164 45410.0 51800.0
165 29830.0 49000.0
166 26980.0 49000.0
167 27170.0 46200.0
168 39330.0 49000.0
169 48070.0 51800.0
170 51300.0 43400.0
171 41990.0 40600.0
172 39900.0 40600.0
173 38570.0 40600.0
174 44650.0 40600.0
175 47310.0 37800.0
176 70110.0 37800.0
177 72960.0 37800.0
178 73910.0 43400.0
179 65550.0 40600.0
180 62890.0 40600.0
181 54150.0 40600.0
182 52250.0 37800.0
183 49210.0 40600.0
184 49590.0 37800.0
185 47310.0 40600.0
186 46170.0 40600.0
187 49780.0 43400.0
188 49970.0 46200.0
189 42560.0 51800.0
190 41800.0 49000.0
191 43700.0 51800.0
192 49210.0 49000.0
193 47310.0 46200.0
194 43320.0 60200.0
195 45790.0 57400.0
196 47310.0 63000.0
197 51300.0 63000.0
198 45980.0 63000.0
199 45410.0 60200.0
200 46170.0 46200.0
201 37810.0 46200.0
202 36290.0 32200.0
203 26410.0 35000.0
204 27360.0 35000.0
205 31920.0 23800.0
206 31160.0 32200.0
207 27740.0 23800.0
208 24510.0 32200.0
209 31540.0 29400.0
210 24890.0 23800.0
211 27170.0 32200.0
212 29070.0 29400.0
213 17480.0 21000.0
214 12920.0 23800.0
215 14250.0 23800.0
216 29450.0 37800.0
217 30210.0 40600.0
218 28120.0 49000.0
219 49210.0 21000.0
220 49590.0 23800.0
221 50540.0 23800.0
222 47500.0 21000.0
223 51490.0 26600.0
224 55860.0 40600.0
225 53960.0 43400.0
226 52250.0 43400.0
227 50920.0 40600.0
228 50160.0 49000.0
229 51490.0 46200.0
230 47500.0 49000.0
231 30210.0 35000.0
232 40090.0 51800.0
233 27930.0 51800.0
234 26030.0 51800.0
235 19000.0 49000.0
236 11780.0 51800.0
237 13110.0 51800.0
238 34580.0 54600.0
239 41800.0 21000.0
240 26600.0 18200.0
241 33820.0 21000.0
242 41800.0 23800.0
243 35150.0 15400.0
244 36480.0 18200.0
245 45980.0 23800.0
246 44650.0 23800.0
247 51490.0 21000.0
248 48640.0 23800.0
249 61370.0 23800.0
250 56620.0 26600.0
251 53390.0 26600.0
252 55290.0 26600.0
253 65930.0 18200.0
254 64030.0 21000.0
255 59280.0 23800.0
256 48640.0 15400.0
257 57570.0 15400.0
258 58520.0 26600.0
259 60230.0 26600.0
260 63650.0 29400.0
261 56620.0 46200.0
262 57950.0 46200.0
263 64220.0 46200.0
264 64030.0 32200.0
265 63270.0 35000.0
266 62700.0 43400.0
267 63270.0 46200.0
268 63650.0 49000.0
269 64030.0 51800.0
270 41800.0 43400.0
271 42560.0 46200.0
272 67830.0 37800.0
273 67070.0 40600.0
274 61560.0 46200.0
275 61560.0 51800.0
276 62130.0 54600.0
277 60230.0 54600.0
278 61180.0 54600.0
279 61560.0 57400.0
280 60230.0 57400.0
281 37810.0 68600.0
282 34390.0 68600.0
283 33250.0 71400.0
284 31920.0 71400.0
285 31160.0 77000.0
286 30590.0 71400.0
287 38760.0 65800.0
288 53580.0 35000.0
289 53960.0 37800.0
290 52630.0 40600.0
291 52440.0 46200.0
292 53390.0 46200.0
293 52250.0 35000.0
294 50160.0 35000.0
295 51110.0 35000.0
296 52250.0 49000.0
297 51870.0 51800.0
298 52820.0 51800.0
299 53580.0 49000.0
300 53770.0 51800.0
301 40470.0 65800.0
302 38950.0 68600.0
303 38950.0 71400.0
304 37620.0 71400.0
305 36480.0 77000.0
306 37810.0 77000.0
307 29260.0 57400.0
308 55290.0 51800.0
309 59660.0 49000.0
310 59850.0 46200.0
311 56810.0 29400.0
312 57000.0 32200.0
313 53010.0 23800.0
314 55290.0 23800.0
315 56810.0 35000.0
316 60800.0 40600.0
317 58710.0 43400.0
318 41040.0 54600.0
319 43320.0 54600.0
320 57380.0 54600.0
321 60420.0 49000.0
322 57000.0 49000.0
323 58330.0 49000.0
324 57000.0 51800.0
325 56430.0 54600.0
326 56050.0 57400.0
327 55100.0 54600.0
328 54530.0 57400.0
329 32490.0 57400.0
330 27930.0 57400.0
331 26030.0 57400.0
332 19380.0 60200.0
333 10260.0 60200.0
334 11590.0 60200.0
335 28500.0 68600.0
336 50540.0 51800.0
337 54530.0 46200.0
338 55670.0 46200.0
339 55100.0 60200.0
340 54720.0 49000.0
341 51110.0 49000.0
342 49970.0 54600.0
343 49020.0 57400.0
344 49970.0 57400.0
345 51110.0 57400.0
346 55100.0 63000.0
347 54340.0 60200.0
348 53580.0 63000.0
349 54150.0 65800.0
350 33250.0 68600.0
351 27930.0 71400.0
352 26790.0 71400.0
353 22420.0 71400.0
354 22420.0 74200.0
355 23750.0 74200.0
356 40660.0 68600.0
357 56430.0 60200.0
358 58900.0 54600.0
359 63460.0 54600.0
360 64790.0 54600.0
361 59090.0 57400.0
362 48640.0 60200.0
363 57760.0 57400.0
364 58710.0 60200.0
365 57760.0 63000.0
366 58710.0 63000.0
367 57950.0 65800.0
368 56620.0 63000.0
369 56430.0 65800.0
370 43890.0 68600.0
371 42370.0 68600.0
372 41990.0 71400.0
373 40280.0 71400.0
374 41040.0 74200.0
375 43130.0 74200.0
376 36480.0 21000.0
377 34580.0 21000.0
378 31920.0 18200.0
379 29260.0 18200.0
380 24890.0 18200.0
381 16720.0 18200.0
382 11780.0 18200.0
383 13110.0 18200.0
384 39140.0 18200.0
385 34960.0 18200.0
386 32300.0 15400.0
387 29070.0 15400.0
388 27360.0 7000.0
389 28120.0 9800.0
390 28310.0 12600.0
391 43320.0 21000.0
392 44840.0 18200.0
393 41040.0 18200.0
394 39710.0 15400.0
395 40280.0 4200.0
396 38760.0 4200.0
397 39330.0 9800.0
398 53200.0 18200.0
399 55860.0 18200.0
400 53200.0 15400.0
401 51870.0 15400.0
402 53960.0 4200.0
403 52440.0 4200.0
404 51110.0 4200.0
405 56810.0 23800.0
406 54720.0 21000.0
407 55860.0 21000.0
408 57190.0 21000.0
409 60800.0 18200.0
410 65360.0 15400.0
411 66690.0 15400.0
412 69540.0 4200.0
413 68020.0 4200.0
414 67450.0 7000.0
415 64600.0 23800.0
416 68780.0 21000.0
417 68400.0 18200.0
418 68970.0 15400.0
419 72960.0 9800.0
420 71440.0 9800.0
421 70110.0 9800.0
422 66310.0 29400.0
423 63080.0 26600.0
424 66310.0 26600.0
425 68020.0 29400.0
426 68780.0 26600.0
427 70110.0 26600.0
428 79800.0 29400.0
429 81320.0 29400.0
430 76950.0 29400.0
431 65170.0 37800.0
432 63460.0 37800.0
433 66310.0 37800.0
434 68400.0 35000.0
435 69920.0 35000.0
436 71250.0 35000.0
437 79040.0 35000.0
438 80560.0 35000.0
439 75810.0 35000.0
440 40280.0 37800.0
441 43130.0 23800.0
442 46550.0 26600.0
443 47880.0 26600.0
444 58520.0 35000.0
445 47690.0 23800.0
446 49210.0 26600.0
447 49210.0 29400.0
448 47880.0 29400.0
449 46360.0 32200.0
450 42370.0 35000.0
451 41230.0 35000.0
452 41610.0 32200.0
453 39140.0 26600.0
454 40660.0 26600.0
455 41230.0 29400.0
456 27930.0 40600.0
457 21090.0 43400.0
458 19570.0 21000.0
459 21850.0 21000.0
460 23750.0 40600.0
461 22990.0 23800.0
462 26030.0 49000.0
463 24700.0 49000.0
464 23750.0 51800.0
465 22230.0 49000.0
466 30590.0 46200.0
467 31920.0 49000.0
468 34010.0 49000.0
469 36670.0 49000.0
470 36290.0 65800.0
471 60610.0 60200.0
472 36100.0 57400.0
473 34010.0 57400.0
474 34770.0 60200.0
475 30970.0 43400.0
476 26790.0 63000.0
477 26980.0 60200.0
478 25270.0 60200.0
479 22990.0 60200.0
480 27170.0 68600.0
481 26980.0 65800.0
482 25270.0 65800.0
483 22990.0 65800.0
484 42370.0 65800.0
485 44650.0 65800.0
486 46930.0 65800.0
487 19950.0 15400.0
488 21850.0 18200.0
489 23750.0 15400.0
490 36290.0 4200.0
491 36100.0 7000.0
492 33250.0 9800.0
493 30970.0 9800.0
494 44270.0 4200.0
495 44080.0 7000.0
496 43510.0 9800.0
497 41230.0 9800.0
498 46550.0 4200.0
499 47500.0 9800.0
500 49210.0 9800.0
501 52630.0 12600.0
502 65930.0 4200.0
503 66120.0 7000.0
504 60610.0 9800.0
505 62890.0 12600.0
506 75810.0 18200.0
507 73720.0 15400.0
508 71250.0 15400.0
509 72770.0 18200.0
510 78090.0 29400.0
511 74860.0 29400.0
512 70110.0 29400.0
513 72010.0 26600.0
514 76950.0 40600.0
515 73720.0 40600.0
516 66310.0 43400.0
517 69350.0 40600.0
518 41230.0 46200.0
519 39900.0 43400.0
520 34010.0 43400.0
521 35150.0 40600.0
522 15390.0 35000.0
523 10070.0 32200.0
524 18810.0 29400.0
525 18050.0 23800.0
526 15010.0 49000.0
527 29830.0 74200.0
528 37050.0 74200.0
529 15390.0 60200.0
530 25650.0 77000.0
531 48070.0 71400.0
532 14630.0 15400.0
533 24130.0 9800.0
534 40090.0 7000.0
535 52250.0 7000.0
536 71250.0 7000.0
537 72010.0 12600.0
538 76570.0 32200.0
539 76950.0 37800.0
540 37430.0 29400.0
541 24130.0 26600.0
542 21850.0 46200.0
543 32490.0 51800.0
544 35530.0 63000.0
545 22230.0 57400.0
546 21850.0 68600.0
547 48450.0 68600.0
548 24510.0 12600.0
549 31350.0 7000.0
550 41990.0 12600.0
551 53390.0 9800.0
552 62130.0 7000.0
553 78470.0 21000.0
554 76570.0 26600.0
555 70110.0 43400.0
556 36290.0 37800.0
