Instance ID x_center y_center
0 42.0 6732.0
1 12109.0 3852.0
2 6732.0 8049.0
3 8652.0 42.0
4 7788.0 42.0
5 6540.0 42.0
6 6348.0 42.0
7 6444.0 42.0
8 12109.0 3372.0
9 7404.0 8049.0
10 12109.0 5196.0
11 12109.0 5580.0
12 12109.0 4332.0
13 6636.0 8049.0
14 5004.0 8049.0
15 3756.0 8049.0
16 42.0 5484.0
17 42.0 4140.0
18 42.0 3372.0
19 5292.0 8049.0
20 12109.0 2796.0
21 6924.0 42.0
22 42.0 3084.0
23 12109.0 4428.0
24 6156.0 42.0
25 7212.0 42.0
26 8268.0 8049.0
27 7212.0 8049.0
28 5388.0 8049.0
29 3564.0 8049.0
30 42.0 5964.0
31 42.0 4908.0
32 42.0 3948.0
33 9804.0 8049.0
34 12109.0 2988.0
35 12109.0 2892.0
36 12109.0 3948.0
37 5100.0 8049.0
38 42.0 2604.0
39 6828.0 42.0
40 42.0 2124.0
41 5196.0 42.0
42 7020.0 42.0
43 12109.0 4716.0
44 12109.0 5100.0
45 12109.0 5676.0
46 6540.0 8049.0
47 5196.0 8049.0
48 5484.0 8049.0
49 42.0 5196.0
50 42.0 4524.0
51 42.0 3660.0
52 12109.0 2604.0
53 12109.0 2700.0
54 10665.0 1755.0
55 7587.0 4185.0
56 7749.0 3915.0
57 8343.0 4185.0
58 10233.0 4995.0
59 9585.0 3915.0
60 4104.0 4455.0
61 4050.0 4185.0
62 4509.0 4455.0
63 4698.0 3915.0
64 5238.0 3915.0
65 8235.0 5265.0
66 7803.0 5265.0
67 6966.0 5535.0
68 7587.0 5805.0
69 6237.0 5535.0
70 6615.0 5535.0
71 4374.0 4995.0
72 4104.0 3645.0
73 4239.0 3375.0
74 4590.0 3375.0
75 4968.0 3645.0
76 4887.0 2295.0
77 5724.0 2565.0
78 5346.0 2835.0
79 5346.0 3105.0
80 5238.0 2295.0
81 5562.0 2295.0
82 5670.0 2835.0
83 5670.0 3105.0
84 5589.0 3645.0
85 6561.0 4995.0
86 6129.0 3105.0
87 8100.0 3375.0
88 3591.0 4995.0
89 8289.0 6075.0
90 8370.0 3645.0
91 9720.0 3645.0
92 10368.0 3105.0
93 9990.0 3105.0
94 10584.0 3645.0
95 10638.0 2835.0
96 10719.0 2565.0
97 7803.0 4185.0
98 3321.0 4185.0
99 10476.0 2295.0
100 9369.0 3105.0
101 9558.0 3375.0
102 8478.0 3375.0
103 8073.0 4185.0
104 10260.0 2835.0
105 9963.0 2835.0
106 9855.0 2295.0
107 3051.0 3645.0
108 2241.0 3915.0
109 2295.0 5265.0
110 3699.0 6075.0
111 5265.0 6615.0
112 7479.0 6345.0
113 10827.0 6075.0
114 10395.0 4995.0
115 7749.0 4455.0
116 7587.0 3105.0
117 4887.0 1755.0
118 3375.0 2025.0
119 7155.0 1755.0
120 8397.0 2295.0
121 6129.0 4455.0
122 6480.0 3645.0
123 6264.0 4725.0
124 8640.0 4185.0
125 5616.0 3915.0
126 5103.0 3375.0
127 5508.0 3375.0
128 6426.0 3375.0
129 5886.0 3375.0
130 5994.0 6345.0
131 9234.0 3375.0
132 8856.0 3375.0
133 8856.0 3645.0
134 7749.0 3375.0
135 3186.0 6075.0
136 5778.0 4455.0
137 2349.0 6345.0
138 5400.0 4995.0
139 6561.0 5265.0
140 4374.0 4185.0
141 4887.0 4455.0
142 4833.0 4185.0
143 5022.0 4995.0
144 5346.0 4455.0
145 9234.0 2835.0
146 8856.0 2835.0
147 4239.0 3915.0
148 9423.0 4455.0
149 8073.0 4725.0
150 7398.0 5535.0
151 8154.0 5535.0
152 7776.0 5535.0
153 4698.0 4995.0
154 5130.0 5535.0
155 4050.0 4995.0
156 4212.0 5265.0
157 4563.0 5265.0
158 3699.0 4455.0
159 3834.0 3105.0
160 3645.0 2835.0
161 3348.0 2835.0
162 3375.0 2565.0
163 2754.0 2835.0
164 2808.0 2565.0
165 8802.0 2565.0
166 7074.0 1215.0
167 6912.0 1755.0
168 6642.0 2025.0
169 6102.0 2565.0
170 6345.0 2295.0
171 6750.0 1485.0
172 4509.0 2295.0
173 4698.0 2565.0
174 3942.0 2565.0
175 3267.0 2295.0
176 2781.0 6075.0
177 2754.0 3105.0
178 3186.0 3105.0
179 3132.0 2025.0
180 2646.0 2295.0
181 5940.0 1215.0
182 4806.0 1485.0
183 5562.0 2025.0
184 5346.0 2565.0
185 5049.0 2025.0
186 5076.0 1215.0
187 4023.0 2295.0
188 4185.0 3105.0
189 4536.0 3105.0
190 4320.0 2565.0
191 3942.0 2835.0
192 4374.0 2835.0
193 4887.0 2835.0
194 6561.0 2835.0
195 7452.0 2835.0
196 6858.0 3645.0
197 7074.0 2835.0
198 6966.0 3105.0
199 7020.0 4455.0
200 7236.0 5265.0
201 1890.0 6615.0
202 7506.0 4995.0
203 7074.0 4995.0
204 9099.0 5265.0
205 9504.0 5535.0
206 9990.0 4995.0
207 9666.0 4995.0
208 9666.0 5265.0
209 8559.0 5535.0
210 9045.0 5535.0
211 9828.0 5535.0
212 10152.0 5535.0
213 9072.0 5805.0
214 9936.0 5805.0
215 6993.0 5805.0
216 6507.0 5805.0
217 6372.0 6075.0
218 6696.0 6615.0
219 8046.0 6345.0
220 6804.0 6075.0
221 4887.0 5805.0
222 5508.0 6075.0
223 4914.0 6345.0
224 5238.0 6345.0
225 5076.0 6075.0
226 5157.0 5265.0
227 5454.0 5535.0
228 3996.0 6075.0
229 4428.0 5805.0
230 3996.0 5805.0
231 4752.0 5535.0
232 4374.0 5535.0
233 3267.0 5265.0
234 2754.0 5265.0
235 2484.0 5805.0
236 3024.0 5535.0
237 2592.0 5535.0
238 3024.0 4185.0
239 2484.0 3915.0
240 4293.0 4725.0
241 3861.0 4725.0
242 3321.0 4725.0
243 2538.0 4455.0
244 2592.0 4185.0
245 3132.0 3915.0
246 2376.0 3105.0
247 3672.0 4185.0
248 3645.0 3915.0
249 2808.0 3915.0
250 2592.0 3645.0
251 5616.0 5265.0
252 9936.0 4185.0
253 10260.0 4185.0
254 9342.0 3645.0
255 10098.0 3645.0
256 6264.0 4185.0
257 6534.0 4455.0
258 6966.0 4185.0
259 6588.0 4185.0
260 8640.0 2025.0
261 8586.0 1215.0
262 8586.0 1485.0
263 8910.0 1755.0
264 7398.0 1755.0
265 7668.0 1215.0
266 7074.0 2025.0
267 7452.0 2025.0
268 3888.0 1485.0
269 6588.0 1755.0
270 6102.0 1755.0
271 4212.0 1485.0
272 5184.0 1755.0
273 6264.0 1215.0
274 6264.0 1485.0
275 5454.0 1215.0
276 7290.0 3105.0
277 6588.0 1215.0
278 6804.0 3375.0
279 7182.0 3375.0
280 10476.0 4455.0
281 10584.0 4185.0
282 9774.0 4455.0
283 10152.0 4455.0
284 7884.0 4995.0
285 9180.0 4455.0
286 8586.0 4725.0
287 8208.0 4995.0
288 8694.0 6075.0
289 8856.0 6885.0
290 8478.0 6615.0
291 8856.0 6615.0
292 7722.0 6345.0
293 7236.0 6885.0
294 7560.0 6615.0
295 7938.0 6615.0
296 5022.0 6885.0
297 5346.0 6885.0
298 5616.0 6615.0
299 5994.0 6615.0
300 3996.0 6345.0
301 3402.0 6885.0
302 3618.0 6345.0
303 3726.0 6885.0
304 2160.0 5535.0
305 1350.0 5805.0
306 1728.0 5805.0
307 1836.0 5535.0
308 2376.0 4725.0
309 1350.0 4725.0
310 1728.0 4455.0
311 1836.0 4725.0
312 1998.0 3645.0
313 1458.0 3915.0
314 1620.0 3645.0
315 1620.0 3375.0
316 2484.0 2565.0
317 9450.0 4725.0
318 6561.0 3105.0
319 5589.0 1755.0
320 3915.0 2025.0
321 6885.0 2295.0
322 8127.0 2565.0
323 5481.0 4185.0
324 3537.0 3645.0
325 3267.0 4455.0
326 3159.0 4995.0
327 3969.0 5535.0
328 5427.0 5805.0
329 7587.0 6075.0
330 8343.0 5805.0
331 8559.0 5265.0
332 8073.0 4455.0
333 9531.0 4185.0
334 10476.0 2025.0
335 10098.0 2565.0
336 10368.0 3375.0
337 8964.0 3915.0
338 5562.0 4725.0
339 9018.0 2295.0
340 7506.0 1485.0
341 2430.0 2025.0
342 4266.0 1215.0
343 7344.0 2565.0
344 7128.0 4725.0
345 10476.0 5265.0
346 10206.0 6075.0
347 6804.0 6345.0
348 4644.0 6615.0
349 3186.0 5805.0
350 1674.0 5265.0
351 1674.0 4185.0
352 2538.0 3375.0
353 10476.0 3915.0
354 6912.0 3915.0
355 8208.0 1755.0
356 7668.0 2295.0
357 3888.0 1755.0
358 5508.0 1485.0
359 7614.0 3645.0
360 10476.0 4725.0
361 8910.0 4995.0
362 9018.0 6345.0
363 8154.0 6885.0
364 6264.0 6885.0
365 3564.0 6615.0
366 2052.0 6075.0
367 2214.0 4995.0
368 1674.0 3105.0
