Instance ID x_center y_center
0 95390.0 60870.0
1 38270.0 140.0
2 43870.0 60870.0
3 52830.0 60870.0
4 41630.0 60870.0
5 42750.0 60870.0
6 40510.0 60870.0
7 49470.0 60870.0
8 31550.0 140.0
9 28190.0 140.0
10 32670.0 140.0
11 34910.0 140.0
12 40510.0 140.0
13 72990.0 140.0
14 83070.0 140.0
15 117890.0 23660.0
16 117890.0 35980.0
17 117890.0 37100.0
18 55070.0 140.0
19 140.0 33740.0
20 140.0 40460.0
21 140.0 44940.0
22 32670.0 60870.0
23 52830.0 140.0
24 33790.0 60870.0
25 28190.0 60870.0
26 64030.0 140.0
27 66270.0 140.0
28 89790.0 140.0
29 117890.0 16940.0
30 117890.0 29260.0
31 84190.0 60870.0
32 57310.0 140.0
33 140.0 28140.0
34 140.0 27020.0
35 140.0 23660.0
36 47230.0 140.0
37 58430.0 60870.0
38 74110.0 60870.0
39 69630.0 60870.0
40 66270.0 60870.0
41 64030.0 60870.0
42 68510.0 60870.0
43 48350.0 140.0
44 53950.0 140.0
45 58430.0 140.0
46 74110.0 140.0
47 71870.0 140.0
48 79710.0 140.0
49 117890.0 24780.0
50 117890.0 27020.0
51 59550.0 140.0
52 140.0 24780.0
53 140.0 25900.0
54 50920.0 43400.0
55 47500.0 32200.0
56 54530.0 29400.0
57 80370.0 37800.0
58 51110.0 32200.0
59 57000.0 51800.0
60 41610.0 54600.0
61 49780.0 46200.0
62 42750.0 46200.0
63 48070.0 46200.0
64 59470.0 4200.0
65 51490.0 7000.0
66 43510.0 18200.0
67 44650.0 4200.0
68 47690.0 12600.0
69 91390.0 26600.0
70 91390.0 15400.0
71 89110.0 12600.0
72 72580.0 4200.0
73 84930.0 15400.0
74 48070.0 21000.0
75 34770.0 21000.0
76 34580.0 23800.0
77 30020.0 23800.0
78 32110.0 26600.0
79 36670.0 26600.0
80 83410.0 35000.0
81 26790.0 26600.0
82 28310.0 23800.0
83 30780.0 26600.0
84 29070.0 26600.0
85 18620.0 23800.0
86 33250.0 26600.0
87 33630.0 15400.0
88 25840.0 26600.0
89 24700.0 26600.0
90 26790.0 21000.0
91 25840.0 21000.0
92 26600.0 23800.0
93 44080.0 9800.0
94 29260.0 18200.0
95 45030.0 15400.0
96 45410.0 12600.0
97 46170.0 15400.0
98 47500.0 15400.0
99 60230.0 9800.0
100 60420.0 7000.0
101 61370.0 7000.0
102 61750.0 12600.0
103 51110.0 9800.0
104 52440.0 7000.0
105 52250.0 9800.0
106 53390.0 12600.0
107 60990.0 15400.0
108 64410.0 15400.0
109 59090.0 9800.0
110 59660.0 12600.0
111 63840.0 12600.0
112 65170.0 12600.0
113 90820.0 29400.0
114 89870.0 26600.0
115 85310.0 29400.0
116 81130.0 26600.0
117 86070.0 18200.0
118 87400.0 18200.0
119 88730.0 18200.0
120 82650.0 18200.0
121 77710.0 26600.0
122 83790.0 12600.0
123 88160.0 7000.0
124 87590.0 12600.0
125 76190.0 15400.0
126 72770.0 7000.0
127 71820.0 4200.0
128 73530.0 9800.0
129 72010.0 9800.0
130 69730.0 15400.0
131 69730.0 26600.0
132 72770.0 26600.0
133 83790.0 26600.0
134 83410.0 29400.0
135 72960.0 32200.0
136 78280.0 12600.0
137 73530.0 4200.0
138 76190.0 12600.0
139 76380.0 35000.0
140 75810.0 32200.0
141 76190.0 29400.0
142 36860.0 49000.0
143 53390.0 49000.0
144 59660.0 49000.0
145 54910.0 49000.0
146 61370.0 49000.0
147 65550.0 49000.0
148 41040.0 43400.0
149 41230.0 46200.0
150 46930.0 43400.0
151 58330.0 43400.0
152 67070.0 43400.0
153 46550.0 54600.0
154 45220.0 54600.0
155 44270.0 54600.0
156 59470.0 54600.0
157 61370.0 54600.0
158 57000.0 54600.0
159 62510.0 57400.0
160 63270.0 46200.0
161 51870.0 43400.0
162 52060.0 37800.0
163 53390.0 37800.0
164 56050.0 40600.0
165 49210.0 32200.0
166 48260.0 35000.0
167 49210.0 35000.0
168 55290.0 35000.0
169 61750.0 40600.0
170 61940.0 32200.0
171 57190.0 29400.0
172 55860.0 23800.0
173 58710.0 26600.0
174 60610.0 29400.0
175 62130.0 29400.0
176 78470.0 35000.0
177 82460.0 37800.0
178 81510.0 37800.0
179 80370.0 35000.0
180 79230.0 32200.0
181 66310.0 32200.0
182 64030.0 32200.0
183 63650.0 29400.0
184 66310.0 29400.0
185 60610.0 32200.0
186 59470.0 32200.0
187 60800.0 35000.0
188 62130.0 35000.0
189 56240.0 43400.0
190 56620.0 35000.0
191 58900.0 40600.0
192 61370.0 37800.0
193 62890.0 37800.0
194 58520.0 49000.0
195 62890.0 49000.0
196 58710.0 51800.0
197 67260.0 54600.0
198 63840.0 51800.0
199 64030.0 49000.0
200 60230.0 37800.0
201 54910.0 32200.0
202 49590.0 23800.0
203 33630.0 23800.0
204 42560.0 23800.0
205 45980.0 9800.0
206 40660.0 26600.0
207 44080.0 12600.0
208 34390.0 26600.0
209 38380.0 21000.0
210 35150.0 12600.0
211 35530.0 26600.0
212 35910.0 23800.0
213 32680.0 12600.0
214 31160.0 9800.0
215 31350.0 12600.0
216 38950.0 23800.0
217 39710.0 29400.0
218 47120.0 35000.0
219 67830.0 12600.0
220 68210.0 15400.0
221 67260.0 15400.0
222 66120.0 15400.0
223 67830.0 18200.0
224 68020.0 32200.0
225 65740.0 37800.0
226 66690.0 37800.0
227 64220.0 35000.0
228 63840.0 37800.0
229 64790.0 37800.0
230 57760.0 37800.0
231 45410.0 23800.0
232 53770.0 35000.0
233 45790.0 35000.0
234 34010.0 35000.0
235 32680.0 32200.0
236 27740.0 32200.0
237 29070.0 32200.0
238 53960.0 40600.0
239 57380.0 15400.0
240 45220.0 18200.0
241 48640.0 15400.0
242 57760.0 18200.0
243 49970.0 9800.0
244 50540.0 15400.0
245 61940.0 18200.0
246 60610.0 18200.0
247 62890.0 15400.0
248 65360.0 21000.0
249 76950.0 18200.0
250 71440.0 21000.0
251 69730.0 21000.0
252 67830.0 21000.0
253 80370.0 18200.0
254 79230.0 18200.0
255 72200.0 21000.0
256 66500.0 12600.0
257 73150.0 12600.0
258 74100.0 18200.0
259 73910.0 21000.0
260 73150.0 23800.0
261 66120.0 35000.0
262 67450.0 35000.0
263 74100.0 37800.0
264 75050.0 26600.0
265 73530.0 29400.0
266 73720.0 35000.0
267 75050.0 37800.0
268 77330.0 46200.0
269 75810.0 46200.0
270 58140.0 32200.0
271 57760.0 35000.0
272 81890.0 32200.0
273 81890.0 35000.0
274 72960.0 37800.0
275 73340.0 43400.0
276 74290.0 46200.0
277 73150.0 46200.0
278 74100.0 43400.0
279 75240.0 43400.0
280 72010.0 46200.0
281 55290.0 43400.0
282 53390.0 43400.0
283 35530.0 43400.0
284 33440.0 37800.0
285 26600.0 40600.0
286 28690.0 43400.0
287 39900.0 43400.0
288 68400.0 29400.0
289 69540.0 29400.0
290 69350.0 32200.0
291 67640.0 37800.0
292 68590.0 37800.0
293 70870.0 29400.0
294 71060.0 26600.0
295 72010.0 29400.0
296 72770.0 40600.0
297 71630.0 40600.0
298 67260.0 40600.0
299 70300.0 40600.0
300 71250.0 43400.0
301 54910.0 46200.0
302 39710.0 46200.0
303 36290.0 46200.0
304 34200.0 43400.0
305 26600.0 43400.0
306 28310.0 46200.0
307 52440.0 46200.0
308 68590.0 40600.0
309 69920.0 37800.0
310 71250.0 37800.0
311 70490.0 23800.0
312 68780.0 23800.0
313 65550.0 18200.0
314 69730.0 18200.0
315 68210.0 26600.0
316 71820.0 32200.0
317 70490.0 35000.0
318 57000.0 46200.0
319 58140.0 46200.0
320 65740.0 46200.0
321 73720.0 40600.0
322 69540.0 43400.0
323 70110.0 46200.0
324 69160.0 46200.0
325 66690.0 46200.0
326 67450.0 49000.0
327 68020.0 46200.0
328 67830.0 51800.0
329 56050.0 46200.0
330 51110.0 46200.0
331 38570.0 46200.0
332 33440.0 49000.0
333 34200.0 51800.0
334 34770.0 49000.0
335 42940.0 51800.0
336 63080.0 43400.0
337 64790.0 40600.0
338 65930.0 40600.0
339 65360.0 51800.0
340 64220.0 43400.0
341 65170.0 43400.0
342 61750.0 43400.0
343 60800.0 46200.0
344 61750.0 46200.0
345 64790.0 46200.0
346 65360.0 54600.0
347 64220.0 54600.0
348 63080.0 54600.0
349 64030.0 57400.0
350 48450.0 54600.0
351 42750.0 54600.0
352 37810.0 54600.0
353 35340.0 54600.0
354 32680.0 54600.0
355 34010.0 54600.0
356 55480.0 51800.0
357 66310.0 51800.0
358 69920.0 49000.0
359 74480.0 49000.0
360 74670.0 51800.0
361 72390.0 49000.0
362 62320.0 51800.0
363 69540.0 51800.0
364 72390.0 51800.0
365 72200.0 54600.0
366 73530.0 54600.0
367 68970.0 54600.0
368 71060.0 54600.0
369 69350.0 57400.0
370 56430.0 57400.0
371 54150.0 51800.0
372 36670.0 54600.0
373 31160.0 54600.0
374 29640.0 54600.0
375 29450.0 57400.0
376 50540.0 18200.0
377 48260.0 18200.0
378 47120.0 18200.0
379 42180.0 18200.0
380 34390.0 18200.0
381 31540.0 15400.0
382 29260.0 12600.0
383 29830.0 15400.0
384 53580.0 15400.0
385 51680.0 12600.0
386 50160.0 12600.0
387 38190.0 12600.0
388 34200.0 9800.0
389 32680.0 9800.0
390 36290.0 12600.0
391 58900.0 15400.0
392 57000.0 12600.0
393 55100.0 12600.0
394 41230.0 12600.0
395 36480.0 7000.0
396 35720.0 9800.0
397 33250.0 4200.0
398 70300.0 12600.0
399 76000.0 9800.0
400 79040.0 9800.0
401 77330.0 9800.0
402 74100.0 7000.0
403 74860.0 4200.0
404 76950.0 4200.0
405 72770.0 18200.0
406 71060.0 15400.0
407 71440.0 18200.0
408 72770.0 15400.0
409 80180.0 12600.0
410 85500.0 12600.0
411 85690.0 9800.0
412 84360.0 9800.0
413 83600.0 4200.0
414 84930.0 4200.0
415 78280.0 15400.0
416 80180.0 15400.0
417 87780.0 15400.0
418 86450.0 15400.0
419 87400.0 21000.0
420 86640.0 23800.0
421 86070.0 21000.0
422 75430.0 23800.0
423 76000.0 21000.0
424 77330.0 23800.0
425 85120.0 23800.0
426 88160.0 26600.0
427 87970.0 29400.0
428 85500.0 32200.0
429 87020.0 32200.0
430 89870.0 29400.0
431 79990.0 29400.0
432 78660.0 29400.0
433 81510.0 29400.0
434 85120.0 26600.0
435 86640.0 26600.0
436 86830.0 29400.0
437 88920.0 35000.0
438 90440.0 37800.0
439 87210.0 35000.0
440 55480.0 26600.0
441 59090.0 18200.0
442 63270.0 21000.0
443 61940.0 21000.0
444 67640.0 23800.0
445 63270.0 18200.0
446 64410.0 18200.0
447 64410.0 21000.0
448 63080.0 23800.0
449 61180.0 23800.0
450 56810.0 23800.0
451 57950.0 23800.0
452 54910.0 23800.0
453 56240.0 18200.0
454 54720.0 18200.0
455 53390.0 18200.0
456 37050.0 29400.0
457 38190.0 32200.0
458 35530.0 4200.0
459 38570.0 4200.0
460 37810.0 37800.0
461 41610.0 4200.0
462 44650.0 57400.0
463 44080.0 37800.0
464 41230.0 35000.0
465 43510.0 35000.0
466 52630.0 57400.0
467 52440.0 40600.0
468 50730.0 37800.0
469 50350.0 40600.0
470 42370.0 57400.0
471 85690.0 49000.0
472 41800.0 40600.0
473 41230.0 37800.0
474 42750.0 43400.0
475 42750.0 29400.0
476 43510.0 57400.0
477 44080.0 49000.0
478 42370.0 49000.0
479 45030.0 46200.0
480 38950.0 57400.0
481 40280.0 57400.0
482 39710.0 54600.0
483 39710.0 49000.0
484 45790.0 51800.0
485 48070.0 51800.0
486 50350.0 51800.0
487 39330.0 15400.0
488 41610.0 15400.0
489 40090.0 18200.0
490 53390.0 4200.0
491 52060.0 4200.0
492 48450.0 9800.0
493 47690.0 4200.0
494 63270.0 4200.0
495 62700.0 7000.0
496 62510.0 9800.0
497 54150.0 9800.0
498 65170.0 4200.0
499 68780.0 9800.0
500 67070.0 9800.0
501 67830.0 4200.0
502 90630.0 4200.0
503 91200.0 7000.0
504 89490.0 7000.0
505 87590.0 9800.0
506 93290.0 15400.0
507 93100.0 18200.0
508 89490.0 15400.0
509 91010.0 18200.0
510 93670.0 29400.0
511 92340.0 29400.0
512 88730.0 23800.0
513 91010.0 23800.0
514 84170.0 43400.0
515 83220.0 40600.0
516 76190.0 37800.0
517 78090.0 37800.0
518 57190.0 4200.0
519 57000.0 26600.0
520 53390.0 29400.0
521 51110.0 29400.0
522 27930.0 29400.0
523 22610.0 23800.0
524 30970.0 21000.0
525 27170.0 9800.0
526 30210.0 35000.0
527 30590.0 40600.0
528 32490.0 46200.0
529 29450.0 49000.0
530 33250.0 57400.0
531 30210.0 51800.0
532 26030.0 15400.0
533 39710.0 9800.0
534 32490.0 7000.0
535 78090.0 7000.0
536 84550.0 7000.0
537 81130.0 21000.0
538 91010.0 32200.0
539 86450.0 37800.0
540 53390.0 21000.0
541 41230.0 7000.0
542 43890.0 32200.0
543 45790.0 40600.0
544 37810.0 40600.0
545 49210.0 49000.0
546 38950.0 51800.0
547 52250.0 54600.0
548 42370.0 21000.0
549 47690.0 7000.0
550 56810.0 7000.0
551 68970.0 7000.0
552 92150.0 9800.0
553 95570.0 21000.0
554 95570.0 26600.0
555 79230.0 40600.0
556 51490.0 26600.0
