Instance ID x_center y_center
0 42.0 5676.0
1 6252.0 7224.0
2 6828.0 7224.0
3 12490.0 5388.0
4 12490.0 3948.0
5 12490.0 3084.0
6 12490.0 2316.0
7 8076.0 42.0
8 6732.0 7224.0
9 4620.0 7224.0
10 42.0 5292.0
11 42.0 4908.0
12 5196.0 7224.0
13 42.0 3564.0
14 42.0 2892.0
15 42.0 2316.0
16 4044.0 42.0
17 5484.0 42.0
18 6732.0 42.0
19 6156.0 7224.0
20 8652.0 7224.0
21 12490.0 4332.0
22 7980.0 7224.0
23 3852.0 7224.0
24 12490.0 2220.0
25 7980.0 42.0
26 42.0 4428.0
27 42.0 3660.0
28 42.0 2412.0
29 2892.0 42.0
30 4236.0 42.0
31 5292.0 42.0
32 6252.0 42.0
33 7596.0 7224.0
34 7788.0 7224.0
35 8076.0 7224.0
36 6060.0 7224.0
37 6444.0 7224.0
38 12490.0 4812.0
39 12490.0 3756.0
40 12490.0 4044.0
41 12490.0 2412.0
42 8844.0 42.0
43 4716.0 7224.0
44 3756.0 7224.0
45 42.0 4716.0
46 42.0 3948.0
47 42.0 3180.0
48 4332.0 42.0
49 4716.0 42.0
50 5580.0 42.0
51 6636.0 42.0
52 8172.0 7224.0
53 8364.0 7224.0
54 10341.0 5805.0
55 5265.0 3915.0
56 5481.0 4185.0
57 5535.0 6075.0
58 5211.0 5265.0
59 6507.0 5535.0
60 5562.0 3105.0
61 6048.0 2835.0
62 6291.0 3105.0
63 6696.0 3105.0
64 7020.0 3375.0
65 3861.0 4995.0
66 4023.0 4725.0
67 3888.0 3915.0
68 2997.0 4185.0
69 3807.0 3645.0
70 4347.0 3915.0
71 4752.0 3375.0
72 6750.0 3645.0
73 7317.0 3645.0
74 7560.0 3645.0
75 7452.0 3375.0
76 10125.0 2835.0
77 9180.0 2835.0
78 8856.0 2565.0
79 8154.0 2835.0
80 9828.0 3105.0
81 9072.0 3105.0
82 8532.0 2565.0
83 7722.0 2565.0
84 7641.0 3105.0
85 3807.0 3105.0
86 8073.0 2565.0
87 7992.0 4455.0
88 5103.0 2565.0
89 2565.0 4455.0
90 5292.0 4455.0
91 7614.0 4995.0
92 7614.0 6075.0
93 7668.0 5265.0
94 7938.0 4995.0
95 8370.0 4995.0
96 8343.0 6075.0
97 5481.0 3915.0
98 5751.0 3915.0
99 8424.0 5805.0
100 7803.0 4725.0
101 7560.0 4725.0
102 7614.0 4455.0
103 3483.0 2835.0
104 8208.0 5265.0
105 8019.0 6075.0
106 7965.0 5805.0
107 7155.0 2295.0
108 6021.0 2295.0
109 4509.0 2295.0
110 3645.0 2295.0
111 3105.0 2835.0
112 2241.0 3375.0
113 2295.0 5265.0
114 3267.0 5535.0
115 5103.0 4995.0
116 9207.0 2025.0
117 10179.0 2025.0
118 10233.0 3375.0
119 10881.0 4455.0
120 9477.0 4725.0
121 6615.0 4455.0
122 7614.0 3915.0
123 4698.0 3915.0
124 6588.0 5805.0
125 7074.0 3645.0
126 7857.0 3375.0
127 7884.0 3645.0
128 7398.0 2835.0
129 7776.0 2835.0
130 2214.0 2025.0
131 6750.0 6075.0
132 6804.0 5535.0
133 5724.0 5805.0
134 7317.0 3915.0
135 7506.0 2025.0
136 6426.0 4725.0
137 1755.0 1755.0
138 6102.0 4725.0
139 4995.0 3915.0
140 6210.0 3645.0
141 6345.0 3375.0
142 6345.0 3915.0
143 6426.0 4185.0
144 5940.0 4185.0
145 8586.0 6075.0
146 8640.0 5265.0
147 7047.0 3105.0
148 5427.0 5265.0
149 4941.0 4455.0
150 3726.0 4185.0
151 4050.0 4455.0
152 4104.0 4185.0
153 5130.0 3645.0
154 4104.0 3105.0
155 4752.0 2835.0
156 4374.0 3375.0
157 4779.0 3645.0
158 5805.0 3375.0
159 8262.0 3375.0
160 8613.0 4455.0
161 8856.0 4455.0
162 8775.0 4725.0
163 8856.0 4995.0
164 9342.0 4995.0
165 9234.0 5265.0
166 11232.0 4455.0
167 10476.0 4995.0
168 9504.0 4455.0
169 9450.0 3105.0
170 9369.0 3645.0
171 10260.0 4725.0
172 8559.0 3645.0
173 8910.0 3645.0
174 8748.0 3915.0
175 9261.0 3915.0
176 2457.0 1485.0
177 7992.0 4185.0
178 8208.0 3915.0
179 10368.0 3915.0
180 9990.0 3915.0
181 11178.0 2295.0
182 10476.0 2835.0
183 9882.0 2565.0
184 9558.0 2835.0
185 9369.0 2565.0
186 10314.0 2565.0
187 8721.0 3105.0
188 8235.0 3105.0
189 8478.0 2835.0
190 9450.0 3375.0
191 8208.0 3645.0
192 8964.0 3375.0
193 8829.0 2835.0
194 8829.0 2025.0
195 9342.0 1755.0
196 7776.0 2295.0
197 8640.0 1755.0
198 9018.0 1755.0
199 4860.0 4185.0
200 4536.0 5535.0
201 2160.0 1755.0
202 5346.0 4995.0
203 4752.0 4725.0
204 4023.0 5265.0
205 3510.0 5265.0
206 2430.0 5805.0
207 3564.0 5535.0
208 3024.0 5265.0
209 3699.0 4455.0
210 3537.0 4725.0
211 2970.0 4725.0
212 2538.0 5265.0
213 2970.0 4995.0
214 2538.0 4995.0
215 3375.0 4185.0
216 3267.0 3915.0
217 2970.0 3645.0
218 2484.0 3375.0
219 2538.0 4185.0
220 2538.0 3645.0
221 3699.0 3375.0
222 2916.0 3105.0
223 2538.0 3105.0
224 3078.0 2565.0
225 2592.0 2565.0
226 3969.0 2835.0
227 4266.0 2295.0
228 2538.0 2295.0
229 3402.0 2295.0
230 2970.0 2295.0
231 4266.0 3645.0
232 4428.0 2835.0
233 4563.0 3105.0
234 4806.0 2025.0
235 4158.0 1215.0
236 4752.0 2295.0
237 4266.0 1755.0
238 5832.0 2565.0
239 5076.0 2295.0
240 5103.0 2835.0
241 5157.0 3105.0
242 5265.0 3375.0
243 5508.0 2565.0
244 5508.0 2295.0
245 6912.0 2295.0
246 6804.0 1215.0
247 6912.0 2835.0
248 6939.0 2565.0
249 7182.0 1755.0
250 6750.0 1755.0
251 2214.0 2295.0
252 6102.0 4995.0
253 6102.0 6075.0
254 6264.0 5805.0
255 6426.0 6075.0
256 6750.0 4725.0
257 7074.0 6075.0
258 7182.0 4725.0
259 6858.0 4455.0
260 9774.0 4995.0
261 11232.0 5265.0
262 10530.0 5535.0
263 9936.0 5805.0
264 10638.0 4725.0
265 11232.0 3915.0
266 10854.0 3915.0
267 11124.0 4725.0
268 10422.0 3105.0
269 11178.0 3105.0
270 10800.0 3105.0
271 10908.0 3645.0
272 10692.0 2565.0
273 11016.0 2025.0
274 10800.0 2295.0
275 11124.0 2565.0
276 8100.0 2025.0
277 7938.0 1755.0
278 7560.0 1755.0
279 8262.0 1755.0
280 5184.0 5535.0
281 5238.0 6075.0
282 4860.0 5535.0
283 4914.0 6075.0
284 3078.0 6075.0
285 4050.0 6075.0
286 4050.0 5535.0
287 3402.0 6075.0
288 2484.0 4725.0
289 1458.0 4185.0
290 1890.0 4455.0
291 1512.0 4455.0
292 2214.0 4185.0
293 1512.0 3375.0
294 1836.0 4185.0
295 1890.0 3375.0
296 2214.0 3105.0
297 1458.0 2295.0
298 1836.0 2295.0
299 1782.0 2835.0
300 3078.0 1755.0
301 2484.0 1215.0
302 2646.0 1755.0
303 2808.0 1215.0
304 3402.0 1755.0
305 4482.0 1215.0
306 4752.0 1755.0
307 3780.0 1755.0
308 5832.0 1215.0
309 5184.0 1215.0
310 5346.0 1755.0
311 5508.0 1215.0
312 5886.0 1755.0
313 6210.0 1215.0
314 6264.0 1755.0
315 6210.0 1485.0
316 9234.0 4725.0
317 4752.0 5265.0
318 8235.0 2295.0
319 9153.0 2295.0
320 9909.0 3375.0
321 9963.0 4185.0
322 8829.0 4185.0
323 6885.0 3915.0
324 6399.0 2565.0
325 5643.0 2835.0
326 4563.0 2565.0
327 4023.0 2565.0
328 3321.0 3105.0
329 2565.0 3915.0
330 2997.0 4455.0
331 3429.0 4995.0
332 5265.0 4725.0
333 5967.0 5265.0
334 9234.0 5805.0
335 8640.0 5535.0
336 7560.0 5535.0
337 5886.0 5535.0
338 5994.0 4455.0
339 9720.0 5535.0
340 10260.0 4455.0
341 10206.0 3645.0
342 10044.0 2295.0
343 9288.0 1485.0
344 4482.0 4995.0
345 2646.0 5535.0
346 1728.0 4995.0
347 1728.0 3645.0
348 2484.0 2835.0
349 2916.0 2025.0
350 4050.0 2025.0
351 5562.0 2025.0
352 6696.0 2025.0
353 6804.0 5265.0
354 7236.0 4185.0
355 10152.0 5265.0
356 10854.0 4185.0
357 10854.0 3375.0
358 10854.0 1755.0
359 8208.0 1485.0
360 4860.0 5805.0
361 3348.0 5805.0
362 1728.0 4725.0
363 1674.0 3915.0
364 1728.0 2565.0
365 3132.0 1485.0
366 4266.0 1485.0
367 5400.0 1485.0
368 7020.0 1485.0
