Instance ID x_center y_center
0 5790.0 140.0
1 140.0 22540.0
2 140.0 37100.0
3 31550.0 65930.0
4 28190.0 65930.0
5 30430.0 65930.0
6 39390.0 65930.0
7 47230.0 65930.0
8 140.0 24780.0
9 140.0 18060.0
10 140.0 15820.0
11 32670.0 140.0
12 140.0 16940.0
13 42750.0 140.0
14 51710.0 140.0
15 61790.0 140.0
16 81450.0 21420.0
17 81450.0 28140.0
18 33790.0 140.0
19 140.0 41580.0
20 140.0 43820.0
21 140.0 49420.0
22 19230.0 65930.0
23 25950.0 140.0
24 24830.0 65930.0
25 140.0 52780.0
26 34910.0 140.0
27 40510.0 140.0
28 58430.0 140.0
29 81450.0 12460.0
30 81450.0 20300.0
31 81450.0 33740.0
32 140.0 33740.0
33 140.0 27020.0
34 140.0 28140.0
35 140.0 31500.0
36 140.0 23660.0
37 41630.0 65930.0
38 42750.0 65930.0
39 65150.0 65930.0
40 48350.0 65930.0
41 59550.0 65930.0
42 51710.0 65930.0
43 27070.0 140.0
44 28190.0 140.0
45 37150.0 140.0
46 46110.0 140.0
47 50590.0 140.0
48 57310.0 140.0
49 81450.0 24780.0
50 81450.0 29260.0
51 41630.0 140.0
52 140.0 29260.0
53 140.0 30380.0
54 32300.0 40600.0
55 21280.0 37800.0
56 35150.0 29400.0
57 67450.0 35000.0
58 30970.0 37800.0
59 35720.0 54600.0
60 37430.0 57400.0
61 33060.0 54600.0
62 23750.0 51800.0
63 34390.0 54600.0
64 34390.0 4200.0
65 23750.0 12600.0
66 21470.0 15400.0
67 19570.0 21000.0
68 26790.0 21000.0
69 65170.0 21000.0
70 67450.0 15400.0
71 58330.0 9800.0
72 44460.0 9800.0
73 57950.0 15400.0
74 30210.0 29400.0
75 17670.0 32200.0
76 18240.0 29400.0
77 7600.0 32200.0
78 12350.0 26600.0
79 20330.0 29400.0
80 11590.0 37800.0
81 10450.0 29400.0
82 9690.0 32200.0
83 17480.0 26600.0
84 8930.0 29400.0
85 3800.0 29400.0
86 13870.0 29400.0
87 12350.0 57400.0
88 7220.0 29400.0
89 5700.0 29400.0
90 3990.0 32200.0
91 6460.0 32200.0
92 5320.0 32200.0
93 22800.0 23800.0
94 10640.0 18200.0
95 26030.0 15400.0
96 25270.0 21000.0
97 26030.0 18200.0
98 28880.0 18200.0
99 33250.0 12600.0
100 36100.0 7000.0
101 35910.0 9800.0
102 37050.0 12600.0
103 24890.0 15400.0
104 22800.0 12600.0
105 26410.0 12600.0
106 27550.0 15400.0
107 36290.0 18200.0
108 37810.0 18200.0
109 31730.0 12600.0
110 33060.0 15400.0
111 40660.0 18200.0
112 39330.0 18200.0
113 69540.0 21000.0
114 66690.0 21000.0
115 63650.0 21000.0
116 62130.0 23800.0
117 62510.0 12600.0
118 69160.0 9800.0
119 67450.0 9800.0
120 58330.0 18200.0
121 53390.0 23800.0
122 53010.0 9800.0
123 54720.0 9800.0
124 57570.0 12600.0
125 54530.0 12600.0
126 46170.0 9800.0
127 45220.0 9800.0
128 42750.0 12600.0
129 44650.0 12600.0
130 46930.0 18200.0
131 43130.0 23800.0
132 45030.0 26600.0
133 61750.0 21000.0
134 61750.0 26600.0
135 49780.0 29400.0
136 54340.0 15400.0
137 41610.0 12600.0
138 52630.0 15400.0
139 53200.0 26600.0
140 52630.0 29400.0
141 56810.0 29400.0
142 24700.0 54600.0
143 35150.0 49000.0
144 39520.0 49000.0
145 37050.0 49000.0
146 41610.0 49000.0
147 46930.0 46200.0
148 27360.0 49000.0
149 30210.0 49000.0
150 28310.0 46200.0
151 34770.0 46200.0
152 46170.0 43400.0
153 37050.0 54600.0
154 38760.0 54600.0
155 38950.0 51800.0
156 40850.0 51800.0
157 48070.0 49000.0
158 46740.0 51800.0
159 46930.0 49000.0
160 44270.0 46200.0
161 32490.0 46200.0
162 31540.0 40600.0
163 34010.0 40600.0
164 35530.0 43400.0
165 22990.0 37800.0
166 16720.0 40600.0
167 20330.0 37800.0
168 35910.0 37800.0
169 38950.0 40600.0
170 45220.0 37800.0
171 35910.0 32200.0
172 31920.0 32200.0
173 33250.0 32200.0
174 38570.0 32200.0
175 47310.0 32200.0
176 64790.0 32200.0
177 68020.0 32200.0
178 67070.0 32200.0
179 59090.0 32200.0
180 57190.0 32200.0
181 48830.0 32200.0
182 45030.0 35000.0
183 41610.0 32200.0
184 42750.0 29400.0
185 46170.0 32200.0
186 43890.0 32200.0
187 43700.0 35000.0
188 41230.0 37800.0
189 36860.0 43400.0
190 36100.0 40600.0
191 38380.0 43400.0
192 40470.0 43400.0
193 41230.0 40600.0
194 38380.0 49000.0
195 45790.0 49000.0
196 43890.0 54600.0
197 51680.0 51800.0
198 44460.0 51800.0
199 44650.0 49000.0
200 39710.0 37800.0
201 34010.0 37800.0
202 28690.0 26600.0
203 18810.0 26600.0
204 21660.0 26600.0
205 27360.0 23800.0
206 25080.0 29400.0
207 25460.0 23800.0
208 19190.0 29400.0
209 23560.0 21000.0
210 20330.0 23800.0
211 19950.0 26600.0
212 22610.0 7000.0
213 8360.0 21000.0
214 5700.0 21000.0
215 7030.0 21000.0
216 22990.0 32200.0
217 24890.0 35000.0
218 21660.0 40600.0
219 44270.0 18200.0
220 43890.0 21000.0
221 45220.0 21000.0
222 42180.0 18200.0
223 46930.0 21000.0
224 50540.0 32200.0
225 50540.0 35000.0
226 48450.0 37800.0
227 46740.0 35000.0
228 46360.0 37800.0
229 47310.0 37800.0
230 45600.0 40600.0
231 24510.0 26600.0
232 26790.0 40600.0
233 20330.0 40600.0
234 17670.0 40600.0
235 9120.0 37800.0
236 9880.0 40600.0
237 11210.0 40600.0
238 33060.0 43400.0
239 34580.0 18200.0
240 22420.0 18200.0
241 29260.0 21000.0
242 36860.0 21000.0
243 23750.0 15400.0
244 30400.0 18200.0
245 33820.0 21000.0
246 35150.0 21000.0
247 44270.0 15400.0
248 42940.0 21000.0
249 53390.0 18200.0
250 50920.0 21000.0
251 45030.0 23800.0
252 46930.0 23800.0
253 60230.0 15400.0
254 60610.0 18200.0
255 55100.0 21000.0
256 38000.0 15400.0
257 41610.0 15400.0
258 49780.0 21000.0
259 53010.0 21000.0
260 57190.0 23800.0
261 47880.0 35000.0
262 49210.0 35000.0
263 57380.0 37800.0
264 56430.0 26600.0
265 54910.0 26600.0
266 55480.0 35000.0
267 56430.0 37800.0
268 57190.0 40600.0
269 58710.0 40600.0
270 37240.0 35000.0
271 37620.0 37800.0
272 62890.0 29400.0
273 60610.0 32200.0
274 55100.0 37800.0
275 55480.0 40600.0
276 60990.0 43400.0
277 59470.0 43400.0
278 56240.0 40600.0
279 58140.0 43400.0
280 59090.0 46200.0
281 31350.0 46200.0
282 29830.0 46200.0
283 19570.0 43400.0
284 17480.0 43400.0
285 14820.0 43400.0
286 16150.0 43400.0
287 25460.0 51800.0
288 46360.0 26600.0
289 45980.0 29400.0
290 45030.0 32200.0
291 42560.0 37800.0
292 43890.0 37800.0
293 40470.0 29400.0
294 39520.0 29400.0
295 40090.0 32200.0
296 43890.0 40600.0
297 44270.0 43400.0
298 45220.0 43400.0
299 42560.0 40600.0
300 43130.0 43400.0
301 26410.0 49000.0
302 24890.0 49000.0
303 17290.0 49000.0
304 15580.0 49000.0
305 12920.0 49000.0
306 14250.0 49000.0
307 31920.0 49000.0
308 49590.0 40600.0
309 53960.0 40600.0
310 53390.0 37800.0
311 49590.0 23800.0
312 50160.0 26600.0
313 45410.0 18200.0
314 48830.0 21000.0
315 51490.0 26600.0
316 53960.0 32200.0
317 53010.0 35000.0
318 36860.0 46200.0
319 38000.0 46200.0
320 39900.0 46200.0
321 51680.0 40600.0
322 52440.0 43400.0
323 53010.0 40600.0
324 50920.0 40600.0
325 51110.0 43400.0
326 49970.0 46200.0
327 51300.0 46200.0
328 48450.0 46200.0
329 35530.0 51800.0
330 32110.0 51800.0
331 21470.0 51800.0
332 19760.0 54600.0
333 19760.0 60200.0
334 21090.0 54600.0
335 30400.0 51800.0
336 47500.0 43400.0
337 49970.0 37800.0
338 51110.0 37800.0
339 51300.0 49000.0
340 48260.0 40600.0
341 47310.0 40600.0
342 41610.0 43400.0
343 40280.0 49000.0
344 41230.0 46200.0
345 45790.0 46200.0
346 52440.0 49000.0
347 49020.0 49000.0
348 50160.0 49000.0
349 50730.0 51800.0
350 29070.0 51800.0
351 27930.0 51800.0
352 26790.0 51800.0
353 27360.0 54600.0
354 23940.0 60200.0
355 23750.0 54600.0
356 33440.0 49000.0
357 53770.0 49000.0
358 53960.0 43400.0
359 56620.0 43400.0
360 56810.0 46200.0
361 55290.0 43400.0
362 43320.0 49000.0
363 53580.0 46200.0
364 54910.0 46200.0
365 55860.0 46200.0
366 57190.0 49000.0
367 52630.0 51800.0
368 55100.0 49000.0
369 54150.0 51800.0
370 34390.0 51800.0
371 33250.0 51800.0
372 19190.0 51800.0
373 11400.0 54600.0
374 9880.0 54600.0
375 13490.0 57400.0
376 31540.0 21000.0
377 28500.0 21000.0
378 27360.0 18200.0
379 24700.0 18200.0
380 19190.0 15400.0
381 9880.0 21000.0
382 5700.0 15400.0
383 7030.0 15400.0
384 30400.0 15400.0
385 27740.0 12600.0
386 25080.0 12600.0
387 18810.0 12600.0
388 12540.0 15400.0
389 11020.0 15400.0
390 16150.0 12600.0
391 35720.0 15400.0
392 34580.0 12600.0
393 30400.0 12600.0
394 29070.0 12600.0
395 30020.0 9800.0
396 30400.0 4200.0
397 28690.0 7000.0
398 46360.0 15400.0
399 46740.0 12600.0
400 48640.0 12600.0
401 48070.0 9800.0
402 46360.0 7000.0
403 44840.0 7000.0
404 47690.0 7000.0
405 50730.0 15400.0
406 48260.0 18200.0
407 49400.0 18200.0
408 50730.0 18200.0
409 50540.0 12600.0
410 52440.0 12600.0
411 51490.0 9800.0
412 53960.0 7000.0
413 52440.0 7000.0
414 51110.0 7000.0
415 55860.0 15400.0
416 59280.0 12600.0
417 60800.0 12600.0
418 63650.0 9800.0
419 65360.0 9800.0
420 63080.0 4200.0
421 62890.0 7000.0
422 58330.0 21000.0
423 56620.0 21000.0
424 57570.0 26600.0
425 60040.0 21000.0
426 60040.0 23800.0
427 64410.0 23800.0
428 68400.0 21000.0
429 73720.0 23800.0
430 68590.0 26600.0
431 59470.0 29400.0
432 55480.0 32200.0
433 58710.0 26600.0
434 60040.0 26600.0
435 61180.0 29400.0
436 63270.0 26600.0
437 64980.0 26600.0
438 64600.0 29400.0
439 66690.0 26600.0
440 33820.0 29400.0
441 38190.0 21000.0
442 38570.0 23800.0
443 39900.0 23800.0
444 44840.0 29400.0
445 40470.0 21000.0
446 41610.0 21000.0
447 41230.0 23800.0
448 43320.0 26600.0
449 41420.0 26600.0
450 37810.0 26600.0
451 36290.0 29400.0
452 36670.0 23800.0
453 35340.0 23800.0
454 33820.0 23800.0
455 32490.0 23800.0
456 22610.0 35000.0
457 65170.0 37800.0
458 11590.0 23800.0
459 14630.0 26600.0
460 27550.0 37800.0
461 15770.0 23800.0
462 12730.0 37800.0
463 13680.0 40600.0
464 15390.0 40600.0
465 15770.0 37800.0
466 31350.0 60200.0
467 30400.0 40600.0
468 28310.0 40600.0
469 30970.0 43400.0
470 29070.0 60200.0
471 57570.0 51800.0
472 28500.0 49000.0
473 24890.0 46200.0
474 22610.0 46200.0
475 60230.0 37800.0
476 30210.0 60200.0
477 28500.0 57400.0
478 29070.0 54600.0
479 31350.0 54600.0
480 40090.0 60200.0
481 39900.0 54600.0
482 41990.0 54600.0
483 40090.0 57400.0
484 47310.0 54600.0
485 49590.0 54600.0
486 43890.0 57400.0
487 13110.0 18200.0
488 14630.0 15400.0
489 16910.0 15400.0
490 25650.0 7000.0
491 27360.0 9800.0
492 27170.0 7000.0
493 25270.0 9800.0
494 37430.0 4200.0
495 37240.0 7000.0
496 34010.0 9800.0
497 32490.0 4200.0
498 40090.0 4200.0
499 38760.0 7000.0
500 40470.0 7000.0
501 42750.0 7000.0
502 59850.0 4200.0
503 59660.0 9800.0
504 61750.0 9800.0
505 56430.0 9800.0
506 72010.0 9800.0
507 70300.0 9800.0
508 69730.0 15400.0
509 64790.0 12600.0
510 72010.0 21000.0
511 70680.0 21000.0
512 70490.0 18200.0
513 65550.0 15400.0
514 70110.0 35000.0
515 68780.0 35000.0
516 59850.0 35000.0
517 62510.0 32200.0
518 13490.0 35000.0
519 26220.0 35000.0
520 27550.0 35000.0
521 30210.0 32200.0
522 8170.0 26600.0
523 6270.0 35000.0
524 13870.0 32200.0
525 6270.0 23800.0
526 10830.0 43400.0
527 18050.0 46200.0
528 14250.0 51800.0
529 17290.0 57400.0
530 24510.0 57400.0
531 15770.0 54600.0
532 5890.0 18200.0
533 12350.0 12600.0
534 26410.0 4200.0
535 44270.0 4200.0
536 52630.0 4200.0
537 66690.0 7000.0
538 68970.0 23800.0
539 68590.0 29400.0
540 33630.0 26600.0
541 15770.0 21000.0
542 17670.0 35000.0
543 26410.0 43400.0
544 21090.0 49000.0
545 32870.0 57400.0
546 35150.0 60200.0
547 48450.0 57400.0
548 17670.0 18200.0
549 20710.0 9800.0
550 32490.0 7000.0
551 40850.0 9800.0
552 57950.0 7000.0
553 69350.0 12600.0
554 66310.0 18200.0
555 63650.0 35000.0
556 31730.0 35000.0
