Instance_ID x_center y_center
0 12510.0 140.0
1 25950.0 140.0
2 41630.0 140.0
3 46110.0 50030.0
4 140.0 28140.0
5 140.0 25900.0
6 140.0 27020.0
7 140.0 29260.0
8 140.0 11340.0
9 31550.0 140.0
10 42750.0 140.0
11 51710.0 140.0
12 33790.0 140.0
13 96200.0 10220.0
14 96200.0 15820.0
15 96200.0 24780.0
16 96200.0 30380.0
17 96200.0 29260.0
18 46110.0 140.0
19 36030.0 50030.0
20 42750.0 50030.0
21 34910.0 50030.0
22 140.0 39340.0
23 49470.0 140.0
24 22590.0 50030.0
25 140.0 43820.0
26 62910.0 140.0
27 65150.0 140.0
28 96200.0 11340.0
29 96200.0 19180.0
30 96200.0 28140.0
31 96200.0 27020.0
32 51710.0 50030.0
33 140.0 15820.0
34 140.0 14700.0
35 140.0 19180.0
36 29310.0 140.0
37 49470.0 50030.0
38 48350.0 50030.0
39 57310.0 50030.0
40 50590.0 50030.0
41 38270.0 50030.0
42 29310.0 50030.0
43 38270.0 140.0
44 48350.0 140.0
45 56190.0 140.0
46 68510.0 140.0
47 96200.0 18060.0
48 96200.0 22540.0
49 96200.0 25900.0
50 96200.0 31500.0
51 47230.0 140.0
52 140.0 16940.0
53 140.0 18060.0
54 44840.0 35000.0
55 42940.0 26600.0
56 45410.0 21000.0
57 75430.0 35000.0
58 45410.0 23800.0
59 21660.0 37800.0
60 23750.0 37800.0
61 22420.0 26600.0
62 32870.0 29400.0
63 22230.0 29400.0
64 60990.0 7000.0
65 46170.0 7000.0
66 35530.0 12600.0
67 29830.0 4200.0
68 39710.0 12600.0
69 85690.0 29400.0
70 81510.0 18200.0
71 83030.0 9800.0
72 72580.0 7000.0
73 73530.0 18200.0
74 39710.0 18200.0
75 23750.0 21000.0
76 24700.0 18200.0
77 15960.0 18200.0
78 22610.0 15400.0
79 27170.0 15400.0
80 75050.0 9800.0
81 14250.0 15400.0
82 17670.0 18200.0
83 22040.0 18200.0
84 14250.0 18200.0
85 5320.0 18200.0
86 26030.0 15400.0
87 18050.0 7000.0
88 12160.0 12600.0
89 11780.0 15400.0
90 11210.0 18200.0
91 19000.0 18200.0
92 12540.0 18200.0
93 30020.0 7000.0
94 39140.0 4200.0
95 38190.0 12600.0
96 30210.0 12600.0
97 41230.0 12600.0
98 42560.0 12600.0
99 59850.0 9800.0
100 60040.0 7000.0
101 62130.0 7000.0
102 61750.0 9800.0
103 48070.0 9800.0
104 47880.0 4200.0
105 49210.0 9800.0
106 52250.0 12600.0
107 58710.0 12600.0
108 63650.0 12600.0
109 57190.0 9800.0
110 58520.0 9800.0
111 62700.0 12600.0
112 65170.0 12600.0
113 83600.0 26600.0
114 84170.0 29400.0
115 75430.0 23800.0
116 75430.0 26600.0
117 76950.0 21000.0
118 79800.0 23800.0
119 80750.0 21000.0
120 72010.0 21000.0
121 67830.0 23800.0
122 76190.0 15400.0
123 81320.0 15400.0
124 80370.0 12600.0
125 73530.0 15400.0
126 72010.0 9800.0
127 72960.0 9800.0
128 69350.0 9800.0
129 67450.0 9800.0
130 68210.0 15400.0
131 65930.0 26600.0
132 65550.0 29400.0
133 73910.0 23800.0
134 73530.0 26600.0
135 66880.0 32200.0
136 72200.0 15400.0
137 70870.0 9800.0
138 70490.0 15400.0
139 69540.0 32200.0
140 68590.0 35000.0
141 68210.0 29400.0
142 15960.0 35000.0
143 27550.0 32200.0
144 30780.0 35000.0
145 28310.0 35000.0
146 33630.0 35000.0
147 48450.0 35000.0
148 30020.0 29400.0
149 31350.0 32200.0
150 31350.0 29400.0
151 35910.0 32200.0
152 47690.0 37800.0
153 22990.0 32200.0
154 21660.0 32200.0
155 23370.0 35000.0
156 24890.0 35000.0
157 38190.0 37800.0
158 21660.0 40600.0
159 34770.0 40600.0
160 46930.0 40600.0
161 46170.0 32200.0
162 45980.0 29400.0
163 45030.0 32200.0
164 46550.0 35000.0
165 44270.0 26600.0
166 41040.0 26600.0
167 41990.0 26600.0
168 49590.0 29400.0
169 56430.0 43400.0
170 59280.0 35000.0
171 48070.0 23800.0
172 49780.0 26600.0
173 53390.0 23800.0
174 55670.0 23800.0
175 56430.0 26600.0
176 73910.0 29400.0
177 76380.0 29400.0
178 75430.0 29400.0
179 71250.0 32200.0
180 68210.0 32200.0
181 61750.0 32200.0
182 64030.0 35000.0
183 60610.0 35000.0
184 62130.0 29400.0
185 58710.0 26600.0
186 57570.0 26600.0
187 57000.0 32200.0
188 56810.0 35000.0
189 47120.0 32200.0
190 46740.0 29400.0
191 48260.0 32200.0
192 55290.0 35000.0
193 54150.0 35000.0
194 31920.0 35000.0
195 34770.0 37800.0
196 22610.0 37800.0
197 28880.0 40600.0
198 28880.0 37800.0
199 32490.0 37800.0
200 33630.0 37800.0
201 34390.0 23800.0
202 35530.0 21000.0
203 23750.0 18200.0
204 24700.0 21000.0
205 30400.0 9800.0
206 31540.0 18200.0
207 28880.0 9800.0
208 25650.0 18200.0
209 26600.0 12600.0
210 24510.0 9800.0
211 26790.0 18200.0
212 29070.0 12600.0
213 23180.0 9800.0
214 20140.0 9800.0
215 21470.0 9800.0
216 29830.0 23800.0
217 32870.0 23800.0
218 42180.0 35000.0
219 62510.0 15400.0
220 65550.0 15400.0
221 65740.0 18200.0
222 63840.0 15400.0
223 64410.0 18200.0
224 63460.0 32200.0
225 65740.0 40600.0
226 64790.0 40600.0
227 62320.0 35000.0
228 61560.0 40600.0
229 62510.0 43400.0
230 59280.0 43400.0
231 27550.0 21000.0
232 43130.0 43400.0
233 41990.0 43400.0
234 40850.0 43400.0
235 36100.0 43400.0
236 34960.0 46200.0
237 37430.0 43400.0
238 43700.0 35000.0
239 53580.0 12600.0
240 36100.0 15400.0
241 40660.0 15400.0
242 51300.0 15400.0
243 45410.0 12600.0
244 48260.0 12600.0
245 55480.0 15400.0
246 54150.0 15400.0
247 60610.0 12600.0
248 60040.0 15400.0
249 67070.0 21000.0
250 60420.0 21000.0
251 59850.0 18200.0
252 61750.0 18200.0
253 75430.0 21000.0
254 74290.0 21000.0
255 61560.0 21000.0
256 63840.0 9800.0
257 69730.0 12600.0
258 63080.0 18200.0
259 63650.0 21000.0
260 61750.0 23800.0
261 56240.0 32200.0
262 56810.0 29400.0
263 58140.0 29400.0
264 62890.0 26600.0
265 61370.0 26600.0
266 59660.0 29400.0
267 57950.0 32200.0
268 58330.0 35000.0
269 52630.0 40600.0
270 47500.0 26600.0
271 47880.0 29400.0
272 72010.0 26600.0
273 72010.0 29400.0
274 51300.0 29400.0
275 50540.0 40600.0
276 52630.0 43400.0
277 53770.0 43400.0
278 51300.0 40600.0
279 51300.0 43400.0
280 49970.0 43400.0
281 46550.0 43400.0
282 45410.0 43400.0
283 44270.0 43400.0
284 48640.0 43400.0
285 42940.0 46200.0
286 44270.0 46200.0
287 33060.0 32200.0
288 65360.0 35000.0
289 64600.0 37800.0
290 63270.0 37800.0
291 56620.0 37800.0
292 59850.0 37800.0
293 65930.0 37800.0
294 68020.0 37800.0
295 67070.0 37800.0
296 60230.0 40600.0
297 57570.0 40600.0
298 57380.0 37800.0
299 58900.0 40600.0
300 56430.0 40600.0
301 37050.0 40600.0
302 35910.0 40600.0
303 34770.0 43400.0
304 31540.0 43400.0
305 32680.0 46200.0
306 33250.0 43400.0
307 26980.0 35000.0
308 55290.0 37800.0
309 53580.0 29400.0
310 54910.0 29400.0
311 58710.0 21000.0
312 57000.0 21000.0
313 61370.0 15400.0
314 67450.0 18200.0
315 57190.0 23800.0
316 58900.0 23800.0
317 54530.0 26600.0
318 36100.0 29400.0
319 37240.0 29400.0
320 39140.0 29400.0
321 49400.0 32200.0
322 50540.0 32200.0
323 53390.0 32200.0
324 54340.0 32200.0
325 51870.0 32200.0
326 49590.0 35000.0
327 52820.0 35000.0
328 49590.0 37800.0
329 37050.0 37800.0
330 26790.0 37800.0
331 24890.0 37800.0
332 14060.0 37800.0
333 12540.0 37800.0
334 11210.0 37800.0
335 24320.0 40600.0
336 58520.0 37800.0
337 62510.0 40600.0
338 63650.0 40600.0
339 41420.0 40600.0
340 61940.0 37800.0
341 60990.0 37800.0
342 45790.0 37800.0
343 37240.0 35000.0
344 42370.0 37800.0
345 43890.0 37800.0
346 39520.0 37800.0
347 40660.0 40600.0
348 39520.0 40600.0
349 38190.0 40600.0
350 27550.0 40600.0
351 24890.0 43400.0
352 20330.0 43400.0
353 23180.0 43400.0
354 24700.0 46200.0
355 23370.0 46200.0
356 25840.0 40600.0
357 38950.0 35000.0
358 50920.0 35000.0
359 53200.0 37800.0
360 54150.0 40600.0
361 51110.0 37800.0
362 35340.0 35000.0
363 40660.0 35000.0
364 40850.0 37800.0
365 33820.0 40600.0
366 32870.0 40600.0
367 29830.0 40600.0
368 31540.0 40600.0
369 29450.0 43400.0
370 27550.0 43400.0
371 26030.0 43400.0
372 21470.0 43400.0
373 13300.0 40600.0
374 11780.0 43400.0
375 15390.0 43400.0
376 39140.0 15400.0
377 37620.0 15400.0
378 35720.0 9800.0
379 34200.0 12600.0
380 34390.0 9800.0
381 37240.0 7000.0
382 31920.0 7000.0
383 33250.0 7000.0
384 50160.0 12600.0
385 50540.0 9800.0
386 46740.0 9800.0
387 44270.0 12600.0
388 44840.0 7000.0
389 43320.0 7000.0
390 41990.0 7000.0
391 56620.0 12600.0
392 55860.0 9800.0
393 54340.0 9800.0
394 52630.0 9800.0
395 49780.0 7000.0
396 52060.0 4200.0
397 53390.0 4200.0
398 67260.0 12600.0
399 71820.0 12600.0
400 74480.0 12600.0
401 81890.0 12600.0
402 89680.0 12600.0
403 91200.0 9800.0
404 85690.0 7000.0
405 68590.0 18200.0
406 69540.0 18200.0
407 70680.0 18200.0
408 72010.0 18200.0
409 82840.0 18200.0
410 82840.0 15400.0
411 84550.0 12600.0
412 91580.0 15400.0
413 93100.0 15400.0
414 86070.0 12600.0
415 71440.0 23800.0
416 80940.0 23800.0
417 83980.0 21000.0
418 84170.0 18200.0
419 90060.0 23800.0
420 93100.0 23800.0
421 87210.0 18200.0
422 64030.0 26600.0
423 64220.0 23800.0
424 65550.0 23800.0
425 82460.0 23800.0
426 83980.0 23800.0
427 85310.0 23800.0
428 91580.0 23800.0
429 92340.0 26600.0
430 86830.0 23800.0
431 70490.0 29400.0
432 68400.0 26600.0
433 70110.0 26600.0
434 78660.0 23800.0
435 77140.0 23800.0
436 81890.0 26600.0
437 90060.0 29400.0
438 91580.0 29400.0
439 87970.0 29400.0
440 44080.0 21000.0
441 52630.0 15400.0
442 55290.0 18200.0
443 53960.0 18200.0
444 55860.0 21000.0
445 59090.0 15400.0
446 57950.0 15400.0
447 57950.0 18200.0
448 56620.0 18200.0
449 54340.0 21000.0
450 43510.0 18200.0
451 44650.0 18200.0
452 45790.0 18200.0
453 49400.0 15400.0
454 46740.0 12600.0
455 46930.0 18200.0
456 32110.0 21000.0
457 78470.0 35000.0
458 23370.0 7000.0
459 25650.0 7000.0
460 35910.0 26600.0
461 26790.0 9800.0
462 41610.0 15400.0
463 41040.0 21000.0
464 39330.0 21000.0
465 43130.0 23800.0
466 46550.0 26600.0
467 44840.0 29400.0
468 43130.0 29400.0
469 40850.0 29400.0
470 21470.0 26600.0
471 27930.0 12600.0
472 24320.0 26600.0
473 24130.0 29400.0
474 26410.0 29400.0
475 76570.0 32200.0
476 13870.0 26600.0
477 15200.0 26600.0
478 15770.0 23800.0
479 18050.0 23800.0
480 16910.0 26600.0
481 20140.0 26600.0
482 18430.0 26600.0
483 19190.0 29400.0
484 13870.0 29400.0
485 16910.0 29400.0
486 16910.0 32200.0
487 35150.0 7000.0
488 32490.0 9800.0
489 32110.0 12600.0
490 49590.0 4200.0
491 48260.0 7000.0
492 39710.0 7000.0
493 38190.0 9800.0
494 64030.0 4200.0
495 63460.0 7000.0
496 65930.0 7000.0
497 58330.0 7000.0
498 65930.0 4200.0
499 68400.0 4200.0
500 68590.0 7000.0
501 70870.0 7000.0
502 87210.0 12600.0
503 83220.0 12600.0
504 79230.0 9800.0
505 76950.0 9800.0
506 85310.0 18200.0
507 82460.0 21000.0
508 78850.0 21000.0
509 78470.0 15400.0
510 86830.0 29400.0
511 82460.0 29400.0
512 80370.0 26600.0
513 80370.0 29400.0
514 84550.0 26600.0
515 77520.0 29400.0
516 73150.0 32200.0
517 72770.0 35000.0
518 52630.0 29400.0
519 52060.0 26600.0
520 50730.0 26600.0
521 51110.0 23800.0
522 18430.0 15400.0
523 11590.0 21000.0
524 19950.0 21000.0
525 21090.0 12600.0
526 38950.0 46200.0
527 48830.0 46200.0
528 28690.0 46200.0
529 12350.0 35000.0
530 19570.0 46200.0
531 17290.0 40600.0
532 34770.0 4200.0
533 43510.0 4200.0
534 53770.0 7000.0
535 87210.0 9800.0
536 87590.0 15400.0
537 88350.0 21000.0
538 88350.0 26600.0
539 89490.0 32200.0
540 45410.0 15400.0
541 26030.0 4200.0
542 38570.0 23800.0
543 40850.0 32200.0
544 28310.0 26600.0
545 22610.0 23800.0
546 19570.0 35000.0
547 18050.0 37800.0
548 31730.0 15400.0
549 42750.0 9800.0
550 59090.0 4200.0
551 72390.0 4200.0
552 78470.0 7000.0
553 77710.0 18200.0
554 82650.0 32200.0
555 72770.0 37800.0
556 49970.0 21000.0
