Instance ID x_center y_center
0 42.0 8172.0
1 6732.0 10456.0
2 5676.0 10456.0
3 11400.0 7500.0
4 11400.0 7404.0
5 11400.0 6828.0
6 11400.0 5580.0
7 6540.0 10456.0
8 7404.0 10456.0
9 4620.0 10456.0
10 42.0 7020.0
11 42.0 6636.0
12 4812.0 10456.0
13 42.0 5196.0
14 42.0 4428.0
15 42.0 3372.0
16 3660.0 42.0
17 5388.0 42.0
18 6828.0 42.0
19 5196.0 42.0
20 7116.0 10456.0
21 11400.0 5964.0
22 6828.0 10456.0
23 3468.0 10456.0
24 11400.0 3948.0
25 7212.0 42.0
26 42.0 6060.0
27 42.0 5484.0
28 42.0 4140.0
29 42.0 2412.0
30 3948.0 42.0
31 5292.0 42.0
32 6156.0 42.0
33 42.0 7308.0
34 5484.0 10456.0
35 5868.0 10456.0
36 7020.0 10456.0
37 5484.0 42.0
38 11400.0 3852.0
39 11400.0 5772.0
40 11400.0 5868.0
41 11400.0 4140.0
42 11400.0 3276.0
43 4524.0 10456.0
44 42.0 6828.0
45 42.0 6444.0
46 42.0 5388.0
47 42.0 4620.0
48 42.0 4524.0
49 3852.0 42.0
50 5100.0 42.0
51 6636.0 42.0
52 5772.0 10456.0
53 5964.0 10456.0
54 7263.0 8775.0
55 4617.0 5805.0
56 5103.0 5805.0
57 4131.0 7425.0
58 5049.0 8235.0
59 7317.0 8235.0
60 4752.0 3645.0
61 5292.0 3915.0
62 5643.0 3915.0
63 6102.0 4455.0
64 6264.0 4725.0
65 3537.0 7425.0
66 3645.0 6885.0
67 3888.0 5535.0
68 3429.0 5535.0
69 3645.0 5265.0
70 4023.0 5265.0
71 4266.0 3915.0
72 6642.0 4185.0
73 6885.0 4185.0
74 6426.0 4455.0
75 6480.0 4995.0
76 8397.0 5265.0
77 8262.0 4995.0
78 7614.0 4995.0
79 7020.0 5535.0
80 8424.0 5535.0
81 8478.0 4725.0
82 7938.0 4995.0
83 7236.0 5265.0
84 6669.0 5265.0
85 4401.0 5805.0
86 7209.0 5805.0
87 7290.0 6075.0
88 4725.0 3375.0
89 2673.0 6075.0
90 5130.0 6075.0
91 5616.0 7155.0
92 5454.0 7695.0
93 5886.0 7695.0
94 6372.0 7425.0
95 6102.0 8505.0
96 5427.0 8775.0
97 4833.0 5805.0
98 5967.0 5265.0
99 5778.0 8775.0
100 6291.0 6885.0
101 5562.0 6885.0
102 5994.0 7155.0
103 1755.0 7155.0
104 6156.0 8235.0
105 5643.0 7965.0
106 5589.0 8235.0
107 6993.0 2835.0
108 5697.0 2835.0
109 4185.0 2835.0
110 2295.0 3375.0
111 2457.0 4725.0
112 1701.0 5535.0
113 2457.0 6615.0
114 2889.0 7695.0
115 4833.0 7155.0
116 6831.0 3915.0
117 9963.0 4725.0
118 8127.0 6615.0
119 9261.0 6075.0
120 8667.0 7695.0
121 5481.0 5265.0
122 6102.0 6075.0
123 4320.0 6075.0
124 7560.0 7965.0
125 6642.0 4725.0
126 6669.0 5535.0
127 7344.0 5535.0
128 6318.0 5535.0
129 7614.0 5265.0
130 4752.0 5535.0
131 7344.0 8505.0
132 7182.0 7965.0
133 8046.0 7965.0
134 5859.0 6615.0
135 3024.0 3645.0
136 5778.0 4995.0
137 2835.0 2295.0
138 4968.0 4725.0
139 5103.0 5535.0
140 5292.0 4185.0
141 5643.0 4185.0
142 5643.0 4455.0
143 5292.0 4725.0
144 5184.0 4995.0
145 7182.0 7425.0
146 7452.0 7695.0
147 6291.0 4185.0
148 5373.0 7965.0
149 4995.0 6885.0
150 3888.0 6615.0
151 3834.0 6075.0
152 3996.0 6345.0
153 4212.0 4455.0
154 3888.0 4455.0
155 3942.0 3915.0
156 3888.0 4185.0
157 4617.0 4455.0
158 5157.0 3645.0
159 7398.0 4185.0
160 8019.0 4185.0
161 8748.0 4455.0
162 8397.0 4185.0
163 8910.0 4185.0
164 8640.0 3915.0
165 8100.0 7695.0
166 9990.0 6075.0
167 9720.0 5805.0
168 9234.0 5805.0
169 8856.0 5265.0
170 9045.0 5535.0
171 9612.0 6075.0
172 8721.0 5805.0
173 8262.0 5805.0
174 7722.0 5535.0
175 7749.0 5805.0
176 2835.0 3105.0
177 6858.0 7155.0
178 7128.0 6885.0
179 7938.0 6885.0
180 7560.0 6885.0
181 10098.0 4185.0
182 9720.0 4185.0
183 9342.0 4185.0
184 8640.0 4995.0
185 9153.0 4725.0
186 9666.0 4725.0
187 8019.0 5265.0
188 7965.0 4455.0
189 7506.0 4455.0
190 8100.0 5535.0
191 7722.0 4185.0
192 8046.0 4725.0
193 8343.0 4455.0
194 7911.0 3915.0
195 6912.0 3645.0
196 6912.0 4455.0
197 7290.0 3645.0
198 7668.0 3645.0
199 4590.0 6345.0
200 4644.0 7425.0
201 3780.0 2565.0
202 4968.0 7425.0
203 4536.0 6885.0
204 3267.0 7155.0
205 2700.0 6885.0
206 2106.0 7155.0
207 2862.0 7425.0
208 2646.0 7155.0
209 3537.0 6615.0
210 3483.0 6345.0
211 2700.0 6345.0
212 1674.0 6615.0
213 2376.0 6885.0
214 2106.0 6615.0
215 3753.0 5805.0
216 3105.0 5805.0
217 2484.0 4995.0
218 1512.0 4995.0
219 2214.0 5805.0
220 1944.0 4995.0
221 3483.0 4725.0
222 2646.0 4455.0
223 1728.0 4185.0
224 2214.0 4725.0
225 2214.0 4185.0
226 4077.0 4725.0
227 3024.0 4455.0
228 1674.0 3375.0
229 3078.0 3375.0
230 2646.0 3375.0
231 3510.0 4455.0
232 3618.0 3915.0
233 3807.0 3645.0
234 4212.0 3105.0
235 3348.0 3105.0
236 3888.0 3375.0
237 3780.0 3105.0
238 5670.0 3105.0
239 4806.0 3105.0
240 4239.0 4185.0
241 4347.0 3645.0
242 4779.0 3915.0
243 4968.0 4185.0
244 5238.0 3105.0
245 7236.0 3105.0
246 6912.0 3105.0
247 6534.0 3915.0
248 6399.0 3645.0
249 6696.0 3375.0
250 6480.0 3105.0
251 4104.0 4995.0
252 7020.0 8235.0
253 6642.0 8235.0
254 5994.0 7965.0
255 6318.0 7965.0
256 5400.0 5535.0
257 5562.0 6615.0
258 5616.0 6345.0
259 5562.0 6075.0
260 8964.0 7425.0
261 9666.0 7425.0
262 9450.0 7695.0
263 9072.0 7695.0
264 9234.0 6615.0
265 9936.0 7155.0
266 9558.0 7155.0
267 9558.0 6615.0
268 8262.0 6885.0
269 9990.0 6615.0
270 9018.0 6885.0
271 8586.0 6885.0
272 9504.0 4995.0
273 9990.0 5535.0
274 9612.0 5535.0
275 9828.0 4995.0
276 6804.0 5805.0
277 6480.0 7155.0
278 6534.0 6615.0
279 6642.0 6075.0
280 4482.0 8235.0
281 4806.0 8235.0
282 5076.0 7695.0
283 5022.0 7965.0
284 3186.0 7695.0
285 3456.0 8235.0
286 3240.0 7425.0
287 3078.0 8235.0
288 3024.0 6345.0
289 1566.0 5805.0
290 2106.0 6075.0
291 2376.0 6345.0
292 2538.0 5805.0
293 1458.0 5535.0
294 2214.0 5535.0
295 2592.0 5535.0
296 2646.0 4185.0
297 1458.0 3915.0
298 2538.0 3645.0
299 2862.0 3915.0
300 2538.0 3105.0
301 1782.0 2565.0
302 2106.0 2835.0
303 2484.0 2835.0
304 4212.0 2565.0
305 3888.0 1755.0
306 3942.0 2025.0
307 4212.0 2295.0
308 5508.0 2565.0
309 5184.0 1755.0
310 5130.0 2025.0
311 5508.0 2025.0
312 6318.0 2565.0
313 6048.0 1755.0
314 6264.0 2025.0
315 6642.0 2025.0
316 8964.0 3915.0
317 4482.0 7695.0
318 7101.0 4995.0
319 9099.0 4995.0
320 8181.0 6345.0
321 8775.0 6075.0
322 8235.0 6075.0
323 5805.0 4725.0
324 6291.0 3375.0
325 5211.0 3375.0
326 4293.0 3375.0
327 3483.0 3375.0
328 3213.0 4185.0
329 2997.0 5535.0
330 3213.0 6075.0
331 3213.0 6885.0
332 4941.0 6615.0
333 6723.0 7965.0
334 6588.0 8775.0
335 5400.0 8505.0
336 5670.0 7425.0
337 7992.0 8235.0
338 4860.0 5265.0
339 8262.0 7425.0
340 9288.0 6345.0
341 7722.0 7155.0
342 9774.0 4455.0
343 7830.0 3375.0
344 4212.0 7155.0
345 2268.0 7695.0
346 1674.0 6885.0
347 1674.0 5265.0
348 1782.0 4455.0
349 1782.0 3645.0
350 3564.0 2835.0
351 5076.0 2835.0
352 6372.0 2835.0
353 6696.0 7695.0
354 5940.0 5805.0
355 9234.0 7965.0
356 9774.0 6885.0
357 8802.0 7155.0
358 9774.0 5265.0
359 6696.0 6345.0
360 4266.0 7965.0
361 3078.0 7965.0
362 1674.0 6345.0
363 2808.0 5265.0
364 2160.0 3915.0
365 2808.0 2565.0
366 3510.0 2295.0
367 5238.0 2295.0
368 6642.0 2295.0
