Instance ID x_center y_center
0 21470.0 140.0
1 30430.0 140.0
2 48350.0 56460.0
3 51710.0 56460.0
4 37150.0 56460.0
5 140.0 33740.0
6 140.0 34860.0
7 42750.0 56460.0
8 28190.0 140.0
9 37150.0 140.0
10 49470.0 140.0
11 58430.0 140.0
12 40510.0 140.0
13 79710.0 140.0
14 109050.0 13580.0
15 109050.0 21420.0
16 109050.0 28140.0
17 109050.0 33740.0
18 44990.0 140.0
19 140.0 30380.0
20 49470.0 56460.0
21 33790.0 56460.0
22 27070.0 56460.0
23 55070.0 140.0
24 28190.0 56460.0
25 40510.0 56460.0
26 69630.0 140.0
27 72990.0 140.0
28 109050.0 11340.0
29 109050.0 18060.0
30 109050.0 32620.0
31 109050.0 34860.0
32 53950.0 140.0
33 36030.0 140.0
34 140.0 16940.0
35 140.0 20300.0
36 34910.0 140.0
37 57310.0 56460.0
38 64030.0 56460.0
39 68510.0 56460.0
40 62910.0 56460.0
41 56190.0 56460.0
42 55070.0 56460.0
43 43870.0 140.0
44 56190.0 140.0
45 62910.0 140.0
46 75230.0 140.0
47 74110.0 140.0
48 109050.0 20300.0
49 109050.0 24780.0
50 109050.0 25900.0
51 48350.0 140.0
52 140.0 18060.0
53 140.0 19180.0
54 50540.0 35000.0
55 48260.0 26600.0
56 51490.0 26600.0
57 83410.0 32200.0
58 49970.0 26600.0
59 45600.0 40600.0
60 30970.0 40600.0
61 38380.0 35000.0
62 37810.0 40600.0
63 39710.0 35000.0
64 67830.0 7000.0
65 54910.0 9800.0
66 43510.0 12600.0
67 30590.0 9800.0
68 48070.0 9800.0
69 90630.0 35000.0
70 91770.0 15400.0
71 91010.0 7000.0
72 80560.0 9800.0
73 86450.0 15400.0
74 49210.0 18200.0
76 34580.0 18200.0
77 25460.0 18200.0
81 26790.0 18200.0
82 26030.0 21000.0
84 27930.0 21000.0
85 15960.0 18200.0
88 28120.0 15400.0
89 26980.0 15400.0
90 24130.0 18200.0
91 23180.0 15400.0
92 22800.0 18200.0
93 34580.0 4200.0
95 47310.0 12600.0
96 35150.0 9800.0
97 44650.0 12600.0
98 45980.0 12600.0
99 66310.0 9800.0
100 67260.0 9800.0
101 68970.0 7000.0
102 69350.0 9800.0
103 56810.0 12600.0
104 55480.0 15400.0
105 56430.0 15400.0
106 57950.0 15400.0
107 62890.0 12600.0
108 64790.0 12600.0
109 65170.0 9800.0
110 66120.0 12600.0
111 67260.0 12600.0
112 68590.0 12600.0
113 90060.0 29400.0
114 89490.0 32200.0
115 87970.0 29400.0
116 83030.0 26600.0
117 86070.0 21000.0
118 90820.0 21000.0
119 90250.0 15400.0
120 84170.0 18200.0
121 82650.0 23800.0
122 87210.0 12600.0
123 88920.0 15400.0
124 90630.0 12600.0
125 79990.0 15400.0
126 78090.0 7000.0
127 79040.0 7000.0
128 78470.0 9800.0
129 76950.0 9800.0
130 71250.0 15400.0
131 70110.0 26600.0
132 72010.0 26600.0
133 84930.0 26600.0
134 84930.0 29400.0
135 72960.0 29400.0
136 82460.0 12600.0
137 79610.0 9800.0
138 80750.0 12600.0
139 78660.0 29400.0
140 75810.0 29400.0
141 75430.0 26600.0
142 28880.0 49000.0
143 49970.0 40600.0
144 52820.0 43400.0
145 49590.0 43400.0
146 52630.0 46200.0
147 64030.0 43400.0
148 34960.0 40600.0
149 36290.0 40600.0
150 39330.0 40600.0
151 56810.0 40600.0
152 60990.0 37800.0
153 30970.0 43400.0
154 28120.0 43400.0
155 29450.0 43400.0
156 34770.0 43400.0
157 60230.0 46200.0
158 47120.0 46200.0
159 59090.0 46200.0
160 59470.0 40600.0
161 54150.0 37800.0
162 53200.0 40600.0
163 52630.0 37800.0
164 58330.0 37800.0
165 51110.0 29400.0
166 49780.0 29400.0
167 49590.0 32200.0
168 54530.0 32200.0
169 60990.0 35000.0
170 62700.0 32200.0
171 49970.0 23800.0
172 48640.0 21000.0
173 59090.0 23800.0
174 61750.0 23800.0
175 65550.0 26600.0
176 85690.0 32200.0
177 85880.0 35000.0
178 81510.0 35000.0
179 80750.0 32200.0
180 78850.0 32200.0
181 65550.0 29400.0
182 62130.0 29400.0
183 59090.0 26600.0
184 62890.0 26600.0
185 60610.0 29400.0
186 60610.0 26600.0
187 59660.0 29400.0
188 61370.0 32200.0
189 55100.0 37800.0
190 53200.0 32200.0
191 56620.0 37800.0
192 59850.0 32200.0
193 58710.0 32200.0
194 51300.0 43400.0
195 58710.0 43400.0
196 46550.0 40600.0
197 56240.0 46200.0
198 55100.0 43400.0
199 56810.0 43400.0
200 57570.0 32200.0
201 48450.0 29400.0
202 39710.0 21000.0
203 34770.0 21000.0
204 35720.0 21000.0
205 36100.0 7000.0
206 34960.0 26600.0
207 33820.0 7000.0
208 38570.0 18200.0
210 32490.0 7000.0
211 40090.0 18200.0
213 30020.0 4200.0
214 28500.0 4200.0
215 28690.0 7000.0
216 40090.0 23800.0
217 41230.0 26600.0
218 43700.0 32200.0
219 67070.0 15400.0
220 68210.0 15400.0
221 66120.0 15400.0
222 64980.0 15400.0
223 65550.0 18200.0
224 67260.0 29400.0
225 66500.0 35000.0
226 65170.0 35000.0
227 63840.0 29400.0
228 63840.0 32200.0
229 63650.0 35000.0
230 57380.0 35000.0
231 35150.0 23800.0
232 45030.0 32200.0
233 42370.0 32200.0
234 31350.0 32200.0
235 29260.0 26600.0
236 26980.0 26600.0
237 27170.0 32200.0
238 48260.0 40600.0
239 61180.0 12600.0
240 42560.0 15400.0
241 46360.0 15400.0
242 60420.0 15400.0
243 57950.0 12600.0
244 59280.0 12600.0
245 59280.0 15400.0
246 60990.0 18200.0
247 70870.0 12600.0
248 70300.0 18200.0
249 79990.0 18200.0
250 74480.0 18200.0
251 71250.0 21000.0
252 73150.0 21000.0
253 84550.0 15400.0
254 83030.0 15400.0
255 75240.0 18200.0
256 72200.0 12600.0
257 77710.0 12600.0
258 78280.0 15400.0
259 76950.0 18200.0
260 78470.0 23800.0
261 64980.0 32200.0
262 66690.0 32200.0
263 74100.0 35000.0
264 79990.0 21000.0
265 75810.0 23800.0
266 74480.0 32200.0
267 75050.0 35000.0
268 75050.0 40600.0
269 77330.0 43400.0
270 55480.0 29400.0
271 56240.0 32200.0
272 82270.0 29400.0
273 82270.0 32200.0
274 72960.0 35000.0
275 74100.0 43400.0
276 75050.0 46200.0
277 71250.0 46200.0
278 72580.0 46200.0
279 73720.0 46200.0
280 69730.0 49000.0
281 50350.0 49000.0
282 49210.0 49000.0
283 48070.0 49000.0
284 52060.0 49000.0
285 49400.0 51800.0
286 48070.0 51800.0
287 36480.0 43400.0
288 72200.0 29400.0
289 71060.0 29400.0
290 69350.0 29400.0
291 68020.0 32200.0
292 68970.0 32200.0
293 68590.0 26600.0
294 66500.0 26600.0
295 67450.0 26600.0
296 68590.0 35000.0
297 67830.0 37800.0
298 68780.0 37800.0
299 70300.0 37800.0
300 68590.0 40600.0
301 44270.0 46200.0
302 37050.0 46200.0
303 37050.0 49000.0
304 36100.0 51800.0
305 34580.0 51800.0
306 34770.0 46200.0
307 39520.0 43400.0
308 72010.0 37800.0
309 70680.0 40600.0
310 70110.0 35000.0
311 75050.0 21000.0
312 70680.0 23800.0
313 72770.0 15400.0
314 72770.0 18200.0
315 72010.0 23800.0
316 74100.0 23800.0
317 69350.0 23800.0
318 52440.0 40600.0
319 54340.0 40600.0
320 64600.0 40600.0
321 72960.0 40600.0
322 71820.0 40600.0
323 69730.0 40600.0
324 67640.0 40600.0
325 68210.0 43400.0
326 67070.0 46200.0
327 66880.0 43400.0
328 65550.0 46200.0
329 45410.0 46200.0
330 39330.0 46200.0
331 38570.0 49000.0
332 29640.0 51800.0
333 28120.0 51800.0
334 26790.0 51800.0
335 33440.0 40600.0
336 62320.0 37800.0
337 66310.0 37800.0
338 65550.0 40600.0
339 63460.0 40600.0
340 64980.0 37800.0
341 64030.0 37800.0
342 59850.0 37800.0
343 60040.0 43400.0
344 60990.0 40600.0
345 62510.0 40600.0
346 62700.0 43400.0
347 61560.0 43400.0
348 61940.0 46200.0
349 63270.0 46200.0
350 42750.0 46200.0
351 32870.0 43400.0
352 31730.0 46200.0
353 29640.0 46200.0
354 28120.0 46200.0
355 26790.0 46200.0
356 47500.0 43400.0
357 65550.0 43400.0
358 71060.0 43400.0
359 75620.0 43400.0
360 76190.0 46200.0
361 72390.0 43400.0
362 55100.0 46200.0
363 69540.0 43400.0
364 70110.0 46200.0
365 66880.0 49000.0
366 62130.0 49000.0
367 56430.0 49000.0
368 60800.0 49000.0
369 57950.0 49000.0
370 46930.0 49000.0
371 45790.0 49000.0
372 44650.0 49000.0
373 39900.0 49000.0
374 39140.0 51800.0
375 41230.0 49000.0
376 44840.0 15400.0
377 44840.0 9800.0
378 45980.0 9800.0
379 43700.0 9800.0
380 40850.0 7000.0
381 38000.0 7000.0
382 37620.0 4200.0
383 39710.0 7000.0
384 55100.0 12600.0
385 53580.0 7000.0
386 52060.0 9800.0
387 50350.0 9800.0
388 51680.0 4200.0
389 49780.0 4200.0
390 48450.0 4200.0
391 63460.0 9800.0
392 60040.0 9800.0
393 56240.0 9800.0
394 55670.0 4200.0
395 55100.0 7000.0
396 57760.0 9800.0
397 57950.0 4200.0
398 74480.0 12600.0
399 82840.0 9800.0
400 85880.0 9800.0
401 84170.0 9800.0
402 80180.0 7000.0
403 80940.0 4200.0
404 82650.0 4200.0
405 77330.0 15400.0
406 73720.0 15400.0
407 74860.0 15400.0
408 76190.0 15400.0
409 84360.0 12600.0
410 88920.0 12600.0
411 92150.0 12600.0
412 96520.0 15400.0
413 96520.0 9800.0
414 95190.0 9800.0
415 83600.0 21000.0
416 88160.0 21000.0
417 89680.0 21000.0
418 91770.0 23800.0
419 99940.0 18200.0
420 100700.0 21000.0
421 95190.0 23800.0
422 81130.0 26600.0
423 78660.0 21000.0
424 81130.0 21000.0
425 88160.0 23800.0
426 89680.0 23800.0
427 92150.0 21000.0
428 93480.0 29400.0
429 95000.0 29400.0
430 93670.0 23800.0
431 80370.0 29400.0
432 77900.0 26600.0
433 79610.0 26600.0
434 86640.0 23800.0
435 86640.0 26600.0
436 88730.0 26600.0
437 96520.0 32200.0
438 98040.0 32200.0
439 94810.0 32200.0
440 47120.0 26600.0
441 61750.0 15400.0
442 67830.0 18200.0
443 68020.0 21000.0
444 68020.0 23800.0
445 69730.0 15400.0
446 69350.0 18200.0
447 69350.0 21000.0
448 66880.0 23800.0
449 64220.0 23800.0
450 47690.0 23800.0
451 46550.0 23800.0
452 44270.0 23800.0
453 47500.0 18200.0
454 45600.0 18200.0
455 44270.0 18200.0
456 43510.0 26600.0
458 32870.0 9800.0
459 34770.0 12600.0
461 32110.0 12600.0
462 47690.0 35000.0
463 48260.0 32200.0
464 46550.0 32200.0
465 46170.0 29400.0
466 53390.0 35000.0
467 51680.0 35000.0
468 49210.0 35000.0
469 50730.0 37800.0
470 37430.0 35000.0
471 38190.0 15400.0
472 36100.0 35000.0
473 34390.0 35000.0
474 37430.0 37800.0
476 26790.0 35000.0
477 29260.0 35000.0
478 28690.0 32200.0
479 32110.0 35000.0
480 27930.0 35000.0
481 28120.0 37800.0
482 26030.0 37800.0
483 29070.0 40600.0
484 41990.0 40600.0
485 42370.0 35000.0
486 41610.0 37800.0
487 37050.0 9800.0
488 39330.0 9800.0
489 41610.0 9800.0
490 53770.0 4200.0
491 53580.0 9800.0
492 52630.0 12600.0
493 49970.0 12600.0
494 70110.0 4200.0
495 70300.0 7000.0
496 66310.0 7000.0
497 64030.0 7000.0
498 72390.0 4200.0
499 72200.0 7000.0
500 73910.0 7000.0
501 76190.0 7000.0
502 92910.0 9800.0
503 90820.0 9800.0
504 88350.0 9800.0
505 89110.0 7000.0
506 93290.0 15400.0
507 91200.0 18200.0
508 86830.0 18200.0
509 89110.0 18200.0
510 92530.0 32200.0
511 91200.0 32200.0
512 87590.0 32200.0
513 88350.0 35000.0
514 84930.0 35000.0
515 83600.0 35000.0
516 77710.0 35000.0
517 79610.0 35000.0
518 53770.0 18200.0
519 53580.0 21000.0
520 49590.0 21000.0
521 51490.0 21000.0
522 30970.0 18200.0
523 21470.0 21000.0
524 27170.0 23800.0
525 26790.0 9800.0
526 27170.0 29400.0
527 53390.0 51800.0
528 33250.0 49000.0
529 25270.0 49000.0
530 24130.0 43400.0
531 43130.0 51800.0
532 41610.0 4200.0
533 49210.0 7000.0
534 59090.0 7000.0
535 84170.0 7000.0
536 96710.0 12600.0
537 96710.0 21000.0
538 95190.0 26600.0
539 95950.0 35000.0
540 44650.0 21000.0
541 27550.0 12600.0
542 41610.0 29400.0
543 46170.0 37800.0
544 32870.0 37800.0
545 35530.0 32200.0
546 24510.0 40600.0
547 43510.0 43400.0
548 39330.0 12600.0
549 51870.0 15400.0
550 65550.0 4200.0
551 76570.0 4200.0
552 87210.0 4200.0
553 95190.0 18200.0
554 89110.0 37800.0
555 81130.0 37800.0
556 54910.0 23800.0
