Instance ID x_center y_center
0 6910.0 140.0
1 140.0 28140.0
2 140.0 41580.0
3 39390.0 66090.0
4 30430.0 66090.0
5 42750.0 66090.0
6 40510.0 66090.0
7 57310.0 66090.0
8 140.0 29260.0
9 140.0 24780.0
10 140.0 18060.0
11 30430.0 140.0
12 140.0 19180.0
13 40510.0 140.0
14 56190.0 140.0
15 72990.0 140.0
16 92760.0 14700.0
17 92760.0 28140.0
18 41630.0 140.0
19 140.0 40460.0
20 140.0 46060.0
21 140.0 50540.0
22 19230.0 66090.0
23 24830.0 140.0
24 29310.0 66090.0
25 28190.0 66090.0
26 31550.0 140.0
27 42750.0 140.0
28 52830.0 140.0
29 64030.0 140.0
30 62910.0 140.0
31 92760.0 33740.0
32 140.0 33740.0
33 140.0 30380.0
34 140.0 32620.0
35 140.0 37100.0
36 140.0 27020.0
37 92760.0 41580.0
38 56190.0 66090.0
39 92760.0 46060.0
40 58430.0 66090.0
41 74110.0 66090.0
42 66270.0 66090.0
43 140.0 23660.0
44 140.0 20300.0
45 34910.0 140.0
46 44990.0 140.0
47 57310.0 140.0
48 92760.0 21420.0
49 92760.0 22540.0
50 92760.0 29260.0
51 92760.0 32620.0
52 140.0 34860.0
53 140.0 35980.0
54 41800.0 40600.0
55 28880.0 40600.0
56 46930.0 35000.0
57 79230.0 35000.0
58 39710.0 37800.0
59 54340.0 54600.0
60 45030.0 54600.0
61 41420.0 49000.0
62 27550.0 46200.0
63 40090.0 49000.0
64 31350.0 15400.0
65 21850.0 15400.0
66 25270.0 18200.0
67 28690.0 26600.0
68 27170.0 18200.0
69 79990.0 15400.0
70 72770.0 7000.0
71 56430.0 7000.0
72 48640.0 12600.0
73 54530.0 15400.0
74 38570.0 32200.0
75 19190.0 32200.0
76 20900.0 32200.0
77 10260.0 35000.0
78 14630.0 29400.0
79 15770.0 29400.0
80 29070.0 43400.0
81 10450.0 32200.0
82 11970.0 35000.0
83 18240.0 29400.0
84 8550.0 35000.0
85 6080.0 35000.0
86 19570.0 29400.0
87 27930.0 51800.0
88 5320.0 32200.0
89 6460.0 32200.0
90 8550.0 37800.0
91 13300.0 35000.0
92 9880.0 37800.0
93 15960.0 23800.0
94 10260.0 18200.0
95 28690.0 21000.0
96 19190.0 23800.0
97 28690.0 18200.0
98 30020.0 21000.0
99 34770.0 12600.0
100 34200.0 9800.0
101 32110.0 12600.0
102 37430.0 15400.0
103 24890.0 15400.0
104 23560.0 12600.0
105 23370.0 15400.0
106 32490.0 18200.0
107 43510.0 18200.0
108 44270.0 21000.0
109 33630.0 12600.0
110 34200.0 15400.0
111 44840.0 18200.0
112 45790.0 21000.0
113 78660.0 12600.0
114 78470.0 15400.0
115 79230.0 18200.0
116 78090.0 21000.0
117 74670.0 12600.0
118 74480.0 9800.0
119 69350.0 12600.0
120 68210.0 18200.0
121 69730.0 23800.0
122 58330.0 9800.0
123 57760.0 7000.0
124 56050.0 9800.0
125 62130.0 15400.0
126 46550.0 9800.0
127 46360.0 7000.0
128 47310.0 12600.0
129 47310.0 15400.0
130 50730.0 18200.0
131 53770.0 23800.0
132 54530.0 26600.0
133 74670.0 18200.0
134 75050.0 21000.0
135 63080.0 26600.0
136 60800.0 12600.0
137 49970.0 12600.0
138 59850.0 15400.0
139 61940.0 26600.0
140 65930.0 26600.0
141 69350.0 29400.0
142 34580.0 51800.0
143 46930.0 49000.0
144 53200.0 49000.0
145 48450.0 49000.0
146 54530.0 49000.0
147 56050.0 46200.0
148 28500.0 49000.0
149 29070.0 46200.0
150 36670.0 46200.0
151 48830.0 46200.0
152 61750.0 43400.0
153 42750.0 51800.0
154 41040.0 54600.0
155 43890.0 54600.0
156 53770.0 51800.0
157 64790.0 51800.0
158 59660.0 54600.0
159 61370.0 51800.0
160 61370.0 46200.0
161 40850.0 40600.0
162 41420.0 46200.0
163 42370.0 43400.0
164 49590.0 43400.0
165 27550.0 40600.0
166 25460.0 40600.0
167 30210.0 40600.0
168 48070.0 40600.0
169 62130.0 40600.0
170 62700.0 37800.0
171 46930.0 37800.0
172 43700.0 32200.0
173 45030.0 32200.0
174 53010.0 32200.0
175 57190.0 32200.0
176 78470.0 29400.0
177 78660.0 32200.0
178 78090.0 35000.0
179 75050.0 32200.0
180 73150.0 29400.0
181 65550.0 32200.0
182 62510.0 35000.0
183 61370.0 32200.0
184 62510.0 29400.0
185 54910.0 32200.0
186 54910.0 35000.0
187 59660.0 35000.0
188 59470.0 37800.0
189 50920.0 43400.0
190 49400.0 40600.0
191 52060.0 43400.0
192 57950.0 40600.0
193 57950.0 35000.0
194 50920.0 49000.0
195 60610.0 49000.0
196 56810.0 51800.0
197 63080.0 51800.0
198 58900.0 51800.0
199 60230.0 51800.0
200 57950.0 37800.0
201 42370.0 32200.0
202 39330.0 26600.0
203 27930.0 29400.0
204 29640.0 26600.0
205 15960.0 26600.0
206 34580.0 29400.0
207 18240.0 26600.0
208 21850.0 29400.0
209 26600.0 29400.0
210 12350.0 26600.0
211 22990.0 29400.0
212 25270.0 9800.0
213 10640.0 23800.0
214 5320.0 26600.0
215 6650.0 26600.0
216 32110.0 32200.0
217 32110.0 37800.0
218 30780.0 43400.0
219 52250.0 21000.0
220 58710.0 21000.0
221 59660.0 21000.0
222 47500.0 21000.0
223 60990.0 21000.0
224 68400.0 32200.0
225 67640.0 35000.0
226 68590.0 35000.0
227 65360.0 35000.0
228 69160.0 37800.0
229 70110.0 37800.0
230 71060.0 40600.0
231 32490.0 26600.0
232 36290.0 40600.0
233 31730.0 40600.0
234 14250.0 40600.0
235 15580.0 40600.0
236 11020.0 40600.0
237 13110.0 43400.0
238 44080.0 43400.0
239 42180.0 18200.0
240 26980.0 21000.0
241 31540.0 21000.0
242 41040.0 21000.0
243 26410.0 15400.0
244 30020.0 18200.0
245 38000.0 21000.0
246 39330.0 21000.0
247 48450.0 18200.0
248 49780.0 21000.0
249 62510.0 18200.0
250 62320.0 21000.0
251 56050.0 23800.0
252 56050.0 21000.0
253 64790.0 15400.0
254 64790.0 18200.0
255 66120.0 18200.0
256 39140.0 15400.0
257 49590.0 15400.0
258 63080.0 21000.0
259 64790.0 21000.0
260 74670.0 23800.0
261 66500.0 37800.0
262 67830.0 37800.0
263 71440.0 37800.0
264 71630.0 21000.0
265 72010.0 26600.0
266 71820.0 32200.0
267 72390.0 37800.0
268 73150.0 40600.0
269 73150.0 43400.0
270 50160.0 37800.0
271 50920.0 40600.0
272 76950.0 29400.0
273 76570.0 32200.0
274 69160.0 40600.0
275 68780.0 43400.0
276 71250.0 46200.0
277 70110.0 43400.0
278 71440.0 43400.0
279 72580.0 46200.0
280 70110.0 46200.0
281 45790.0 46200.0
282 43890.0 46200.0
283 18430.0 49000.0
284 10260.0 43400.0
285 6460.0 43400.0
286 6270.0 49000.0
287 30780.0 46200.0
288 60040.0 26600.0
289 59280.0 29400.0
290 56810.0 35000.0
291 57000.0 37800.0
292 56050.0 37800.0
293 55290.0 29400.0
294 53200.0 26600.0
295 54150.0 29400.0
296 54910.0 37800.0
297 53390.0 40600.0
298 55860.0 40600.0
299 54720.0 40600.0
300 53770.0 43400.0
301 33630.0 46200.0
302 30970.0 49000.0
303 17290.0 49000.0
304 19760.0 49000.0
305 14820.0 49000.0
306 16150.0 49000.0
307 44080.0 49000.0
308 55670.0 43400.0
309 60800.0 43400.0
310 61370.0 37800.0
311 60610.0 23800.0
312 58900.0 26600.0
313 52630.0 18200.0
314 58710.0 18200.0
315 57950.0 29400.0
316 66120.0 29400.0
317 58710.0 32200.0
318 50920.0 46200.0
319 52060.0 46200.0
320 53960.0 46200.0
321 57000.0 40600.0
322 57380.0 43400.0
323 58710.0 43400.0
324 60040.0 43400.0
325 58330.0 46200.0
326 57190.0 46200.0
327 59660.0 46200.0
328 59090.0 49000.0
329 49590.0 51800.0
330 44270.0 51800.0
331 26410.0 54600.0
332 21660.0 51800.0
333 19380.0 51800.0
334 21850.0 54600.0
335 49020.0 54600.0
336 59660.0 40600.0
337 66690.0 40600.0
338 67830.0 40600.0
339 68780.0 51800.0
340 65740.0 40600.0
341 66310.0 43400.0
342 62890.0 43400.0
343 61560.0 49000.0
344 64410.0 46200.0
345 65930.0 46200.0
346 69160.0 49000.0
347 68020.0 49000.0
348 67640.0 51800.0
349 70870.0 51800.0
350 51490.0 54600.0
351 50350.0 54600.0
352 32110.0 54600.0
353 29260.0 54600.0
354 28880.0 57400.0
355 30970.0 54600.0
356 47500.0 54600.0
357 56050.0 49000.0
358 63080.0 46200.0
359 74100.0 46200.0
360 75430.0 46200.0
361 68590.0 46200.0
362 55480.0 51800.0
363 57380.0 49000.0
364 66310.0 49000.0
365 67260.0 49000.0
366 69730.0 51800.0
367 68210.0 54600.0
368 66120.0 51800.0
369 65930.0 54600.0
370 52630.0 54600.0
371 46170.0 54600.0
372 25270.0 54600.0
373 27740.0 54600.0
374 27360.0 57400.0
375 25650.0 57400.0
376 28500.0 23800.0
377 26220.0 23800.0
378 17860.0 23800.0
379 17860.0 21000.0
380 13490.0 21000.0
381 11780.0 18200.0
382 11020.0 21000.0
383 12350.0 21000.0
384 34580.0 18200.0
385 18240.0 18200.0
386 17860.0 15400.0
387 16530.0 15400.0
388 12160.0 15400.0
389 7980.0 18200.0
390 7790.0 12600.0
391 37620.0 18200.0
392 32680.0 15400.0
393 29640.0 15400.0
394 27550.0 15400.0
395 29260.0 4200.0
396 30780.0 4200.0
397 27930.0 4200.0
398 46360.0 18200.0
399 45220.0 15400.0
400 43700.0 15400.0
401 40850.0 9800.0
402 42940.0 7000.0
403 41420.0 7000.0
404 40090.0 7000.0
405 56810.0 18200.0
406 53960.0 18200.0
407 55480.0 18200.0
408 56050.0 15400.0
409 57760.0 15400.0
410 58520.0 12600.0
411 60610.0 9800.0
412 58900.0 7000.0
413 58520.0 4200.0
414 60610.0 7000.0
415 69920.0 21000.0
416 77520.0 18200.0
417 77520.0 12600.0
418 76190.0 12600.0
419 76380.0 7000.0
420 74860.0 7000.0
421 75430.0 9800.0
422 76950.0 23800.0
423 72200.0 23800.0
424 78850.0 23800.0
425 80560.0 21000.0
426 80940.0 18200.0
427 81130.0 15400.0
428 82460.0 15400.0
429 83980.0 15400.0
430 85310.0 15400.0
431 74670.0 29400.0
432 69920.0 26600.0
433 74290.0 26600.0
434 80560.0 26600.0
435 80180.0 29400.0
436 81510.0 29400.0
437 82840.0 29400.0
438 84360.0 29400.0
439 85690.0 29400.0
440 48260.0 35000.0
441 42370.0 21000.0
442 48830.0 23800.0
443 50160.0 23800.0
444 56240.0 29400.0
445 48830.0 21000.0
446 51110.0 21000.0
447 51490.0 23800.0
448 52060.0 26600.0
449 52440.0 29400.0
450 51490.0 32200.0
451 48070.0 32200.0
452 47690.0 29400.0
453 44460.0 23800.0
454 42940.0 23800.0
455 42750.0 26600.0
456 30970.0 35000.0
457 26410.0 35000.0
458 12730.0 23800.0
459 20710.0 23800.0
460 35150.0 37800.0
461 22990.0 23800.0
462 19570.0 40600.0
463 20900.0 40600.0
464 21090.0 43400.0
465 23750.0 40600.0
466 39710.0 60200.0
467 40280.0 46200.0
468 38570.0 46200.0
469 38570.0 40600.0
470 29830.0 51800.0
471 26030.0 7000.0
472 29640.0 49000.0
473 26410.0 51800.0
474 25650.0 46200.0
475 29070.0 37800.0
476 42370.0 60200.0
477 39900.0 54600.0
478 36290.0 54600.0
479 37050.0 49000.0
480 41230.0 60200.0
481 41420.0 57400.0
482 39710.0 57400.0
483 43510.0 57400.0
484 57190.0 54600.0
485 54530.0 57400.0
486 51490.0 57400.0
487 14250.0 18200.0
488 16530.0 18200.0
489 20330.0 18200.0
490 24890.0 4200.0
491 23940.0 9800.0
492 21470.0 9800.0
493 21850.0 12600.0
494 34390.0 7000.0
495 32680.0 9800.0
496 30970.0 9800.0
497 28690.0 9800.0
498 45030.0 4200.0
499 44460.0 7000.0
500 45030.0 9800.0
501 42750.0 9800.0
502 53770.0 4200.0
503 54340.0 7000.0
504 49970.0 7000.0
505 52250.0 7000.0
506 66310.0 4200.0
507 66880.0 7000.0
508 64790.0 7000.0
509 65170.0 9800.0
510 67450.0 4200.0
511 67640.0 12600.0
512 67450.0 15400.0
513 69730.0 15400.0
514 73150.0 32200.0
515 72960.0 35000.0
516 73530.0 37800.0
517 75430.0 37800.0
518 33630.0 35000.0
519 35340.0 35000.0
520 36670.0 35000.0
521 38570.0 35000.0
522 7410.0 29400.0
523 6270.0 40600.0
524 14250.0 32200.0
525 6270.0 23800.0
526 13490.0 46200.0
527 7030.0 46200.0
528 21090.0 46200.0
529 18050.0 54600.0
530 32870.0 57400.0
531 24890.0 60200.0
532 7030.0 21000.0
533 8170.0 15400.0
534 30590.0 7000.0
535 41230.0 4200.0
536 62510.0 4200.0
537 75810.0 4200.0
538 87210.0 18200.0
539 87210.0 32200.0
540 43510.0 29400.0
541 24510.0 26600.0
542 25270.0 43400.0
543 38570.0 43400.0
544 24890.0 49000.0
545 38190.0 51800.0
546 46170.0 60200.0
547 52630.0 60200.0
548 22230.0 21000.0
549 17290.0 12600.0
550 28310.0 12600.0
551 43510.0 12600.0
552 50350.0 9800.0
553 69730.0 9800.0
554 74290.0 15400.0
555 80370.0 37800.0
556 43130.0 35000.0
