Instance ID x_center y_center
0 42.0 7308.0
1 11302.0 3756.0
2 6060.0 9433.0
3 11302.0 2796.0
4 6444.0 42.0
5 5772.0 42.0
6 8748.0 42.0
7 11302.0 4044.0
8 11302.0 3564.0
9 11302.0 5580.0
10 11302.0 6348.0
11 7788.0 9433.0
12 11302.0 5100.0
13 5292.0 9433.0
14 4140.0 9433.0
15 42.0 6252.0
16 42.0 5772.0
17 42.0 4524.0
18 42.0 3756.0
19 42.0 4908.0
20 11302.0 3084.0
21 6540.0 42.0
22 4524.0 42.0
23 11302.0 6156.0
24 7500.0 42.0
25 6732.0 42.0
26 6924.0 9433.0
27 5964.0 9433.0
28 4236.0 9433.0
29 3084.0 9433.0
30 42.0 5676.0
31 42.0 4812.0
32 42.0 4236.0
33 7980.0 9433.0
34 11302.0 4908.0
35 11302.0 4812.0
36 11302.0 3852.0
37 42.0 4620.0
38 3468.0 42.0
39 6252.0 42.0
40 4332.0 42.0
41 7596.0 42.0
42 6636.0 42.0
43 11302.0 5484.0
44 11302.0 5868.0
45 7404.0 9433.0
46 5580.0 9433.0
47 4620.0 9433.0
48 4812.0 9433.0
49 42.0 5580.0
50 42.0 4716.0
51 42.0 3564.0
52 11302.0 4620.0
53 11302.0 4716.0
54 9909.0 4995.0
55 6615.0 4725.0
56 6453.0 4995.0
57 6129.0 5535.0
58 9423.0 5805.0
59 9639.0 3375.0
60 3564.0 5265.0
61 3672.0 4725.0
62 3861.0 4455.0
63 4806.0 4185.0
64 5238.0 4185.0
65 7533.0 6075.0
66 7263.0 6075.0
67 5508.0 5805.0
68 6129.0 6345.0
69 5211.0 6075.0
70 5589.0 6075.0
71 4050.0 5535.0
72 3996.0 3915.0
73 4185.0 3645.0
74 4698.0 3915.0
75 5184.0 3915.0
76 5481.0 2565.0
77 6480.0 2835.0
78 6372.0 3375.0
79 5994.0 3645.0
80 5292.0 2835.0
81 6102.0 2835.0
82 6210.0 3105.0
83 6048.0 3915.0
84 5859.0 4185.0
85 6183.0 4995.0
86 6345.0 3645.0
87 6750.0 3645.0
88 3699.0 5535.0
89 6561.0 6885.0
90 6858.0 4995.0
91 7452.0 4995.0
92 8208.0 4995.0
93 7830.0 4995.0
94 8532.0 4995.0
95 9126.0 4995.0
96 10125.0 4725.0
97 6399.0 4725.0
98 3051.0 4455.0
99 9774.0 4725.0
100 7155.0 4725.0
101 7560.0 4455.0
102 6858.0 4725.0
103 5535.0 5265.0
104 8910.0 4455.0
105 8073.0 4455.0
106 8343.0 4455.0
107 3267.0 3645.0
108 3051.0 4995.0
109 2997.0 5805.0
110 3213.0 6615.0
111 4455.0 7155.0
112 5859.0 7155.0
113 8397.0 7155.0
114 8883.0 6345.0
115 8397.0 5805.0
116 7101.0 3645.0
117 8397.0 2565.0
118 4833.0 2025.0
119 6129.0 2025.0
120 8613.0 3105.0
121 5319.0 4725.0
122 6912.0 4455.0
123 6966.0 5265.0
124 8532.0 4185.0
125 5238.0 3645.0
126 5589.0 3915.0
127 5670.0 3645.0
128 6588.0 4455.0
129 6480.0 4185.0
130 6588.0 5535.0
131 9882.0 3375.0
132 8964.0 3375.0
133 8694.0 3645.0
134 7209.0 4455.0
135 5724.0 5535.0
136 5130.0 5265.0
137 1647.0 7155.0
138 4806.0 5265.0
139 7317.0 5535.0
140 3888.0 4185.0
141 4239.0 4185.0
142 4347.0 4455.0
143 4482.0 4725.0
144 4914.0 4725.0
145 9882.0 3105.0
146 8316.0 3375.0
147 4347.0 3915.0
148 9693.0 5805.0
149 9153.0 5805.0
150 6048.0 6075.0
151 6372.0 5805.0
152 6426.0 6075.0
153 4806.0 5805.0
154 4482.0 6075.0
155 4320.0 5265.0
156 4374.0 5535.0
157 4779.0 5535.0
158 4023.0 4725.0
159 3888.0 3375.0
160 4077.0 2835.0
161 3726.0 3105.0
162 3699.0 2835.0
163 3456.0 2565.0
164 3780.0 2565.0
165 8262.0 3105.0
166 6696.0 1755.0
167 7020.0 2295.0
168 6696.0 2565.0
169 5832.0 2565.0
170 5859.0 2295.0
171 6642.0 2295.0
172 5373.0 3105.0
173 5130.0 2565.0
174 4482.0 2835.0
175 4293.0 2565.0
176 2889.0 6885.0
177 4536.0 3645.0
178 4914.0 3375.0
179 4752.0 1755.0
180 4590.0 2295.0
181 7398.0 1755.0
182 8154.0 2565.0
183 7884.0 2295.0
184 5724.0 2835.0
185 6993.0 2835.0
186 7452.0 2295.0
187 4887.0 2835.0
188 4455.0 3105.0
189 4536.0 3375.0
190 4806.0 2565.0
191 4212.0 3375.0
192 4914.0 3105.0
193 5373.0 3375.0
194 5859.0 3375.0
195 6750.0 3375.0
196 7074.0 4185.0
197 7020.0 3105.0
198 6642.0 3105.0
199 7668.0 5265.0
200 8532.0 5265.0
201 2160.0 6885.0
202 8154.0 5805.0
203 8100.0 5265.0
204 7425.0 5805.0
205 7776.0 6075.0
206 8640.0 6345.0
207 8748.0 6885.0
208 8208.0 6345.0
209 6831.0 6075.0
210 6831.0 6345.0
211 7614.0 6615.0
212 8424.0 6885.0
213 8100.0 6885.0
214 7668.0 6885.0
215 5643.0 6345.0
216 5535.0 6615.0
217 5562.0 6885.0
218 5076.0 6615.0
219 5886.0 6885.0
220 5130.0 6885.0
221 4401.0 6345.0
222 4590.0 6615.0
223 4374.0 6885.0
224 3672.0 6615.0
225 4104.0 6615.0
226 4023.0 6075.0
227 4806.0 6075.0
228 2376.0 6345.0
229 3240.0 6345.0
230 2808.0 6345.0
231 4428.0 5805.0
232 4104.0 5805.0
233 3375.0 5805.0
234 2754.0 5265.0
235 2376.0 6075.0
236 2700.0 6075.0
237 2592.0 5535.0
238 2808.0 4995.0
239 2484.0 4995.0
240 3969.0 5265.0
241 4239.0 4995.0
242 3645.0 4995.0
243 3348.0 4455.0
244 2646.0 4455.0
245 3078.0 3915.0
246 2430.0 3375.0
247 3942.0 3645.0
248 3375.0 3375.0
249 2754.0 3375.0
250 2646.0 3915.0
251 5130.0 5535.0
252 9990.0 3915.0
253 9882.0 4185.0
254 8856.0 4185.0
255 9180.0 4185.0
256 5616.0 4725.0
257 6048.0 5805.0
258 6048.0 4725.0
259 5886.0 4995.0
260 8856.0 3105.0
261 9882.0 2565.0
262 9180.0 2565.0
263 9180.0 3105.0
264 5994.0 1755.0
265 6588.0 1215.0
266 6210.0 1215.0
267 6318.0 1755.0
268 5184.0 2025.0
269 5724.0 1215.0
270 5616.0 1755.0
271 5238.0 1755.0
272 8694.0 2295.0
273 8640.0 1485.0
274 8586.0 1755.0
275 9018.0 2025.0
276 7344.0 3645.0
277 9504.0 4185.0
278 7884.0 4185.0
279 7668.0 3645.0
280 9612.0 4995.0
281 9936.0 5265.0
282 8964.0 5535.0
283 9612.0 5265.0
284 9126.0 6885.0
285 9180.0 6075.0
286 9180.0 6345.0
287 9450.0 6885.0
288 6912.0 6885.0
289 6858.0 7695.0
290 6912.0 7155.0
291 7236.0 6885.0
292 6264.0 7155.0
293 5724.0 7425.0
294 6102.0 7425.0
295 6318.0 7695.0
296 4212.0 7155.0
297 3888.0 7425.0
298 3834.0 7155.0
299 4266.0 7425.0
300 2592.0 6885.0
301 2970.0 7695.0
302 2970.0 7425.0
303 2592.0 7425.0
304 1998.0 6075.0
305 1350.0 6075.0
306 1620.0 5805.0
307 1674.0 6075.0
308 1998.0 4455.0
309 1296.0 4725.0
310 1674.0 4725.0
311 1458.0 4455.0
312 2376.0 4185.0
313 1296.0 4185.0
314 1674.0 4185.0
315 1782.0 3645.0
316 3240.0 2835.0
317 9072.0 5265.0
318 6615.0 3915.0
319 6237.0 2565.0
320 5049.0 2295.0
321 5805.0 2025.0
322 5805.0 3105.0
323 5049.0 4455.0
324 3483.0 3915.0
325 3267.0 4725.0
326 3267.0 5535.0
327 3483.0 6075.0
328 4941.0 6345.0
329 6129.0 6615.0
330 6669.0 6615.0
331 7479.0 6345.0
332 8721.0 5805.0
333 9585.0 3915.0
334 9666.0 4455.0
335 8910.0 4725.0
336 7830.0 4725.0
337 8802.0 3915.0
338 5022.0 4995.0
339 8316.0 2835.0
340 6750.0 2025.0
341 4212.0 2025.0
342 7452.0 2565.0
343 7452.0 3375.0
344 8208.0 5535.0
345 8424.0 6615.0
346 7776.0 7155.0
347 5238.0 7155.0
348 3672.0 6885.0
349 2592.0 6615.0
350 2376.0 5805.0
351 2484.0 4725.0
352 2646.0 3645.0
353 9504.0 3645.0
354 6210.0 5265.0
355 9396.0 2835.0
356 6426.0 1485.0
357 5346.0 1485.0
358 8316.0 2025.0
359 7722.0 3915.0
360 9666.0 5535.0
361 9612.0 6615.0
362 7290.0 7425.0
363 5562.0 7695.0
364 5022.0 7425.0
365 3024.0 7155.0
366 1674.0 5535.0
367 1674.0 4995.0
368 1782.0 3915.0
