Instance ID x_center y_center
0 12510.0 140.0
1 27070.0 140.0
2 44990.0 56460.0
3 51710.0 56460.0
4 140.0 31500.0
5 140.0 29260.0
6 140.0 30380.0
7 140.0 33740.0
8 140.0 12460.0
9 30430.0 140.0
10 48350.0 140.0
11 60670.0 140.0
12 36030.0 140.0
13 79710.0 140.0
14 109050.0 12460.0
15 109050.0 20300.0
16 109050.0 25900.0
17 109050.0 32620.0
18 52830.0 140.0
19 140.0 32620.0
20 47230.0 56460.0
21 27070.0 56460.0
22 140.0 44940.0
23 57310.0 140.0
24 140.0 50540.0
25 32670.0 56460.0
26 72990.0 140.0
27 85310.0 140.0
28 109050.0 7980.0
29 109050.0 16940.0
30 109050.0 31500.0
31 109050.0 30380.0
32 59550.0 56460.0
33 140.0 16940.0
34 140.0 18060.0
35 140.0 21420.0
36 38270.0 140.0
37 69630.0 56460.0
38 58430.0 56460.0
39 65150.0 56460.0
40 57310.0 56460.0
41 52830.0 56460.0
42 40510.0 56460.0
43 40510.0 140.0
44 53950.0 140.0
45 65150.0 140.0
46 109050.0 15820.0
47 109050.0 19180.0
48 109050.0 21420.0
49 109050.0 27020.0
50 109050.0 28140.0
51 49470.0 140.0
52 140.0 19180.0
53 140.0 20300.0
54 50540.0 37800.0
55 46740.0 29400.0
56 52250.0 26600.0
57 91010.0 35000.0
58 50730.0 29400.0
59 38760.0 35000.0
60 27170.0 37800.0
61 29260.0 32200.0
62 28310.0 40600.0
63 27930.0 32200.0
64 70870.0 7000.0
65 53390.0 7000.0
66 39710.0 12600.0
67 32110.0 9800.0
68 46930.0 12600.0
69 97470.0 37800.0
70 93290.0 21000.0
71 96330.0 9800.0
72 80940.0 7000.0
73 91390.0 18200.0
74 46930.0 21000.0
75 25650.0 23800.0
76 27740.0 21000.0
77 16340.0 18200.0
78 26790.0 18200.0
79 31350.0 21000.0
80 98610.0 12600.0
81 17670.0 18200.0
82 18430.0 21000.0
83 26220.0 21000.0
84 15390.0 23800.0
85 6460.0 21000.0
86 29070.0 18200.0
87 23370.0 4200.0
88 13680.0 18200.0
89 14820.0 18200.0
90 15390.0 21000.0
91 19760.0 21000.0
92 16720.0 21000.0
93 38000.0 9800.0
94 33060.0 4200.0
95 43890.0 12600.0
96 38570.0 12600.0
97 42750.0 12600.0
98 45220.0 12600.0
99 68590.0 9800.0
100 71820.0 7000.0
101 69730.0 7000.0
102 70110.0 9800.0
103 52630.0 9800.0
104 53200.0 4200.0
105 54530.0 7000.0
106 56050.0 12600.0
107 67070.0 12600.0
108 71250.0 15400.0
109 71630.0 9800.0
110 71820.0 12600.0
111 73340.0 12600.0
112 72770.0 15400.0
113 96520.0 32200.0
114 95950.0 35000.0
115 92150.0 29400.0
116 84930.0 29400.0
117 90250.0 21000.0
118 94240.0 21000.0
119 93670.0 23800.0
120 84550.0 23800.0
121 80750.0 26600.0
122 92530.0 15400.0
123 96140.0 12600.0
124 94810.0 12600.0
125 85310.0 15400.0
126 82270.0 12600.0
127 82460.0 9800.0
128 80370.0 9800.0
129 80370.0 12600.0
130 77330.0 15400.0
131 76570.0 29400.0
132 78470.0 29400.0
133 86450.0 29400.0
134 86830.0 35000.0
135 77520.0 37800.0
136 86640.0 15400.0
137 81510.0 9800.0
138 83030.0 15400.0
139 80940.0 35000.0
140 80370.0 37800.0
141 80370.0 32200.0
142 17100.0 40600.0
143 34010.0 37800.0
144 36860.0 40600.0
145 33630.0 40600.0
146 36670.0 43400.0
147 60990.0 43400.0
148 25460.0 40600.0
149 29830.0 40600.0
150 26790.0 40600.0
151 49970.0 40600.0
152 59470.0 43400.0
153 20710.0 40600.0
154 19380.0 40600.0
155 22230.0 40600.0
156 23750.0 40600.0
157 49590.0 43400.0
158 38760.0 40600.0
159 46170.0 43400.0
160 60610.0 40600.0
161 53390.0 37800.0
162 51300.0 37800.0
163 52250.0 37800.0
164 58330.0 37800.0
165 48830.0 29400.0
166 47120.0 32200.0
167 48070.0 32200.0
168 59090.0 32200.0
169 66310.0 40600.0
170 70680.0 37800.0
171 55670.0 26600.0
172 57760.0 26600.0
173 59470.0 26600.0
174 62890.0 29400.0
175 64410.0 29400.0
176 91390.0 32200.0
177 92340.0 35000.0
178 89490.0 35000.0
179 85690.0 32200.0
180 83030.0 32200.0
181 73910.0 35000.0
182 72010.0 37800.0
183 68590.0 35000.0
184 69730.0 32200.0
185 66690.0 29400.0
186 65550.0 29400.0
187 68020.0 37800.0
188 66690.0 37800.0
189 55480.0 37800.0
190 55480.0 32200.0
191 56620.0 37800.0
192 64410.0 37800.0
193 62510.0 40600.0
194 35340.0 40600.0
195 44650.0 40600.0
196 39330.0 37800.0
197 41420.0 46200.0
198 40660.0 40600.0
199 42370.0 40600.0
200 43510.0 40600.0
201 44270.0 23800.0
202 43890.0 21000.0
203 28690.0 21000.0
204 39140.0 21000.0
205 39900.0 9800.0
206 34960.0 23800.0
207 34580.0 12600.0
208 27930.0 18200.0
209 36860.0 21000.0
210 33250.0 12600.0
211 32490.0 21000.0
212 39330.0 15400.0
213 24700.0 12600.0
214 20520.0 12600.0
215 21850.0 12600.0
216 35150.0 26600.0
217 28690.0 26600.0
218 40660.0 32200.0
219 75810.0 15400.0
220 76190.0 18200.0
221 75240.0 18200.0
222 74480.0 15400.0
223 73910.0 18200.0
224 75620.0 35000.0
225 73340.0 43400.0
226 74290.0 43400.0
227 73720.0 37800.0
228 71060.0 43400.0
229 70110.0 43400.0
230 67640.0 43400.0
231 40850.0 23800.0
232 49210.0 37800.0
233 40470.0 35000.0
234 39330.0 32200.0
235 15960.0 32200.0
236 13680.0 32200.0
237 12350.0 32200.0
238 48260.0 43400.0
239 58520.0 15400.0
240 41040.0 15400.0
241 45600.0 15400.0
242 57380.0 15400.0
243 52250.0 12600.0
244 53580.0 12600.0
245 61180.0 15400.0
246 59850.0 15400.0
247 69350.0 12600.0
248 64600.0 18200.0
249 76570.0 21000.0
250 70300.0 21000.0
251 67070.0 21000.0
252 68970.0 21000.0
253 84930.0 21000.0
254 82270.0 23800.0
255 68400.0 23800.0
256 74860.0 12600.0
257 77330.0 12600.0
258 70300.0 18200.0
259 70110.0 23800.0
260 70870.0 26600.0
261 63840.0 32200.0
262 65170.0 32200.0
263 64980.0 35000.0
264 74670.0 26600.0
265 74670.0 29400.0
266 66500.0 32200.0
267 65930.0 35000.0
268 65930.0 46200.0
269 64790.0 49000.0
270 55860.0 29400.0
271 56620.0 32200.0
272 87590.0 29400.0
273 87210.0 32200.0
274 60800.0 35000.0
275 60800.0 49000.0
276 63650.0 51800.0
277 62510.0 51800.0
278 60040.0 49000.0
279 61180.0 51800.0
280 59850.0 51800.0
281 49970.0 46200.0
282 48450.0 46200.0
283 46930.0 46200.0
284 49020.0 49000.0
285 47500.0 51800.0
286 47690.0 49000.0
287 30020.0 43400.0
288 76760.0 35000.0
289 76380.0 37800.0
290 75050.0 37800.0
291 68400.0 40600.0
292 73530.0 40600.0
293 75050.0 32200.0
294 71820.0 29400.0
295 72390.0 32200.0
296 73150.0 49000.0
297 70110.0 49000.0
298 69540.0 46200.0
299 71820.0 49000.0
300 68970.0 49000.0
301 44270.0 46200.0
302 29830.0 49000.0
303 28690.0 51800.0
304 26980.0 49000.0
305 26980.0 51800.0
306 25650.0 51800.0
307 32300.0 40600.0
308 68210.0 46200.0
309 62700.0 35000.0
310 62510.0 32200.0
311 66690.0 23800.0
312 64600.0 26600.0
313 69350.0 18200.0
314 71250.0 18200.0
315 65930.0 26600.0
316 67640.0 26600.0
317 62890.0 26600.0
318 52060.0 40600.0
319 53200.0 40600.0
320 54340.0 40600.0
321 59660.0 35000.0
322 60040.0 37800.0
323 62130.0 37800.0
324 63080.0 37800.0
325 64030.0 40600.0
326 62890.0 43400.0
327 64980.0 43400.0
328 63270.0 46200.0
329 43130.0 46200.0
330 32110.0 43400.0
331 29830.0 46200.0
332 15960.0 40600.0
333 17480.0 43400.0
334 18430.0 46200.0
335 28500.0 43400.0
336 70300.0 40600.0
337 75430.0 40600.0
338 75430.0 43400.0
339 53200.0 43400.0
340 72200.0 40600.0
341 72010.0 43400.0
342 59090.0 40600.0
343 47880.0 40600.0
344 57950.0 40600.0
345 57950.0 43400.0
346 52820.0 46200.0
347 52440.0 43400.0
348 51300.0 43400.0
349 51490.0 46200.0
350 45790.0 46200.0
351 28690.0 46200.0
352 28690.0 49000.0
353 16720.0 46200.0
354 14060.0 46200.0
355 14250.0 51800.0
356 38760.0 43400.0
357 54910.0 43400.0
358 59660.0 46200.0
359 61940.0 49000.0
360 63270.0 49000.0
361 60990.0 46200.0
362 41040.0 43400.0
363 56240.0 43400.0
364 56430.0 46200.0
365 53960.0 46200.0
366 45410.0 49000.0
367 42370.0 49000.0
368 43700.0 49000.0
369 40850.0 49000.0
370 40090.0 46200.0
371 38570.0 46200.0
372 35530.0 46200.0
373 31540.0 49000.0
374 33060.0 51800.0
375 34390.0 46200.0
376 44080.0 15400.0
377 42560.0 15400.0
378 41800.0 9800.0
379 41040.0 12600.0
380 33250.0 9800.0
381 33440.0 7000.0
382 31160.0 7000.0
383 29830.0 7000.0
384 52440.0 15400.0
385 50920.0 12600.0
386 48640.0 12600.0
387 45410.0 9800.0
388 46360.0 4200.0
389 44840.0 4200.0
390 45030.0 7000.0
391 66120.0 9800.0
392 62700.0 9800.0
393 62320.0 12600.0
394 58330.0 12600.0
395 59280.0 9800.0
396 60800.0 9800.0
397 57950.0 9800.0
398 80180.0 15400.0
399 90820.0 15400.0
400 89300.0 15400.0
401 88350.0 12600.0
402 85500.0 12600.0
403 83980.0 12600.0
404 87210.0 12600.0
405 78850.0 21000.0
406 77140.0 18200.0
407 78280.0 18200.0
408 79610.0 18200.0
409 95760.0 15400.0
410 97280.0 15400.0
411 97470.0 12600.0
412 101080.0 12600.0
413 102600.0 12600.0
414 99750.0 12600.0
415 83220.0 21000.0
416 96140.0 21000.0
417 97660.0 21000.0
418 97850.0 18200.0
419 102220.0 18200.0
420 104500.0 18200.0
421 100890.0 18200.0
422 75810.0 26600.0
423 73340.0 26600.0
424 76950.0 26600.0
425 96140.0 26600.0
426 96520.0 23800.0
427 97850.0 23800.0
428 101840.0 23800.0
429 103360.0 23800.0
430 100510.0 23800.0
431 82270.0 29400.0
432 80560.0 29400.0
433 83410.0 29400.0
434 93860.0 26600.0
435 92340.0 26600.0
436 97850.0 26600.0
437 102980.0 32200.0
438 104500.0 32200.0
439 100890.0 32200.0
440 48260.0 26600.0
441 56050.0 15400.0
442 61370.0 18200.0
443 61560.0 21000.0
444 63080.0 23800.0
445 63650.0 15400.0
446 63650.0 18200.0
447 64410.0 21000.0
448 63080.0 21000.0
449 61560.0 23800.0
450 50350.0 23800.0
451 49210.0 23800.0
452 49590.0 21000.0
453 55100.0 18200.0
454 53580.0 18200.0
455 52250.0 18200.0
456 30970.0 26600.0
457 86830.0 43400.0
458 26030.0 7000.0
459 28310.0 7000.0
460 33250.0 29400.0
461 27170.0 9800.0
462 46170.0 32200.0
463 44840.0 32200.0
464 44650.0 26600.0
465 45030.0 29400.0
466 52630.0 32200.0
467 51300.0 32200.0
468 49590.0 32200.0
469 49970.0 35000.0
470 18430.0 32200.0
471 26030.0 15400.0
472 26220.0 32200.0
473 26790.0 35000.0
474 24130.0 35000.0
475 81510.0 40600.0
476 18810.0 29400.0
477 20140.0 29400.0
478 21850.0 29400.0
479 24130.0 32200.0
480 17290.0 32200.0
481 18620.0 35000.0
482 20710.0 32200.0
483 20710.0 35000.0
484 29830.0 35000.0
485 31350.0 32200.0
486 33630.0 32200.0
487 35910.0 7000.0
488 35530.0 9800.0
489 36670.0 12600.0
490 56810.0 4200.0
491 54720.0 4200.0
492 51490.0 4200.0
493 48830.0 4200.0
494 73910.0 4200.0
495 72580.0 4200.0
496 70870.0 4200.0
497 65170.0 7000.0
498 84170.0 4200.0
499 83980.0 9800.0
500 82650.0 4200.0
501 82650.0 7000.0
502 98230.0 7000.0
503 97660.0 9800.0
504 94810.0 9800.0
505 92530.0 9800.0
506 96710.0 18200.0
507 95000.0 18200.0
508 89490.0 18200.0
509 87970.0 21000.0
510 98610.0 32200.0
511 97660.0 35000.0
512 95950.0 37800.0
513 93670.0 37800.0
514 97470.0 32200.0
515 93860.0 35000.0
516 84550.0 35000.0
517 85690.0 37800.0
518 59850.0 29400.0
519 58520.0 29400.0
520 52250.0 29400.0
521 54150.0 29400.0
522 21850.0 18200.0
523 11590.0 21000.0
524 20710.0 23800.0
525 22610.0 9800.0
526 13490.0 29400.0
527 53010.0 49000.0
528 22610.0 49000.0
529 13490.0 43400.0
530 15010.0 49000.0
531 35530.0 49000.0
532 29070.0 4200.0
533 41230.0 7000.0
534 60230.0 7000.0
535 87970.0 9800.0
536 101650.0 15400.0
537 102410.0 21000.0
538 102030.0 26600.0
539 102030.0 35000.0
540 54150.0 21000.0
541 28690.0 12600.0
542 38950.0 29400.0
543 45410.0 37800.0
544 24510.0 43400.0
545 26030.0 29400.0
546 22230.0 37800.0
547 35150.0 35000.0
548 35530.0 15400.0
549 49590.0 7000.0
550 66690.0 4200.0
551 77330.0 7000.0
552 93670.0 7000.0
553 89490.0 23800.0
554 95190.0 40600.0
555 87590.0 40600.0
556 55670.0 23800.0
