Instance ID x_center y_center
0 6910.0 140.0
1 140.0 20300.0
2 140.0 34860.0
3 39390.0 57610.0
4 29310.0 57610.0
5 52830.0 57610.0
6 42750.0 57610.0
7 64030.0 57610.0
8 140.0 22540.0
9 140.0 15820.0
10 140.0 13580.0
11 32670.0 140.0
12 140.0 12460.0
13 44990.0 140.0
14 64030.0 140.0
15 93450.0 13580.0
16 93450.0 20300.0
17 93450.0 24780.0
18 36030.0 140.0
19 140.0 35980.0
20 140.0 40460.0
21 140.0 46060.0
22 140.0 44940.0
23 28190.0 140.0
24 28190.0 57610.0
25 31550.0 57610.0
26 37150.0 140.0
27 50590.0 140.0
28 65150.0 140.0
29 93450.0 10220.0
30 93450.0 16940.0
31 93450.0 31500.0
32 140.0 30380.0
33 140.0 24780.0
34 140.0 25900.0
35 140.0 29260.0
36 140.0 21420.0
37 50590.0 57610.0
38 59550.0 57610.0
39 85310.0 57610.0
40 56190.0 57610.0
41 75230.0 57610.0
42 67390.0 57610.0
43 140.0 18060.0
44 27070.0 140.0
45 38270.0 140.0
46 49470.0 140.0
47 57310.0 140.0
48 93450.0 18060.0
49 93450.0 21420.0
50 93450.0 25900.0
51 49470.0 57610.0
52 140.0 28140.0
53 140.0 27020.0
54 38380.0 35000.0
55 26600.0 35000.0
56 41230.0 32200.0
57 79610.0 29400.0
58 37430.0 29400.0
59 64220.0 46200.0
60 46930.0 46200.0
61 44080.0 46200.0
62 29830.0 40600.0
63 45410.0 46200.0
64 37430.0 12600.0
65 28310.0 9800.0
66 21850.0 12600.0
67 22990.0 23800.0
68 31730.0 15400.0
69 80370.0 18200.0
70 78470.0 12600.0
71 64790.0 15400.0
72 56240.0 12600.0
73 66310.0 15400.0
74 36670.0 26600.0
75 20710.0 29400.0
76 22040.0 26600.0
77 6840.0 29400.0
78 14630.0 23800.0
79 19570.0 26600.0
80 12730.0 35000.0
81 11210.0 26600.0
82 11970.0 29400.0
83 15960.0 23800.0
84 9690.0 26600.0
85 4180.0 29400.0
86 17290.0 23800.0
87 22610.0 49000.0
88 6080.0 26600.0
89 7220.0 26600.0
90 9690.0 29400.0
91 10640.0 29400.0
92 8360.0 29400.0
93 21280.0 18200.0
94 11020.0 15400.0
95 26790.0 15400.0
96 26410.0 18200.0
97 27930.0 15400.0
98 29260.0 18200.0
99 40470.0 9800.0
100 36480.0 7000.0
101 37810.0 9800.0
102 41230.0 12600.0
103 30590.0 12600.0
104 25840.0 9800.0
105 26790.0 9800.0
106 29070.0 12600.0
107 43130.0 15400.0
108 47690.0 18200.0
109 38950.0 9800.0
110 39140.0 12600.0
111 48640.0 18200.0
112 48070.0 21000.0
113 86640.0 21000.0
114 84930.0 21000.0
115 78090.0 18200.0
116 73530.0 21000.0
117 77710.0 15400.0
118 81320.0 12600.0
119 79990.0 12600.0
120 71250.0 15400.0
121 62890.0 21000.0
122 66310.0 12600.0
123 66880.0 9800.0
124 63650.0 12600.0
125 62510.0 15400.0
126 48070.0 9800.0
127 47120.0 7000.0
128 53770.0 12600.0
129 49590.0 12600.0
130 52250.0 15400.0
131 55670.0 21000.0
132 55670.0 23800.0
133 75430.0 18200.0
134 75430.0 21000.0
135 59280.0 23800.0
136 60800.0 15400.0
137 54910.0 12600.0
138 59090.0 15400.0
139 60800.0 21000.0
140 62130.0 23800.0
141 62890.0 26600.0
142 20900.0 46200.0
143 46550.0 43400.0
144 50920.0 43400.0
145 48070.0 43400.0
146 52250.0 43400.0
147 61750.0 40600.0
148 29260.0 43400.0
149 30590.0 43400.0
150 34770.0 43400.0
151 51870.0 40600.0
152 57950.0 37800.0
153 54910.0 46200.0
154 50160.0 46200.0
155 51870.0 46200.0
156 56810.0 46200.0
157 61370.0 43400.0
158 61560.0 46200.0
159 62510.0 43400.0
160 56810.0 40600.0
161 38570.0 37800.0
162 39520.0 37800.0
163 41990.0 37800.0
164 44270.0 37800.0
165 23750.0 35000.0
166 20900.0 35000.0
167 25270.0 35000.0
168 43130.0 35000.0
169 49970.0 37800.0
170 58900.0 35000.0
171 44650.0 29400.0
172 38760.0 29400.0
173 41990.0 29400.0
174 47690.0 29400.0
175 51490.0 29400.0
176 80750.0 26600.0
177 82080.0 26600.0
178 77710.0 29400.0
179 73910.0 29400.0
180 72010.0 29400.0
181 60990.0 29400.0
182 59090.0 29400.0
183 53770.0 29400.0
184 52630.0 26600.0
185 50350.0 29400.0
186 49210.0 29400.0
187 53580.0 32200.0
188 53770.0 35000.0
189 47120.0 37800.0
190 44460.0 35000.0
191 45980.0 37800.0
192 55290.0 35000.0
193 57190.0 32200.0
194 49780.0 43400.0
195 57950.0 43400.0
196 59850.0 46200.0
197 70300.0 46200.0
198 58520.0 46200.0
199 59090.0 43400.0
200 57570.0 35000.0
201 32870.0 35000.0
202 34390.0 23800.0
203 20330.0 23800.0
204 25460.0 26600.0
205 25840.0 21000.0
206 29260.0 23800.0
207 24320.0 21000.0
208 21090.0 26600.0
209 25080.0 23800.0
210 22990.0 18200.0
211 21850.0 23800.0
212 27550.0 18200.0
213 8740.0 18200.0
214 3800.0 18200.0
215 5510.0 18200.0
216 28690.0 29400.0
217 28690.0 32200.0
218 26600.0 37800.0
219 50730.0 15400.0
220 53770.0 15400.0
221 54720.0 15400.0
222 49780.0 18200.0
223 54530.0 18200.0
224 62700.0 29400.0
225 63840.0 32200.0
226 63650.0 35000.0
227 60420.0 32200.0
228 61940.0 32200.0
229 62130.0 35000.0
230 50540.0 35000.0
231 28310.0 26600.0
232 29830.0 37800.0
233 25270.0 37800.0
234 16910.0 37800.0
235 11400.0 35000.0
236 7600.0 37800.0
237 6270.0 37800.0
238 38380.0 40600.0
239 38760.0 15400.0
240 22420.0 15400.0
241 33440.0 18200.0
242 38000.0 18200.0
243 31730.0 12600.0
244 33440.0 15400.0
245 42180.0 18200.0
246 40850.0 18200.0
247 45790.0 15400.0
248 45600.0 21000.0
249 64790.0 18200.0
250 64980.0 21000.0
251 51870.0 21000.0
252 49970.0 21000.0
253 67830.0 15400.0
254 68970.0 15400.0
255 68780.0 21000.0
256 42560.0 12600.0
257 51870.0 12600.0
258 60800.0 18200.0
259 66690.0 21000.0
260 72770.0 23800.0
261 49780.0 32200.0
262 51490.0 32200.0
263 72580.0 32200.0
264 68970.0 23800.0
265 68590.0 26600.0
266 70680.0 29400.0
267 71630.0 32200.0
268 73910.0 35000.0
269 76190.0 37800.0
270 44840.0 32200.0
271 45600.0 35000.0
272 73910.0 26600.0
273 75430.0 29400.0
274 72200.0 35000.0
275 74860.0 37800.0
276 75430.0 40600.0
277 74290.0 43400.0
278 77520.0 37800.0
279 77140.0 40600.0
280 75430.0 43400.0
281 42750.0 40600.0
282 37050.0 40600.0
283 17290.0 40600.0
284 9120.0 37800.0
285 9120.0 40600.0
286 11970.0 40600.0
287 28500.0 40600.0
288 57000.0 21000.0
289 57380.0 23800.0
290 56430.0 29400.0
291 55100.0 32200.0
292 56050.0 32200.0
293 56050.0 26600.0
294 54340.0 23800.0
295 54910.0 26600.0
296 56430.0 35000.0
297 54150.0 37800.0
298 60420.0 37800.0
299 55480.0 37800.0
300 54150.0 40600.0
301 32110.0 43400.0
302 28310.0 43400.0
303 24510.0 46200.0
304 9880.0 43400.0
305 6840.0 46200.0
306 8170.0 46200.0
307 40280.0 43400.0
308 66310.0 37800.0
309 70300.0 35000.0
310 70110.0 32200.0
311 65550.0 23800.0
312 66120.0 29400.0
313 46170.0 18200.0
314 58330.0 18200.0
315 64030.0 29400.0
316 69540.0 29400.0
317 67450.0 32200.0
318 48640.0 40600.0
319 47120.0 40600.0
320 67640.0 40600.0
321 71060.0 35000.0
322 69160.0 35000.0
323 67830.0 35000.0
324 67640.0 37800.0
325 64790.0 37800.0
326 64790.0 40600.0
327 63460.0 37800.0
328 63270.0 40600.0
329 41610.0 43400.0
330 38950.0 43400.0
331 26790.0 46200.0
332 19760.0 46200.0
333 17100.0 46200.0
334 18430.0 46200.0
335 40660.0 46200.0
336 59280.0 37800.0
337 62890.0 32200.0
338 65170.0 35000.0
339 66120.0 40600.0
340 59660.0 35000.0
341 60610.0 35000.0
342 56810.0 37800.0
343 58140.0 40600.0
344 59470.0 40600.0
345 60610.0 40600.0
346 66500.0 43400.0
347 63460.0 43400.0
348 64980.0 43400.0
349 66690.0 46200.0
350 43130.0 46200.0
351 39330.0 46200.0
352 30970.0 46200.0
353 31920.0 49000.0
354 28500.0 51800.0
355 30210.0 49000.0
356 36860.0 46200.0
357 67830.0 43400.0
358 70300.0 37800.0
359 73720.0 37800.0
360 74290.0 40600.0
361 72390.0 37800.0
362 56620.0 43400.0
363 69540.0 40600.0
364 72010.0 40600.0
365 72960.0 40600.0
366 71630.0 43400.0
367 71250.0 46200.0
368 72960.0 43400.0
369 72770.0 46200.0
370 41990.0 46200.0
371 35530.0 46200.0
372 34390.0 46200.0
373 34960.0 49000.0
374 31160.0 51800.0
375 33250.0 49000.0
376 31920.0 18200.0
377 30400.0 18200.0
378 24700.0 18200.0
379 24320.0 15400.0
380 14250.0 15400.0
381 8360.0 12600.0
382 3420.0 12600.0
383 3230.0 15400.0
384 29640.0 15400.0
385 26220.0 12600.0
386 24320.0 12600.0
387 15010.0 12600.0
388 10640.0 12600.0
389 5700.0 12600.0
390 7030.0 12600.0
391 40280.0 15400.0
392 37620.0 15400.0
393 34960.0 15400.0
394 34390.0 12600.0
395 35340.0 7000.0
396 35720.0 4200.0
397 34390.0 4200.0
398 49020.0 15400.0
399 47880.0 12600.0
400 46360.0 12600.0
401 45030.0 12600.0
402 46740.0 9800.0
403 45600.0 7000.0
404 44270.0 7000.0
405 59850.0 18200.0
406 57000.0 18200.0
407 58140.0 21000.0
408 59470.0 21000.0
409 60420.0 12600.0
410 61940.0 12600.0
411 59090.0 12600.0
412 65740.0 7000.0
413 65740.0 4200.0
414 59850.0 7000.0
415 68020.0 18200.0
416 74480.0 15400.0
417 76000.0 15400.0
418 79230.0 15400.0
419 87400.0 15400.0
420 87400.0 9800.0
421 85690.0 9800.0
422 75050.0 23800.0
423 70300.0 23800.0
424 76190.0 23800.0
425 77900.0 23800.0
426 77520.0 21000.0
427 78850.0 21000.0
428 88160.0 18200.0
429 88540.0 21000.0
430 83410.0 21000.0
431 72010.0 26600.0
432 65360.0 26600.0
433 70870.0 26600.0
434 77900.0 26600.0
435 76380.0 26600.0
436 79230.0 26600.0
437 87020.0 26600.0
438 88540.0 26600.0
439 84930.0 26600.0
440 40280.0 29400.0
441 39330.0 18200.0
442 44650.0 21000.0
443 45600.0 23800.0
444 55100.0 29400.0
445 44650.0 18200.0
446 46550.0 21000.0
447 46930.0 23800.0
448 48260.0 23800.0
449 47500.0 26600.0
450 41230.0 26600.0
451 39710.0 26600.0
452 38570.0 26600.0
453 38760.0 21000.0
454 37240.0 21000.0
455 37810.0 23800.0
456 26410.0 32200.0
457 82650.0 35000.0
458 14250.0 18200.0
459 16530.0 18200.0
460 29450.0 35000.0
461 18810.0 18200.0
462 13870.0 35000.0
463 15200.0 35000.0
464 16910.0 35000.0
465 19190.0 35000.0
466 40090.0 51800.0
467 40660.0 37800.0
468 39710.0 35000.0
469 36670.0 35000.0
470 29830.0 46200.0
471 76570.0 46200.0
472 28120.0 46200.0
473 25650.0 40600.0
474 26410.0 43400.0
475 77710.0 35000.0
476 50350.0 51800.0
477 48640.0 49000.0
478 46930.0 49000.0
479 44650.0 49000.0
480 48830.0 51800.0
481 50160.0 49000.0
482 52630.0 49000.0
483 54910.0 49000.0
484 64030.0 51800.0
485 66310.0 51800.0
486 65930.0 49000.0
487 12730.0 12600.0
488 16910.0 12600.0
489 19190.0 12600.0
490 26790.0 4200.0
491 27360.0 7000.0
492 24130.0 7000.0
493 24130.0 9800.0
494 37810.0 4200.0
495 37620.0 7000.0
496 30970.0 7000.0
497 33250.0 7000.0
498 49970.0 4200.0
499 48260.0 7000.0
500 48450.0 4200.0
501 50350.0 7000.0
502 67070.0 4200.0
503 67260.0 7000.0
504 64030.0 7000.0
505 65170.0 9800.0
506 88730.0 9800.0
507 82460.0 12600.0
508 82270.0 9800.0
509 76570.0 12600.0
510 89490.0 18200.0
511 82080.0 21000.0
512 80370.0 21000.0
513 82650.0 15400.0
514 90250.0 29400.0
515 82460.0 29400.0
516 80750.0 29400.0
517 81890.0 32200.0
518 22990.0 29400.0
519 31920.0 29400.0
520 32110.0 32200.0
521 34010.0 29400.0
522 9690.0 23800.0
523 7410.0 32200.0
524 16150.0 29400.0
525 7410.0 21000.0
526 7410.0 35000.0
527 13110.0 37800.0
528 11970.0 46200.0
529 16910.0 49000.0
530 26410.0 49000.0
531 35150.0 51800.0
532 7030.0 15400.0
533 8930.0 9800.0
534 30590.0 4200.0
535 43510.0 4200.0
536 61750.0 4200.0
537 86830.0 12600.0
538 85310.0 23800.0
539 86450.0 29400.0
540 41610.0 23800.0
541 19570.0 21000.0
542 20710.0 37800.0
543 34770.0 37800.0
544 21850.0 43400.0
545 45030.0 51800.0
546 57190.0 51800.0
547 61370.0 49000.0
548 18050.0 15400.0
549 19570.0 9800.0
550 34010.0 9800.0
551 51870.0 9800.0
552 60610.0 9800.0
553 77330.0 9800.0
554 84170.0 18200.0
555 76950.0 32200.0
556 37430.0 32200.0
