Instance ID x_center y_center
0 5790.0 140.0
1 140.0 23660.0
2 140.0 38220.0
3 36030.0 58490.0
4 27070.0 58490.0
5 31550.0 58490.0
6 47230.0 58490.0
7 57310.0 58490.0
8 140.0 22540.0
9 140.0 13580.0
10 140.0 12460.0
11 29310.0 140.0
12 140.0 14700.0
13 39390.0 140.0
14 52830.0 140.0
15 81900.0 13580.0
16 81900.0 22540.0
17 81900.0 27020.0
18 31550.0 140.0
19 140.0 39340.0
20 140.0 42700.0
21 140.0 46060.0
22 15870.0 58490.0
23 24830.0 140.0
24 28190.0 58490.0
25 21470.0 58490.0
26 33790.0 140.0
27 43870.0 140.0
28 58430.0 140.0
29 81900.0 10220.0
30 81900.0 19180.0
31 81900.0 31500.0
32 140.0 31500.0
33 140.0 25900.0
34 140.0 27020.0
35 140.0 30380.0
36 140.0 21420.0
37 43870.0 58490.0
38 51710.0 58490.0
39 75230.0 58490.0
40 49470.0 58490.0
41 67390.0 58490.0
42 59550.0 58490.0
43 27070.0 140.0
44 25950.0 140.0
45 34910.0 140.0
46 44990.0 140.0
47 51710.0 140.0
48 81900.0 18060.0
49 81900.0 23660.0
50 81900.0 28140.0
51 42750.0 58490.0
52 140.0 29260.0
53 140.0 28140.0
54 36860.0 40600.0
55 24700.0 35000.0
56 38570.0 32200.0
57 70490.0 37800.0
58 34390.0 37800.0
59 51680.0 49000.0
60 43130.0 49000.0
61 40280.0 49000.0
62 24130.0 49000.0
63 37430.0 49000.0
64 35910.0 9800.0
65 21090.0 9800.0
66 19190.0 12600.0
67 21090.0 21000.0
68 27550.0 18200.0
69 71630.0 15400.0
70 69730.0 9800.0
71 60230.0 9800.0
72 49780.0 9800.0
73 57570.0 15400.0
74 33630.0 29400.0
75 18430.0 32200.0
76 18240.0 29400.0
77 9500.0 29400.0
78 15770.0 26600.0
79 19190.0 29400.0
80 11970.0 35000.0
81 11970.0 26600.0
82 12350.0 29400.0
83 17100.0 26600.0
84 7030.0 29400.0
85 3420.0 29400.0
86 20710.0 29400.0
87 18050.0 46200.0
88 4560.0 26600.0
89 3420.0 26600.0
90 10830.0 29400.0
91 10640.0 35000.0
92 10640.0 32200.0
93 22800.0 21000.0
94 10640.0 15400.0
95 21470.0 12600.0
96 26030.0 21000.0
97 24510.0 18200.0
98 25840.0 18200.0
99 34770.0 9800.0
100 35340.0 7000.0
101 37050.0 9800.0
102 38190.0 12600.0
103 26030.0 9800.0
104 23180.0 9800.0
105 22230.0 9800.0
106 27550.0 12600.0
107 35910.0 15400.0
108 43510.0 18200.0
109 33630.0 9800.0
110 34200.0 12600.0
111 43700.0 15400.0
112 45030.0 18200.0
113 72580.0 21000.0
114 71250.0 21000.0
115 67450.0 23800.0
116 64790.0 21000.0
117 65550.0 15400.0
118 70680.0 12600.0
119 69350.0 12600.0
120 61370.0 18200.0
121 56430.0 23800.0
122 55290.0 9800.0
123 56240.0 7000.0
124 57190.0 9800.0
125 55670.0 15400.0
126 42370.0 9800.0
127 43320.0 9800.0
128 44270.0 9800.0
129 43130.0 12600.0
130 47690.0 15400.0
131 55670.0 26600.0
132 57570.0 26600.0
133 66310.0 21000.0
134 65550.0 23800.0
135 49400.0 26600.0
136 60420.0 12600.0
137 45410.0 9800.0
138 58710.0 12600.0
139 52820.0 23800.0
140 52250.0 26600.0
141 59090.0 29400.0
142 25080.0 49000.0
143 42750.0 46200.0
144 46740.0 46200.0
145 44270.0 46200.0
146 48450.0 46200.0
147 47690.0 43400.0
148 28120.0 43400.0
149 28690.0 46200.0
150 31730.0 43400.0
151 42370.0 43400.0
152 52630.0 43400.0
153 48830.0 49000.0
154 47120.0 49000.0
155 50350.0 49000.0
156 53770.0 49000.0
157 59470.0 43400.0
158 57760.0 49000.0
159 57950.0 46200.0
160 56430.0 43400.0
161 37050.0 37800.0
162 35720.0 37800.0
163 40090.0 40600.0
164 41990.0 40600.0
165 27930.0 37800.0
166 16340.0 37800.0
167 23750.0 37800.0
168 40470.0 37800.0
169 48450.0 40600.0
170 54340.0 35000.0
171 40850.0 32200.0
172 35720.0 32200.0
173 37050.0 32200.0
174 44270.0 32200.0
175 45790.0 32200.0
176 68970.0 32200.0
177 71440.0 32200.0
178 73150.0 35000.0
179 65550.0 32200.0
180 62890.0 32200.0
181 52250.0 32200.0
182 54530.0 32200.0
183 57190.0 35000.0
184 58710.0 32200.0
185 48070.0 32200.0
186 46930.0 32200.0
187 49400.0 32200.0
188 51110.0 35000.0
189 44840.0 40600.0
190 42940.0 37800.0
191 43700.0 40600.0
192 51490.0 37800.0
193 55670.0 37800.0
194 45600.0 46200.0
195 53770.0 43400.0
196 54150.0 51800.0
197 59280.0 49000.0
198 55860.0 49000.0
199 54910.0 43400.0
200 55290.0 40600.0
201 31350.0 37800.0
202 31730.0 26600.0
203 19570.0 26600.0
204 25840.0 23800.0
205 24700.0 21000.0
206 25460.0 26600.0
207 23180.0 18200.0
208 18430.0 26600.0
209 24320.0 29400.0
210 20710.0 18200.0
211 20710.0 26600.0
212 24130.0 23800.0
213 8360.0 21000.0
214 4940.0 21000.0
215 6270.0 21000.0
216 23750.0 32200.0
217 28310.0 35000.0
218 26220.0 37800.0
219 49210.0 15400.0
220 51870.0 15400.0
221 50540.0 15400.0
222 46740.0 18200.0
223 50730.0 18200.0
224 52440.0 29400.0
225 52440.0 35000.0
226 53390.0 35000.0
227 50540.0 32200.0
228 49400.0 37800.0
229 50350.0 37800.0
230 41800.0 35000.0
231 28690.0 29400.0
232 29450.0 37800.0
233 24890.0 37800.0
234 21470.0 40600.0
235 8740.0 35000.0
236 5700.0 37800.0
237 7410.0 40600.0
238 38380.0 40600.0
239 34580.0 15400.0
240 20140.0 15400.0
241 29260.0 21000.0
242 34580.0 18200.0
243 26030.0 12600.0
244 28880.0 15400.0
245 37240.0 15400.0
246 37430.0 18200.0
247 39330.0 15400.0
248 40280.0 21000.0
249 55670.0 21000.0
250 49400.0 21000.0
251 45790.0 21000.0
252 43890.0 21000.0
253 60230.0 15400.0
254 61370.0 15400.0
255 60420.0 21000.0
256 39900.0 9800.0
257 45410.0 12600.0
258 51680.0 21000.0
259 58710.0 21000.0
260 59850.0 23800.0
261 46740.0 35000.0
262 49210.0 35000.0
263 65360.0 35000.0
264 61370.0 21000.0
265 61370.0 26600.0
266 64600.0 35000.0
267 66310.0 35000.0
268 67830.0 37800.0
269 67450.0 40600.0
270 43320.0 35000.0
271 44080.0 37800.0
272 67070.0 29400.0
273 67070.0 32200.0
274 64980.0 37800.0
275 66120.0 40600.0
276 72770.0 40600.0
277 71250.0 40600.0
278 68780.0 40600.0
279 69920.0 40600.0
280 70110.0 43400.0
281 39710.0 43400.0
282 38190.0 43400.0
283 20330.0 43400.0
284 9500.0 40600.0
285 6080.0 40600.0
286 5890.0 46200.0
287 29640.0 43400.0
288 53580.0 29400.0
289 54720.0 29400.0
290 55670.0 35000.0
291 56620.0 37800.0
292 57570.0 37800.0
293 56810.0 29400.0
294 55860.0 29400.0
295 56430.0 32200.0
296 58710.0 37800.0
297 58710.0 40600.0
298 59660.0 40600.0
299 60420.0 37800.0
300 60610.0 40600.0
301 32870.0 46200.0
302 30210.0 46200.0
303 20330.0 46200.0
304 14820.0 46200.0
305 11400.0 46200.0
306 13490.0 46200.0
307 38380.0 46200.0
308 64790.0 40600.0
309 63080.0 37800.0
310 63270.0 35000.0
311 48830.0 23800.0
312 50540.0 23800.0
313 40850.0 18200.0
314 50350.0 21000.0
315 51870.0 23800.0
316 61180.0 32200.0
317 61750.0 35000.0
318 44460.0 43400.0
319 45980.0 43400.0
320 63080.0 43400.0
321 62320.0 37800.0
322 63080.0 40600.0
323 61750.0 40600.0
324 57380.0 40600.0
325 49970.0 43400.0
326 48830.0 43400.0
327 51300.0 43400.0
328 50730.0 46200.0
329 40470.0 46200.0
330 36290.0 46200.0
331 20330.0 49000.0
332 19000.0 51800.0
333 15960.0 54600.0
334 17670.0 51800.0
335 35720.0 49000.0
336 50920.0 40600.0
337 52630.0 37800.0
338 54530.0 37800.0
339 57000.0 46200.0
340 52060.0 40600.0
341 53390.0 40600.0
342 52250.0 46200.0
343 53200.0 46200.0
344 54150.0 46200.0
345 57950.0 43400.0
346 59280.0 46200.0
347 61940.0 46200.0
348 60800.0 46200.0
349 60230.0 49000.0
350 41610.0 49000.0
351 34390.0 49000.0
352 29830.0 49000.0
353 25840.0 51800.0
354 26220.0 54600.0
355 28690.0 49000.0
356 39140.0 49000.0
357 60610.0 43400.0
358 64220.0 43400.0
359 66880.0 43400.0
360 68210.0 43400.0
361 65550.0 43400.0
362 55480.0 46200.0
363 63460.0 46200.0
364 64790.0 46200.0
365 65740.0 46200.0
366 68590.0 46200.0
367 64410.0 49000.0
368 66880.0 46200.0
369 65930.0 49000.0
370 41610.0 51800.0
371 39330.0 51800.0
372 22230.0 49000.0
373 23940.0 51800.0
374 22420.0 51800.0
375 21090.0 51800.0
376 31160.0 18200.0
377 30400.0 15400.0
378 25080.0 15400.0
379 23180.0 15400.0
380 21850.0 15400.0
381 7980.0 12600.0
382 5700.0 12600.0
383 5890.0 15400.0
384 26980.0 15400.0
385 24700.0 12600.0
386 22800.0 12600.0
387 20330.0 12600.0
388 9500.0 12600.0
389 4180.0 12600.0
390 4750.0 9800.0
391 36100.0 12600.0
392 32680.0 12600.0
393 31160.0 12600.0
394 29070.0 12600.0
395 29260.0 9800.0
396 30780.0 4200.0
397 29070.0 4200.0
398 45220.0 15400.0
399 47500.0 12600.0
400 41420.0 12600.0
401 40090.0 12600.0
402 41420.0 7000.0
403 39900.0 7000.0
404 38190.0 7000.0
405 53010.0 21000.0
406 47880.0 18200.0
407 49020.0 18200.0
408 52250.0 18200.0
409 52060.0 12600.0
410 53960.0 12600.0
411 55290.0 12600.0
412 55100.0 7000.0
413 53580.0 7000.0
414 52250.0 7000.0
415 58520.0 18200.0
416 67640.0 15400.0
417 69160.0 15400.0
418 70490.0 15400.0
419 76000.0 15400.0
420 76380.0 9800.0
421 72010.0 12600.0
422 64030.0 26600.0
423 62320.0 23800.0
424 63650.0 23800.0
425 68020.0 21000.0
426 69160.0 23800.0
427 69730.0 21000.0
428 74860.0 21000.0
429 76380.0 21000.0
430 73530.0 21000.0
431 62890.0 29400.0
432 61560.0 29400.0
433 64030.0 29400.0
434 68020.0 26600.0
435 69160.0 29400.0
436 70490.0 29400.0
437 76000.0 26600.0
438 76000.0 29400.0
439 72390.0 29400.0
440 39140.0 35000.0
441 35910.0 18200.0
442 39330.0 21000.0
443 40660.0 23800.0
444 47880.0 26600.0
445 39330.0 18200.0
446 42370.0 21000.0
447 42370.0 23800.0
448 40660.0 26600.0
449 42560.0 29400.0
450 40470.0 29400.0
451 38570.0 29400.0
452 37050.0 29400.0
453 36860.0 23800.0
454 34960.0 23800.0
455 35530.0 29400.0
456 27930.0 32200.0
457 29450.0 23800.0
458 12730.0 21000.0
459 14250.0 18200.0
460 45410.0 23800.0
461 16530.0 18200.0
462 13490.0 37800.0
463 14820.0 37800.0
464 15010.0 35000.0
465 18050.0 35000.0
466 35910.0 54600.0
467 36100.0 43400.0
468 34010.0 43400.0
469 35150.0 40600.0
470 27550.0 49000.0
471 31350.0 54600.0
472 26220.0 49000.0
473 26790.0 43400.0
474 24510.0 43400.0
475 34770.0 21000.0
476 32490.0 54600.0
477 33060.0 49000.0
478 34770.0 51800.0
479 37430.0 51800.0
480 45790.0 54600.0
481 45980.0 49000.0
482 46170.0 51800.0
483 48450.0 51800.0
484 57570.0 54600.0
485 55670.0 51800.0
486 52250.0 51800.0
487 11970.0 12600.0
488 14630.0 12600.0
489 16910.0 12600.0
490 21470.0 4200.0
491 23180.0 7000.0
492 21470.0 7000.0
493 17670.0 9800.0
494 35150.0 4200.0
495 36480.0 7000.0
496 33630.0 4200.0
497 31350.0 9800.0
498 45030.0 4200.0
499 43700.0 4200.0
500 43510.0 7000.0
501 47310.0 9800.0
502 60230.0 4200.0
503 58900.0 9800.0
504 58710.0 4200.0
505 57950.0 7000.0
506 73150.0 9800.0
507 71060.0 9800.0
508 68210.0 9800.0
509 65930.0 9800.0
510 74670.0 15400.0
511 72960.0 15400.0
512 68590.0 18200.0
513 70870.0 18200.0
514 74670.0 32200.0
515 72580.0 32200.0
516 70490.0 32200.0
517 70110.0 35000.0
518 20710.0 32200.0
519 30400.0 32200.0
520 31730.0 32200.0
521 33630.0 32200.0
522 8170.0 26600.0
523 6650.0 32200.0
524 14630.0 32200.0
525 6650.0 23800.0
526 9690.0 37800.0
527 7030.0 43400.0
528 14250.0 43400.0
529 13870.0 51800.0
530 30210.0 51800.0
531 20710.0 54600.0
532 10070.0 18200.0
533 8550.0 9800.0
534 25270.0 4200.0
535 39710.0 4200.0
536 53770.0 4200.0
537 75810.0 12600.0
538 74670.0 23800.0
539 72010.0 26600.0
540 36670.0 26600.0
541 17290.0 21000.0
542 19950.0 37800.0
543 30590.0 40600.0
544 24130.0 46200.0
545 40090.0 54600.0
546 50730.0 54600.0
547 62890.0 51800.0
548 15770.0 15400.0
549 17290.0 7000.0
550 31730.0 7000.0
551 47690.0 7000.0
552 62510.0 7000.0
553 65170.0 12600.0
554 75430.0 18200.0
555 74290.0 37800.0
556 34390.0 35000.0
