Instance ID x_center y_center
0 42.0 7692.0
1 11973.0 4140.0
2 11973.0 5100.0
3 11973.0 3372.0
4 7500.0 42.0
5 11973.0 2604.0
6 8940.0 42.0
7 11973.0 4428.0
8 11973.0 4044.0
9 11973.0 6156.0
10 11973.0 6924.0
11 6924.0 9970.0
12 11973.0 5580.0
13 5100.0 9970.0
14 3852.0 9970.0
15 42.0 6540.0
16 42.0 5580.0
17 42.0 4524.0
18 42.0 3660.0
19 5484.0 9970.0
20 11973.0 3468.0
21 5964.0 42.0
22 11973.0 3564.0
23 11973.0 5964.0
24 6444.0 42.0
25 7788.0 42.0
26 7404.0 9970.0
27 5964.0 9970.0
28 3180.0 9970.0
29 42.0 6636.0
30 42.0 5772.0
31 42.0 4908.0
32 42.0 4332.0
33 8748.0 9970.0
34 11973.0 5292.0
35 11973.0 5196.0
36 11973.0 4236.0
37 42.0 4716.0
38 4044.0 42.0
39 5580.0 42.0
40 5004.0 42.0
41 6636.0 42.0
42 7308.0 42.0
43 11973.0 6060.0
44 11973.0 6348.0
45 7020.0 9970.0
46 5676.0 9970.0
47 4524.0 9970.0
48 4620.0 9970.0
49 42.0 5676.0
50 42.0 4812.0
51 42.0 3756.0
52 11973.0 4908.0
53 11973.0 5004.0
54 10503.0 5535.0
55 6885.0 5535.0
56 7155.0 5805.0
57 7641.0 5805.0
58 9369.0 6075.0
59 9693.0 3915.0
60 4050.0 5265.0
61 3834.0 4725.0
62 4185.0 4725.0
63 5076.0 4455.0
64 5454.0 4455.0
65 7317.0 6345.0
66 7317.0 6615.0
67 5508.0 6345.0
68 6075.0 6885.0
69 5211.0 6615.0
70 5589.0 6615.0
71 4590.0 5535.0
72 4644.0 4185.0
73 4779.0 3915.0
74 5076.0 3915.0
75 5778.0 4185.0
76 5805.0 3105.0
77 6318.0 3375.0
78 6642.0 3645.0
79 6318.0 3915.0
80 5940.0 2835.0
81 6588.0 3105.0
82 7020.0 3645.0
83 6642.0 4455.0
84 6075.0 4455.0
85 4833.0 6885.0
86 7371.0 3915.0
87 7074.0 4185.0
88 3645.0 6075.0
89 7263.0 7155.0
90 7290.0 6075.0
91 7398.0 5265.0
92 8262.0 5535.0
93 8046.0 4995.0
94 8694.0 4725.0
95 9558.0 4725.0
96 9855.0 4725.0
97 7101.0 5535.0
98 3861.0 4455.0
99 9936.0 4995.0
100 7425.0 4995.0
101 7668.0 4995.0
102 7938.0 5535.0
103 8073.0 6885.0
104 9342.0 4995.0
105 8721.0 5535.0
106 8775.0 4995.0
107 3375.0 3915.0
108 3051.0 4995.0
109 3213.0 5805.0
110 3645.0 6615.0
111 3591.0 7425.0
112 5643.0 7695.0
113 7695.0 7425.0
114 9207.0 7155.0
115 9045.0 6075.0
116 7749.0 3915.0
117 7101.0 2025.0
118 8667.0 2835.0
119 5805.0 2025.0
120 9315.0 3105.0
121 5913.0 5265.0
122 7398.0 4725.0
123 6210.0 4995.0
124 8424.0 4185.0
125 5400.0 4185.0
126 5535.0 3915.0
127 6318.0 3645.0
128 7074.0 4455.0
129 6426.0 4185.0
130 6480.0 6075.0
131 9450.0 3915.0
132 9018.0 3915.0
133 8964.0 4185.0
134 7209.0 4995.0
135 6426.0 5805.0
136 5562.0 5265.0
137 2619.0 7695.0
138 5670.0 6075.0
139 4941.0 5805.0
140 4536.0 4455.0
141 4887.0 4725.0
142 5103.0 4995.0
143 5238.0 5265.0
144 5562.0 5535.0
145 10260.0 3375.0
146 8856.0 3645.0
147 4995.0 4185.0
148 9315.0 5535.0
149 9369.0 6345.0
150 6156.0 6345.0
151 6426.0 6615.0
152 6534.0 6345.0
153 5022.0 6075.0
154 3996.0 6615.0
155 4536.0 5805.0
156 4320.0 6075.0
157 4671.0 6075.0
158 3915.0 4995.0
159 4428.0 3645.0
160 4455.0 3105.0
161 4104.0 3375.0
162 4077.0 3105.0
163 4482.0 2835.0
164 4158.0 2835.0
165 8964.0 3105.0
166 6102.0 1215.0
167 5778.0 1485.0
168 5940.0 2295.0
169 5616.0 2835.0
170 5427.0 2295.0
171 6048.0 1755.0
172 5265.0 2835.0
173 5400.0 3105.0
174 4860.0 2835.0
175 4779.0 2565.0
176 2403.0 7155.0
177 8262.0 3645.0
178 8262.0 3105.0
179 8424.0 2835.0
180 8046.0 2835.0
181 6642.0 1215.0
182 7236.0 1755.0
183 7452.0 2295.0
184 6210.0 3105.0
185 6453.0 2835.0
186 6858.0 1755.0
187 4725.0 3105.0
188 4725.0 3375.0
189 4806.0 3645.0
190 5076.0 3105.0
191 5130.0 3645.0
192 5184.0 3375.0
193 5697.0 3375.0
194 6885.0 3375.0
195 7776.0 3645.0
196 7938.0 4185.0
197 7830.0 3105.0
198 7344.0 3645.0
199 7830.0 6075.0
200 8748.0 6075.0
201 3078.0 7155.0
202 8370.0 6345.0
203 8316.0 6075.0
204 7695.0 6345.0
205 7938.0 6615.0
206 8910.0 6885.0
207 8532.0 7155.0
208 8478.0 6885.0
209 6831.0 6615.0
210 6831.0 6885.0
211 7290.0 6885.0
212 6588.0 7425.0
213 7452.0 7425.0
214 7020.0 7425.0
215 6021.0 6615.0
216 5589.0 6885.0
217 5400.0 7155.0
218 5076.0 7155.0
219 5724.0 7425.0
220 5292.0 7425.0
221 4401.0 6885.0
222 4590.0 7155.0
223 3726.0 6885.0
224 3618.0 7695.0
225 3618.0 7155.0
226 4563.0 6615.0
227 4698.0 6345.0
228 2808.0 6885.0
229 3132.0 6885.0
230 3024.0 6345.0
231 4374.0 6345.0
232 3996.0 6075.0
233 4077.0 5805.0
234 3348.0 5265.0
235 2376.0 5535.0
236 3240.0 5535.0
237 2808.0 5535.0
238 3348.0 4725.0
239 2484.0 4455.0
240 4239.0 5535.0
241 4455.0 5265.0
242 4401.0 4995.0
243 4536.0 4725.0
244 3294.0 4455.0
245 3402.0 4185.0
246 3024.0 4185.0
247 4374.0 3915.0
248 3915.0 3915.0
249 3402.0 3645.0
250 3024.0 3915.0
251 6102.0 6075.0
252 9936.0 3915.0
253 10260.0 3915.0
254 9612.0 4455.0
255 10098.0 4455.0
256 5994.0 5535.0
257 10530.0 4995.0
258 6588.0 4995.0
259 6480.0 5535.0
260 9612.0 3645.0
261 10584.0 3375.0
262 9882.0 3375.0
263 9936.0 3645.0
264 6102.0 2025.0
265 7344.0 2025.0
266 7236.0 2565.0
267 6480.0 2025.0
268 9126.0 2295.0
269 10422.0 2565.0
270 9774.0 2565.0
271 9288.0 2565.0
272 7668.0 2025.0
273 8910.0 2025.0
274 8910.0 2565.0
275 8100.0 2025.0
276 7506.0 4185.0
277 10530.0 4455.0
278 8100.0 4725.0
279 7722.0 4725.0
280 9774.0 5535.0
281 10098.0 5535.0
282 9612.0 6075.0
283 10044.0 5805.0
284 9342.0 7425.0
285 9936.0 6345.0
286 9558.0 6885.0
287 9666.0 7425.0
288 7884.0 7155.0
289 7398.0 8505.0
290 7452.0 7965.0
291 7830.0 7965.0
292 5562.0 7965.0
293 5994.0 8505.0
294 6102.0 7695.0
295 6048.0 8235.0
296 4266.0 7695.0
297 3132.0 8505.0
298 3240.0 7695.0
299 3942.0 7695.0
300 2484.0 6885.0
301 1512.0 6615.0
302 2214.0 6615.0
303 2160.0 6345.0
304 2700.0 5805.0
305 1296.0 5805.0
306 1728.0 5805.0
307 2106.0 5805.0
308 2646.0 4995.0
309 1404.0 4995.0
310 1728.0 4725.0
311 2052.0 4995.0
312 2808.0 4455.0
313 1404.0 4185.0
314 1836.0 4185.0
315 1944.0 4455.0
316 4158.0 2565.0
317 9342.0 5805.0
318 6939.0 3915.0
319 6993.0 3105.0
320 7155.0 2835.0
321 5805.0 2565.0
322 5697.0 3645.0
323 5589.0 4725.0
324 3861.0 4185.0
325 3483.0 4995.0
326 3807.0 5535.0
327 3699.0 6345.0
328 4185.0 7155.0
329 5805.0 7155.0
330 6831.0 7155.0
331 7695.0 6885.0
332 8937.0 6345.0
333 9531.0 4185.0
334 10314.0 5265.0
335 9180.0 5265.0
336 8100.0 5265.0
337 8910.0 4455.0
338 5616.0 5805.0
339 9072.0 3375.0
340 5292.0 1755.0
341 8154.0 2565.0
342 6804.0 1485.0
343 7776.0 3375.0
344 8370.0 5805.0
345 8640.0 7425.0
346 7074.0 7695.0
347 5022.0 7695.0
348 2970.0 7425.0
349 2970.0 6615.0
350 2862.0 6075.0
351 2646.0 4725.0
352 2700.0 3645.0
353 10314.0 4185.0
354 6696.0 5265.0
355 9936.0 3105.0
356 6696.0 2295.0
357 9828.0 2835.0
358 8316.0 2295.0
359 7830.0 4455.0
360 10314.0 6075.0
361 9828.0 7155.0
362 8208.0 7695.0
363 6264.0 7965.0
364 4266.0 7425.0
365 1782.0 6885.0
366 1674.0 5535.0
367 2160.0 5265.0
368 1944.0 3915.0
