Instance ID x_center y_center
0 42.0 6732.0
1 10859.0 4044.0
2 5964.0 8189.0
3 7788.0 42.0
4 7404.0 42.0
5 5868.0 42.0
6 5772.0 42.0
7 5676.0 42.0
8 10859.0 3372.0
9 6444.0 8189.0
10 10859.0 5196.0
11 10859.0 5772.0
12 10859.0 4428.0
13 6060.0 8189.0
14 4716.0 8189.0
15 3564.0 8189.0
16 42.0 5580.0
17 42.0 4236.0
18 42.0 3180.0
19 4620.0 8189.0
20 10859.0 2796.0
21 6348.0 42.0
22 42.0 2988.0
23 10859.0 4332.0
24 5580.0 42.0
25 6444.0 42.0
26 7500.0 8189.0
27 6540.0 8189.0
28 4812.0 8189.0
29 3852.0 8189.0
30 42.0 6060.0
31 42.0 4908.0
32 42.0 3948.0
33 10859.0 3468.0
34 10859.0 3084.0
35 10859.0 2892.0
36 10859.0 3948.0
37 4620.0 42.0
38 42.0 2604.0
39 6156.0 42.0
40 42.0 2124.0
41 4716.0 42.0
42 6252.0 42.0
43 10859.0 4716.0
44 10859.0 5100.0
45 10859.0 5676.0
46 6348.0 8189.0
47 5004.0 8189.0
48 4908.0 8189.0
49 42.0 5292.0
50 42.0 4524.0
51 42.0 3564.0
52 10859.0 2604.0
53 10859.0 2700.0
54 9477.0 2025.0
55 6723.0 4185.0
56 7209.0 4185.0
57 5697.0 3915.0
58 7695.0 4455.0
59 8559.0 4185.0
60 3564.0 4455.0
61 3402.0 4185.0
62 3753.0 4185.0
63 4374.0 3645.0
64 4752.0 3645.0
65 7263.0 5535.0
66 7155.0 5805.0
67 5994.0 5265.0
68 6777.0 5805.0
69 5697.0 5535.0
70 6075.0 5535.0
71 3726.0 4725.0
72 3672.0 3375.0
73 3969.0 3105.0
74 3996.0 3375.0
75 4320.0 3105.0
76 4347.0 2295.0
77 4590.0 2835.0
78 4806.0 2565.0
79 4914.0 2835.0
80 4968.0 2025.0
81 5238.0 2295.0
82 5130.0 2565.0
83 5292.0 3645.0
84 5103.0 3375.0
85 5751.0 4995.0
86 5697.0 3375.0
87 7236.0 3375.0
88 3591.0 4995.0
89 7533.0 5805.0
90 7830.0 3375.0
91 8262.0 3105.0
92 9018.0 3645.0
93 8964.0 3105.0
94 9342.0 3105.0
95 9126.0 2835.0
96 9477.0 2565.0
97 6939.0 4185.0
98 2025.0 3645.0
99 9396.0 2295.0
100 7857.0 3105.0
101 7776.0 2835.0
102 7614.0 3105.0
103 4347.0 4455.0
104 9072.0 2565.0
105 8775.0 2565.0
106 8505.0 2565.0
107 2349.0 3375.0
108 2187.0 4725.0
109 2349.0 5265.0
110 4077.0 5805.0
111 5265.0 6345.0
112 6939.0 6615.0
113 9261.0 6075.0
114 9531.0 5535.0
115 6831.0 4455.0
116 6831.0 2835.0
117 3807.0 1485.0
118 2619.0 1755.0
119 7047.0 1755.0
120 8127.0 2565.0
121 5643.0 4185.0
122 6156.0 3645.0
123 5670.0 4725.0
124 7668.0 3645.0
125 4536.0 3375.0
126 4725.0 3105.0
127 5238.0 2835.0
128 5778.0 3105.0
129 5346.0 3105.0
130 5616.0 6345.0
131 8586.0 3105.0
132 8262.0 3375.0
133 8154.0 3645.0
134 7317.0 3645.0
135 2322.0 6345.0
136 5400.0 3915.0
137 2835.0 6345.0
138 4914.0 4725.0
139 5697.0 5265.0
140 3888.0 3915.0
141 4131.0 4185.0
142 4347.0 3915.0
143 4482.0 4185.0
144 4968.0 4185.0
145 8532.0 2835.0
146 8154.0 2835.0
147 3753.0 3645.0
148 7857.0 4185.0
149 7317.0 4995.0
150 6912.0 5265.0
151 7290.0 6075.0
152 6966.0 5535.0
153 4536.0 4725.0
154 4752.0 4995.0
155 3942.0 4455.0
156 3996.0 4995.0
157 4401.0 4995.0
158 3537.0 3915.0
159 3510.0 2835.0
160 3051.0 3105.0
161 2808.0 3105.0
162 2727.0 2835.0
163 3186.0 2835.0
164 2970.0 2565.0
165 7452.0 2295.0
166 6480.0 1215.0
167 6912.0 2025.0
168 6912.0 1485.0
169 5670.0 2295.0
170 5643.0 2025.0
171 6372.0 1485.0
172 3861.0 2025.0
173 3510.0 1755.0
174 3402.0 2295.0
175 2727.0 2295.0
176 1539.0 5535.0
177 1998.0 2835.0
178 2268.0 2565.0
179 2484.0 2025.0
180 2052.0 2295.0
181 5778.0 1215.0
182 4050.0 1485.0
183 3888.0 1755.0
184 4752.0 2295.0
185 4509.0 2025.0
186 4158.0 1215.0
187 3375.0 2025.0
188 3483.0 2565.0
189 3834.0 2835.0
190 3780.0 2295.0
191 3726.0 3105.0
192 3942.0 2565.0
193 4401.0 2565.0
194 5589.0 2565.0
195 6858.0 2295.0
196 6210.0 3375.0
197 6264.0 2295.0
198 6210.0 2835.0
199 6318.0 4995.0
200 6426.0 5265.0
201 2160.0 6615.0
202 6750.0 4995.0
203 6372.0 4455.0
204 7587.0 5265.0
205 8478.0 5265.0
206 9342.0 5265.0
207 8856.0 5805.0
208 8910.0 5265.0
209 7533.0 5535.0
210 8019.0 5805.0
211 8478.0 5805.0
212 9180.0 5805.0
213 8316.0 6075.0
214 8910.0 6075.0
215 6453.0 5535.0
216 6129.0 5805.0
217 6318.0 6075.0
218 5886.0 6075.0
219 6696.0 6345.0
220 6156.0 6345.0
221 4779.0 5535.0
222 4860.0 5805.0
223 4482.0 6075.0
224 5346.0 6075.0
225 4914.0 6075.0
226 4185.0 5535.0
227 5238.0 5535.0
228 3618.0 6075.0
229 3942.0 6075.0
230 3618.0 5535.0
231 4644.0 5265.0
232 4212.0 5265.0
233 3159.0 5265.0
234 2646.0 5265.0
235 1836.0 5535.0
236 2538.0 5805.0
237 2484.0 5535.0
238 2592.0 4185.0
239 1620.0 4185.0
240 4077.0 4725.0
241 3375.0 4725.0
242 2997.0 4455.0
243 2376.0 4455.0
244 2160.0 4185.0
245 2484.0 3105.0
246 1620.0 3105.0
247 3402.0 3105.0
248 3159.0 3375.0
249 2592.0 3375.0
250 2052.0 3105.0
251 5454.0 4995.0
252 9342.0 3645.0
253 9450.0 4185.0
254 8694.0 3645.0
255 8802.0 4185.0
256 5400.0 4185.0
257 5886.0 4455.0
258 5940.0 4185.0
259 6318.0 4185.0
260 7884.0 2295.0
261 7722.0 1485.0
262 7830.0 1755.0
263 8208.0 1755.0
264 7452.0 1755.0
265 7020.0 1215.0
266 7398.0 1215.0
267 7776.0 1215.0
268 2862.0 1755.0
269 5994.0 1485.0
270 5670.0 1755.0
271 3186.0 1755.0
272 4752.0 1755.0
273 5670.0 1485.0
274 5346.0 1215.0
275 4914.0 1215.0
276 6750.0 3375.0
277 6102.0 1215.0
278 6156.0 3105.0
279 6588.0 2835.0
280 8262.0 4185.0
281 9126.0 4185.0
282 7938.0 4455.0
283 8856.0 4455.0
284 8154.0 5265.0
285 8262.0 4455.0
286 7992.0 4995.0
287 8316.0 4725.0
288 8208.0 6345.0
289 7668.0 6885.0
290 7830.0 6345.0
291 8316.0 6615.0
292 7020.0 6885.0
293 6642.0 6885.0
294 7236.0 6345.0
295 7344.0 6885.0
296 5022.0 6615.0
297 4752.0 6885.0
298 4590.0 6615.0
299 5346.0 6615.0
300 3294.0 6345.0
301 3996.0 6885.0
302 3726.0 6345.0
303 3672.0 6885.0
304 2214.0 5805.0
305 1458.0 5805.0
306 1836.0 5805.0
307 1998.0 6075.0
308 2430.0 4725.0
309 1512.0 4725.0
310 1890.0 4725.0
311 2376.0 4995.0
312 2646.0 3645.0
313 1404.0 3915.0
314 1944.0 3915.0
315 2322.0 3645.0
316 2646.0 2565.0
317 7614.0 4725.0
318 5697.0 2835.0
319 4347.0 1755.0
320 2889.0 2025.0
321 6453.0 2025.0
322 7371.0 2025.0
323 4887.0 3915.0
324 3213.0 3645.0
325 2997.0 4185.0
326 3105.0 4995.0
327 3753.0 5265.0
328 5265.0 5805.0
329 6777.0 6075.0
330 7803.0 6075.0
331 7965.0 5535.0
332 7155.0 4455.0
333 8397.0 3915.0
334 9234.0 1755.0
335 8586.0 2295.0
336 9180.0 3375.0
337 7614.0 3915.0
338 5022.0 4455.0
339 7506.0 2565.0
340 6426.0 1755.0
341 1782.0 2025.0
342 3402.0 1215.0
343 6426.0 2565.0
344 6372.0 4725.0
345 8910.0 5535.0
346 9180.0 6345.0
347 6318.0 6615.0
348 4644.0 6345.0
349 3456.0 5805.0
350 1728.0 5265.0
351 1674.0 4455.0
352 1674.0 3375.0
353 9234.0 3915.0
354 6372.0 3915.0
355 8370.0 2025.0
356 8478.0 1215.0
357 3078.0 1485.0
358 4860.0 1485.0
359 6912.0 3105.0
360 9234.0 4725.0
361 8748.0 4995.0
362 8640.0 6885.0
363 7560.0 6615.0
364 5616.0 6885.0
365 3834.0 6615.0
366 2700.0 6075.0
367 1674.0 4995.0
368 2754.0 3915.0
