Instance ID x_center y_center
0 42.0 7404.0
1 10749.0 3564.0
2 10749.0 4332.0
3 7884.0 42.0
4 6732.0 42.0
5 6060.0 42.0
6 5964.0 42.0
7 10749.0 3756.0
8 10749.0 3084.0
9 10749.0 5292.0
10 10749.0 6156.0
11 7404.0 8991.0
12 10749.0 4908.0
13 5292.0 8991.0
14 4140.0 8991.0
15 42.0 6156.0
16 42.0 5676.0
17 42.0 4428.0
18 42.0 3660.0
19 42.0 4716.0
20 10749.0 2892.0
21 6828.0 42.0
22 42.0 3276.0
23 10749.0 5868.0
24 5772.0 42.0
25 6540.0 42.0
26 6540.0 8991.0
27 5772.0 8991.0
28 4332.0 8991.0
29 3180.0 8991.0
30 42.0 6252.0
31 42.0 5100.0
32 42.0 4140.0
33 42.0 6444.0
34 10749.0 4620.0
35 10749.0 4524.0
36 10749.0 3276.0
37 42.0 4332.0
38 42.0 2700.0
39 6348.0 42.0
40 3084.0 42.0
41 5196.0 42.0
42 6444.0 42.0
43 10749.0 5388.0
44 10749.0 5676.0
45 7116.0 8991.0
46 5484.0 8991.0
47 4428.0 8991.0
48 4812.0 8991.0
49 42.0 5484.0
50 42.0 4620.0
51 42.0 3756.0
52 10749.0 4428.0
53 10749.0 4236.0
54 9153.0 4725.0
55 5859.0 4995.0
56 6345.0 4995.0
57 6237.0 5265.0
58 9261.0 5535.0
59 9477.0 3375.0
60 3510.0 4725.0
61 3348.0 4455.0
62 3753.0 4455.0
63 4320.0 3915.0
64 4698.0 3915.0
65 6615.0 5805.0
66 6561.0 5535.0
67 5292.0 5535.0
68 5805.0 6075.0
69 4995.0 5805.0
70 5373.0 5805.0
71 3348.0 5265.0
72 3564.0 3915.0
73 3591.0 3645.0
74 4320.0 3645.0
75 5076.0 3645.0
76 4617.0 2565.0
77 5076.0 2835.0
78 5184.0 3105.0
79 5454.0 3645.0
80 4590.0 2025.0
81 5400.0 2835.0
82 5508.0 3105.0
83 5454.0 3375.0
84 5319.0 3915.0
85 6669.0 4995.0
86 5805.0 2835.0
87 6480.0 2835.0
88 2997.0 5265.0
89 6453.0 6345.0
90 6588.0 5265.0
91 6804.0 4455.0
92 7452.0 4725.0
93 7452.0 4185.0
94 8262.0 4185.0
95 8748.0 3915.0
96 9369.0 4725.0
97 6075.0 4995.0
98 2673.0 4185.0
99 9396.0 4455.0
100 7047.0 3915.0
101 7074.0 4185.0
102 7074.0 4725.0
103 5589.0 4995.0
104 8640.0 4725.0
105 7857.0 4725.0
106 7911.0 4185.0
107 2187.0 3375.0
108 1971.0 4185.0
109 2079.0 5805.0
110 3591.0 6345.0
111 4185.0 6885.0
112 5913.0 6885.0
113 8235.0 6885.0
114 8613.0 6075.0
115 7911.0 5535.0
116 7425.0 3375.0
117 4887.0 2025.0
118 3591.0 2025.0
119 6453.0 2025.0
120 7695.0 2565.0
121 5103.0 4725.0
122 6696.0 4185.0
123 6912.0 5265.0
124 8586.0 2295.0
125 5130.0 4185.0
126 4671.0 3645.0
127 5886.0 3645.0
128 6318.0 3915.0
129 5940.0 3915.0
130 5832.0 5535.0
131 8910.0 3105.0
132 8532.0 3105.0
133 8694.0 2835.0
134 6345.0 4185.0
135 5778.0 5265.0
136 4698.0 4725.0
137 1593.0 6885.0
138 4374.0 4725.0
139 5373.0 5265.0
140 3564.0 4185.0
141 3915.0 3915.0
142 4023.0 4185.0
143 4158.0 4455.0
144 4590.0 4455.0
145 7992.0 2565.0
146 8154.0 2835.0
147 3915.0 3645.0
148 8937.0 4725.0
149 8343.0 5265.0
150 5832.0 5805.0
151 6156.0 5535.0
152 6210.0 5805.0
153 4536.0 5265.0
154 4374.0 5535.0
155 3294.0 5535.0
156 3726.0 5265.0
157 4185.0 5265.0
158 3159.0 4185.0
159 3780.0 3375.0
160 3267.0 3105.0
161 3078.0 2565.0
162 2997.0 2835.0
163 3402.0 2565.0
164 3456.0 2835.0
165 7128.0 2835.0
166 6534.0 1755.0
167 7290.0 1755.0
168 6804.0 2295.0
169 5940.0 2565.0
170 6075.0 2295.0
171 6912.0 1755.0
172 4401.0 2295.0
173 3780.0 2835.0
174 3834.0 2565.0
175 3429.0 2295.0
176 2457.0 6615.0
177 2970.0 3375.0
178 2970.0 3105.0
179 3726.0 1755.0
180 3078.0 1755.0
181 5562.0 1755.0
182 5130.0 1755.0
183 5616.0 2025.0
184 5022.0 2565.0
185 4887.0 2295.0
186 5184.0 2025.0
187 4239.0 2565.0
188 4185.0 3105.0
189 4158.0 3375.0
190 4212.0 2025.0
191 3834.0 3105.0
192 4212.0 2835.0
193 4833.0 3105.0
194 6075.0 3105.0
195 7128.0 3375.0
196 6750.0 3915.0
197 6750.0 3375.0
198 6642.0 3645.0
199 6966.0 4995.0
200 7992.0 4995.0
201 1998.0 6885.0
202 7614.0 5535.0
203 7560.0 4995.0
204 6993.0 5805.0
205 7290.0 5535.0
206 7884.0 6345.0
207 7506.0 6345.0
208 7614.0 5805.0
209 6939.0 5535.0
210 6993.0 6345.0
211 7290.0 6075.0
212 7020.0 6615.0
213 7884.0 6615.0
214 7452.0 6615.0
215 5427.0 6075.0
216 4941.0 6345.0
217 5454.0 6345.0
218 5346.0 7155.0
219 5832.0 6615.0
220 5400.0 6615.0
221 4185.0 6075.0
222 4644.0 6075.0
223 4698.0 7155.0
224 4482.0 6885.0
225 4590.0 6615.0
226 4401.0 5805.0
227 4752.0 5535.0
228 2592.0 6075.0
229 3456.0 6075.0
230 3024.0 6075.0
231 3996.0 5535.0
232 3672.0 5535.0
233 2781.0 5805.0
234 2916.0 5535.0
235 2160.0 5265.0
236 2322.0 5805.0
237 2484.0 5535.0
238 2430.0 4725.0
239 2268.0 4185.0
240 3753.0 4995.0
241 3375.0 4995.0
242 2889.0 4995.0
243 3024.0 4455.0
244 2484.0 4455.0
245 2484.0 3915.0
246 2160.0 3915.0
247 3348.0 3375.0
248 3159.0 3645.0
249 2592.0 3375.0
250 2484.0 3645.0
251 4860.0 5265.0
252 9396.0 3915.0
253 9450.0 3105.0
254 9072.0 3915.0
255 9234.0 3375.0
256 5238.0 4455.0
257 6480.0 4455.0
258 6102.0 4455.0
259 5616.0 4455.0
260 7776.0 2295.0
261 7830.0 1215.0
262 7884.0 1755.0
263 8100.0 2295.0
264 6210.0 1755.0
265 7074.0 1215.0
266 6696.0 1215.0
267 6426.0 1485.0
268 3834.0 2025.0
269 6156.0 1215.0
270 5778.0 1215.0
271 3834.0 1215.0
272 5076.0 1215.0
273 5886.0 1755.0
274 5994.0 1485.0
275 5400.0 1215.0
276 7506.0 3915.0
277 8262.0 3915.0
278 7560.0 3645.0
279 7830.0 3915.0
280 9126.0 4995.0
281 9450.0 4995.0
282 8640.0 5535.0
283 8964.0 5535.0
284 8694.0 5805.0
285 8316.0 5805.0
286 8316.0 6345.0
287 8856.0 6075.0
288 6642.0 6885.0
289 6480.0 7695.0
290 6642.0 7155.0
291 6750.0 7425.0
292 6210.0 7155.0
293 5616.0 7695.0
294 5832.0 7155.0
295 5940.0 7695.0
296 3888.0 6885.0
297 4266.0 7695.0
298 4320.0 7155.0
299 3942.0 7155.0
300 3024.0 6615.0
301 3078.0 7425.0
302 3078.0 7155.0
303 3510.0 6885.0
304 2052.0 6075.0
305 1404.0 6615.0
306 1674.0 6075.0
307 1836.0 5805.0
308 2052.0 4725.0
309 1404.0 5265.0
310 1674.0 4725.0
311 1782.0 5265.0
312 1944.0 3375.0
313 1404.0 4185.0
314 1674.0 3915.0
315 1620.0 3375.0
316 2754.0 2565.0
317 8586.0 4995.0
318 6075.0 3375.0
319 5427.0 2295.0
320 3969.0 2295.0
321 6129.0 2025.0
322 5535.0 2565.0
323 4725.0 4185.0
324 2997.0 3915.0
325 2943.0 4725.0
326 2565.0 5265.0
327 3375.0 5805.0
328 4347.0 6345.0
329 5967.0 6345.0
330 6507.0 6615.0
331 6831.0 6075.0
332 8235.0 5535.0
333 8829.0 3375.0
334 9126.0 4185.0
335 8586.0 4455.0
336 7506.0 4455.0
337 8694.0 2565.0
338 4644.0 4995.0
339 7074.0 2565.0
340 7128.0 2025.0
341 2970.0 2025.0
342 4428.0 1755.0
343 7074.0 3105.0
344 7614.0 5265.0
345 7992.0 6075.0
346 7614.0 6885.0
347 5292.0 6885.0
348 3780.0 6615.0
349 2970.0 6345.0
350 1674.0 5535.0
351 1674.0 4455.0
352 1674.0 3645.0
353 9126.0 3645.0
354 5724.0 4725.0
355 8208.0 2025.0
356 7128.0 1485.0
357 4158.0 1485.0
358 5238.0 1485.0
359 8046.0 3375.0
360 9126.0 5265.0
361 9126.0 6345.0
362 7398.0 7155.0
363 5940.0 7425.0
364 3780.0 7425.0
365 2808.0 6885.0
366 1890.0 6345.0
367 1944.0 4995.0
368 1944.0 3105.0
