Instance ID x_center y_center
0 42.0 8460.0
1 6252.0 11170.0
2 6060.0 11170.0
3 12193.0 7596.0
4 12193.0 7212.0
5 12193.0 6348.0
6 12193.0 6060.0
7 6732.0 11170.0
8 7404.0 11170.0
9 4908.0 11170.0
10 42.0 7308.0
11 42.0 6732.0
12 5196.0 11170.0
13 42.0 5484.0
14 42.0 4716.0
15 42.0 3756.0
16 3852.0 42.0
17 5580.0 42.0
18 7116.0 42.0
19 42.0 5388.0
20 12193.0 7308.0
21 12193.0 6732.0
22 12193.0 6252.0
23 5868.0 11170.0
24 12193.0 4812.0
25 7308.0 42.0
26 42.0 6828.0
27 42.0 5772.0
28 42.0 4524.0
29 42.0 2700.0
30 4140.0 42.0
31 5292.0 42.0
32 6348.0 42.0
33 42.0 7500.0
34 7308.0 11170.0
35 7596.0 11170.0
36 6156.0 11170.0
37 5868.0 42.0
38 12193.0 3948.0
39 12193.0 6540.0
40 12193.0 5772.0
41 12193.0 4908.0
42 7884.0 42.0
43 4812.0 11170.0
44 42.0 7212.0
45 42.0 6636.0
46 42.0 5676.0
47 42.0 4908.0
48 42.0 4812.0
49 4236.0 42.0
50 5388.0 42.0
51 6828.0 42.0
52 7692.0 11170.0
53 7884.0 11170.0
54 9639.0 8775.0
55 5643.0 6615.0
56 6129.0 6615.0
57 6561.0 7155.0
58 5157.0 8235.0
59 6291.0 8235.0
60 5022.0 4185.0
61 5454.0 4455.0
62 5913.0 4455.0
63 6102.0 4995.0
64 6210.0 5805.0
65 4077.0 7155.0
66 4131.0 6885.0
67 3510.0 5535.0
68 3267.0 6075.0
69 3915.0 5535.0
70 4023.0 5805.0
71 4482.0 4455.0
72 6264.0 4455.0
73 6507.0 4455.0
74 6588.0 4725.0
75 6426.0 5265.0
76 8343.0 5265.0
77 7992.0 5265.0
78 7668.0 5265.0
79 7344.0 5265.0
80 8316.0 5805.0
81 8046.0 5535.0
82 7722.0 5535.0
83 7020.0 5265.0
84 6669.0 5535.0
85 4941.0 6075.0
86 7803.0 5805.0
87 7776.0 6885.0
88 4887.0 3645.0
89 3159.0 6345.0
90 5076.0 6615.0
91 7128.0 7155.0
92 6912.0 7695.0
93 7398.0 7425.0
94 7884.0 7425.0
95 8154.0 8235.0
96 7371.0 8775.0
97 5859.0 6615.0
98 6075.0 6075.0
99 7722.0 8775.0
100 7317.0 6885.0
101 7020.0 7425.0
102 7830.0 6615.0
103 3861.0 5265.0
104 7776.0 8235.0
105 7371.0 8235.0
106 7425.0 8505.0
107 7479.0 3105.0
108 6021.0 3105.0
109 4185.0 3105.0
110 2889.0 3645.0
111 2133.0 4995.0
112 2349.0 5805.0
113 2457.0 7695.0
114 2997.0 7965.0
115 4455.0 7425.0
116 7587.0 4185.0
117 9693.0 5265.0
118 9585.0 5805.0
119 9369.0 7425.0
120 9099.0 7425.0
121 5481.0 6075.0
122 7074.0 6885.0
123 4590.0 6345.0
124 6534.0 8235.0
125 6480.0 4995.0
126 6615.0 5805.0
127 7452.0 5805.0
128 6966.0 6075.0
129 7074.0 5805.0
130 4266.0 5535.0
131 7398.0 7965.0
132 7884.0 7965.0
133 6966.0 7965.0
134 6831.0 7155.0
135 3024.0 3375.0
136 5724.0 5805.0
137 1809.0 2565.0
138 4374.0 5265.0
139 4887.0 6345.0
140 5346.0 4725.0
141 5697.0 4725.0
142 5643.0 4995.0
143 5778.0 5265.0
144 5238.0 5535.0
145 10692.0 7425.0
146 8262.0 7425.0
147 6237.0 4725.0
148 5373.0 8235.0
149 5373.0 7965.0
150 3672.0 6615.0
151 3618.0 6345.0
152 3996.0 6345.0
153 4590.0 4725.0
154 4212.0 4995.0
155 5130.0 4455.0
156 4806.0 4455.0
157 4941.0 4725.0
158 5427.0 4185.0
159 6804.0 4455.0
160 8451.0 4455.0
161 8208.0 4185.0
162 8667.0 4185.0
163 8532.0 3915.0
164 8856.0 3915.0
165 8748.0 7425.0
166 9882.0 6615.0
167 9612.0 7425.0
168 9288.0 6885.0
169 8424.0 6075.0
170 8451.0 6615.0
171 9720.0 6885.0
172 8127.0 4995.0
173 8586.0 4725.0
174 8532.0 4995.0
175 9099.0 5535.0
176 2187.0 3915.0
177 7938.0 6345.0
178 8370.0 6345.0
179 9612.0 6345.0
180 9234.0 6345.0
181 9882.0 4725.0
182 9612.0 4995.0
183 9072.0 4725.0
184 8532.0 5535.0
185 9315.0 5265.0
186 9504.0 4725.0
187 8937.0 4995.0
188 8181.0 4455.0
189 7182.0 4455.0
190 7776.0 4995.0
191 7020.0 4725.0
192 8046.0 4725.0
193 7533.0 4725.0
194 7641.0 4455.0
195 7884.0 3915.0
196 7020.0 4995.0
197 7506.0 3915.0
198 7722.0 3375.0
199 4914.0 7155.0
200 5022.0 7965.0
201 3348.0 2835.0
202 5238.0 7425.0
203 4806.0 7425.0
204 3699.0 7155.0
205 2916.0 7155.0
206 2322.0 7425.0
207 3186.0 7425.0
208 2754.0 7425.0
209 4131.0 6615.0
210 3213.0 6615.0
211 2700.0 6885.0
212 2268.0 6615.0
213 2376.0 6885.0
214 2322.0 7155.0
215 3645.0 6075.0
216 3537.0 5805.0
217 2592.0 5805.0
218 2376.0 5265.0
219 2970.0 5535.0
220 2484.0 5535.0
221 3645.0 4995.0
222 2700.0 4995.0
223 1836.0 4995.0
224 2916.0 4725.0
225 2484.0 4725.0
226 4077.0 4725.0
227 3024.0 4995.0
228 1944.0 3375.0
229 2484.0 3915.0
230 2376.0 3375.0
231 3564.0 4725.0
232 3780.0 4455.0
233 4023.0 3915.0
234 4320.0 3375.0
235 3888.0 3645.0
236 3996.0 3375.0
237 3564.0 3375.0
238 5778.0 3645.0
239 5940.0 3375.0
240 4185.0 4185.0
241 4563.0 3915.0
242 5049.0 3915.0
243 5508.0 3915.0
244 5508.0 3375.0
245 7236.0 3645.0
246 7344.0 3375.0
247 6588.0 4185.0
248 6507.0 3915.0
249 6912.0 3645.0
250 6912.0 3375.0
251 4590.0 5535.0
252 5940.0 8505.0
253 5994.0 8775.0
254 6264.0 8505.0
255 6318.0 8775.0
256 5508.0 6345.0
257 5886.0 7425.0
258 5994.0 6885.0
259 5616.0 6885.0
260 8964.0 7965.0
261 10800.0 7695.0
262 10260.0 7695.0
263 9396.0 7695.0
264 9990.0 7425.0
265 10692.0 7155.0
266 10314.0 7155.0
267 10368.0 7425.0
268 9936.0 6075.0
269 10800.0 6345.0
270 10314.0 6345.0
271 10314.0 6075.0
272 9990.0 5535.0
273 10692.0 6075.0
274 10476.0 5805.0
275 10476.0 5535.0
276 7290.0 6075.0
277 6642.0 7425.0
278 6696.0 6885.0
279 6912.0 6345.0
280 5292.0 8505.0
281 5346.0 8775.0
282 4914.0 8235.0
283 4860.0 8505.0
284 3078.0 7695.0
285 5832.0 7695.0
286 3888.0 7695.0
287 3402.0 7695.0
288 3240.0 7155.0
289 1458.0 6615.0
290 1890.0 6615.0
291 1836.0 7155.0
292 2106.0 5805.0
293 1458.0 5805.0
294 1782.0 6075.0
295 1782.0 5805.0
296 2376.0 4995.0
297 1458.0 4455.0
298 2160.0 4455.0
299 2592.0 4455.0
300 2646.0 3105.0
301 1620.0 2835.0
302 2322.0 2835.0
303 2322.0 3105.0
304 4050.0 2835.0
305 4050.0 2025.0
306 4104.0 2295.0
307 4266.0 2565.0
308 5292.0 2835.0
309 5184.0 2025.0
310 5184.0 2295.0
311 5562.0 2295.0
312 6480.0 2835.0
313 6210.0 2295.0
314 6264.0 2565.0
315 6642.0 2565.0
316 9126.0 4185.0
317 4806.0 7695.0
318 7317.0 5535.0
319 8775.0 5265.0
320 8829.0 5805.0
321 8505.0 6885.0
322 8451.0 7155.0
323 5859.0 5535.0
324 6345.0 3645.0
325 5373.0 3645.0
326 4347.0 3645.0
327 3483.0 3915.0
328 3483.0 5265.0
329 2997.0 5805.0
330 3213.0 6885.0
331 3699.0 6885.0
332 5427.0 7695.0
333 5913.0 8235.0
334 8910.0 8775.0
335 8154.0 8505.0
336 7614.0 7695.0
337 6156.0 7965.0
338 5022.0 5805.0
339 8694.0 7695.0
340 9342.0 7155.0
341 9180.0 6075.0
342 9450.0 4455.0
343 8100.0 3645.0
344 4320.0 7965.0
345 2376.0 7965.0
346 1728.0 7695.0
347 1674.0 5535.0
348 1674.0 4725.0
349 2268.0 3645.0
350 3564.0 3105.0
351 5400.0 3105.0
352 6858.0 3105.0
353 6804.0 9045.0
354 5778.0 7155.0
355 9666.0 7965.0
356 10584.0 6885.0
357 10584.0 6615.0
358 10584.0 5265.0
359 7128.0 6615.0
360 4644.0 8775.0
361 3294.0 8235.0
362 1674.0 6885.0
363 2538.0 6075.0
364 2916.0 4185.0
365 2484.0 2565.0
366 3564.0 2565.0
367 5400.0 2565.0
368 7344.0 2565.0
