Instance ID x_center y_center
0 5790.0 140.0
1 140.0 25900.0
2 140.0 39340.0
3 32670.0 62260.0
4 24830.0 62260.0
5 30430.0 62260.0
6 36030.0 62260.0
7 49470.0 62260.0
8 140.0 24780.0
9 140.0 19180.0
10 140.0 14700.0
11 27070.0 140.0
12 140.0 16940.0
13 37150.0 140.0
14 49470.0 140.0
15 76860.0 13580.0
16 76860.0 22540.0
17 76860.0 28140.0
18 32670.0 140.0
19 140.0 38220.0
20 140.0 43820.0
21 140.0 47180.0
22 14750.0 62260.0
23 22590.0 140.0
24 23710.0 62260.0
25 21470.0 62260.0
26 30430.0 140.0
27 36030.0 140.0
28 48350.0 140.0
29 57310.0 140.0
30 76860.0 20300.0
31 76860.0 31500.0
32 140.0 33740.0
33 140.0 28140.0
34 140.0 29260.0
35 140.0 32620.0
36 140.0 23660.0
37 41630.0 62260.0
38 43870.0 62260.0
39 64030.0 62260.0
40 44990.0 62260.0
41 58430.0 62260.0
42 51710.0 62260.0
43 24830.0 140.0
44 23710.0 140.0
45 31550.0 140.0
46 40510.0 140.0
47 47230.0 140.0
48 76860.0 18060.0
49 76860.0 23660.0
50 76860.0 29260.0
51 76860.0 30380.0
52 140.0 30380.0
53 140.0 31500.0
54 30780.0 40600.0
55 21660.0 37800.0
56 34770.0 32200.0
57 64410.0 32200.0
58 29450.0 35000.0
59 42180.0 54600.0
60 37430.0 51800.0
61 33060.0 46200.0
62 25650.0 46200.0
63 31730.0 46200.0
64 33630.0 9800.0
65 20330.0 12600.0
66 19950.0 21000.0
67 18810.0 21000.0
68 23750.0 18200.0
69 66690.0 21000.0
70 58710.0 15400.0
71 51110.0 9800.0
72 45220.0 9800.0
73 50350.0 15400.0
74 29070.0 29400.0
76 18620.0 32200.0
77 9120.0 29400.0
81 10450.0 29400.0
82 11970.0 29400.0
84 9690.0 35000.0
85 3800.0 29400.0
88 7220.0 29400.0
89 5700.0 29400.0
90 9690.0 32200.0
91 11780.0 35000.0
92 7980.0 35000.0
93 20140.0 23800.0
95 27170.0 18200.0
96 21850.0 21000.0
97 26030.0 18200.0
98 28880.0 18200.0
99 32490.0 12600.0
100 32300.0 7000.0
101 34770.0 9800.0
102 34770.0 12600.0
103 20330.0 15400.0
104 23940.0 12600.0
105 22990.0 12600.0
106 23370.0 15400.0
107 35910.0 15400.0
108 36290.0 18200.0
109 30590.0 12600.0
110 31160.0 15400.0
111 39140.0 21000.0
112 38950.0 18200.0
113 67640.0 21000.0
114 61370.0 21000.0
115 66690.0 23800.0
116 59850.0 26600.0
117 60990.0 15400.0
118 61180.0 9800.0
119 56810.0 12600.0
120 56430.0 15400.0
121 53770.0 23800.0
122 52630.0 9800.0
123 54720.0 4200.0
124 52250.0 7000.0
125 52250.0 15400.0
126 44270.0 9800.0
127 41040.0 9800.0
128 41990.0 9800.0
129 44650.0 12600.0
130 43510.0 15400.0
131 44650.0 23800.0
132 46550.0 23800.0
133 58330.0 23800.0
134 57950.0 26600.0
135 49400.0 29400.0
136 54340.0 12600.0
137 43130.0 9800.0
138 52630.0 12600.0
139 51680.0 23800.0
140 51110.0 26600.0
141 51490.0 29400.0
142 19380.0 51800.0
143 37810.0 49000.0
144 40660.0 49000.0
145 39330.0 49000.0
146 42370.0 49000.0
147 45790.0 46200.0
148 22420.0 43400.0
149 25650.0 43400.0
150 27170.0 46200.0
151 40470.0 43400.0
152 45790.0 43400.0
153 39710.0 51800.0
154 38380.0 51800.0
155 41610.0 51800.0
156 43130.0 51800.0
157 48070.0 49000.0
158 50540.0 51800.0
159 49210.0 49000.0
160 43130.0 43400.0
161 33250.0 40600.0
162 31540.0 43400.0
163 32110.0 40600.0
164 34770.0 40600.0
165 19190.0 37800.0
166 15200.0 37800.0
167 24130.0 37800.0
168 36290.0 37800.0
169 40470.0 40600.0
170 46360.0 35000.0
171 37050.0 32200.0
172 33060.0 29400.0
173 33250.0 32200.0
174 39710.0 32200.0
175 43890.0 32200.0
176 61750.0 29400.0
177 63080.0 29400.0
178 61750.0 32200.0
179 57190.0 32200.0
180 55670.0 29400.0
181 49970.0 32200.0
182 45790.0 32200.0
183 43130.0 26600.0
184 44270.0 29400.0
185 42370.0 32200.0
186 41230.0 32200.0
187 43700.0 35000.0
188 42370.0 35000.0
189 36100.0 40600.0
190 37620.0 37800.0
191 38000.0 40600.0
192 41610.0 37800.0
193 40850.0 35000.0
194 39900.0 46200.0
195 42750.0 46200.0
196 46170.0 51800.0
197 53960.0 49000.0
198 44840.0 51800.0
199 41610.0 46200.0
200 40470.0 37800.0
201 34390.0 37800.0
202 30970.0 23800.0
203 18050.0 26600.0
204 22800.0 23800.0
205 24700.0 21000.0
206 25460.0 26600.0
207 23180.0 21000.0
208 19570.0 29400.0
210 17670.0 21000.0
211 19570.0 26600.0
213 9880.0 21000.0
214 6080.0 21000.0
215 7790.0 21000.0
216 22990.0 29400.0
217 23750.0 32200.0
218 22800.0 40600.0
219 41610.0 15400.0
220 45030.0 15400.0
221 45980.0 15400.0
222 42180.0 18200.0
223 45410.0 18200.0
224 51680.0 32200.0
225 49780.0 35000.0
226 48070.0 35000.0
227 47880.0 32200.0
228 47120.0 35000.0
229 47310.0 37800.0
230 47120.0 40600.0
231 26030.0 23800.0
232 26410.0 37800.0
233 22610.0 37800.0
234 20710.0 37800.0
235 9880.0 37800.0
236 7980.0 37800.0
237 6650.0 37800.0
238 30020.0 43400.0
239 34960.0 18200.0
240 20520.0 18200.0
241 28880.0 21000.0
242 34960.0 21000.0
243 22230.0 18200.0
244 31160.0 18200.0
245 33060.0 18200.0
246 33250.0 21000.0
247 37810.0 15400.0
248 41040.0 18200.0
249 51870.0 18200.0
250 49020.0 21000.0
251 44270.0 21000.0
252 46170.0 21000.0
253 55290.0 12600.0
254 54150.0 15400.0
255 53960.0 21000.0
256 36100.0 12600.0
257 42370.0 12600.0
258 49780.0 21000.0
259 51870.0 21000.0
260 57570.0 21000.0
261 49020.0 35000.0
262 51110.0 35000.0
263 55860.0 35000.0
264 56430.0 26600.0
265 54910.0 26600.0
266 55480.0 32200.0
267 57190.0 35000.0
268 57950.0 37800.0
269 59090.0 40600.0
270 38000.0 35000.0
271 38760.0 37800.0
272 59470.0 29400.0
273 59090.0 32200.0
274 54720.0 37800.0
275 54720.0 40600.0
276 57570.0 43400.0
277 56430.0 43400.0
278 53960.0 43400.0
279 58900.0 43400.0
280 60610.0 43400.0
281 34390.0 43400.0
282 28690.0 43400.0
283 21470.0 43400.0
284 9500.0 43400.0
285 7980.0 43400.0
286 10830.0 43400.0
287 23180.0 49000.0
288 45600.0 26600.0
289 46740.0 26600.0
290 46550.0 29400.0
291 44460.0 35000.0
292 45410.0 35000.0
293 44650.0 26600.0
294 41420.0 23800.0
295 41990.0 29400.0
296 43890.0 37800.0
297 42750.0 37800.0
298 45600.0 40600.0
299 44460.0 40600.0
300 42750.0 40600.0
301 27170.0 43400.0
302 21850.0 49000.0
303 19190.0 49000.0
304 14060.0 46200.0
305 7220.0 46200.0
306 8170.0 49000.0
307 34200.0 46200.0
308 50730.0 40600.0
309 53580.0 37800.0
310 54150.0 35000.0
311 50350.0 23800.0
312 48640.0 23800.0
313 43510.0 18200.0
314 47310.0 18200.0
315 48070.0 26600.0
316 53580.0 32200.0
317 52630.0 35000.0
318 36100.0 43400.0
319 37240.0 43400.0
320 51300.0 43400.0
321 55860.0 37800.0
322 53580.0 40600.0
323 52250.0 40600.0
324 50540.0 43400.0
325 48830.0 43400.0
326 48830.0 46200.0
327 47120.0 43400.0
328 47310.0 46200.0
329 35910.0 49000.0
330 33630.0 49000.0
331 25650.0 51800.0
332 17480.0 54600.0
333 15580.0 54600.0
334 18430.0 51800.0
335 34960.0 51800.0
336 45980.0 37800.0
337 51110.0 37800.0
338 52250.0 37800.0
339 52060.0 46200.0
340 48260.0 37800.0
341 49210.0 37800.0
342 44650.0 43400.0
343 43700.0 46200.0
344 44650.0 46200.0
345 49970.0 46200.0
346 50540.0 49000.0
347 53200.0 49000.0
348 52060.0 49000.0
349 52250.0 51800.0
350 35150.0 54600.0
351 33630.0 54600.0
352 27550.0 54600.0
353 29260.0 54600.0
354 25080.0 54600.0
355 26410.0 54600.0
356 33440.0 51800.0
357 51110.0 46200.0
358 52440.0 43400.0
359 55860.0 40600.0
360 57190.0 40600.0
361 54910.0 43400.0
362 44080.0 49000.0
363 53200.0 46200.0
364 54530.0 46200.0
365 55480.0 49000.0
366 57950.0 49000.0
367 55670.0 51800.0
368 56620.0 49000.0
369 54150.0 51800.0
370 36290.0 51800.0
371 32110.0 51800.0
372 23750.0 54600.0
373 22040.0 51800.0
374 22040.0 54600.0
375 20710.0 54600.0
376 27360.0 21000.0
377 25080.0 18200.0
378 25080.0 15400.0
379 21660.0 15400.0
380 18810.0 12600.0
381 12160.0 18200.0
382 6080.0 15400.0
383 7410.0 15400.0
384 27360.0 15400.0
385 25080.0 12600.0
386 21660.0 12600.0
387 17670.0 12600.0
388 11020.0 15400.0
389 9120.0 15400.0
390 13110.0 12600.0
391 33440.0 15400.0
392 29260.0 12600.0
393 27740.0 12600.0
394 26410.0 12600.0
395 29260.0 7000.0
396 29640.0 4200.0
397 25270.0 7000.0
398 39900.0 15400.0
399 40280.0 12600.0
400 38760.0 12600.0
401 37430.0 12600.0
402 43700.0 4200.0
403 36860.0 7000.0
404 35530.0 7000.0
405 46930.0 15400.0
406 49020.0 15400.0
407 49020.0 18200.0
408 48070.0 15400.0
409 49020.0 12600.0
410 50540.0 12600.0
411 47690.0 12600.0
412 53580.0 4200.0
413 46740.0 7000.0
414 48070.0 7000.0
415 55100.0 18200.0
416 63460.0 15400.0
417 64980.0 15400.0
418 66310.0 15400.0
419 69920.0 12600.0
420 72200.0 12600.0
421 67450.0 12600.0
422 59470.0 23800.0
423 56240.0 23800.0
424 60610.0 23800.0
425 63460.0 23800.0
426 64980.0 23800.0
427 65550.0 21000.0
428 72580.0 26600.0
429 72200.0 21000.0
430 69730.0 21000.0
431 57190.0 29400.0
432 53960.0 29400.0
433 58330.0 29400.0
434 62700.0 26600.0
435 64600.0 26600.0
436 66690.0 26600.0
437 70680.0 29400.0
438 71060.0 26600.0
439 68590.0 26600.0
440 34200.0 29400.0
441 36290.0 21000.0
442 38190.0 21000.0
443 38380.0 23800.0
444 47500.0 29400.0
445 37430.0 18200.0
446 40090.0 21000.0
447 39710.0 23800.0
448 39900.0 26600.0
449 39900.0 29400.0
450 35530.0 29400.0
451 36670.0 29400.0
452 36670.0 26600.0
453 36100.0 23800.0
454 33440.0 23800.0
455 34770.0 23800.0
456 20710.0 32200.0
458 12350.0 21000.0
459 14630.0 26600.0
461 15770.0 21000.0
462 14630.0 35000.0
463 15960.0 35000.0
464 17670.0 35000.0
465 16910.0 37800.0
466 33250.0 57400.0
467 33060.0 43400.0
468 32490.0 37800.0
469 29450.0 37800.0
470 24130.0 57400.0
471 59090.0 49000.0
472 24700.0 49000.0
473 23750.0 43400.0
474 23750.0 46200.0
476 30970.0 51800.0
477 28880.0 51800.0
478 27170.0 51800.0
479 29450.0 46200.0
480 36290.0 57400.0
481 36480.0 54600.0
482 38190.0 54600.0
483 40470.0 54600.0
484 48830.0 54600.0
485 46550.0 54600.0
486 44270.0 54600.0
487 13110.0 15400.0
488 15390.0 15400.0
489 17670.0 15400.0
490 23750.0 7000.0
491 23940.0 9800.0
492 21850.0 7000.0
493 21850.0 9800.0
494 30970.0 4200.0
495 30780.0 7000.0
496 25650.0 9800.0
497 27170.0 7000.0
498 39710.0 4200.0
499 39900.0 9800.0
500 38570.0 7000.0
501 41610.0 4200.0
502 49210.0 7000.0
503 50540.0 7000.0
504 49590.0 9800.0
505 54910.0 9800.0
506 60230.0 7000.0
507 59660.0 9800.0
508 57950.0 9800.0
509 59090.0 12600.0
510 64410.0 21000.0
511 63080.0 21000.0
512 60230.0 18200.0
513 62510.0 18200.0
514 66310.0 32200.0
515 63080.0 32200.0
516 60230.0 32200.0
517 60610.0 35000.0
518 14250.0 29400.0
519 25840.0 32200.0
520 27170.0 32200.0
521 29830.0 32200.0
522 7790.0 26600.0
523 5890.0 32200.0
524 13490.0 32200.0
525 6650.0 23800.0
526 7790.0 40600.0
527 14630.0 43400.0
528 11970.0 49000.0
529 14630.0 51800.0
530 28310.0 57400.0
531 19190.0 57400.0
532 6270.0 18200.0
533 9310.0 12600.0
534 25650.0 4200.0
535 35910.0 4200.0
536 49590.0 4200.0
537 67070.0 9800.0
538 70870.0 23800.0
539 66690.0 29400.0
540 32870.0 26600.0
541 15390.0 23800.0
542 18050.0 40600.0
543 27170.0 40600.0
544 19190.0 46200.0
545 29830.0 49000.0
546 40090.0 57400.0
547 50730.0 57400.0
548 16150.0 18200.0
549 17290.0 9800.0
550 29830.0 9800.0
551 42750.0 7000.0
552 56430.0 7000.0
553 63650.0 12600.0
554 67070.0 18200.0
555 65170.0 35000.0
556 34010.0 35000.0
