Instance ID x_center y_center
0 10270.0 140.0
1 140.0 22540.0
2 140.0 42700.0
3 140.0 44940.0
4 34910.0 74430.0
5 24830.0 74430.0
6 23710.0 74430.0
7 44990.0 74430.0
8 140.0 23660.0
9 140.0 15820.0
10 25950.0 140.0
11 37150.0 140.0
12 16990.0 140.0
13 47230.0 140.0
14 82270.0 13580.0
15 82270.0 18060.0
16 82270.0 28140.0
17 46110.0 140.0
18 38270.0 140.0
19 140.0 48300.0
20 140.0 50540.0
21 33790.0 74430.0
22 140.0 55020.0
23 29310.0 140.0
24 15870.0 74430.0
25 36030.0 74430.0
26 40510.0 140.0
27 43870.0 140.0
28 64030.0 140.0
29 82270.0 20300.0
30 82270.0 33740.0
31 82270.0 34860.0
32 140.0 38220.0
33 140.0 32620.0
34 140.0 28140.0
35 140.0 29260.0
36 28190.0 140.0
37 41630.0 74430.0
38 43870.0 74430.0
39 62910.0 74430.0
40 50590.0 74430.0
41 58430.0 74430.0
42 51710.0 74430.0
43 32670.0 140.0
44 33790.0 140.0
45 42750.0 140.0
46 52830.0 140.0
47 56190.0 140.0
48 82270.0 22540.0
49 82270.0 29260.0
50 82270.0 31500.0
51 41630.0 140.0
52 140.0 30380.0
53 140.0 31500.0
54 24700.0 46200.0
55 33820.0 49000.0
56 34770.0 37800.0
57 42370.0 35000.0
58 30210.0 37800.0
59 47120.0 63000.0
60 27170.0 63000.0
61 27740.0 57400.0
62 37810.0 54600.0
63 29450.0 57400.0
64 45410.0 9800.0
65 29830.0 9800.0
66 23750.0 15400.0
67 25270.0 23800.0
68 29830.0 18200.0
69 70110.0 32200.0
70 73150.0 23800.0
71 66690.0 12600.0
72 54720.0 9800.0
73 65550.0 23800.0
74 29450.0 26600.0
75 19190.0 29400.0
76 20900.0 29400.0
77 5700.0 29400.0
78 17290.0 32200.0
79 18430.0 32200.0
80 19570.0 9800.0
81 12730.0 26600.0
82 10450.0 29400.0
83 21660.0 32200.0
84 7790.0 32200.0
85 4180.0 29400.0
86 19570.0 32200.0
87 32870.0 4200.0
88 7220.0 23800.0
89 7220.0 29400.0
90 10450.0 26600.0
91 11400.0 26600.0
92 8740.0 29400.0
93 25460.0 21000.0
94 15200.0 15400.0
95 26410.0 15400.0
96 27170.0 21000.0
97 26030.0 18200.0
98 27740.0 18200.0
99 42750.0 12600.0
100 43320.0 7000.0
101 44270.0 9800.0
102 44650.0 12600.0
103 30590.0 12600.0
104 31920.0 7000.0
105 30970.0 9800.0
106 35150.0 12600.0
107 45410.0 15400.0
108 54910.0 18200.0
109 38190.0 12600.0
110 38760.0 15400.0
111 55860.0 18200.0
112 55670.0 21000.0
113 72200.0 32200.0
114 73910.0 35000.0
115 68590.0 32200.0
116 64030.0 32200.0
117 72770.0 21000.0
118 74860.0 21000.0
119 74670.0 23800.0
120 64410.0 26600.0
121 62130.0 29400.0
122 68590.0 15400.0
123 68780.0 12600.0
124 65170.0 12600.0
125 62510.0 18200.0
126 50730.0 9800.0
127 51300.0 7000.0
128 51870.0 9800.0
129 50350.0 12600.0
130 57190.0 18200.0
131 59470.0 29400.0
132 57950.0 32200.0
133 66310.0 32200.0
134 66310.0 35000.0
135 60420.0 37800.0
136 63460.0 15400.0
137 53010.0 9800.0
138 61750.0 15400.0
139 62320.0 32200.0
140 61750.0 35000.0
141 56430.0 37800.0
142 19380.0 54600.0
143 41610.0 54600.0
144 44460.0 54600.0
145 41230.0 57400.0
146 45410.0 57400.0
147 46930.0 51800.0
148 32680.0 57400.0
149 36290.0 54600.0
150 35530.0 57400.0
151 40090.0 51800.0
152 55290.0 49000.0
153 29830.0 60200.0
154 27360.0 60200.0
155 28310.0 60200.0
156 45790.0 60200.0
157 55670.0 57400.0
158 49780.0 63000.0
159 54530.0 57400.0
160 55290.0 51800.0
161 27550.0 49000.0
162 20900.0 49000.0
163 24130.0 49000.0
164 39710.0 49000.0
165 31350.0 43400.0
166 30020.0 43400.0
167 34010.0 43400.0
168 39330.0 43400.0
169 44270.0 46200.0
170 57000.0 43400.0
171 40090.0 37800.0
172 37620.0 37800.0
173 36290.0 37800.0
174 43130.0 37800.0
175 46170.0 37800.0
176 43890.0 35000.0
177 45220.0 35000.0
178 46170.0 35000.0
179 46170.0 32200.0
180 53770.0 35000.0
181 57570.0 40600.0
182 62130.0 43400.0
183 55670.0 40600.0
184 51110.0 37800.0
185 44650.0 37800.0
186 44650.0 40600.0
187 54340.0 40600.0
188 54530.0 43400.0
189 41040.0 49000.0
190 38000.0 43400.0
191 42560.0 49000.0
192 53770.0 46200.0
193 54910.0 46200.0
194 43320.0 54600.0
195 54910.0 54600.0
196 48070.0 63000.0
197 50920.0 60200.0
198 49400.0 60200.0
199 52250.0 57400.0
200 52630.0 46200.0
201 41610.0 40600.0
202 34770.0 29400.0
203 23750.0 32200.0
204 25460.0 29400.0
205 30400.0 21000.0
206 29260.0 29400.0
207 28500.0 21000.0
208 22230.0 29400.0
209 35720.0 26600.0
210 17670.0 21000.0
211 23370.0 29400.0
212 26410.0 23800.0
213 14440.0 23800.0
214 10260.0 23800.0
215 16150.0 21000.0
216 27550.0 35000.0
217 27170.0 40600.0
218 34960.0 46200.0
219 58330.0 15400.0
220 59850.0 15400.0
221 60040.0 18200.0
222 58900.0 18200.0
223 59850.0 21000.0
224 59280.0 40600.0
225 58900.0 46200.0
226 59850.0 46200.0
227 60800.0 40600.0
228 60420.0 43400.0
229 60990.0 46200.0
230 41420.0 46200.0
231 26790.0 32200.0
232 38190.0 46200.0
233 36670.0 46200.0
234 15770.0 46200.0
235 15580.0 43400.0
236 8360.0 46200.0
237 9690.0 46200.0
238 25460.0 49000.0
239 38000.0 18200.0
240 23940.0 18200.0
241 31540.0 18200.0
242 39140.0 18200.0
243 29450.0 12600.0
244 29260.0 15400.0
245 41420.0 18200.0
246 42750.0 18200.0
247 47310.0 15400.0
248 46360.0 18200.0
249 59850.0 23800.0
250 55860.0 23800.0
251 47690.0 23800.0
252 48070.0 26600.0
253 67070.0 23800.0
254 66690.0 26600.0
255 52440.0 23800.0
256 45980.0 12600.0
257 52630.0 12600.0
258 53580.0 21000.0
259 54150.0 23800.0
260 54530.0 26600.0
261 45600.0 43400.0
262 46550.0 40600.0
263 49780.0 40600.0
264 55670.0 29400.0
265 53770.0 32200.0
266 50540.0 35000.0
267 51110.0 40600.0
268 51490.0 43400.0
269 52630.0 49000.0
270 40280.0 40600.0
271 41040.0 43400.0
272 48830.0 35000.0
273 47690.0 32200.0
274 47880.0 43400.0
275 50540.0 54600.0
276 51490.0 51800.0
277 48070.0 51800.0
278 49020.0 51800.0
279 50160.0 51800.0
280 45410.0 51800.0
281 30210.0 51800.0
282 25270.0 51800.0
283 20710.0 51800.0
284 16340.0 49000.0
285 14060.0 49000.0
286 18430.0 51800.0
287 37240.0 57400.0
288 61180.0 37800.0
289 62320.0 37800.0
290 62510.0 40600.0
291 57000.0 46200.0
292 62130.0 46200.0
293 58710.0 35000.0
294 57760.0 35000.0
295 58710.0 37800.0
296 60230.0 49000.0
297 60230.0 51800.0
298 53960.0 49000.0
299 58900.0 49000.0
300 59090.0 51800.0
301 39330.0 60200.0
302 38190.0 60200.0
303 37050.0 60200.0
304 34580.0 63000.0
305 33820.0 68600.0
306 35150.0 68600.0
307 28880.0 54600.0
308 50350.0 49000.0
309 49020.0 43400.0
310 48450.0 40600.0
311 49590.0 23800.0
312 49780.0 26600.0
313 48070.0 18200.0
314 51110.0 21000.0
315 50350.0 29400.0
316 49020.0 29400.0
317 48830.0 32200.0
318 42180.0 51800.0
319 43320.0 51800.0
320 44460.0 51800.0
321 46360.0 43400.0
322 47120.0 46200.0
323 48450.0 46200.0
324 49400.0 46200.0
325 48450.0 49000.0
326 45790.0 49000.0
327 47120.0 49000.0
328 44270.0 49000.0
329 40090.0 54600.0
330 27550.0 54600.0
331 18430.0 57400.0
332 17100.0 54600.0
333 10260.0 54600.0
334 10830.0 57400.0
335 28880.0 63000.0
336 56620.0 49000.0
337 57950.0 46200.0
338 63270.0 46200.0
339 61180.0 57400.0
340 57760.0 49000.0
341 61370.0 51800.0
342 53770.0 51800.0
343 56240.0 54600.0
344 57570.0 54600.0
345 59850.0 54600.0
346 60040.0 57400.0
347 58900.0 54600.0
348 58520.0 57400.0
349 59090.0 60200.0
350 32490.0 63000.0
351 30590.0 63000.0
352 20710.0 63000.0
353 18240.0 65800.0
354 17480.0 68600.0
355 16910.0 65800.0
356 36100.0 63000.0
357 46170.0 54600.0
358 49020.0 54600.0
359 52060.0 54600.0
360 53770.0 54600.0
361 49590.0 57400.0
362 47120.0 57400.0
363 47500.0 54600.0
364 48450.0 57400.0
365 50540.0 57400.0
366 54910.0 60200.0
367 52250.0 60200.0
368 53580.0 60200.0
369 52250.0 63000.0
370 40090.0 63000.0
371 38570.0 63000.0
372 37430.0 63000.0
373 36100.0 65800.0
374 36480.0 68600.0
375 37430.0 65800.0
376 33060.0 18200.0
377 33440.0 15400.0
378 30780.0 15400.0
379 25080.0 15400.0
380 21090.0 18200.0
381 13680.0 12600.0
382 7220.0 15400.0
383 11210.0 18200.0
384 34960.0 15400.0
385 32300.0 15400.0
386 27740.0 15400.0
387 26410.0 12600.0
388 26600.0 4200.0
389 26600.0 7000.0
390 25270.0 7000.0
391 43320.0 15400.0
392 41040.0 15400.0
393 37240.0 15400.0
394 36670.0 12600.0
395 39140.0 4200.0
396 37240.0 4200.0
397 35910.0 4200.0
398 56240.0 15400.0
399 53960.0 15400.0
400 52440.0 15400.0
401 49590.0 15400.0
402 50160.0 7000.0
403 47500.0 7000.0
404 48830.0 7000.0
405 52250.0 21000.0
406 52820.0 18200.0
407 51680.0 18200.0
408 53770.0 18200.0
409 64600.0 15400.0
410 66120.0 15400.0
411 67830.0 12600.0
412 76000.0 12600.0
413 77520.0 12600.0
414 72390.0 12600.0
415 63080.0 23800.0
416 64980.0 21000.0
417 66500.0 21000.0
418 68210.0 21000.0
419 76380.0 18200.0
420 77900.0 18200.0
421 71250.0 21000.0
422 56810.0 29400.0
423 54340.0 29400.0
424 57950.0 29400.0
425 64980.0 29400.0
426 66880.0 29400.0
427 68210.0 29400.0
428 76380.0 29400.0
429 77900.0 29400.0
430 74670.0 29400.0
431 51870.0 35000.0
432 55860.0 35000.0
433 55670.0 32200.0
434 47500.0 29400.0
435 43320.0 32200.0
436 44650.0 32200.0
437 44840.0 26600.0
438 46360.0 26600.0
439 45030.0 29400.0
440 37240.0 40600.0
441 40470.0 18200.0
442 44270.0 21000.0
443 42940.0 21000.0
444 46360.0 23800.0
445 44650.0 18200.0
446 45790.0 21000.0
447 45410.0 23800.0
448 43700.0 23800.0
449 42180.0 26600.0
450 38950.0 26600.0
451 37050.0 29400.0
452 37050.0 26600.0
453 38000.0 23800.0
454 38000.0 21000.0
455 36670.0 21000.0
456 23370.0 35000.0
457 20710.0 37800.0
458 16530.0 23800.0
459 19190.0 26600.0
460 23370.0 40600.0
461 21090.0 21000.0
462 18810.0 43400.0
463 27360.0 43400.0
464 25270.0 43400.0
465 26410.0 46200.0
466 17290.0 43400.0
467 17100.0 46200.0
468 19570.0 49000.0
469 20710.0 43400.0
470 34390.0 60200.0
471 62130.0 57400.0
472 33820.0 57400.0
473 34390.0 54600.0
474 32110.0 54600.0
475 18430.0 35000.0
476 26030.0 63000.0
477 26600.0 57400.0
478 24890.0 57400.0
479 22610.0 57400.0
480 24510.0 63000.0
481 25080.0 60200.0
482 22610.0 60200.0
483 22610.0 63000.0
484 44650.0 68600.0
485 45790.0 63000.0
486 43130.0 63000.0
487 16910.0 12600.0
488 19190.0 12600.0
489 22230.0 12600.0
490 30590.0 4200.0
491 30400.0 7000.0
492 28690.0 7000.0
493 27930.0 9800.0
494 41610.0 4200.0
495 42180.0 7000.0
496 40470.0 7000.0
497 40470.0 12600.0
498 44270.0 4200.0
499 52440.0 7000.0
500 54150.0 7000.0
501 56430.0 9800.0
502 67830.0 9800.0
503 66500.0 9800.0
504 66310.0 7000.0
505 63270.0 7000.0
506 76950.0 21000.0
507 76380.0 23800.0
508 68970.0 23800.0
509 71250.0 23800.0
510 76950.0 35000.0
511 75620.0 35000.0
512 72010.0 35000.0
513 69730.0 35000.0
514 67830.0 35000.0
515 47500.0 35000.0
516 32110.0 35000.0
517 34010.0 35000.0
518 16150.0 37800.0
519 23940.0 37800.0
520 25270.0 37800.0
521 27930.0 37800.0
522 12350.0 32200.0
523 6650.0 26600.0
524 15010.0 29400.0
525 17290.0 18200.0
526 11590.0 43400.0
527 14630.0 51800.0
528 32110.0 65800.0
529 14630.0 57400.0
530 16910.0 63000.0
531 41230.0 65800.0
532 11210.0 15400.0
533 21470.0 7000.0
534 36290.0 7000.0
535 48070.0 4200.0
536 73530.0 15400.0
537 72390.0 18200.0
538 76190.0 32200.0
539 41230.0 29400.0
540 34010.0 23800.0
541 21470.0 23800.0
542 30970.0 46200.0
543 21090.0 46200.0
544 34010.0 51800.0
545 22990.0 54600.0
546 24510.0 65800.0
547 47690.0 65800.0
548 19950.0 15400.0
549 23370.0 9800.0
550 40470.0 9800.0
551 58330.0 7000.0
552 62510.0 9800.0
553 75050.0 26600.0
554 70870.0 37800.0
555 38570.0 35000.0
556 31730.0 40600.0
