Instance ID x_center y_center
0 42.0 7212.0
1 10284.0 2700.0
2 6060.0 42.0
3 7884.0 42.0
4 6540.0 42.0
5 5868.0 42.0
6 5772.0 42.0
7 10284.0 3468.0
8 10284.0 3180.0
9 10284.0 5100.0
10 7404.0 8619.0
11 7020.0 8619.0
12 10284.0 4716.0
13 5292.0 8619.0
14 4236.0 8619.0
15 3276.0 8619.0
16 42.0 5772.0
17 42.0 4332.0
18 42.0 3948.0
19 42.0 4428.0
20 10284.0 2796.0
21 6732.0 42.0
22 42.0 3852.0
23 10284.0 5772.0
24 5388.0 42.0
25 5676.0 42.0
26 6348.0 8619.0
27 5772.0 8619.0
28 4524.0 8619.0
29 2988.0 8619.0
30 42.0 6348.0
31 42.0 5196.0
32 42.0 4044.0
33 7308.0 8619.0
34 10284.0 4332.0
35 10284.0 4236.0
36 10284.0 3372.0
37 42.0 4236.0
38 42.0 2604.0
39 6252.0 42.0
40 2508.0 42.0
41 4524.0 42.0
42 5100.0 42.0
43 10284.0 5004.0
44 10284.0 5484.0
45 10284.0 5676.0
46 5580.0 8619.0
47 4716.0 8619.0
48 4620.0 8619.0
49 42.0 5484.0
50 42.0 4716.0
51 42.0 3756.0
52 10284.0 4140.0
53 10284.0 4044.0
54 8991.0 4185.0
55 5697.0 4455.0
56 5805.0 4725.0
57 6237.0 4995.0
58 8775.0 4995.0
59 8667.0 2835.0
60 3078.0 4995.0
61 2646.0 4185.0
62 2997.0 4185.0
63 3996.0 3915.0
64 3834.0 3645.0
65 6507.0 5805.0
66 6237.0 5805.0
67 5346.0 5535.0
68 5913.0 6075.0
69 4995.0 5535.0
70 5697.0 5535.0
71 3510.0 4455.0
72 3186.0 3645.0
73 3267.0 3375.0
74 4158.0 3375.0
75 4536.0 3375.0
76 4131.0 2295.0
77 4914.0 2295.0
78 5076.0 2835.0
79 4752.0 3105.0
80 4644.0 2025.0
81 4752.0 2565.0
82 5400.0 2835.0
83 5022.0 3375.0
84 4833.0 3645.0
85 4671.0 5265.0
86 5535.0 2565.0
87 6372.0 3105.0
88 3213.0 5265.0
89 6507.0 6345.0
90 6642.0 4995.0
91 6804.0 4725.0
92 7722.0 4455.0
93 6912.0 4185.0
94 7506.0 3645.0
95 8262.0 3645.0
96 8505.0 4455.0
97 5913.0 4455.0
98 6129.0 4725.0
99 8532.0 4185.0
100 6507.0 3645.0
101 6858.0 3915.0
102 6534.0 3915.0
103 4023.0 6075.0
104 8208.0 4455.0
105 7101.0 3915.0
106 7371.0 3915.0
107 2619.0 3375.0
108 2403.0 4185.0
109 1971.0 5535.0
110 3483.0 6345.0
111 4563.0 6615.0
112 5913.0 6615.0
113 7911.0 6885.0
114 8613.0 6345.0
115 7857.0 4725.0
116 6669.0 3105.0
117 4293.0 1485.0
118 3645.0 1755.0
119 6669.0 1485.0
120 7695.0 2295.0
121 5049.0 4725.0
122 6102.0 3915.0
123 5292.0 4725.0
124 7938.0 3645.0
125 4266.0 3645.0
126 4401.0 3105.0
127 5076.0 3105.0
128 5616.0 3645.0
129 5454.0 3375.0
130 5562.0 5265.0
131 8694.0 3105.0
132 8046.0 2835.0
133 8262.0 3105.0
134 6777.0 3645.0
135 5076.0 4995.0
136 4644.0 4725.0
137 1917.0 6885.0
138 3888.0 4455.0
139 5859.0 4995.0
140 3348.0 4185.0
141 3645.0 3915.0
142 3807.0 4185.0
143 4212.0 4725.0
144 4428.0 4185.0
145 8424.0 2835.0
146 7344.0 2835.0
147 3537.0 3375.0
148 8343.0 4725.0
149 8451.0 5265.0
150 5886.0 5805.0
151 6102.0 5535.0
152 6102.0 5265.0
153 4374.0 5265.0
154 3942.0 5535.0
155 3456.0 4995.0
156 3888.0 4995.0
157 4239.0 4995.0
158 3105.0 4455.0
159 3186.0 3105.0
160 2403.0 2835.0
161 1944.0 2565.0
162 2403.0 2565.0
163 2808.0 2295.0
164 2484.0 2295.0
165 7182.0 2295.0
166 6696.0 1215.0
167 7452.0 1215.0
168 7020.0 1755.0
169 5076.0 2565.0
170 5535.0 2295.0
171 7074.0 1215.0
172 3915.0 2565.0
173 2862.0 2565.0
174 3186.0 2295.0
175 2781.0 2025.0
176 2727.0 6615.0
177 1674.0 3915.0
178 2754.0 2835.0
179 3402.0 1755.0
180 2700.0 1485.0
181 5508.0 1215.0
182 3888.0 1215.0
183 4374.0 1755.0
184 4536.0 2295.0
185 4185.0 2025.0
186 4266.0 1215.0
187 3645.0 2295.0
188 3537.0 2565.0
189 3510.0 3105.0
190 3186.0 2565.0
191 3132.0 2835.0
192 3672.0 2835.0
193 4131.0 2835.0
194 4617.0 2835.0
195 6264.0 3375.0
196 5994.0 3645.0
197 5940.0 3105.0
198 5886.0 2565.0
199 6480.0 4725.0
200 7614.0 5265.0
201 2322.0 6615.0
202 7290.0 5265.0
203 7344.0 4725.0
204 7425.0 5805.0
205 7722.0 5535.0
206 7722.0 6615.0
207 7236.0 6075.0
208 7668.0 6075.0
209 6507.0 5265.0
210 6615.0 5535.0
211 7128.0 5535.0
212 7182.0 6615.0
213 6858.0 6615.0
214 7020.0 6345.0
215 5481.0 5805.0
216 5319.0 6075.0
217 5130.0 5805.0
218 5292.0 6885.0
219 6156.0 6615.0
220 5292.0 6345.0
221 4509.0 5535.0
222 4644.0 5805.0
223 4320.0 6885.0
224 4752.0 6345.0
225 4266.0 6345.0
226 3915.0 5805.0
227 4806.0 6075.0
228 3240.0 5805.0
229 3618.0 6075.0
230 3186.0 6075.0
231 4050.0 5265.0
232 3726.0 5265.0
233 2889.0 5535.0
234 2322.0 5265.0
235 1728.0 5535.0
236 2376.0 5805.0
237 2322.0 5535.0
238 2592.0 4725.0
239 2160.0 4185.0
240 3645.0 4725.0
241 3267.0 4725.0
242 2511.0 4455.0
243 2916.0 4725.0
244 2160.0 4725.0
245 2376.0 3915.0
246 2052.0 3915.0
247 3294.0 3915.0
248 2835.0 3915.0
249 2322.0 3375.0
250 2160.0 3645.0
251 4644.0 4995.0
252 8694.0 2295.0
253 9018.0 2295.0
254 9018.0 3105.0
255 9018.0 2835.0
256 4968.0 4185.0
257 6048.0 1755.0
258 5670.0 3915.0
259 5400.0 4455.0
260 7938.0 2565.0
261 7830.0 1215.0
262 7884.0 1755.0
263 8100.0 2295.0
264 6210.0 2025.0
265 6426.0 1485.0
266 6480.0 1755.0
267 6642.0 2295.0
268 4644.0 1215.0
269 5832.0 1215.0
270 5670.0 1485.0
271 4968.0 1215.0
272 4806.0 1755.0
273 6048.0 1485.0
274 5670.0 1755.0
275 5184.0 1755.0
276 6804.0 3375.0
277 7830.0 3375.0
278 7128.0 3645.0
279 7236.0 3375.0
280 8748.0 4455.0
281 8910.0 4725.0
282 8586.0 4725.0
283 9018.0 4995.0
284 8424.0 6615.0
285 8802.0 5805.0
286 7992.0 5805.0
287 8424.0 5805.0
288 6534.0 6615.0
289 6318.0 7425.0
290 6534.0 6885.0
291 6696.0 7425.0
292 6048.0 6885.0
293 5400.0 7425.0
294 5670.0 6885.0
295 5724.0 7425.0
296 3888.0 6885.0
297 4644.0 7425.0
298 4698.0 6885.0
299 3996.0 7155.0
300 3240.0 6615.0
301 2970.0 7425.0
302 2970.0 6885.0
303 3348.0 6885.0
304 2052.0 6345.0
305 1296.0 6345.0
306 1674.0 6345.0
307 1836.0 6615.0
308 1836.0 4185.0
309 1404.0 5265.0
310 1620.0 4725.0
311 1728.0 5265.0
312 1836.0 3375.0
313 1296.0 3915.0
314 1674.0 3645.0
315 1404.0 3375.0
316 2160.0 2295.0
317 8316.0 4995.0
318 5481.0 3105.0
319 4347.0 2565.0
320 3591.0 2025.0
321 6129.0 2295.0
322 6345.0 2565.0
323 4509.0 3915.0
324 2781.0 3645.0
325 2565.0 4995.0
326 2781.0 5265.0
327 3429.0 5535.0
328 4401.0 6075.0
329 5913.0 6345.0
330 6453.0 6075.0
331 6885.0 5805.0
332 8019.0 5265.0
333 8667.0 3645.0
334 8640.0 3915.0
335 7722.0 4185.0
336 7020.0 4455.0
337 8640.0 3375.0
338 4644.0 4455.0
339 7236.0 2565.0
340 7290.0 1485.0
341 2700.0 1755.0
342 3672.0 1485.0
343 6264.0 2835.0
344 7398.0 4995.0
345 7992.0 6345.0
346 7290.0 6885.0
347 5238.0 6615.0
348 3942.0 6615.0
349 2862.0 6345.0
350 1674.0 5805.0
351 1674.0 4455.0
352 2106.0 3105.0
353 8640.0 2565.0
354 5724.0 4185.0
355 8262.0 2025.0
356 6912.0 2025.0
357 4914.0 1485.0
358 5400.0 2025.0
359 7344.0 3105.0
360 8640.0 5535.0
361 8640.0 6075.0
362 7020.0 7155.0
363 5940.0 7155.0
364 4698.0 7155.0
365 3024.0 7155.0
366 2160.0 6075.0
367 1728.0 4995.0
368 1728.0 2835.0
