Instance ID x_center y_center
0 9900.0 7224.0
1 5964.0 7224.0
2 6252.0 7224.0
3 8748.0 7224.0
4 9516.0 7224.0
5 12490.0 4332.0
6 12490.0 4428.0
7 7788.0 7224.0
8 6348.0 7224.0
9 4812.0 7224.0
10 3468.0 7224.0
11 42.0 5004.0
12 5292.0 7224.0
13 42.0 3660.0
14 42.0 2892.0
15 42.0 2220.0
16 4044.0 42.0
17 5964.0 42.0
18 7116.0 42.0
19 6252.0 42.0
20 7980.0 7224.0
21 12490.0 5196.0
22 7212.0 7224.0
23 5196.0 7224.0
24 12490.0 3180.0
25 7116.0 7224.0
26 42.0 4524.0
27 42.0 3948.0
28 42.0 2988.0
29 42.0 1644.0
30 4140.0 42.0
31 5196.0 42.0
32 6636.0 42.0
33 6828.0 7224.0
34 6924.0 7224.0
35 7020.0 7224.0
36 5868.0 7224.0
37 6732.0 42.0
38 8556.0 42.0
39 12490.0 4812.0
40 12490.0 2124.0
41 12490.0 2892.0
42 12490.0 3564.0
43 4908.0 7224.0
44 4140.0 7224.0
45 4044.0 7224.0
46 42.0 3852.0
47 42.0 3084.0
48 4812.0 42.0
49 4908.0 42.0
50 5868.0 42.0
51 7020.0 42.0
52 7308.0 7224.0
53 7500.0 7224.0
54 9099.0 6075.0
55 5589.0 4185.0
56 5859.0 4455.0
57 4671.0 6075.0
58 5319.0 5265.0
59 6129.0 5265.0
60 5454.0 2835.0
61 6102.0 2295.0
62 6237.0 2565.0
63 6912.0 2835.0
64 7344.0 2835.0
65 4185.0 4455.0
66 3915.0 4455.0
67 4536.0 3645.0
68 3321.0 4185.0
69 3807.0 3645.0
70 4185.0 3645.0
71 4644.0 2835.0
72 7506.0 2295.0
73 7803.0 2295.0
74 7722.0 2835.0
75 7938.0 3105.0
76 8883.0 2835.0
77 9072.0 3375.0
78 9288.0 3645.0
79 8370.0 3375.0
80 9558.0 2835.0
81 9342.0 3105.0
82 9720.0 3645.0
83 7830.0 3645.0
84 7803.0 3375.0
85 5427.0 3645.0
86 8451.0 4185.0
87 7614.0 4455.0
88 4995.0 2025.0
89 2565.0 4455.0
90 6480.0 4455.0
91 6750.0 4995.0
92 6696.0 6075.0
93 6696.0 5805.0
94 7074.0 4995.0
95 7614.0 6075.0
96 7263.0 6075.0
97 5535.0 3915.0
98 5697.0 3645.0
99 7938.0 5535.0
100 7371.0 4725.0
101 6804.0 4725.0
102 7128.0 4725.0
103 2673.0 3375.0
104 7452.0 5535.0
105 6993.0 6075.0
106 7047.0 5535.0
107 7641.0 1755.0
108 6075.0 1485.0
109 4563.0 1485.0
110 3429.0 1755.0
111 2565.0 3105.0
112 2619.0 4185.0
113 2997.0 4725.0
114 3645.0 5265.0
115 5049.0 4725.0
116 7857.0 3915.0
117 10773.0 3375.0
118 10719.0 2565.0
119 9909.0 4725.0
120 8937.0 4995.0
121 6561.0 3375.0
122 6750.0 3915.0
123 6318.0 3645.0
124 5616.0 4995.0
125 7452.0 3105.0
126 8073.0 2835.0
127 8748.0 3375.0
128 8046.0 4185.0
129 8262.0 3645.0
130 1836.0 3645.0
131 6264.0 6075.0
132 6264.0 5805.0
133 5724.0 5265.0
134 6399.0 4725.0
135 2862.0 1485.0
136 6804.0 3375.0
137 3051.0 1215.0
138 5994.0 2835.0
139 4563.0 3375.0
140 6480.0 2295.0
141 6561.0 2835.0
142 6723.0 2565.0
143 6426.0 3105.0
144 5886.0 3105.0
145 7938.0 6075.0
146 7938.0 5265.0
147 7263.0 2565.0
148 5373.0 4995.0
149 5535.0 4455.0
150 3672.0 4185.0
151 4428.0 4185.0
152 4050.0 4185.0
153 4860.0 3375.0
154 3888.0 2835.0
155 4536.0 3105.0
156 4266.0 2835.0
157 4995.0 3105.0
158 5427.0 3105.0
159 8208.0 2295.0
160 8559.0 2295.0
161 8748.0 1755.0
162 8451.0 2025.0
163 7992.0 2025.0
164 8424.0 1755.0
165 8532.0 4995.0
166 10908.0 4995.0
167 10260.0 4725.0
168 9666.0 4995.0
169 9072.0 3915.0
170 9261.0 4455.0
171 10476.0 4995.0
172 9261.0 2295.0
173 9234.0 2835.0
174 8856.0 2295.0
175 9423.0 2025.0
176 2511.0 1215.0
177 7182.0 3375.0
178 8370.0 3105.0
179 10368.0 2295.0
180 9990.0 2295.0
181 10962.0 3105.0
182 10422.0 3375.0
183 9936.0 3375.0
184 8964.0 3105.0
185 9963.0 3105.0
186 10476.0 3105.0
187 9369.0 2565.0
188 8451.0 2565.0
189 8100.0 2565.0
190 8964.0 2025.0
191 7776.0 2565.0
192 8910.0 2565.0
193 8505.0 2835.0
194 8829.0 3645.0
195 7614.0 3915.0
196 7182.0 4455.0
197 7236.0 3915.0
198 7344.0 3645.0
199 5022.0 3915.0
200 4752.0 4725.0
201 2160.0 2025.0
202 5346.0 4185.0
203 4914.0 4185.0
204 4131.0 4995.0
205 4320.0 5805.0
206 2916.0 5805.0
207 4104.0 6075.0
208 3834.0 5535.0
209 4347.0 4725.0
210 3861.0 4725.0
211 3942.0 5265.0
212 2646.0 4725.0
213 3294.0 4725.0
214 3294.0 5265.0
215 3699.0 3915.0
216 4185.0 3915.0
217 3294.0 3915.0
218 2538.0 3645.0
219 2916.0 3645.0
220 2862.0 3915.0
221 3483.0 3375.0
222 3510.0 2835.0
223 3186.0 2835.0
224 3024.0 2565.0
225 2970.0 3105.0
226 4077.0 3105.0
227 4266.0 3375.0
228 2592.0 2295.0
229 3456.0 2295.0
230 3024.0 2295.0
231 3942.0 3375.0
232 4050.0 2565.0
233 4671.0 2565.0
234 4644.0 2025.0
235 4266.0 2025.0
236 3888.0 2295.0
237 3834.0 2025.0
238 5832.0 1485.0
239 5940.0 1215.0
240 4995.0 2835.0
241 5211.0 2295.0
242 5481.0 2565.0
243 6210.0 2025.0
244 5778.0 2025.0
245 7398.0 1755.0
246 6696.0 1485.0
247 7236.0 2025.0
248 6777.0 2025.0
249 7074.0 1755.0
250 6642.0 1755.0
251 2970.0 3375.0
252 5886.0 6075.0
253 5940.0 4995.0
254 5940.0 4725.0
255 6264.0 4995.0
256 5994.0 3645.0
257 6156.0 4455.0
258 6318.0 3915.0
259 5886.0 3915.0
260 9234.0 4995.0
261 8802.0 6075.0
262 9504.0 5535.0
263 9396.0 5265.0
264 10098.0 4995.0
265 9558.0 6075.0
266 9936.0 5535.0
267 10314.0 5535.0
268 10044.0 3645.0
269 10476.0 4455.0
270 9774.0 4455.0
271 10368.0 3645.0
272 9396.0 3915.0
273 10152.0 4455.0
274 9396.0 4185.0
275 9720.0 3915.0
276 7992.0 4455.0
277 7560.0 5265.0
278 7560.0 4995.0
279 7938.0 4995.0
280 5400.0 5805.0
281 5400.0 6075.0
282 5022.0 5805.0
283 4968.0 6075.0
284 3294.0 6075.0
285 4644.0 5805.0
286 4320.0 5535.0
287 3672.0 6075.0
288 3078.0 4995.0
289 1458.0 4455.0
290 1782.0 4725.0
291 1782.0 5265.0
292 2862.0 4185.0
293 1350.0 3915.0
294 2160.0 4455.0
295 2160.0 3645.0
296 2160.0 3105.0
297 1512.0 3105.0
298 1836.0 3375.0
299 1836.0 3105.0
300 3078.0 1755.0
301 1998.0 1485.0
302 2106.0 1215.0
303 2322.0 1485.0
304 4266.0 2295.0
305 3726.0 1215.0
306 4104.0 1215.0
307 4482.0 1215.0
308 5346.0 2025.0
309 4914.0 1485.0
310 5076.0 1755.0
311 5346.0 1485.0
312 7614.0 2025.0
313 6372.0 1485.0
314 7938.0 1755.0
315 8100.0 1485.0
316 8532.0 1485.0
317 4914.0 4995.0
318 8289.0 3915.0
319 9477.0 3375.0
320 9963.0 2835.0
321 9369.0 4725.0
322 8937.0 4185.0
323 6831.0 3105.0
324 7101.0 2295.0
325 5697.0 2295.0
326 4725.0 2295.0
327 3591.0 2565.0
328 3537.0 3105.0
329 3321.0 3645.0
330 3267.0 4455.0
331 3483.0 4995.0
332 5427.0 4725.0
333 5805.0 5805.0
334 8586.0 5805.0
335 7452.0 5805.0
336 6804.0 5265.0
337 5238.0 5535.0
338 5940.0 3375.0
339 8694.0 5265.0
340 10260.0 5265.0
341 10098.0 2565.0
342 10854.0 2835.0
343 7344.0 4185.0
344 4806.0 4455.0
345 3024.0 5535.0
346 2484.0 5265.0
347 1998.0 4185.0
348 2484.0 2835.0
349 2970.0 2025.0
350 3888.0 1485.0
351 5832.0 1755.0
352 7020.0 1215.0
353 6318.0 5535.0
354 6210.0 4185.0
355 8748.0 5535.0
356 9828.0 5805.0
357 10422.0 3915.0
358 10152.0 4185.0
359 8154.0 4725.0
360 4698.0 5265.0
361 3618.0 5805.0
362 2214.0 4995.0
363 2052.0 3915.0
364 2214.0 2565.0
365 2376.0 1755.0
366 4266.0 1755.0
367 5238.0 1215.0
368 7398.0 1485.0
