Instance ID x_center y_center
0 13630.0 61920.0
1 43870.0 61920.0
2 20350.0 61920.0
3 42750.0 61920.0
4 46110.0 61920.0
5 47230.0 61920.0
6 25950.0 61920.0
7 27070.0 61920.0
8 24830.0 61920.0
9 50590.0 61920.0
10 51710.0 61920.0
11 40510.0 61920.0
12 19230.0 61920.0
13 14750.0 61920.0
14 39390.0 61920.0
15 38270.0 61920.0
16 56190.0 61920.0
17 15870.0 61920.0
18 58430.0 61920.0
19 34910.0 61920.0
20 59550.0 61920.0
21 60670.0 61920.0
22 23710.0 61920.0
23 37150.0 61920.0
24 41630.0 61920.0
25 18110.0 61920.0
26 61790.0 61920.0
27 36030.0 61920.0
28 49470.0 61920.0
29 57310.0 61920.0
30 48350.0 61920.0
31 22590.0 61920.0
32 33790.0 61920.0
33 64030.0 61920.0
34 62910.0 61920.0
35 30430.0 61920.0
36 44990.0 61920.0
37 65150.0 61920.0
38 66270.0 61920.0
39 32670.0 61920.0
40 69630.0 61920.0
41 70750.0 61920.0
42 55070.0 61920.0
43 31550.0 61920.0
44 21470.0 61920.0
45 71870.0 61920.0
46 67390.0 61920.0
47 16990.0 61920.0
48 28190.0 61920.0
49 52830.0 61920.0
50 68510.0 61920.0
51 29310.0 61920.0
52 72990.0 61920.0
53 53950.0 61920.0
54 68400.0 40600.0
55 57760.0 35000.0
56 46550.0 37800.0
57 49590.0 32200.0
58 54150.0 37800.0
59 78280.0 29400.0
60 80750.0 43400.0
61 76380.0 35000.0
62 69730.0 35000.0
63 75430.0 37800.0
64 35150.0 35000.0
65 21090.0 37800.0
66 16910.0 40600.0
67 9690.0 43400.0
68 28310.0 40600.0
69 42370.0 26600.0
70 11590.0 21000.0
71 11210.0 23800.0
72 17860.0 32200.0
73 18430.0 37800.0
74 53010.0 40600.0
76 52820.0 51800.0
77 50160.0 54600.0
81 56810.0 57400.0
82 56430.0 54600.0
84 53390.0 54600.0
85 55480.0 57400.0
88 57760.0 54600.0
89 58140.0 57400.0
90 54910.0 54600.0
91 52060.0 51800.0
92 51680.0 54600.0
93 27360.0 46200.0
95 26790.0 40600.0
96 26030.0 43400.0
97 24130.0 40600.0
98 25460.0 40600.0
99 29450.0 35000.0
100 31540.0 35000.0
101 30590.0 35000.0
102 29450.0 32200.0
103 25270.0 35000.0
104 23560.0 37800.0
105 23370.0 35000.0
106 25270.0 32200.0
107 28690.0 26600.0
108 27550.0 23800.0
109 28310.0 35000.0
110 26980.0 32200.0
111 24700.0 23800.0
112 26030.0 23800.0
113 39900.0 23800.0
114 40850.0 26600.0
115 38570.0 23800.0
116 38570.0 21000.0
117 15390.0 21000.0
118 14820.0 23800.0
119 13110.0 21000.0
120 16150.0 18200.0
121 37810.0 18200.0
122 16150.0 23800.0
123 14060.0 23800.0
124 12730.0 23800.0
125 17290.0 21000.0
126 16530.0 29400.0
127 17860.0 29400.0
128 18810.0 29400.0
129 20330.0 29400.0
130 22230.0 23800.0
131 41610.0 23800.0
132 47690.0 23800.0
133 36290.0 21000.0
134 40470.0 21000.0
135 43700.0 18200.0
136 18620.0 21000.0
137 19190.0 26600.0
138 18430.0 23800.0
139 49400.0 18200.0
140 46550.0 18200.0
141 49590.0 21000.0
142 74860.0 51800.0
143 74670.0 29400.0
144 75620.0 23800.0
145 76950.0 29400.0
146 76950.0 23800.0
147 71250.0 21000.0
148 70680.0 35000.0
149 70490.0 32200.0
150 69350.0 29400.0
151 68970.0 26600.0
152 68970.0 21000.0
153 81130.0 37800.0
154 76380.0 43400.0
155 78850.0 37800.0
156 79230.0 26600.0
157 79230.0 18200.0
158 79800.0 29400.0
159 81130.0 23800.0
160 69730.0 23800.0
161 66690.0 37800.0
162 63080.0 37800.0
163 65550.0 37800.0
164 65550.0 23800.0
165 56430.0 35000.0
166 56240.0 37800.0
167 59850.0 35000.0
168 56050.0 29400.0
169 62130.0 18200.0
170 56620.0 21000.0
171 48830.0 37800.0
172 48260.0 40600.0
173 49210.0 35000.0
174 49210.0 29400.0
175 51490.0 26600.0
176 42370.0 29400.0
177 38380.0 32200.0
178 41230.0 32200.0
179 43510.0 23800.0
180 43510.0 21000.0
181 54910.0 18200.0
182 55290.0 21000.0
183 54150.0 23800.0
184 54530.0 26600.0
185 48070.0 26600.0
186 49590.0 26600.0
187 57380.0 21000.0
188 59850.0 21000.0
189 66880.0 26600.0
190 57380.0 29400.0
191 65740.0 26600.0
192 62890.0 23800.0
193 64030.0 23800.0
194 75240.0 26600.0
195 73910.0 26600.0
196 81510.0 29400.0
197 81700.0 18200.0
198 80940.0 26600.0
199 72770.0 26600.0
200 64410.0 26600.0
201 60990.0 29400.0
202 52630.0 43400.0
203 60610.0 49000.0
204 47120.0 46200.0
205 29640.0 46200.0
206 57760.0 46200.0
207 23560.0 46200.0
208 49590.0 51800.0
210 23750.0 49000.0
211 52630.0 49000.0
213 25080.0 54600.0
214 25080.0 57400.0
215 23750.0 54600.0
216 56810.0 43400.0
217 56810.0 40600.0
218 59660.0 40600.0
219 23750.0 23800.0
220 23750.0 21000.0
221 24700.0 21000.0
222 28880.0 23800.0
223 28690.0 21000.0
224 53200.0 18200.0
225 63080.0 21000.0
226 62130.0 21000.0
227 53580.0 21000.0
228 61180.0 21000.0
229 61750.0 23800.0
230 62320.0 26600.0
231 51870.0 46200.0
232 62890.0 46200.0
233 61750.0 46200.0
234 43130.0 49000.0
235 45220.0 51800.0
236 40280.0 51800.0
237 41990.0 51800.0
238 69540.0 40600.0
239 28880.0 29400.0
240 20140.0 40600.0
241 26600.0 37800.0
242 27740.0 29400.0
243 27550.0 37800.0
244 26600.0 35000.0
245 24700.0 29400.0
246 26030.0 29400.0
247 26410.0 26600.0
248 27740.0 18200.0
249 20710.0 15400.0
250 27360.0 15400.0
251 29450.0 15400.0
252 31350.0 15400.0
253 18430.0 18200.0
254 19570.0 18200.0
255 23560.0 15400.0
256 23940.0 32200.0
257 22990.0 29400.0
258 25840.0 18200.0
259 25270.0 15400.0
260 39710.0 12600.0
261 58140.0 18200.0
262 56810.0 18200.0
263 52060.0 15400.0
264 37810.0 15400.0
265 42370.0 15400.0
266 50160.0 15400.0
267 51110.0 15400.0
268 53010.0 15400.0
269 67070.0 12600.0
270 51680.0 29400.0
271 58520.0 29400.0
272 41990.0 18200.0
273 41990.0 21000.0
274 57760.0 15400.0
275 63840.0 15400.0
276 64030.0 12600.0
277 64790.0 15400.0
278 63080.0 12600.0
279 65360.0 12600.0
280 65930.0 15400.0
281 66310.0 43400.0
282 68970.0 43400.0
283 66310.0 49000.0
284 63460.0 49000.0
285 63840.0 51800.0
286 65170.0 51800.0
287 70680.0 43400.0
288 52060.0 18200.0
289 52060.0 21000.0
290 55670.0 23800.0
291 59660.0 23800.0
292 57570.0 23800.0
293 51870.0 23800.0
294 49780.0 23800.0
295 50730.0 23800.0
296 58710.0 23800.0
297 60230.0 26600.0
298 60800.0 23800.0
299 57380.0 26600.0
300 59090.0 26600.0
301 64030.0 43400.0
302 70870.0 46200.0
303 70870.0 49000.0
304 72960.0 51800.0
305 67640.0 49000.0
306 68970.0 49000.0
307 75240.0 43400.0
308 60990.0 15400.0
309 59280.0 15400.0
310 56050.0 15400.0
311 33250.0 15400.0
312 34960.0 15400.0
313 26790.0 18200.0
314 24890.0 18200.0
315 35150.0 18200.0
316 36480.0 15400.0
317 43890.0 15400.0
318 71060.0 29400.0
319 71440.0 26600.0
320 71820.0 18200.0
321 62700.0 15400.0
322 68400.0 15400.0
323 67070.0 15400.0
324 69540.0 15400.0
325 70870.0 18200.0
326 72770.0 18200.0
327 69540.0 18200.0
328 74290.0 18200.0
329 73530.0 46200.0
330 74670.0 46200.0
331 74290.0 49000.0
332 73720.0 54600.0
333 73340.0 57400.0
334 75050.0 57400.0
335 77900.0 43400.0
336 65360.0 21000.0
337 66690.0 21000.0
338 70110.0 21000.0
339 76760.0 21000.0
340 66880.0 18200.0
341 67830.0 21000.0
342 68210.0 23800.0
343 74100.0 23800.0
344 73150.0 23800.0
345 73150.0 21000.0
346 77900.0 21000.0
347 76000.0 21000.0
348 79420.0 21000.0
349 79990.0 23800.0
350 75810.0 46200.0
351 78090.0 46200.0
352 78850.0 49000.0
353 75620.0 49000.0
354 76000.0 51800.0
355 77330.0 51800.0
356 79420.0 43400.0
357 75810.0 18200.0
358 74100.0 15400.0
359 75620.0 15400.0
360 76950.0 15400.0
361 72770.0 15400.0
362 78660.0 23800.0
363 77140.0 18200.0
364 78090.0 15400.0
365 79040.0 15400.0
366 80370.0 15400.0
367 82650.0 18200.0
368 80560.0 18200.0
369 81130.0 21000.0
370 76950.0 46200.0
371 80370.0 46200.0
372 76950.0 49000.0
373 70300.0 54600.0
374 71060.0 57400.0
375 76570.0 54600.0
376 29640.0 37800.0
377 31540.0 40600.0
378 30400.0 43400.0
379 28880.0 43400.0
380 28310.0 49000.0
381 29260.0 54600.0
382 29640.0 57400.0
383 27930.0 57400.0
384 25080.0 37800.0
385 24700.0 43400.0
386 25080.0 46200.0
387 26410.0 49000.0
388 27740.0 54600.0
389 26600.0 57400.0
390 26030.0 51800.0
391 31920.0 29400.0
392 34580.0 43400.0
393 33820.0 46200.0
394 33630.0 49000.0
395 32680.0 54600.0
396 34200.0 54600.0
397 34770.0 51800.0
398 24320.0 26600.0
399 23180.0 43400.0
400 18240.0 43400.0
401 18050.0 46200.0
402 16720.0 49000.0
403 15960.0 51800.0
404 15390.0 49000.0
405 21090.0 18200.0
406 22420.0 21000.0
407 23560.0 18200.0
408 20330.0 21000.0
409 21660.0 43400.0
410 19760.0 43400.0
411 19190.0 46200.0
412 18240.0 49000.0
413 18240.0 51800.0
414 19570.0 49000.0
415 30780.0 23800.0
416 27360.0 43400.0
417 16720.0 43400.0
418 16910.0 46200.0
419 20900.0 46200.0
420 21280.0 49000.0
421 15770.0 46200.0
422 40850.0 15400.0
423 39520.0 15400.0
424 40470.0 18200.0
425 40660.0 43400.0
426 39140.0 43400.0
427 37810.0 43400.0
428 41420.0 46200.0
429 41800.0 49000.0
430 36670.0 43400.0
431 45030.0 21000.0
432 46740.0 21000.0
433 45410.0 23800.0
434 45600.0 43400.0
435 44080.0 43400.0
436 41990.0 43400.0
437 39900.0 46200.0
438 37240.0 46200.0
439 38570.0 46200.0
440 50160.0 43400.0
441 29830.0 29400.0
442 30590.0 18200.0
443 30780.0 21000.0
444 33820.0 18200.0
445 26030.0 21000.0
446 27170.0 21000.0
447 32490.0 21000.0
448 34580.0 21000.0
449 45600.0 29400.0
450 47690.0 43400.0
451 48830.0 43400.0
452 48070.0 46200.0
453 50920.0 49000.0
454 50920.0 51800.0
455 48070.0 51800.0
456 50350.0 40600.0
458 15010.0 54600.0
459 15390.0 37800.0
461 10450.0 40600.0
462 45790.0 57400.0
463 51300.0 37800.0
464 51490.0 35000.0
465 53770.0 35000.0
466 44650.0 57400.0
467 57380.0 37800.0
468 59090.0 37800.0
469 61370.0 37800.0
470 46930.0 57400.0
471 16910.0 54600.0
472 62320.0 35000.0
473 62130.0 32200.0
474 64410.0 29400.0
476 47690.0 54600.0
477 72960.0 49000.0
478 73530.0 37800.0
479 74670.0 35000.0
480 38950.0 57400.0
481 73720.0 43400.0
482 73910.0 40600.0
483 76190.0 40600.0
484 68210.0 54600.0
485 71630.0 37800.0
486 74290.0 32200.0
487 19950.0 54600.0
488 15390.0 40600.0
489 13110.0 40600.0
490 36670.0 57400.0
491 22800.0 40600.0
492 20710.0 32200.0
493 21470.0 35000.0
494 42370.0 57400.0
495 35720.0 37800.0
496 34010.0 37800.0
497 33250.0 35000.0
498 35530.0 57400.0
499 19000.0 32200.0
500 16530.0 32200.0
501 14250.0 32200.0
502 40850.0 57400.0
503 14820.0 26600.0
504 13110.0 26600.0
505 10830.0 26600.0
506 21090.0 57400.0
507 15200.0 29400.0
508 7410.0 29400.0
509 8170.0 26600.0
510 43510.0 57400.0
511 39900.0 29400.0
512 35530.0 29400.0
513 32110.0 26600.0
514 22990.0 57400.0
515 39140.0 35000.0
516 40470.0 35000.0
517 42370.0 35000.0
518 37810.0 57400.0
519 39900.0 54600.0
520 40850.0 40600.0
521 43890.0 37800.0
522 62130.0 57400.0
523 50730.0 57400.0
524 57190.0 51800.0
525 8170.0 54600.0
526 43890.0 54600.0
527 66690.0 46200.0
528 68970.0 51800.0
529 78850.0 57400.0
530 81130.0 51800.0
531 80370.0 54600.0
532 13490.0 57400.0
533 22230.0 51800.0
534 30970.0 51800.0
535 11590.0 49000.0
536 6650.0 51800.0
537 7030.0 46200.0
538 35910.0 40600.0
539 37810.0 49000.0
540 46930.0 49000.0
541 5890.0 43400.0
542 55670.0 32200.0
543 63650.0 40600.0
544 66310.0 32200.0
545 81130.0 35000.0
546 80750.0 40600.0
547 78850.0 32200.0
548 5890.0 40600.0
549 16910.0 35000.0
550 34770.0 32200.0
551 8550.0 32200.0
552 7410.0 23800.0
553 7790.0 21000.0
554 36670.0 26600.0
555 45790.0 32200.0
556 44650.0 40600.0
