Instance ID x_center y_center
0 20350.0 71320.0
1 50590.0 71320.0
2 27070.0 71320.0
3 49470.0 71320.0
4 52830.0 71320.0
5 53950.0 71320.0
6 32670.0 71320.0
7 33790.0 71320.0
8 31550.0 71320.0
9 57310.0 71320.0
10 58430.0 71320.0
11 47230.0 71320.0
12 25950.0 71320.0
13 21470.0 71320.0
14 46110.0 71320.0
15 44990.0 71320.0
16 62910.0 71320.0
17 22590.0 71320.0
18 65150.0 71320.0
19 41630.0 71320.0
20 66270.0 71320.0
21 67390.0 71320.0
22 30430.0 71320.0
23 43870.0 71320.0
24 48350.0 71320.0
25 24830.0 71320.0
26 68510.0 71320.0
27 42750.0 71320.0
28 56190.0 71320.0
29 64030.0 71320.0
30 55070.0 71320.0
31 29310.0 71320.0
32 40510.0 71320.0
33 70750.0 71320.0
34 69630.0 71320.0
35 37150.0 71320.0
36 51710.0 71320.0
37 71870.0 71320.0
38 72990.0 71320.0
39 39390.0 71320.0
40 76350.0 71320.0
41 77470.0 71320.0
42 61790.0 71320.0
43 38270.0 71320.0
44 28190.0 71320.0
45 78590.0 71320.0
46 74110.0 71320.0
47 23710.0 71320.0
48 34910.0 71320.0
49 59550.0 71320.0
50 75230.0 71320.0
51 36030.0 71320.0
52 79710.0 71320.0
53 60670.0 71320.0
54 77520.0 49000.0
55 69540.0 49000.0
56 61370.0 46200.0
57 45030.0 37800.0
58 63650.0 49000.0
59 88540.0 40600.0
60 90630.0 54600.0
61 86640.0 49000.0
62 83030.0 46200.0
63 87970.0 49000.0
64 16530.0 37800.0
65 14630.0 46200.0
66 13870.0 49000.0
67 11590.0 54600.0
68 18430.0 51800.0
69 52630.0 40600.0
70 43890.0 49000.0
71 35150.0 46200.0
72 31540.0 40600.0
73 40090.0 49000.0
74 62510.0 51800.0
76 57380.0 60200.0
77 58900.0 63000.0
81 66310.0 60200.0
82 61750.0 65800.0
84 60610.0 60200.0
85 62320.0 60200.0
88 67260.0 65800.0
89 67640.0 60200.0
90 65550.0 65800.0
91 63080.0 65800.0
92 64220.0 65800.0
93 18620.0 54600.0
95 19190.0 49000.0
96 16910.0 51800.0
97 17290.0 49000.0
98 18240.0 46200.0
99 21850.0 37800.0
100 19380.0 37800.0
101 18050.0 37800.0
102 23370.0 37800.0
103 15010.0 43400.0
104 16720.0 46200.0
105 15770.0 46200.0
106 16530.0 43400.0
107 16910.0 32200.0
108 19190.0 35000.0
109 20330.0 37800.0
110 21660.0 40600.0
111 22420.0 32200.0
112 20710.0 32200.0
113 52060.0 43400.0
114 51490.0 37800.0
115 48830.0 43400.0
116 48450.0 35000.0
117 43130.0 43400.0
118 44460.0 43400.0
119 45030.0 46200.0
120 43130.0 32200.0
121 45410.0 29400.0
122 32110.0 49000.0
123 33440.0 49000.0
124 33630.0 46200.0
125 34010.0 32200.0
126 30590.0 40600.0
127 28120.0 43400.0
128 27550.0 37800.0
129 30590.0 35000.0
130 28690.0 32200.0
131 49210.0 32200.0
132 53390.0 32200.0
133 46930.0 37800.0
134 51110.0 35000.0
135 50920.0 29400.0
136 34200.0 35000.0
137 31730.0 37800.0
138 34010.0 37800.0
139 54720.0 32200.0
140 54150.0 26600.0
141 54530.0 29400.0
142 85500.0 57400.0
143 83790.0 40600.0
144 84360.0 37800.0
145 85310.0 40600.0
146 83790.0 35000.0
147 82270.0 32200.0
148 78660.0 49000.0
149 82270.0 43400.0
150 80370.0 43400.0
151 78090.0 37800.0
152 77330.0 32200.0
153 89870.0 49000.0
154 91580.0 54600.0
155 91390.0 49000.0
156 88730.0 37800.0
157 87970.0 32200.0
158 91200.0 40600.0
159 90250.0 35000.0
160 78470.0 35000.0
161 75050.0 49000.0
162 79420.0 51800.0
163 76570.0 54600.0
164 75430.0 40600.0
165 64030.0 46200.0
166 64980.0 49000.0
167 68590.0 49000.0
168 68590.0 40600.0
169 72390.0 29400.0
170 63840.0 29400.0
171 63650.0 40600.0
172 60420.0 46200.0
173 60230.0 40600.0
174 60230.0 37800.0
175 59470.0 29400.0
176 42750.0 40600.0
177 40280.0 40600.0
178 43130.0 37800.0
179 45410.0 35000.0
180 49210.0 29400.0
181 60990.0 29400.0
182 60610.0 32200.0
183 57950.0 35000.0
184 54530.0 35000.0
185 61750.0 37800.0
186 62890.0 37800.0
187 63460.0 32200.0
188 63270.0 35000.0
189 77140.0 40600.0
190 71820.0 40600.0
191 73340.0 40600.0
192 65550.0 35000.0
193 66690.0 35000.0
194 83220.0 37800.0
195 86830.0 35000.0
196 89490.0 40600.0
197 91960.0 37800.0
198 90440.0 37800.0
199 86450.0 37800.0
200 65930.0 37800.0
201 65170.0 43400.0
202 50730.0 54600.0
203 53770.0 57400.0
204 46360.0 54600.0
205 24700.0 54600.0
206 53200.0 51800.0
207 21660.0 54600.0
208 58330.0 60200.0
210 21090.0 57400.0
211 56430.0 60200.0
213 20140.0 65800.0
214 21660.0 65800.0
215 21470.0 63000.0
216 55290.0 46200.0
217 57950.0 49000.0
218 69540.0 54600.0
219 22990.0 35000.0
220 24130.0 35000.0
221 22040.0 35000.0
222 17860.0 35000.0
223 20710.0 35000.0
224 62700.0 29400.0
225 72200.0 32200.0
226 73150.0 35000.0
227 62320.0 32200.0
228 70680.0 35000.0
229 72010.0 35000.0
230 72200.0 37800.0
231 54910.0 54600.0
232 70490.0 57400.0
233 68970.0 57400.0
234 64790.0 60200.0
235 51300.0 60200.0
236 45980.0 63000.0
237 47310.0 63000.0
238 77900.0 54600.0
239 16340.0 29400.0
240 15580.0 49000.0
241 18240.0 49000.0
242 18620.0 29400.0
243 18050.0 43400.0
244 19760.0 43400.0
245 22040.0 29400.0
246 20330.0 29400.0
247 26030.0 32200.0
248 24320.0 26600.0
249 34010.0 26600.0
250 34580.0 23800.0
251 27550.0 26600.0
252 25650.0 26600.0
253 40850.0 32200.0
254 39710.0 32200.0
255 38000.0 29400.0
256 26600.0 37800.0
257 29450.0 37800.0
258 31920.0 26600.0
259 37430.0 26600.0
260 49590.0 26600.0
261 68400.0 29400.0
262 67070.0 29400.0
263 63840.0 26600.0
264 45790.0 23800.0
265 45410.0 26600.0
266 60800.0 26600.0
267 62890.0 26600.0
268 68590.0 26600.0
269 75050.0 26600.0
270 67260.0 40600.0
271 70300.0 40600.0
272 46930.0 35000.0
273 43890.0 35000.0
274 66880.0 26600.0
275 71440.0 26600.0
276 74290.0 23800.0
277 72390.0 26600.0
278 71820.0 23800.0
279 72960.0 23800.0
280 73530.0 26600.0
281 73910.0 54600.0
282 75430.0 54600.0
283 74670.0 57400.0
284 73340.0 57400.0
285 72200.0 60200.0
286 73530.0 60200.0
287 81320.0 49000.0
288 56620.0 29400.0
289 56620.0 32200.0
290 59850.0 35000.0
291 65740.0 32200.0
292 64790.0 32200.0
293 57950.0 32200.0
294 55480.0 32200.0
295 59090.0 32200.0
296 67070.0 32200.0
297 67830.0 35000.0
298 69540.0 32200.0
299 68400.0 32200.0
300 69350.0 35000.0
301 72390.0 54600.0
302 80370.0 54600.0
303 79230.0 57400.0
304 77140.0 65800.0
305 75620.0 65800.0
306 76190.0 63000.0
307 83600.0 49000.0
308 69730.0 29400.0
309 69920.0 26600.0
310 65170.0 26600.0
311 38570.0 23800.0
312 39520.0 26600.0
313 22990.0 26600.0
314 30590.0 26600.0
315 39330.0 29400.0
316 42180.0 26600.0
317 43510.0 26600.0
318 80180.0 40600.0
319 78660.0 40600.0
320 78660.0 32200.0
321 76380.0 26600.0
322 76760.0 29400.0
323 74670.0 29400.0
324 75620.0 29400.0
325 79610.0 29400.0
326 80750.0 29400.0
327 78280.0 29400.0
328 80750.0 32200.0
329 81130.0 57400.0
330 83410.0 57400.0
331 83030.0 60200.0
332 85500.0 60200.0
333 83980.0 63000.0
334 84170.0 60200.0
335 87780.0 54600.0
336 73340.0 32200.0
337 75810.0 32200.0
338 75810.0 35000.0
339 82460.0 35000.0
340 74480.0 32200.0
341 74670.0 35000.0
342 76950.0 35000.0
343 80180.0 37800.0
344 80370.0 35000.0
345 81510.0 35000.0
346 85500.0 35000.0
347 87780.0 35000.0
348 88920.0 35000.0
349 85310.0 37800.0
350 83790.0 54600.0
351 86450.0 54600.0
352 86450.0 57400.0
353 87020.0 60200.0
354 87020.0 63000.0
355 87590.0 57400.0
356 89300.0 54600.0
357 83790.0 32200.0
358 82080.0 29400.0
359 82840.0 26600.0
360 83790.0 29400.0
361 81510.0 26600.0
362 86640.0 32200.0
363 85120.0 32200.0
364 85690.0 29400.0
365 88920.0 32200.0
366 91390.0 32200.0
367 93290.0 35000.0
368 90060.0 32200.0
369 91770.0 35000.0
370 84550.0 57400.0
371 88730.0 57400.0
372 88350.0 60200.0
373 85500.0 63000.0
374 85880.0 65800.0
375 89110.0 63000.0
376 20900.0 49000.0
377 22420.0 49000.0
378 23180.0 51800.0
379 16720.0 54600.0
380 16530.0 60200.0
381 22800.0 63000.0
382 23180.0 65800.0
383 15770.0 65800.0
384 21660.0 43400.0
385 23180.0 54600.0
386 18620.0 57400.0
387 17290.0 57400.0
388 19380.0 60200.0
389 20140.0 63000.0
390 17670.0 60200.0
391 25840.0 35000.0
392 25460.0 51800.0
393 21660.0 51800.0
394 20330.0 54600.0
395 22420.0 57400.0
396 23940.0 57400.0
397 19950.0 57400.0
398 32680.0 35000.0
399 32680.0 54600.0
400 30780.0 57400.0
401 29450.0 60200.0
402 28120.0 60200.0
403 24320.0 63000.0
404 26790.0 60200.0
405 32110.0 29400.0
406 29260.0 26600.0
407 29640.0 29400.0
408 30970.0 29400.0
409 33820.0 51800.0
410 35340.0 51800.0
411 35530.0 54600.0
412 32680.0 57400.0
413 34200.0 57400.0
414 34390.0 54600.0
415 36100.0 35000.0
416 38000.0 51800.0
417 41040.0 51800.0
418 41610.0 57400.0
419 42940.0 60200.0
420 43320.0 63000.0
421 41610.0 60200.0
422 47690.0 29400.0
423 47120.0 26600.0
424 46930.0 32200.0
425 46360.0 51800.0
426 48260.0 51800.0
427 48450.0 54600.0
428 52060.0 57400.0
429 52820.0 60200.0
430 49210.0 57400.0
431 50730.0 32200.0
432 52060.0 29400.0
433 51870.0 32200.0
434 44460.0 51800.0
435 42560.0 51800.0
436 43130.0 54600.0
437 39520.0 57400.0
438 36100.0 57400.0
439 37810.0 57400.0
440 59660.0 49000.0
441 17290.0 29400.0
442 25270.0 29400.0
443 26980.0 29400.0
444 41040.0 26600.0
445 24130.0 29400.0
446 28310.0 29400.0
447 33630.0 29400.0
448 36480.0 29400.0
449 40280.0 35000.0
450 57190.0 51800.0
451 59090.0 51800.0
452 59470.0 57400.0
453 61940.0 57400.0
454 64220.0 57400.0
455 60610.0 57400.0
456 54910.0 49000.0
458 18050.0 63000.0
459 10070.0 51800.0
461 12350.0 51800.0
462 46550.0 65800.0
463 64220.0 51800.0
464 65930.0 51800.0
465 66690.0 49000.0
466 54910.0 63000.0
467 66880.0 54600.0
468 68210.0 51800.0
469 70870.0 51800.0
470 56430.0 65800.0
471 27930.0 57400.0
472 76380.0 49000.0
473 75810.0 43400.0
474 78090.0 43400.0
476 55290.0 65800.0
477 84360.0 51800.0
478 84550.0 46200.0
479 86830.0 46200.0
480 44650.0 60200.0
481 85120.0 54600.0
482 86830.0 51800.0
483 89110.0 51800.0
484 81130.0 65800.0
485 84170.0 43400.0
486 87590.0 43400.0
487 18050.0 65800.0
488 14250.0 54600.0
489 15010.0 51800.0
490 43130.0 65800.0
491 19760.0 46200.0
492 12350.0 46200.0
493 13110.0 43400.0
494 40850.0 63000.0
495 20140.0 40600.0
496 18430.0 40600.0
497 16150.0 40600.0
498 40850.0 65800.0
499 34200.0 43400.0
500 32490.0 43400.0
501 33250.0 40600.0
502 41990.0 65800.0
503 34960.0 49000.0
504 30210.0 49000.0
505 29830.0 43400.0
506 57570.0 65800.0
507 45980.0 49000.0
508 41990.0 49000.0
509 40850.0 43400.0
510 54150.0 60200.0
511 53200.0 43400.0
512 50730.0 43400.0
513 48830.0 37800.0
514 33630.0 65800.0
515 35340.0 40600.0
516 36670.0 40600.0
517 38570.0 40600.0
518 47310.0 60200.0
519 55100.0 57400.0
520 55290.0 43400.0
521 57950.0 40600.0
522 69350.0 63000.0
523 62890.0 63000.0
524 50350.0 65800.0
525 11210.0 63000.0
526 51110.0 63000.0
527 77330.0 60200.0
528 79990.0 63000.0
529 92150.0 60200.0
530 92530.0 57400.0
531 94050.0 63000.0
532 7030.0 65800.0
533 11210.0 60200.0
534 11210.0 57400.0
535 28310.0 63000.0
536 28690.0 54600.0
537 37810.0 60200.0
538 45410.0 57400.0
539 39330.0 54600.0
540 61750.0 54600.0
541 6650.0 54600.0
542 68210.0 46200.0
543 75430.0 51800.0
544 79230.0 46200.0
545 91390.0 46200.0
546 93670.0 51800.0
547 92530.0 43400.0
548 8550.0 49000.0
549 8550.0 43400.0
550 12350.0 37800.0
551 26790.0 40600.0
552 29450.0 46200.0
553 40850.0 46200.0
554 48830.0 40600.0
555 38570.0 37800.0
556 59090.0 43400.0
