Instance ID x_center y_center
0 80830.0 140.0
1 50590.0 140.0
2 74110.0 140.0
3 51710.0 140.0
4 48350.0 140.0
5 47230.0 140.0
6 68510.0 140.0
7 67390.0 140.0
8 69630.0 140.0
9 43870.0 140.0
10 42750.0 140.0
11 53950.0 140.0
12 75230.0 140.0
13 79710.0 140.0
14 55070.0 140.0
15 56190.0 140.0
16 38270.0 140.0
17 78590.0 140.0
18 36030.0 140.0
19 59550.0 140.0
20 34910.0 140.0
21 33790.0 140.0
22 70750.0 140.0
23 57310.0 140.0
24 52830.0 140.0
25 76350.0 140.0
26 32670.0 140.0
27 58430.0 140.0
28 44990.0 140.0
29 37150.0 140.0
30 46110.0 140.0
31 71870.0 140.0
32 60670.0 140.0
33 30430.0 140.0
34 31550.0 140.0
35 64030.0 140.0
36 49470.0 140.0
37 29310.0 140.0
38 28190.0 140.0
39 61790.0 140.0
40 24830.0 140.0
41 23710.0 140.0
42 39390.0 140.0
43 62910.0 140.0
44 72990.0 140.0
45 22590.0 140.0
46 27070.0 140.0
47 77470.0 140.0
48 66270.0 140.0
49 41630.0 140.0
50 25950.0 140.0
51 65150.0 140.0
52 21470.0 140.0
53 40510.0 140.0
54 32680.0 18200.0
55 37620.0 23800.0
56 44650.0 23800.0
57 64030.0 35000.0
58 41990.0 23800.0
59 20140.0 26600.0
60 18050.0 21000.0
61 19380.0 26600.0
62 27550.0 23800.0
63 21090.0 23800.0
64 79230.0 35000.0
65 81130.0 23800.0
66 89870.0 21000.0
67 92150.0 15400.0
68 78090.0 18200.0
69 57570.0 29400.0
70 60230.0 26600.0
71 68210.0 21000.0
72 71820.0 26600.0
73 57190.0 21000.0
74 42370.0 21000.0
76 45600.0 7000.0
77 38760.0 7000.0
81 33630.0 4200.0
82 36670.0 7000.0
84 34010.0 9800.0
85 34960.0 4200.0
88 37620.0 4200.0
89 36480.0 4200.0
90 34390.0 7000.0
91 35340.0 7000.0
92 33060.0 7000.0
93 80560.0 15400.0
95 78850.0 21000.0
96 76570.0 18200.0
97 77330.0 21000.0
98 77520.0 23800.0
99 73150.0 32200.0
100 74480.0 32200.0
101 75810.0 35000.0
102 74290.0 35000.0
103 79230.0 23800.0
104 81320.0 21000.0
105 81130.0 29400.0
106 77330.0 26600.0
107 75810.0 40600.0
108 77330.0 37800.0
109 77710.0 32200.0
110 77900.0 35000.0
111 78280.0 37800.0
112 77710.0 40600.0
113 53960.0 29400.0
114 56430.0 32200.0
115 55290.0 29400.0
116 54910.0 35000.0
117 59090.0 23800.0
118 58900.0 21000.0
119 59470.0 29400.0
120 59850.0 37800.0
121 57190.0 40600.0
122 66690.0 21000.0
123 69160.0 21000.0
124 68590.0 23800.0
125 65550.0 35000.0
126 68590.0 29400.0
127 69920.0 23800.0
128 71250.0 32200.0
129 68590.0 32200.0
130 67830.0 37800.0
131 59850.0 40600.0
132 54150.0 40600.0
133 56430.0 35000.0
134 55670.0 37800.0
135 49020.0 40600.0
136 67260.0 32200.0
137 70110.0 32200.0
138 67830.0 35000.0
139 51300.0 37800.0
140 50730.0 43400.0
141 51490.0 40600.0
142 18620.0 9800.0
143 18810.0 32200.0
144 19000.0 35000.0
145 17290.0 32200.0
146 17670.0 37800.0
147 24890.0 40600.0
148 30400.0 23800.0
149 29830.0 26600.0
150 29070.0 23800.0
151 30210.0 29400.0
152 30210.0 40600.0
153 19570.0 21000.0
154 18620.0 15400.0
155 19570.0 15400.0
156 20330.0 35000.0
157 22610.0 37800.0
158 23180.0 29400.0
159 23370.0 35000.0
160 30210.0 35000.0
161 33250.0 23800.0
162 33820.0 18200.0
163 34010.0 21000.0
164 34770.0 32200.0
165 39330.0 23800.0
166 38760.0 18200.0
167 38570.0 26600.0
168 39710.0 32200.0
169 35150.0 40600.0
170 41800.0 40600.0
171 43890.0 26600.0
172 45980.0 26600.0
173 46550.0 29400.0
174 45030.0 35000.0
175 47310.0 43400.0
176 59470.0 32200.0
177 62700.0 26600.0
178 62130.0 35000.0
179 52630.0 35000.0
180 49970.0 37800.0
181 43890.0 43400.0
182 43510.0 40600.0
183 46930.0 35000.0
184 49590.0 35000.0
185 43510.0 35000.0
186 42370.0 35000.0
187 41040.0 37800.0
188 39710.0 37800.0
189 33440.0 32200.0
190 36860.0 32200.0
191 32680.0 35000.0
192 37050.0 37800.0
193 37430.0 35000.0
194 20520.0 32200.0
195 25650.0 35000.0
196 21470.0 26600.0
197 23180.0 32200.0
198 22040.0 32200.0
199 24510.0 35000.0
200 38570.0 35000.0
201 40850.0 35000.0
202 54150.0 18200.0
203 44650.0 7000.0
204 52060.0 15400.0
205 75620.0 15400.0
206 48640.0 18200.0
207 77900.0 15400.0
208 46550.0 7000.0
210 75810.0 12600.0
211 47690.0 7000.0
213 75620.0 4200.0
214 73720.0 4200.0
215 76190.0 7000.0
216 49210.0 21000.0
217 46170.0 21000.0
218 37240.0 21000.0
219 74290.0 37800.0
220 72010.0 37800.0
221 72960.0 37800.0
222 76000.0 37800.0
223 73910.0 40600.0
224 45600.0 43400.0
225 34580.0 43400.0
226 35910.0 37800.0
227 42180.0 37800.0
228 33820.0 37800.0
229 34770.0 37800.0
230 34960.0 35000.0
231 48070.0 15400.0
232 35150.0 18200.0
233 36290.0 18200.0
234 36290.0 15400.0
235 40280.0 12600.0
236 37620.0 9800.0
237 35910.0 9800.0
238 31540.0 18200.0
239 75240.0 43400.0
240 88160.0 21000.0
241 74480.0 23800.0
242 73340.0 46200.0
243 75810.0 21000.0
244 76000.0 23800.0
245 76380.0 46200.0
246 75050.0 46200.0
247 70110.0 37800.0
248 70300.0 46200.0
249 62510.0 43400.0
250 62320.0 49000.0
251 70490.0 49000.0
252 68590.0 49000.0
253 60990.0 35000.0
254 59470.0 35000.0
255 60040.0 43400.0
256 72960.0 35000.0
257 70490.0 35000.0
258 65740.0 46200.0
259 61750.0 46200.0
260 55290.0 49000.0
261 41040.0 40600.0
262 41610.0 43400.0
263 41420.0 46200.0
264 55670.0 43400.0
265 50730.0 46200.0
266 43320.0 49000.0
267 41230.0 49000.0
268 39330.0 49000.0
269 37810.0 49000.0
270 42180.0 32200.0
271 38000.0 32200.0
272 57950.0 35000.0
273 57570.0 37800.0
274 40280.0 46200.0
275 33820.0 43400.0
276 36290.0 49000.0
277 37050.0 46200.0
278 34580.0 46200.0
279 34960.0 49000.0
280 35910.0 46200.0
281 29070.0 18200.0
282 30210.0 18200.0
283 30210.0 15400.0
284 32300.0 9800.0
285 32300.0 12600.0
286 32110.0 15400.0
287 27360.0 18200.0
288 45220.0 40600.0
289 45600.0 37800.0
290 43510.0 37800.0
291 38000.0 37800.0
292 38950.0 40600.0
293 47690.0 40600.0
294 48640.0 37800.0
295 46550.0 40600.0
296 38570.0 43400.0
297 37810.0 40600.0
298 37620.0 43400.0
299 39900.0 43400.0
300 40090.0 40600.0
301 37430.0 15400.0
302 28690.0 15400.0
303 27550.0 15400.0
304 30400.0 9800.0
305 30400.0 7000.0
306 27170.0 7000.0
307 21280.0 21000.0
308 36290.0 43400.0
309 38760.0 46200.0
310 43510.0 46200.0
311 60990.0 49000.0
312 57380.0 46200.0
313 70110.0 40600.0
314 68970.0 40600.0
315 57190.0 43400.0
316 59660.0 46200.0
317 49210.0 46200.0
318 32300.0 29400.0
319 32300.0 32200.0
320 32300.0 37800.0
321 33060.0 43400.0
322 31920.0 43400.0
323 31730.0 46200.0
324 26980.0 46200.0
325 24890.0 46200.0
326 21470.0 43400.0
327 25840.0 43400.0
328 22990.0 43400.0
329 25650.0 15400.0
330 22230.0 15400.0
331 21090.0 9800.0
332 20140.0 7000.0
333 21660.0 7000.0
334 18810.0 7000.0
335 22800.0 18200.0
336 31540.0 40600.0
337 32870.0 40600.0
338 28310.0 40600.0
339 25080.0 37800.0
340 29260.0 40600.0
341 29830.0 37800.0
342 30970.0 37800.0
343 26600.0 35000.0
344 27550.0 37800.0
345 28690.0 37800.0
346 23940.0 37800.0
347 22800.0 40600.0
348 21660.0 40600.0
349 23750.0 40600.0
350 24510.0 15400.0
351 23370.0 15400.0
352 22610.0 12600.0
353 19760.0 9800.0
354 22420.0 9800.0
355 21470.0 12600.0
356 22800.0 21000.0
357 24510.0 43400.0
358 28880.0 46200.0
359 30400.0 49000.0
360 31730.0 49000.0
361 30590.0 46200.0
362 19760.0 37800.0
363 28120.0 43400.0
364 29450.0 43400.0
365 26600.0 37800.0
366 26790.0 32200.0
367 24130.0 32200.0
368 25460.0 32200.0
369 25270.0 29400.0
370 25650.0 18200.0
371 24510.0 18200.0
372 24510.0 12600.0
373 21280.0 4200.0
374 23180.0 7000.0
375 24510.0 7000.0
376 72580.0 23800.0
377 72580.0 21000.0
378 73720.0 18200.0
379 74100.0 21000.0
380 72010.0 12600.0
381 75620.0 9800.0
382 71440.0 9800.0
383 72770.0 9800.0
384 75240.0 26600.0
385 73720.0 15400.0
386 75240.0 18200.0
387 73150.0 12600.0
388 74480.0 12600.0
389 74100.0 9800.0
390 77710.0 9800.0
391 71820.0 40600.0
392 71820.0 15400.0
393 71440.0 18200.0
394 70490.0 15400.0
395 71820.0 4200.0
396 69160.0 4200.0
397 70490.0 4200.0
398 65740.0 37800.0
399 66880.0 18200.0
400 65360.0 18200.0
401 65930.0 15400.0
402 69160.0 9800.0
403 68400.0 15400.0
404 66690.0 9800.0
405 67450.0 43400.0
406 68400.0 43400.0
407 69540.0 43400.0
408 71250.0 43400.0
409 69920.0 18200.0
410 68400.0 18200.0
411 65550.0 9800.0
412 68400.0 7000.0
413 63840.0 4200.0
414 64030.0 9800.0
415 62700.0 37800.0
416 63460.0 18200.0
417 60420.0 18200.0
418 60990.0 9800.0
419 60040.0 7000.0
420 57380.0 7000.0
421 58710.0 7000.0
422 53770.0 46200.0
423 55480.0 46200.0
424 52250.0 46200.0
425 55480.0 15400.0
426 53580.0 15400.0
427 51110.0 15400.0
428 52440.0 9800.0
429 49400.0 9800.0
430 50730.0 9800.0
431 52250.0 37800.0
432 54340.0 43400.0
433 54150.0 37800.0
434 57000.0 18200.0
435 58900.0 18200.0
436 59850.0 12600.0
437 62700.0 12600.0
438 64220.0 12600.0
439 58710.0 12600.0
440 44460.0 21000.0
441 72390.0 43400.0
442 71250.0 46200.0
443 66880.0 46200.0
444 63460.0 46200.0
445 69350.0 46200.0
446 68210.0 46200.0
447 67070.0 49000.0
448 65360.0 49000.0
449 62700.0 40600.0
450 45030.0 15400.0
451 44270.0 18200.0
452 43130.0 18200.0
453 45600.0 12600.0
454 41800.0 12600.0
455 41990.0 18200.0
456 49210.0 23800.0
458 81890.0 7000.0
459 84550.0 12600.0
461 83790.0 15400.0
462 55290.0 4200.0
463 39900.0 18200.0
464 38950.0 21000.0
465 35530.0 23800.0
466 51870.0 4200.0
467 37620.0 18200.0
468 35530.0 21000.0
469 32110.0 21000.0
470 48450.0 4200.0
471 79230.0 9800.0
472 33820.0 26600.0
473 32110.0 26600.0
474 24130.0 23800.0
476 47310.0 4200.0
477 19380.0 12600.0
478 17290.0 15400.0
479 18810.0 23800.0
480 54150.0 4200.0
481 20900.0 15400.0
482 20710.0 18200.0
483 18050.0 18200.0
484 24130.0 4200.0
485 17290.0 26600.0
486 20710.0 29400.0
487 78850.0 7000.0
488 79990.0 18200.0
489 82270.0 18200.0
490 58330.0 4200.0
491 80180.0 21000.0
492 82650.0 21000.0
493 84930.0 21000.0
494 56430.0 4200.0
495 76000.0 32200.0
496 76570.0 29400.0
497 78850.0 29400.0
498 59470.0 4200.0
499 67260.0 26600.0
500 67070.0 29400.0
501 69730.0 26600.0
502 61750.0 4200.0
503 61940.0 18200.0
504 60990.0 21000.0
505 63650.0 21000.0
506 53010.0 4200.0
507 53200.0 21000.0
508 55290.0 21000.0
509 56430.0 23800.0
510 49590.0 4200.0
511 50160.0 29400.0
512 48450.0 29400.0
513 52250.0 29400.0
514 67450.0 4200.0
515 63840.0 26600.0
516 61750.0 26600.0
517 62510.0 29400.0
518 54910.0 7000.0
519 47880.0 9800.0
520 46930.0 23800.0
521 40850.0 26600.0
522 41230.0 4200.0
523 29070.0 4200.0
524 41610.0 9800.0
525 79610.0 4200.0
526 36290.0 12600.0
527 28310.0 12600.0
528 26410.0 9800.0
529 15010.0 7000.0
530 15010.0 12600.0
531 16910.0 4200.0
532 85690.0 9800.0
533 79610.0 12600.0
534 72390.0 7000.0
535 68210.0 12600.0
536 64410.0 7000.0
537 57190.0 9800.0
538 52250.0 12600.0
539 59850.0 15400.0
540 41230.0 15400.0
541 88350.0 15400.0
542 35910.0 29400.0
543 27550.0 21000.0
544 25650.0 26600.0
545 14250.0 23800.0
546 14250.0 21000.0
547 16150.0 29400.0
548 86830.0 18200.0
549 86450.0 23800.0
550 81890.0 32200.0
551 72390.0 29400.0
552 64410.0 23800.0
553 56430.0 26600.0
554 52250.0 32200.0
555 63650.0 32200.0
556 42370.0 29400.0
