Instance ID x_center y_center
0 70750.0 140.0
1 40510.0 140.0
2 64030.0 140.0
3 41630.0 140.0
4 38270.0 140.0
5 37150.0 140.0
6 58430.0 140.0
7 57310.0 140.0
8 59550.0 140.0
9 33790.0 140.0
10 32670.0 140.0
11 43870.0 140.0
12 65150.0 140.0
13 69630.0 140.0
14 44990.0 140.0
15 46110.0 140.0
16 28190.0 140.0
17 68510.0 140.0
18 25950.0 140.0
19 49470.0 140.0
20 24830.0 140.0
21 23710.0 140.0
22 60670.0 140.0
23 47230.0 140.0
24 42750.0 140.0
25 66270.0 140.0
26 22590.0 140.0
27 48350.0 140.0
28 34910.0 140.0
29 27070.0 140.0
30 36030.0 140.0
31 61790.0 140.0
32 50590.0 140.0
33 20350.0 140.0
34 21470.0 140.0
35 53950.0 140.0
36 39390.0 140.0
37 19230.0 140.0
38 18110.0 140.0
39 51710.0 140.0
40 14750.0 140.0
41 13630.0 140.0
42 29310.0 140.0
43 52830.0 140.0
44 62910.0 140.0
45 12510.0 140.0
46 16990.0 140.0
47 67390.0 140.0
48 56190.0 140.0
49 31550.0 140.0
50 15870.0 140.0
51 55070.0 140.0
52 11390.0 140.0
53 30430.0 140.0
54 24320.0 21000.0
55 32680.0 26600.0
56 35150.0 23800.0
57 51870.0 26600.0
58 33630.0 23800.0
59 12920.0 29400.0
60 10450.0 21000.0
61 12160.0 26600.0
62 15010.0 23800.0
63 13490.0 26600.0
64 61370.0 23800.0
65 75430.0 23800.0
66 76570.0 21000.0
67 77710.0 9800.0
68 63650.0 18200.0
69 41610.0 32200.0
70 53010.0 35000.0
71 60230.0 35000.0
72 73340.0 35000.0
73 49210.0 23800.0
74 31730.0 23800.0
76 36100.0 9800.0
77 28120.0 9800.0
81 28690.0 7000.0
82 30590.0 7000.0
84 24890.0 9800.0
85 25460.0 4200.0
88 22800.0 4200.0
89 23940.0 4200.0
90 26030.0 7000.0
91 30020.0 9800.0
92 27360.0 7000.0
93 63080.0 12600.0
95 64410.0 21000.0
96 67070.0 18200.0
97 65550.0 18200.0
98 66120.0 21000.0
99 62510.0 23800.0
100 59660.0 23800.0
101 61370.0 26600.0
102 61370.0 29400.0
103 68210.0 23800.0
104 69920.0 23800.0
105 70870.0 23800.0
106 68970.0 26600.0
107 68590.0 35000.0
108 70490.0 37800.0
109 63650.0 23800.0
110 63840.0 26600.0
111 66120.0 37800.0
112 67450.0 37800.0
113 43320.0 29400.0
114 43130.0 32200.0
115 45790.0 32200.0
116 44650.0 37800.0
117 48830.0 35000.0
118 47880.0 32200.0
119 50730.0 35000.0
120 51490.0 37800.0
121 47310.0 46200.0
122 57190.0 32200.0
123 57760.0 29400.0
124 58710.0 35000.0
125 57570.0 37800.0
126 61370.0 35000.0
127 63080.0 32200.0
128 65550.0 35000.0
129 62130.0 37800.0
130 58330.0 40600.0
131 48070.0 40600.0
132 43510.0 40600.0
133 46170.0 37800.0
134 42750.0 37800.0
135 36860.0 43400.0
136 57380.0 35000.0
137 64410.0 35000.0
138 59850.0 37800.0
139 38760.0 43400.0
140 38190.0 46200.0
141 42370.0 43400.0
142 12920.0 15400.0
143 12350.0 32200.0
144 11020.0 35000.0
145 13870.0 32200.0
146 10830.0 37800.0
147 15770.0 40600.0
148 19760.0 26600.0
149 20710.0 29400.0
150 18430.0 26600.0
151 18050.0 35000.0
152 18050.0 40600.0
153 9690.0 23800.0
154 9120.0 18200.0
155 8170.0 18200.0
156 7030.0 35000.0
157 7790.0 40600.0
158 10260.0 32200.0
159 9310.0 37800.0
160 18050.0 37800.0
161 23370.0 23800.0
162 24700.0 23800.0
163 24510.0 26600.0
164 22610.0 32200.0
165 31350.0 26600.0
166 30020.0 26600.0
167 31350.0 29400.0
168 30210.0 32200.0
169 24130.0 40600.0
170 31160.0 40600.0
171 33630.0 29400.0
172 33820.0 21000.0
173 35910.0 26600.0
174 35910.0 32200.0
175 37810.0 43400.0
176 46170.0 29400.0
177 50920.0 23800.0
178 50730.0 26600.0
179 45030.0 35000.0
180 45410.0 40600.0
181 33250.0 43400.0
182 32870.0 40600.0
183 35150.0 37800.0
184 37810.0 37800.0
185 34390.0 32200.0
186 33250.0 32200.0
187 31920.0 35000.0
188 31350.0 37800.0
189 23940.0 32200.0
190 25460.0 32200.0
191 25840.0 35000.0
192 29070.0 37800.0
193 27930.0 37800.0
194 12160.0 35000.0
195 12350.0 37800.0
196 11970.0 29400.0
197 8740.0 40600.0
198 9880.0 35000.0
199 13490.0 35000.0
200 27930.0 35000.0
201 36290.0 35000.0
202 41990.0 15400.0
203 35150.0 9800.0
204 39520.0 12600.0
205 64980.0 12600.0
206 36860.0 15400.0
207 66500.0 12600.0
208 34010.0 9800.0
210 66690.0 9800.0
211 37050.0 9800.0
213 61940.0 7000.0
214 61180.0 4200.0
215 63270.0 7000.0
216 39330.0 18200.0
217 36290.0 21000.0
218 26980.0 18200.0
219 67070.0 35000.0
220 67070.0 40600.0
221 68020.0 40600.0
222 69160.0 37800.0
223 69350.0 40600.0
224 34960.0 43400.0
225 23560.0 43400.0
226 24130.0 37800.0
227 33060.0 37800.0
228 22040.0 37800.0
229 22990.0 37800.0
230 23180.0 35000.0
231 36290.0 12600.0
232 26030.0 12600.0
233 27170.0 12600.0
234 29830.0 15400.0
235 31160.0 12600.0
236 31160.0 9800.0
237 29450.0 12600.0
238 20140.0 18200.0
239 70680.0 40600.0
240 74100.0 21000.0
241 67640.0 21000.0
242 69160.0 43400.0
243 64790.0 23800.0
244 65360.0 26600.0
245 66120.0 43400.0
246 67450.0 43400.0
247 64410.0 40600.0
248 65740.0 46200.0
249 55290.0 43400.0
250 55480.0 46200.0
251 64410.0 46200.0
252 62510.0 46200.0
253 53770.0 37800.0
254 53390.0 40600.0
255 53580.0 46200.0
256 64220.0 29400.0
257 64410.0 37800.0
258 57380.0 43400.0
259 54150.0 49000.0
260 49590.0 49000.0
261 29260.0 40600.0
262 30590.0 43400.0
263 31920.0 46200.0
264 44270.0 46200.0
265 42750.0 46200.0
266 41040.0 46200.0
267 32110.0 49000.0
268 30970.0 49000.0
269 26790.0 49000.0
270 31920.0 32200.0
271 29260.0 35000.0
272 46930.0 35000.0
273 48070.0 37800.0
274 28880.0 43400.0
275 24700.0 46200.0
276 23370.0 49000.0
277 23750.0 46200.0
278 25460.0 46200.0
279 25080.0 49000.0
280 22610.0 46200.0
281 18810.0 15400.0
282 19950.0 15400.0
283 17670.0 9800.0
284 19000.0 4200.0
285 20520.0 4200.0
286 16910.0 4200.0
287 21660.0 18200.0
288 36100.0 43400.0
289 36100.0 40600.0
290 34390.0 40600.0
291 30020.0 37800.0
292 30210.0 40600.0
293 38570.0 40600.0
294 39900.0 40600.0
295 37430.0 40600.0
296 27930.0 40600.0
297 26790.0 43400.0
298 25460.0 37800.0
299 26600.0 40600.0
300 26410.0 37800.0
301 22230.0 15400.0
302 21090.0 15400.0
303 22230.0 12600.0
304 19760.0 9800.0
305 21280.0 9800.0
306 21090.0 12600.0
307 13680.0 18200.0
308 25270.0 43400.0
309 27740.0 43400.0
310 30210.0 46200.0
311 52630.0 43400.0
312 49780.0 46200.0
313 64030.0 43400.0
314 62890.0 43400.0
315 51110.0 46200.0
316 49780.0 43400.0
317 35150.0 46200.0
318 20140.0 35000.0
319 21280.0 35000.0
320 20520.0 40600.0
321 28880.0 46200.0
322 19380.0 43400.0
323 19950.0 46200.0
324 17860.0 46200.0
325 16150.0 43400.0
326 15010.0 43400.0
327 16720.0 46200.0
328 15010.0 46200.0
329 15010.0 15400.0
330 13870.0 15400.0
331 10830.0 15400.0
332 12540.0 12600.0
333 14060.0 9800.0
334 9690.0 15400.0
335 10640.0 18200.0
336 19380.0 40600.0
337 21090.0 43400.0
338 21850.0 40600.0
339 6840.0 40600.0
340 20140.0 37800.0
341 21090.0 37800.0
342 16530.0 37800.0
343 13300.0 37800.0
344 14250.0 37800.0
345 15390.0 37800.0
346 7220.0 37800.0
347 8360.0 37800.0
348 5700.0 40600.0
349 5890.0 37800.0
350 10070.0 12600.0
351 8930.0 12600.0
352 6650.0 12600.0
353 11400.0 9800.0
354 11020.0 7000.0
355 6270.0 7000.0
356 12160.0 18200.0
357 11210.0 40600.0
358 17860.0 43400.0
359 21280.0 46200.0
360 22230.0 49000.0
361 18810.0 46200.0
362 9880.0 40600.0
363 12920.0 43400.0
364 13110.0 46200.0
365 12160.0 46200.0
366 9690.0 46200.0
367 9690.0 43400.0
368 11020.0 46200.0
369 11210.0 43400.0
370 11210.0 12600.0
371 11970.0 15400.0
372 7790.0 12600.0
373 11400.0 4200.0
374 9880.0 4200.0
375 8170.0 7000.0
376 69540.0 21000.0
377 68020.0 18200.0
378 65360.0 15400.0
379 68400.0 15400.0
380 69730.0 12600.0
381 64220.0 4200.0
382 62700.0 4200.0
383 70870.0 4200.0
384 66500.0 23800.0
385 63840.0 15400.0
386 66880.0 15400.0
387 67830.0 12600.0
388 64600.0 9800.0
389 62320.0 9800.0
390 67830.0 9800.0
391 62320.0 40600.0
392 61560.0 15400.0
393 61180.0 18200.0
394 60230.0 9800.0
395 58900.0 4200.0
396 57000.0 4200.0
397 58710.0 9800.0
398 55480.0 40600.0
399 55480.0 15400.0
400 53960.0 15400.0
401 53390.0 12600.0
402 57760.0 15400.0
403 57000.0 9800.0
404 55670.0 9800.0
405 59090.0 43400.0
406 60420.0 40600.0
407 61560.0 43400.0
408 60230.0 43400.0
409 59660.0 15400.0
410 59280.0 18200.0
411 52630.0 18200.0
412 56620.0 18200.0
413 53960.0 18200.0
414 55290.0 18200.0
415 55480.0 37800.0
416 52440.0 15400.0
417 50920.0 15400.0
418 50350.0 12600.0
419 46740.0 7000.0
420 46740.0 4200.0
421 49210.0 7000.0
422 45410.0 43400.0
423 47120.0 49000.0
424 46930.0 43400.0
425 47500.0 15400.0
426 47880.0 18200.0
427 48830.0 12600.0
428 44080.0 9800.0
429 45600.0 9800.0
430 46930.0 12600.0
431 41990.0 40600.0
432 39900.0 43400.0
433 40850.0 40600.0
434 44460.0 15400.0
435 43320.0 18200.0
436 45030.0 18200.0
437 49400.0 18200.0
438 49400.0 15400.0
439 46170.0 18200.0
440 34960.0 21000.0
441 70490.0 43400.0
442 67450.0 46200.0
443 59280.0 46200.0
444 52440.0 46200.0
445 65930.0 40600.0
446 65170.0 43400.0
447 57950.0 46200.0
448 56620.0 46200.0
449 51680.0 40600.0
450 36290.0 18200.0
451 35150.0 18200.0
452 34010.0 18200.0
453 32680.0 18200.0
454 28880.0 18200.0
455 30210.0 18200.0
456 38570.0 21000.0
458 68970.0 4200.0
459 71250.0 12600.0
461 72770.0 15400.0
462 45410.0 4200.0
463 30020.0 23800.0
464 27930.0 23800.0
465 28310.0 26600.0
466 40470.0 4200.0
467 25460.0 21000.0
468 22990.0 21000.0
469 20710.0 21000.0
470 38190.0 4200.0
471 60990.0 12600.0
472 23180.0 26600.0
473 21090.0 26600.0
474 16150.0 26600.0
476 37050.0 4200.0
477 17100.0 21000.0
478 11590.0 23800.0
479 10450.0 26600.0
480 39330.0 4200.0
481 15200.0 18200.0
482 14630.0 21000.0
483 12350.0 21000.0
484 14250.0 4200.0
485 13490.0 23800.0
486 10070.0 29400.0
487 66310.0 4200.0
488 70490.0 15400.0
489 70870.0 18200.0
490 48070.0 7000.0
491 63080.0 21000.0
492 71630.0 21000.0
493 73530.0 23800.0
494 42750.0 4200.0
495 53200.0 23800.0
496 53390.0 26600.0
497 57190.0 23800.0
498 48830.0 4200.0
499 59280.0 32200.0
500 70870.0 32200.0
501 71630.0 35000.0
502 54150.0 7000.0
503 56240.0 29400.0
504 59470.0 29400.0
505 61370.0 32200.0
506 43890.0 4200.0
507 48260.0 29400.0
508 50350.0 29400.0
509 53010.0 29400.0
510 39710.0 7000.0
511 41040.0 29400.0
512 39330.0 32200.0
513 38950.0 29400.0
514 53010.0 4200.0
515 51680.0 21000.0
516 51870.0 23800.0
517 46930.0 23800.0
518 50730.0 4200.0
519 41800.0 7000.0
520 41990.0 21000.0
521 38570.0 23800.0
522 29450.0 4200.0
523 22230.0 7000.0
524 35150.0 7000.0
525 67070.0 7000.0
526 26030.0 15400.0
527 15390.0 7000.0
528 17290.0 12600.0
529 5890.0 15400.0
530 6650.0 9800.0
531 5890.0 4200.0
532 75430.0 4200.0
533 73910.0 9800.0
534 57950.0 7000.0
535 57190.0 12600.0
536 56810.0 21000.0
537 49970.0 9800.0
538 43130.0 12600.0
539 47690.0 21000.0
540 29830.0 21000.0
541 75430.0 12600.0
542 27550.0 29400.0
543 19570.0 23800.0
544 16530.0 29400.0
545 5890.0 26600.0
546 6270.0 21000.0
547 5890.0 32200.0
548 75430.0 18200.0
549 75810.0 26600.0
550 57570.0 26600.0
551 74670.0 37800.0
552 66690.0 32200.0
553 53010.0 32200.0
554 40470.0 35000.0
555 46930.0 26600.0
556 40090.0 26600.0
