Instance ID x_center y_center
0 68510.0 140.0
1 38270.0 140.0
2 61790.0 140.0
3 39390.0 140.0
4 36030.0 140.0
5 34910.0 140.0
6 56190.0 140.0
7 55070.0 140.0
8 57310.0 140.0
9 31550.0 140.0
10 30430.0 140.0
11 41630.0 140.0
12 62910.0 140.0
13 67390.0 140.0
14 42750.0 140.0
15 43870.0 140.0
16 25950.0 140.0
17 66270.0 140.0
18 23710.0 140.0
19 47230.0 140.0
20 22590.0 140.0
21 21470.0 140.0
22 58430.0 140.0
23 44990.0 140.0
24 40510.0 140.0
25 64030.0 140.0
26 20350.0 140.0
27 46110.0 140.0
28 32670.0 140.0
29 24830.0 140.0
30 33790.0 140.0
31 59550.0 140.0
32 48350.0 140.0
33 18110.0 140.0
34 19230.0 140.0
35 51710.0 140.0
36 37150.0 140.0
37 16990.0 140.0
38 15870.0 140.0
39 49470.0 140.0
40 12510.0 140.0
41 11390.0 140.0
42 27070.0 140.0
43 50590.0 140.0
44 60670.0 140.0
45 10270.0 140.0
46 14750.0 140.0
47 65150.0 140.0
48 53950.0 140.0
49 29310.0 140.0
50 13630.0 140.0
51 52830.0 140.0
52 9150.0 140.0
53 28190.0 140.0
54 22420.0 21000.0
55 27740.0 23800.0
56 31350.0 26600.0
57 43130.0 32200.0
58 29830.0 26600.0
59 9500.0 29400.0
60 9690.0 26600.0
61 6080.0 26600.0
62 17290.0 26600.0
63 10830.0 29400.0
64 66690.0 32200.0
65 68590.0 23800.0
66 72770.0 23800.0
67 73910.0 12600.0
68 63650.0 21000.0
69 45790.0 23800.0
70 53390.0 23800.0
71 50350.0 29400.0
72 58900.0 29400.0
73 46170.0 21000.0
74 29450.0 23800.0
76 32300.0 7000.0
77 28120.0 9800.0
81 22990.0 4200.0
82 25650.0 9800.0
84 27550.0 4200.0
85 24320.0 4200.0
88 18240.0 9800.0
89 19380.0 9800.0
90 24130.0 9800.0
91 26980.0 9800.0
92 25840.0 4200.0
93 62700.0 15400.0
95 60230.0 23800.0
96 65930.0 18200.0
97 60610.0 21000.0
98 61560.0 23800.0
99 60990.0 29400.0
100 61940.0 29400.0
101 62890.0 35000.0
102 61370.0 35000.0
103 62890.0 23800.0
104 65360.0 21000.0
105 65550.0 23800.0
106 63650.0 26600.0
107 61370.0 37800.0
108 62890.0 37800.0
109 59850.0 29400.0
110 60040.0 32200.0
111 61560.0 40600.0
112 62890.0 40600.0
113 42180.0 21000.0
114 46170.0 26600.0
115 43890.0 23800.0
116 45030.0 37800.0
117 52630.0 21000.0
118 49020.0 18200.0
119 49590.0 26600.0
120 47690.0 37800.0
121 44650.0 46200.0
122 49590.0 35000.0
123 49400.0 29400.0
124 52250.0 32200.0
125 51870.0 37800.0
126 57950.0 29400.0
127 58520.0 26600.0
128 57570.0 32200.0
129 56050.0 32200.0
130 54150.0 40600.0
131 45410.0 43400.0
132 42750.0 43400.0
133 43510.0 37800.0
134 43890.0 40600.0
135 33060.0 46200.0
136 51300.0 35000.0
137 58710.0 32200.0
138 53390.0 35000.0
139 37240.0 49000.0
140 37050.0 46200.0
141 41230.0 46200.0
142 11020.0 9800.0
143 12350.0 32200.0
144 10640.0 35000.0
145 13870.0 32200.0
146 13490.0 37800.0
147 16530.0 43400.0
148 18240.0 26600.0
149 18050.0 32200.0
150 19190.0 29400.0
151 18050.0 35000.0
152 19190.0 40600.0
153 11210.0 26600.0
154 6080.0 21000.0
155 10070.0 21000.0
156 10070.0 37800.0
157 9310.0 40600.0
158 7980.0 37800.0
159 11590.0 40600.0
160 20710.0 37800.0
161 21470.0 26600.0
162 22420.0 18200.0
163 23370.0 23800.0
164 23370.0 32200.0
165 26410.0 29400.0
166 28120.0 21000.0
167 28310.0 29400.0
168 26030.0 35000.0
169 24130.0 40600.0
170 28880.0 40600.0
171 34010.0 29400.0
172 33440.0 26600.0
173 34010.0 35000.0
174 33630.0 37800.0
175 35910.0 43400.0
176 40090.0 35000.0
177 42560.0 35000.0
178 41610.0 35000.0
179 40850.0 37800.0
180 39330.0 43400.0
181 32870.0 43400.0
182 30210.0 40600.0
183 32110.0 40600.0
184 37050.0 40600.0
185 36290.0 37800.0
186 35150.0 37800.0
187 30400.0 37800.0
188 29070.0 37800.0
189 22040.0 32200.0
190 26220.0 32200.0
191 22040.0 35000.0
192 27550.0 37800.0
193 26410.0 37800.0
194 14060.0 35000.0
195 16530.0 37800.0
196 11590.0 35000.0
197 9120.0 43400.0
198 11780.0 37800.0
199 17670.0 37800.0
200 25270.0 37800.0
201 30590.0 35000.0
202 39710.0 18200.0
203 31730.0 9800.0
204 38380.0 15400.0
205 59280.0 15400.0
206 34580.0 18200.0
207 64600.0 15400.0
208 30970.0 4200.0
210 64790.0 9800.0
211 34390.0 7000.0
213 62700.0 9800.0
214 62320.0 4200.0
215 64030.0 4200.0
216 34770.0 21000.0
217 31730.0 21000.0
218 26980.0 21000.0
219 58710.0 40600.0
220 56050.0 40600.0
221 57000.0 40600.0
222 59660.0 43400.0
223 55290.0 43400.0
224 34580.0 43400.0
225 26220.0 40600.0
226 27170.0 40600.0
227 33820.0 40600.0
228 23180.0 37800.0
229 24130.0 37800.0
230 23940.0 35000.0
231 34390.0 15400.0
232 23750.0 18200.0
233 26410.0 18200.0
234 24890.0 18200.0
235 27360.0 12600.0
236 25840.0 12600.0
237 24510.0 12600.0
238 19380.0 21000.0
239 63840.0 37800.0
240 70300.0 23800.0
241 63840.0 23800.0
242 64980.0 40600.0
243 61750.0 21000.0
244 61940.0 26600.0
245 66500.0 43400.0
246 64790.0 43400.0
247 60230.0 40600.0
248 61560.0 46200.0
249 51490.0 46200.0
250 56620.0 49000.0
251 58710.0 49000.0
252 58710.0 46200.0
253 49970.0 37800.0
254 49590.0 40600.0
255 49400.0 46200.0
256 60040.0 35000.0
257 56810.0 35000.0
258 51680.0 43400.0
259 50350.0 49000.0
260 46930.0 49000.0
261 26600.0 43400.0
262 29830.0 46200.0
263 29640.0 49000.0
264 42370.0 49000.0
265 40470.0 49000.0
266 36100.0 49000.0
267 30590.0 49000.0
268 24510.0 49000.0
269 24130.0 51800.0
270 31920.0 35000.0
271 27740.0 35000.0
272 42370.0 37800.0
273 41990.0 40600.0
274 27740.0 43400.0
275 20140.0 49000.0
276 21090.0 51800.0
277 21090.0 49000.0
278 22040.0 49000.0
279 22420.0 51800.0
280 19570.0 51800.0
281 17670.0 18200.0
282 19190.0 18200.0
283 19570.0 12600.0
284 21280.0 15400.0
285 22800.0 12600.0
286 21090.0 12600.0
287 17100.0 21000.0
288 34200.0 46200.0
289 34200.0 49000.0
290 30210.0 43400.0
291 28120.0 40600.0
292 29070.0 43400.0
293 31350.0 43400.0
294 37620.0 43400.0
295 32110.0 46200.0
296 28310.0 46200.0
297 25650.0 46200.0
298 24700.0 46200.0
299 26980.0 46200.0
300 25650.0 49000.0
301 20330.0 18200.0
302 16150.0 18200.0
303 15010.0 18200.0
304 18240.0 12600.0
305 17100.0 9800.0
306 13490.0 9800.0
307 6840.0 18200.0
308 23370.0 46200.0
309 23560.0 49000.0
310 28310.0 49000.0
311 52630.0 49000.0
312 47120.0 46200.0
313 60610.0 46200.0
314 56430.0 46200.0
315 48450.0 46200.0
316 47880.0 43400.0
317 38570.0 49000.0
318 20520.0 32200.0
319 20520.0 35000.0
320 20520.0 43400.0
321 23940.0 43400.0
322 20140.0 46200.0
323 21470.0 46200.0
324 19000.0 46200.0
325 19570.0 43400.0
326 15390.0 43400.0
327 18240.0 43400.0
328 12730.0 43400.0
329 11590.0 18200.0
330 5510.0 18200.0
331 5510.0 12600.0
332 10640.0 7000.0
333 12160.0 7000.0
334 6650.0 12600.0
335 8740.0 21000.0
336 21660.0 40600.0
337 21470.0 43400.0
338 22990.0 43400.0
339 9880.0 43400.0
340 20140.0 40600.0
341 17290.0 40600.0
342 19190.0 37800.0
343 14820.0 37800.0
344 15010.0 40600.0
345 16150.0 40600.0
346 11020.0 43400.0
347 6840.0 40600.0
348 7980.0 40600.0
349 10450.0 40600.0
350 10450.0 18200.0
351 9310.0 18200.0
352 10070.0 12600.0
353 11400.0 15400.0
354 12920.0 15400.0
355 9690.0 15400.0
356 7220.0 21000.0
357 14250.0 43400.0
358 16720.0 46200.0
359 17860.0 49000.0
360 19190.0 49000.0
361 16530.0 49000.0
362 12920.0 40600.0
363 14820.0 46200.0
364 15010.0 49000.0
365 13300.0 49000.0
366 12350.0 49000.0
367 10070.0 46200.0
368 11020.0 49000.0
369 11590.0 46200.0
370 12730.0 18200.0
371 8170.0 18200.0
372 7790.0 12600.0
373 11400.0 4200.0
374 12920.0 4200.0
375 8170.0 4200.0
376 58140.0 23800.0
377 59660.0 21000.0
378 60420.0 18200.0
379 61940.0 18200.0
380 63270.0 18200.0
381 60420.0 4200.0
382 61180.0 9800.0
383 62130.0 7000.0
384 60040.0 26600.0
385 60800.0 15400.0
386 64600.0 18200.0
387 65930.0 15400.0
388 59660.0 12600.0
389 59660.0 9800.0
390 65930.0 9800.0
391 58900.0 37800.0
392 57380.0 18200.0
393 58900.0 18200.0
394 58330.0 12600.0
395 58520.0 4200.0
396 55480.0 4200.0
397 56810.0 4200.0
398 54720.0 37800.0
399 55100.0 15400.0
400 53580.0 15400.0
401 52250.0 15400.0
402 53960.0 9800.0
403 55480.0 9800.0
404 52630.0 9800.0
405 53770.0 46200.0
406 54340.0 49000.0
407 55100.0 46200.0
408 55290.0 49000.0
409 55480.0 18200.0
410 50920.0 18200.0
411 51110.0 15400.0
412 49780.0 12600.0
413 47500.0 12600.0
414 47690.0 18200.0
415 51680.0 40600.0
416 53960.0 18200.0
417 52440.0 18200.0
418 50730.0 9800.0
419 48640.0 9800.0
420 48260.0 4200.0
421 49970.0 4200.0
422 44270.0 51800.0
423 44080.0 49000.0
424 43130.0 51800.0
425 41800.0 15400.0
426 42180.0 18200.0
427 40470.0 15400.0
428 41420.0 9800.0
429 39520.0 9800.0
430 39330.0 15400.0
431 39710.0 40600.0
432 41040.0 43400.0
433 40850.0 40600.0
434 43320.0 15400.0
435 43700.0 18200.0
436 43510.0 9800.0
437 45600.0 7000.0
438 45220.0 4200.0
439 43510.0 4200.0
440 30400.0 18200.0
441 62890.0 43400.0
442 63270.0 46200.0
443 58140.0 43400.0
444 49400.0 43400.0
445 60990.0 43400.0
446 56810.0 43400.0
447 53390.0 43400.0
448 50540.0 43400.0
449 45980.0 40600.0
450 27930.0 18200.0
451 29070.0 18200.0
452 31350.0 15400.0
453 33440.0 9800.0
454 30020.0 9800.0
455 30210.0 15400.0
456 34390.0 23800.0
458 65930.0 4200.0
459 67830.0 12600.0
461 70110.0 12600.0
462 41610.0 4200.0
463 29260.0 21000.0
464 25270.0 21000.0
465 25650.0 23800.0
466 37050.0 4200.0
467 23560.0 21000.0
468 21090.0 21000.0
469 21470.0 23800.0
470 35910.0 4200.0
471 58330.0 9800.0
472 20140.0 26600.0
473 21090.0 29400.0
474 15390.0 26600.0
476 35530.0 7000.0
477 15200.0 9800.0
478 12730.0 23800.0
479 7790.0 26600.0
480 38190.0 4200.0
481 14820.0 21000.0
482 12350.0 21000.0
483 10450.0 23800.0
484 21470.0 9800.0
485 13110.0 26600.0
486 8550.0 32200.0
487 68970.0 9800.0
488 70110.0 18200.0
489 72390.0 18200.0
490 46930.0 4200.0
491 66500.0 21000.0
492 67070.0 23800.0
493 66690.0 26600.0
494 36670.0 7000.0
495 63080.0 29400.0
496 62510.0 32200.0
497 64790.0 32200.0
498 46930.0 7000.0
499 57000.0 26600.0
500 54910.0 26600.0
501 52250.0 26600.0
502 45030.0 9800.0
503 45600.0 29400.0
504 47310.0 35000.0
505 47690.0 29400.0
506 37810.0 7000.0
507 45980.0 18200.0
508 48070.0 21000.0
509 50350.0 21000.0
510 36290.0 9800.0
511 38760.0 21000.0
512 38570.0 23800.0
513 40850.0 23800.0
514 56810.0 9800.0
515 43320.0 29400.0
516 44270.0 32200.0
517 41230.0 29400.0
518 46550.0 9800.0
519 36100.0 12600.0
520 35910.0 26600.0
521 30590.0 29400.0
522 17290.0 4200.0
523 22230.0 7000.0
524 28690.0 7000.0
525 70490.0 4200.0
526 25270.0 15400.0
527 17290.0 15400.0
528 14250.0 12600.0
529 6270.0 9800.0
530 5890.0 15400.0
531 6650.0 7000.0
532 65930.0 7000.0
533 63650.0 12600.0
534 58330.0 7000.0
535 54530.0 12600.0
536 47310.0 15400.0
537 50730.0 7000.0
538 40850.0 12600.0
539 41610.0 7000.0
540 31730.0 12600.0
541 71250.0 15400.0
542 25270.0 26600.0
543 16910.0 23800.0
544 15010.0 29400.0
545 5890.0 29400.0
546 5890.0 23800.0
547 5890.0 35000.0
548 70870.0 21000.0
549 71250.0 26600.0
550 66690.0 35000.0
551 54150.0 29400.0
552 48070.0 32200.0
553 49590.0 23800.0
554 41990.0 26600.0
555 39330.0 32200.0
556 32110.0 32200.0
