Instance ID x_center y_center
0 68510.0 140.0
1 38270.0 140.0
2 61790.0 140.0
3 39390.0 140.0
4 36030.0 140.0
5 34910.0 140.0
6 56190.0 140.0
7 55070.0 140.0
8 57310.0 140.0
9 31550.0 140.0
10 30430.0 140.0
11 41630.0 140.0
12 62910.0 140.0
13 67390.0 140.0
14 42750.0 140.0
15 43870.0 140.0
16 25950.0 140.0
17 66270.0 140.0
18 23710.0 140.0
19 47230.0 140.0
20 22590.0 140.0
21 21470.0 140.0
22 58430.0 140.0
23 44990.0 140.0
24 40510.0 140.0
25 64030.0 140.0
26 20350.0 140.0
27 46110.0 140.0
28 32670.0 140.0
29 24830.0 140.0
30 33790.0 140.0
31 59550.0 140.0
32 48350.0 140.0
33 18110.0 140.0
34 19230.0 140.0
35 51710.0 140.0
36 37150.0 140.0
37 16990.0 140.0
38 15870.0 140.0
39 49470.0 140.0
40 12510.0 140.0
41 11390.0 140.0
42 27070.0 140.0
43 50590.0 140.0
44 60670.0 140.0
45 10270.0 140.0
46 14750.0 140.0
47 65150.0 140.0
48 53950.0 140.0
49 29310.0 140.0
50 13630.0 140.0
51 52830.0 140.0
52 9150.0 140.0
53 28190.0 140.0
54 22040.0 18200.0
55 26600.0 26600.0
56 30210.0 26600.0
57 44650.0 21000.0
58 29070.0 23800.0
59 12920.0 32200.0
60 11590.0 23800.0
61 6840.0 26600.0
62 15770.0 32200.0
63 12730.0 26600.0
64 67450.0 35000.0
65 62130.0 29400.0
66 70870.0 18200.0
67 73150.0 12600.0
68 61370.0 21000.0
69 43130.0 32200.0
70 51110.0 32200.0
71 53770.0 21000.0
72 57760.0 29400.0
73 47690.0 21000.0
74 29450.0 21000.0
76 33060.0 9800.0
77 24320.0 7000.0
81 22230.0 7000.0
82 26030.0 7000.0
84 22990.0 9800.0
85 23560.0 4200.0
88 20520.0 4200.0
89 22040.0 4200.0
90 19570.0 7000.0
91 27360.0 7000.0
92 20900.0 7000.0
93 60800.0 12600.0
95 67450.0 23800.0
96 65550.0 12600.0
97 65170.0 21000.0
98 66120.0 23800.0
99 60610.0 32200.0
100 61940.0 32200.0
101 65550.0 35000.0
102 64030.0 35000.0
103 64410.0 29400.0
104 63840.0 26600.0
105 63270.0 29400.0
106 65930.0 29400.0
107 66310.0 37800.0
108 64790.0 37800.0
109 62890.0 32200.0
110 64220.0 32200.0
111 63840.0 37800.0
112 62130.0 37800.0
113 40660.0 29400.0
114 41230.0 32200.0
115 42370.0 29400.0
116 42750.0 37800.0
117 49970.0 35000.0
118 47880.0 35000.0
119 46170.0 35000.0
120 46550.0 37800.0
121 43510.0 43400.0
122 48830.0 23800.0
123 52820.0 21000.0
124 53390.0 23800.0
125 50350.0 37800.0
126 58710.0 29400.0
127 57000.0 29400.0
128 58330.0 35000.0
129 59850.0 37800.0
130 55670.0 40600.0
131 44650.0 40600.0
132 42750.0 40600.0
133 44270.0 37800.0
134 40850.0 37800.0
135 36480.0 43400.0
136 52060.0 35000.0
137 57190.0 35000.0
138 52630.0 37800.0
139 40660.0 46200.0
140 39330.0 43400.0
141 40090.0 40600.0
142 7220.0 7000.0
143 6650.0 32200.0
144 7220.0 37800.0
145 11970.0 32200.0
146 11970.0 40600.0
147 15010.0 40600.0
148 19380.0 26600.0
149 19950.0 29400.0
150 17290.0 32200.0
151 17290.0 35000.0
152 16530.0 40600.0
153 10830.0 26600.0
154 11400.0 21000.0
155 10450.0 23800.0
156 8550.0 37800.0
157 6270.0 40600.0
158 10260.0 35000.0
159 8550.0 40600.0
160 16530.0 37800.0
161 22990.0 21000.0
162 22040.0 23800.0
163 21090.0 23800.0
164 22610.0 32200.0
165 27170.0 23800.0
166 25840.0 21000.0
167 25650.0 23800.0
168 25270.0 32200.0
169 23750.0 40600.0
170 29260.0 40600.0
171 32490.0 29400.0
172 31540.0 21000.0
173 31730.0 26600.0
174 32490.0 35000.0
175 32490.0 43400.0
176 44650.0 23800.0
177 45980.0 23800.0
178 46170.0 26600.0
179 41230.0 35000.0
180 38950.0 37800.0
181 30970.0 43400.0
182 31350.0 40600.0
183 32110.0 37800.0
184 34770.0 37800.0
185 35150.0 35000.0
186 34010.0 35000.0
187 30780.0 37800.0
188 27550.0 37800.0
189 19760.0 32200.0
190 26600.0 32200.0
191 20900.0 32200.0
192 25650.0 37800.0
193 29070.0 37800.0
194 12540.0 35000.0
195 12730.0 37800.0
196 10830.0 32200.0
197 7600.0 46200.0
198 10260.0 37800.0
199 11590.0 37800.0
200 29070.0 35000.0
201 30590.0 35000.0
202 37430.0 18200.0
203 32110.0 9800.0
204 35340.0 18200.0
205 58900.0 15400.0
206 35720.0 21000.0
207 63840.0 15400.0
208 34010.0 9800.0
210 63650.0 12600.0
211 35150.0 9800.0
213 62700.0 7000.0
214 61180.0 4200.0
215 63650.0 4200.0
216 34390.0 23800.0
217 32870.0 18200.0
218 24700.0 18200.0
219 64790.0 40600.0
220 63650.0 40600.0
221 67640.0 37800.0
222 66120.0 40600.0
223 67830.0 40600.0
224 29260.0 43400.0
225 20520.0 40600.0
226 21470.0 40600.0
227 33440.0 40600.0
228 21280.0 37800.0
229 22230.0 37800.0
230 22800.0 35000.0
231 33250.0 15400.0
232 22610.0 15400.0
233 23750.0 15400.0
234 34010.0 12600.0
235 43320.0 7000.0
236 43320.0 4200.0
237 35530.0 7000.0
238 19000.0 18200.0
239 67260.0 43400.0
240 66880.0 21000.0
241 65360.0 18200.0
242 66120.0 43400.0
243 64790.0 26600.0
244 66120.0 26600.0
245 61940.0 43400.0
246 63270.0 43400.0
247 62130.0 40600.0
248 61180.0 46200.0
249 49210.0 43400.0
250 52440.0 46200.0
251 56810.0 46200.0
252 56810.0 49000.0
253 48830.0 37800.0
254 47310.0 40600.0
255 48640.0 49000.0
256 59280.0 35000.0
257 57570.0 37800.0
258 52060.0 43400.0
259 51110.0 49000.0
260 44650.0 49000.0
261 28120.0 40600.0
262 28310.0 46200.0
263 31540.0 49000.0
264 41990.0 46200.0
265 39330.0 46200.0
266 33440.0 46200.0
267 30590.0 49000.0
268 26790.0 49000.0
269 24510.0 49000.0
270 27360.0 35000.0
271 25840.0 35000.0
272 42750.0 35000.0
273 43890.0 35000.0
274 26600.0 46200.0
275 19760.0 46200.0
276 19950.0 49000.0
277 19570.0 51800.0
278 20900.0 51800.0
279 21280.0 49000.0
280 18810.0 49000.0
281 18050.0 15400.0
282 19190.0 15400.0
283 15770.0 15400.0
284 24700.0 12600.0
285 23180.0 12600.0
286 15390.0 12600.0
287 17100.0 18200.0
288 35720.0 43400.0
289 35340.0 46200.0
290 33630.0 43400.0
291 27360.0 40600.0
292 27930.0 43400.0
293 34770.0 40600.0
294 36100.0 40600.0
295 34770.0 43400.0
296 26790.0 43400.0
297 24130.0 43400.0
298 23180.0 43400.0
299 25460.0 43400.0
300 26030.0 40600.0
301 20710.0 15400.0
302 16910.0 15400.0
303 14250.0 12600.0
304 19000.0 9800.0
305 17480.0 7000.0
306 13870.0 7000.0
307 7980.0 18200.0
308 23750.0 46200.0
309 30020.0 46200.0
310 31730.0 46200.0
311 51110.0 46200.0
312 47500.0 46200.0
313 59850.0 43400.0
314 54910.0 43400.0
315 48830.0 46200.0
316 45980.0 46200.0
317 44650.0 46200.0
318 20900.0 35000.0
319 19760.0 35000.0
320 19760.0 40600.0
321 25080.0 46200.0
322 20900.0 46200.0
323 22230.0 46200.0
324 17100.0 46200.0
325 16910.0 43400.0
326 13110.0 43400.0
327 15580.0 43400.0
328 11590.0 43400.0
329 10830.0 18200.0
330 6650.0 18200.0
331 7030.0 12600.0
332 9500.0 7000.0
333 9880.0 9800.0
334 5890.0 12600.0
335 9500.0 18200.0
336 17860.0 40600.0
337 20330.0 43400.0
338 21470.0 43400.0
339 6460.0 43400.0
340 17860.0 43400.0
341 18810.0 43400.0
342 15010.0 37800.0
343 13680.0 37800.0
344 13870.0 40600.0
345 14250.0 43400.0
346 5320.0 43400.0
347 8740.0 43400.0
348 7600.0 43400.0
349 7410.0 40600.0
350 10830.0 15400.0
351 11970.0 18200.0
352 11970.0 15400.0
353 11400.0 12600.0
354 9880.0 12600.0
355 9690.0 15400.0
356 13300.0 18200.0
357 10070.0 43400.0
358 18240.0 46200.0
359 22800.0 49000.0
360 22990.0 51800.0
361 17670.0 49000.0
362 9880.0 40600.0
363 15580.0 46200.0
364 15390.0 49000.0
365 14440.0 46200.0
366 9690.0 46200.0
367 8550.0 46200.0
368 11020.0 46200.0
369 12730.0 46200.0
370 14630.0 15400.0
371 13490.0 15400.0
372 11210.0 9800.0
373 11020.0 7000.0
374 12540.0 7000.0
375 8170.0 7000.0
376 63460.0 21000.0
377 63460.0 18200.0
378 60800.0 18200.0
379 62320.0 18200.0
380 62510.0 12600.0
381 65360.0 9800.0
382 59660.0 4200.0
383 62510.0 4200.0
384 64220.0 23800.0
385 60800.0 15400.0
386 62320.0 15400.0
387 62510.0 9800.0
388 63840.0 9800.0
389 61180.0 9800.0
390 66690.0 9800.0
391 60040.0 40600.0
392 58900.0 18200.0
393 59660.0 21000.0
394 58330.0 9800.0
395 54720.0 7000.0
396 54720.0 4200.0
397 57570.0 4200.0
398 55100.0 37800.0
399 55860.0 18200.0
400 54340.0 18200.0
401 53390.0 15400.0
402 55860.0 9800.0
403 55480.0 15400.0
404 52250.0 12600.0
405 56050.0 43400.0
406 57000.0 40600.0
407 57380.0 43400.0
408 58710.0 43400.0
409 57380.0 18200.0
410 52820.0 18200.0
411 51870.0 15400.0
412 48260.0 9800.0
413 45220.0 9800.0
414 45790.0 15400.0
415 49020.0 40600.0
416 51300.0 18200.0
417 51680.0 21000.0
418 50730.0 15400.0
419 46740.0 9800.0
420 45600.0 7000.0
421 49970.0 9800.0
422 39710.0 49000.0
423 41800.0 49000.0
424 38190.0 49000.0
425 39140.0 15400.0
426 37620.0 15400.0
427 36290.0 15400.0
428 38000.0 9800.0
429 36480.0 9800.0
430 35150.0 12600.0
431 39710.0 35000.0
432 37620.0 40600.0
433 38570.0 35000.0
434 41420.0 15400.0
435 40660.0 18200.0
436 43510.0 15400.0
437 47120.0 15400.0
438 48640.0 15400.0
439 48450.0 18200.0
440 30400.0 18200.0
441 64790.0 43400.0
442 62890.0 46200.0
443 60040.0 46200.0
444 49780.0 46200.0
445 60990.0 43400.0
446 58330.0 46200.0
447 55290.0 46200.0
448 53580.0 46200.0
449 51300.0 40600.0
450 32490.0 12600.0
451 31730.0 18200.0
452 31350.0 12600.0
453 30020.0 12600.0
454 26980.0 12600.0
455 27550.0 18200.0
456 34770.0 26600.0
458 65550.0 4200.0
459 72770.0 15400.0
461 73150.0 18200.0
462 35910.0 4200.0
463 26220.0 18200.0
464 24510.0 21000.0
465 23750.0 23800.0
466 39330.0 4200.0
467 23180.0 18200.0
468 20710.0 18200.0
469 21090.0 21000.0
470 33250.0 7000.0
471 59850.0 9800.0
472 21660.0 29400.0
473 17670.0 26600.0
474 15390.0 26600.0
476 32490.0 4200.0
477 12920.0 12600.0
478 6270.0 23800.0
479 8550.0 26600.0
480 38190.0 4200.0
481 12540.0 21000.0
482 10070.0 21000.0
483 8550.0 23800.0
484 11590.0 4200.0
485 11210.0 29400.0
486 8930.0 32200.0
487 64790.0 7000.0
488 66690.0 18200.0
489 68970.0 18200.0
490 45790.0 4200.0
491 57000.0 21000.0
492 57190.0 23800.0
493 59470.0 23800.0
494 41230.0 4200.0
495 60800.0 29400.0
496 65930.0 32200.0
497 68970.0 32200.0
498 48070.0 4200.0
499 50160.0 29400.0
500 52250.0 29400.0
501 54530.0 29400.0
502 46930.0 4200.0
503 49780.0 18200.0
504 49970.0 21000.0
505 51110.0 23800.0
506 34390.0 7000.0
507 44080.0 29400.0
508 45790.0 29400.0
509 48070.0 29400.0
510 37050.0 4200.0
511 39520.0 29400.0
512 37810.0 29400.0
513 35530.0 29400.0
514 52250.0 4200.0
515 47120.0 23800.0
516 40470.0 23800.0
517 42370.0 23800.0
518 44650.0 4200.0
519 31920.0 7000.0
520 31350.0 23800.0
521 28310.0 26600.0
522 27550.0 4200.0
523 16530.0 4200.0
524 27170.0 9800.0
525 70110.0 4200.0
526 39330.0 7000.0
527 19190.0 12600.0
528 15010.0 9800.0
529 5890.0 9800.0
530 5890.0 15400.0
531 6270.0 4200.0
532 69350.0 7000.0
533 68590.0 15400.0
534 58710.0 7000.0
535 56050.0 12600.0
536 48450.0 12600.0
537 50730.0 7000.0
538 39330.0 12600.0
539 44650.0 18200.0
540 27550.0 15400.0
541 69350.0 12600.0
542 22990.0 26600.0
543 16530.0 21000.0
544 15390.0 29400.0
545 5890.0 29400.0
546 5890.0 21000.0
547 5890.0 35000.0
548 71250.0 21000.0
549 60230.0 26600.0
550 71250.0 35000.0
551 56430.0 32200.0
552 51490.0 26600.0
553 47310.0 32200.0
554 37050.0 32200.0
555 42370.0 26600.0
556 27550.0 29400.0
