Instance ID x_center y_center
0 76350.0 140.0
1 46110.0 140.0
2 69630.0 140.0
3 47230.0 140.0
4 43870.0 140.0
5 42750.0 140.0
6 64030.0 140.0
7 62910.0 140.0
8 65150.0 140.0
9 39390.0 140.0
10 38270.0 140.0
11 49470.0 140.0
12 70750.0 140.0
13 75230.0 140.0
14 50590.0 140.0
15 51710.0 140.0
16 33790.0 140.0
17 74110.0 140.0
18 31550.0 140.0
19 55070.0 140.0
20 30430.0 140.0
21 29310.0 140.0
22 66270.0 140.0
23 52830.0 140.0
24 48350.0 140.0
25 71870.0 140.0
26 28190.0 140.0
27 53950.0 140.0
28 40510.0 140.0
29 32670.0 140.0
30 41630.0 140.0
31 67390.0 140.0
32 56190.0 140.0
33 25950.0 140.0
34 27070.0 140.0
35 59550.0 140.0
36 44990.0 140.0
37 24830.0 140.0
38 23710.0 140.0
39 57310.0 140.0
40 20350.0 140.0
41 19230.0 140.0
42 34910.0 140.0
43 58430.0 140.0
44 68510.0 140.0
45 18110.0 140.0
46 22590.0 140.0
47 72990.0 140.0
48 61790.0 140.0
49 37150.0 140.0
50 21470.0 140.0
51 60670.0 140.0
52 16990.0 140.0
53 36030.0 140.0
54 24320.0 23800.0
55 31920.0 23800.0
56 42750.0 23800.0
57 44270.0 35000.0
58 36670.0 26600.0
59 9880.0 29400.0
60 14250.0 23800.0
61 14440.0 29400.0
62 21850.0 29400.0
63 15770.0 29400.0
64 69730.0 32200.0
65 73150.0 29400.0
66 77330.0 21000.0
67 89870.0 18200.0
68 68970.0 21000.0
69 53390.0 32200.0
70 58330.0 29400.0
71 76950.0 35000.0
72 82460.0 37800.0
73 54910.0 18200.0
74 36290.0 21000.0
76 38760.0 9800.0
77 36480.0 4200.0
81 31350.0 4200.0
82 37050.0 7000.0
84 35530.0 9800.0
85 33440.0 4200.0
88 28880.0 4200.0
89 30020.0 4200.0
90 34770.0 7000.0
91 35720.0 7000.0
92 34960.0 4200.0
93 69160.0 15400.0
95 67450.0 21000.0
96 68970.0 18200.0
97 66310.0 21000.0
98 66880.0 23800.0
99 72010.0 32200.0
100 65360.0 29400.0
101 68590.0 32200.0
102 69730.0 35000.0
103 70490.0 21000.0
104 71440.0 26600.0
105 71630.0 29400.0
106 70110.0 29400.0
107 68210.0 37800.0
108 68210.0 40600.0
109 70870.0 32200.0
110 71440.0 35000.0
111 69920.0 43400.0
112 68590.0 43400.0
113 50160.0 37800.0
114 51490.0 37800.0
115 53770.0 35000.0
116 53390.0 40600.0
117 57190.0 26600.0
118 59660.0 26600.0
119 59850.0 29400.0
120 58330.0 37800.0
121 55290.0 46200.0
122 79990.0 37800.0
123 76000.0 35000.0
124 76570.0 37800.0
125 76190.0 43400.0
126 78470.0 37800.0
127 81320.0 37800.0
128 81510.0 40600.0
129 78090.0 40600.0
130 71630.0 43400.0
131 51870.0 46200.0
132 47690.0 46200.0
133 53010.0 37800.0
134 51490.0 40600.0
135 39900.0 46200.0
136 80180.0 43400.0
137 79610.0 40600.0
138 78470.0 43400.0
139 44460.0 49000.0
140 41610.0 49000.0
141 45030.0 46200.0
142 13300.0 12600.0
143 14630.0 35000.0
144 12540.0 37800.0
145 13110.0 35000.0
146 12730.0 40600.0
147 19570.0 43400.0
148 23560.0 29400.0
149 23750.0 32200.0
150 20710.0 35000.0
151 20330.0 37800.0
152 21090.0 43400.0
153 13110.0 26600.0
154 14820.0 21000.0
155 13110.0 23800.0
156 11590.0 35000.0
157 5890.0 40600.0
158 9880.0 32200.0
159 9310.0 40600.0
160 18810.0 40600.0
161 23750.0 26600.0
162 25460.0 21000.0
163 25650.0 23800.0
164 22610.0 35000.0
165 33250.0 26600.0
166 32680.0 23800.0
167 31730.0 26600.0
168 30970.0 32200.0
169 27170.0 40600.0
170 33820.0 43400.0
171 40090.0 26600.0
172 41800.0 23800.0
173 42750.0 26600.0
174 40090.0 37800.0
175 40470.0 40600.0
176 46550.0 32200.0
177 47120.0 29400.0
178 45410.0 35000.0
179 46170.0 37800.0
180 47310.0 43400.0
181 38950.0 43400.0
182 37050.0 43400.0
183 38950.0 40600.0
184 43510.0 40600.0
185 42750.0 37800.0
186 41610.0 37800.0
187 35340.0 40600.0
188 33630.0 40600.0
189 23940.0 35000.0
190 32300.0 32200.0
191 25080.0 35000.0
192 30590.0 40600.0
193 31730.0 40600.0
194 13680.0 37800.0
195 14630.0 40600.0
196 11590.0 32200.0
197 10260.0 43400.0
198 11400.0 37800.0
199 15390.0 37800.0
200 31350.0 37800.0
201 34390.0 37800.0
202 47690.0 18200.0
203 38950.0 12600.0
204 42940.0 15400.0
205 71060.0 15400.0
206 46360.0 21000.0
207 72580.0 15400.0
208 39710.0 9800.0
210 72010.0 12600.0
211 41230.0 9800.0
213 68780.0 7000.0
214 67260.0 7000.0
215 70110.0 7000.0
216 47690.0 23800.0
217 43890.0 23800.0
218 30400.0 21000.0
219 67070.0 43400.0
220 65930.0 43400.0
221 64980.0 43400.0
222 66880.0 40600.0
223 65170.0 40600.0
224 37620.0 46200.0
225 27360.0 43400.0
226 27930.0 37800.0
227 37240.0 40600.0
228 25840.0 37800.0
229 26790.0 37800.0
230 27740.0 35000.0
231 42750.0 18200.0
232 28690.0 18200.0
233 30210.0 18200.0
234 30210.0 12600.0
235 33060.0 12600.0
236 34580.0 12600.0
237 29070.0 12600.0
238 20520.0 21000.0
239 66120.0 35000.0
240 73340.0 21000.0
241 65360.0 23800.0
242 66120.0 37800.0
243 70110.0 26600.0
244 68780.0 26600.0
245 71440.0 37800.0
246 70110.0 37800.0
247 70110.0 40600.0
248 69920.0 46200.0
249 63270.0 49000.0
250 65360.0 49000.0
251 65930.0 46200.0
252 66690.0 49000.0
253 59850.0 40600.0
254 59850.0 43400.0
255 61180.0 49000.0
256 74480.0 37800.0
257 75430.0 40600.0
258 68020.0 49000.0
259 62510.0 51800.0
260 57570.0 51800.0
261 31160.0 43400.0
262 32110.0 46200.0
263 30780.0 49000.0
264 53770.0 49000.0
265 48830.0 49000.0
266 35340.0 49000.0
267 30210.0 51800.0
268 25650.0 51800.0
269 19950.0 49000.0
270 36860.0 35000.0
271 31540.0 35000.0
272 47690.0 37800.0
273 46550.0 40600.0
274 29640.0 49000.0
275 23180.0 51800.0
276 21090.0 51800.0
277 22230.0 51800.0
278 24320.0 51800.0
279 19760.0 51800.0
280 21090.0 54600.0
281 21470.0 18200.0
282 20330.0 18200.0
283 19950.0 15400.0
284 21660.0 4200.0
285 23180.0 4200.0
286 20330.0 4200.0
287 22040.0 21000.0
288 38760.0 49000.0
289 37620.0 49000.0
290 36290.0 46200.0
291 32300.0 43400.0
292 33630.0 46200.0
293 40850.0 46200.0
294 41420.0 43400.0
295 38950.0 46200.0
296 30590.0 46200.0
297 26790.0 46200.0
298 25840.0 46200.0
299 29260.0 46200.0
300 27930.0 46200.0
301 23750.0 18200.0
302 22610.0 18200.0
303 21470.0 15400.0
304 23560.0 12600.0
305 23560.0 9800.0
306 21470.0 9800.0
307 13680.0 21000.0
308 26030.0 49000.0
309 27740.0 49000.0
310 32490.0 49000.0
311 59850.0 49000.0
312 58140.0 49000.0
313 70870.0 46200.0
314 72010.0 46200.0
315 58330.0 46200.0
316 56240.0 49000.0
317 50350.0 49000.0
318 19380.0 35000.0
319 22800.0 37800.0
320 22420.0 40600.0
321 24320.0 49000.0
322 21660.0 49000.0
323 22990.0 49000.0
324 22420.0 46200.0
325 21470.0 46200.0
326 18050.0 43400.0
327 20140.0 46200.0
328 18430.0 46200.0
329 16530.0 18200.0
330 13490.0 18200.0
331 12350.0 12600.0
332 11400.0 9800.0
333 12920.0 9800.0
334 10070.0 9800.0
335 12160.0 21000.0
336 22800.0 43400.0
337 25270.0 43400.0
338 26410.0 43400.0
339 6460.0 43400.0
340 23940.0 43400.0
341 24130.0 40600.0
342 20330.0 40600.0
343 15580.0 40600.0
344 17290.0 40600.0
345 16910.0 43400.0
346 9120.0 43400.0
347 12160.0 43400.0
348 7600.0 43400.0
349 8170.0 40600.0
350 11210.0 18200.0
351 12350.0 18200.0
352 12730.0 15400.0
353 11020.0 12600.0
354 9500.0 12600.0
355 10070.0 15400.0
356 9880.0 21000.0
357 13870.0 43400.0
358 14820.0 49000.0
359 16720.0 49000.0
360 18050.0 49000.0
361 13110.0 49000.0
362 10640.0 40600.0
363 14820.0 46200.0
364 11970.0 49000.0
365 9880.0 49000.0
366 10830.0 49000.0
367 11210.0 43400.0
368 10640.0 46200.0
369 12730.0 46200.0
370 10070.0 18200.0
371 8930.0 18200.0
372 11590.0 15400.0
373 11020.0 4200.0
374 12540.0 4200.0
375 11970.0 7000.0
376 63460.0 23800.0
377 64220.0 18200.0
378 65360.0 18200.0
379 67640.0 18200.0
380 69730.0 12600.0
381 68020.0 4200.0
382 66500.0 4200.0
383 69730.0 4200.0
384 68020.0 29400.0
385 70300.0 18200.0
386 71820.0 18200.0
387 70870.0 12600.0
388 68020.0 9800.0
389 66500.0 9800.0
390 68590.0 12600.0
391 67640.0 35000.0
392 64220.0 15400.0
393 62700.0 15400.0
394 60230.0 15400.0
395 61180.0 4200.0
396 57760.0 4200.0
397 59090.0 4200.0
398 72580.0 40600.0
399 73340.0 18200.0
400 74860.0 18200.0
401 75430.0 15400.0
402 76760.0 15400.0
403 77140.0 12600.0
404 78090.0 15400.0
405 73150.0 46200.0
406 74860.0 43400.0
407 75620.0 46200.0
408 74290.0 46200.0
409 74100.0 15400.0
410 76380.0 18200.0
411 75430.0 12600.0
412 75620.0 9800.0
413 77140.0 9800.0
414 78470.0 12600.0
415 61180.0 37800.0
416 61180.0 18200.0
417 59660.0 18200.0
418 57950.0 18200.0
419 57760.0 15400.0
420 56240.0 15400.0
421 56430.0 18200.0
422 52630.0 49000.0
423 55100.0 51800.0
424 52630.0 51800.0
425 51300.0 15400.0
426 51300.0 18200.0
427 49970.0 18200.0
428 45980.0 9800.0
429 44460.0 9800.0
430 45030.0 12600.0
431 44650.0 43400.0
432 42560.0 46200.0
433 42750.0 43400.0
434 46740.0 15400.0
435 48260.0 15400.0
436 49970.0 15400.0
437 60800.0 12600.0
438 60800.0 9800.0
439 53010.0 12600.0
440 42180.0 21000.0
441 64410.0 37800.0
442 64410.0 46200.0
443 63080.0 46200.0
444 57380.0 46200.0
445 68970.0 46200.0
446 67830.0 46200.0
447 61750.0 46200.0
448 59660.0 46200.0
449 55100.0 37800.0
450 41990.0 15400.0
451 39710.0 18200.0
452 38570.0 18200.0
453 40280.0 12600.0
454 36860.0 12600.0
455 37430.0 18200.0
456 51870.0 23800.0
458 78470.0 7000.0
459 79230.0 18200.0
461 81510.0 18200.0
462 48830.0 4200.0
463 33440.0 21000.0
464 30590.0 23800.0
465 29830.0 26600.0
466 44270.0 4200.0
467 31920.0 21000.0
468 28690.0 21000.0
469 27930.0 23800.0
470 43130.0 4200.0
471 70110.0 9800.0
472 25080.0 26600.0
473 25270.0 29400.0
474 18810.0 29400.0
476 41610.0 4200.0
477 16340.0 15400.0
478 15010.0 26600.0
479 13490.0 32200.0
480 53390.0 7000.0
481 16720.0 21000.0
482 15770.0 23800.0
483 11210.0 23800.0
484 23370.0 7000.0
485 22230.0 26600.0
486 11590.0 29400.0
487 71630.0 4200.0
488 75810.0 21000.0
489 79230.0 21000.0
490 54530.0 4200.0
491 68780.0 23800.0
492 70490.0 23800.0
493 72770.0 23800.0
494 53390.0 4200.0
495 63080.0 26600.0
496 61370.0 26600.0
497 62130.0 29400.0
498 54530.0 7000.0
499 76000.0 32200.0
500 81130.0 32200.0
501 82270.0 35000.0
502 75810.0 4200.0
503 77520.0 32200.0
504 79230.0 32200.0
505 79610.0 35000.0
506 49970.0 4200.0
507 55100.0 23800.0
508 55290.0 26600.0
509 56050.0 29400.0
510 47690.0 4200.0
511 48260.0 29400.0
512 48450.0 32200.0
513 50730.0 32200.0
514 55670.0 4200.0
515 48260.0 26600.0
516 49590.0 29400.0
517 44270.0 32200.0
518 51110.0 4200.0
519 49400.0 9800.0
520 49590.0 26600.0
521 45790.0 26600.0
522 27550.0 9800.0
523 30970.0 7000.0
524 44650.0 7000.0
525 73910.0 7000.0
526 28690.0 15400.0
527 17290.0 7000.0
528 19570.0 12600.0
529 6270.0 9800.0
530 6270.0 15400.0
531 6270.0 7000.0
532 79610.0 4200.0
533 84550.0 12600.0
534 60990.0 7000.0
535 82650.0 15400.0
536 84170.0 9800.0
537 57570.0 21000.0
538 49210.0 12600.0
539 56810.0 12600.0
540 38190.0 15400.0
541 86070.0 18200.0
542 29450.0 29400.0
543 20330.0 23800.0
544 19570.0 32200.0
545 6270.0 35000.0
546 8930.0 26600.0
547 6270.0 29400.0
548 84170.0 21000.0
549 75050.0 26600.0
550 64790.0 32200.0
551 86070.0 37800.0
552 86830.0 35000.0
553 58330.0 32200.0
554 49590.0 35000.0
555 40470.0 35000.0
556 40850.0 29400.0
