Instance ID x_center y_center
0 66270.0 140.0
1 36030.0 140.0
2 59550.0 140.0
3 37150.0 140.0
4 33790.0 140.0
5 32670.0 140.0
6 53950.0 140.0
7 52830.0 140.0
8 55070.0 140.0
9 29310.0 140.0
10 28190.0 140.0
11 39390.0 140.0
12 60670.0 140.0
13 65150.0 140.0
14 40510.0 140.0
15 41630.0 140.0
16 23710.0 140.0
17 64030.0 140.0
18 21470.0 140.0
19 44990.0 140.0
20 20350.0 140.0
21 19230.0 140.0
22 56190.0 140.0
23 42750.0 140.0
24 38270.0 140.0
25 61790.0 140.0
26 18110.0 140.0
27 43870.0 140.0
28 30430.0 140.0
29 22590.0 140.0
30 31550.0 140.0
31 57310.0 140.0
32 46110.0 140.0
33 15870.0 140.0
34 16990.0 140.0
35 49470.0 140.0
36 34910.0 140.0
37 14750.0 140.0
38 13630.0 140.0
39 47230.0 140.0
40 10270.0 140.0
41 9150.0 140.0
42 24830.0 140.0
43 48350.0 140.0
44 58430.0 140.0
45 8030.0 140.0
46 12510.0 140.0
47 62910.0 140.0
48 51710.0 140.0
49 27070.0 140.0
50 11390.0 140.0
51 50590.0 140.0
52 6910.0 140.0
53 25950.0 140.0
54 16340.0 21000.0
55 26220.0 23800.0
56 32110.0 23800.0
57 42750.0 26600.0
58 29450.0 23800.0
59 11780.0 29400.0
60 9690.0 23800.0
61 8740.0 26600.0
62 16530.0 32200.0
63 11970.0 26600.0
64 63270.0 35000.0
65 58330.0 29400.0
66 63650.0 23800.0
67 69350.0 18200.0
68 62130.0 21000.0
69 40850.0 32200.0
70 51110.0 23800.0
71 50350.0 32200.0
72 52820.0 35000.0
73 44270.0 21000.0
74 26790.0 21000.0
76 28500.0 7000.0
77 21280.0 4200.0
81 21850.0 9800.0
82 22990.0 4200.0
84 19570.0 7000.0
85 19760.0 4200.0
88 18620.0 4200.0
89 17860.0 7000.0
90 16530.0 7000.0
91 20900.0 9800.0
92 15200.0 7000.0
93 58900.0 15400.0
95 63650.0 26600.0
96 62890.0 18200.0
97 60610.0 21000.0
98 60800.0 23800.0
99 62130.0 35000.0
100 58520.0 35000.0
101 64410.0 37800.0
102 62510.0 37800.0
103 60990.0 26600.0
104 59660.0 21000.0
105 59470.0 29400.0
106 60990.0 29400.0
107 61370.0 40600.0
108 59850.0 40600.0
109 59470.0 35000.0
110 60800.0 35000.0
111 58900.0 37800.0
112 58330.0 40600.0
113 39140.0 29400.0
114 40090.0 35000.0
115 42370.0 32200.0
116 43130.0 37800.0
117 45790.0 18200.0
118 47120.0 18200.0
119 47310.0 26600.0
120 43130.0 40600.0
121 42750.0 46200.0
122 47310.0 35000.0
123 45980.0 26600.0
124 49970.0 29400.0
125 49970.0 37800.0
126 51490.0 32200.0
127 57380.0 29400.0
128 56050.0 35000.0
129 54530.0 35000.0
130 51490.0 40600.0
131 42750.0 43400.0
132 40470.0 43400.0
133 41610.0 35000.0
134 40090.0 37800.0
135 33060.0 46200.0
136 50160.0 35000.0
137 57190.0 35000.0
138 52250.0 37800.0
139 35340.0 46200.0
140 34770.0 49000.0
141 37810.0 43400.0
142 11400.0 12600.0
143 8550.0 35000.0
144 6460.0 37800.0
145 10070.0 35000.0
146 11590.0 40600.0
147 15390.0 40600.0
148 19000.0 29400.0
149 18050.0 32200.0
150 17290.0 26600.0
151 16910.0 35000.0
152 17290.0 40600.0
153 10070.0 26600.0
154 5700.0 21000.0
155 6650.0 21000.0
156 7790.0 37800.0
157 5890.0 40600.0
158 6460.0 35000.0
159 7030.0 40600.0
160 17290.0 37800.0
161 19950.0 23800.0
162 19380.0 21000.0
163 19190.0 26600.0
164 20710.0 32200.0
165 24890.0 29400.0
166 27360.0 23800.0
167 26790.0 26600.0
168 24130.0 32200.0
169 22990.0 37800.0
170 29260.0 37800.0
171 31730.0 26600.0
172 33820.0 26600.0
173 33250.0 29400.0
174 33250.0 35000.0
175 32870.0 40600.0
176 40850.0 29400.0
177 41800.0 23800.0
178 42370.0 29400.0
179 38190.0 37800.0
180 38570.0 40600.0
181 31350.0 40600.0
182 29450.0 40600.0
183 32870.0 37800.0
184 35530.0 37800.0
185 31730.0 35000.0
186 30210.0 35000.0
187 30020.0 37800.0
188 27930.0 37800.0
189 19380.0 32200.0
190 25460.0 32200.0
191 20900.0 35000.0
192 25270.0 37800.0
193 26410.0 37800.0
194 12920.0 35000.0
195 13490.0 37800.0
196 11210.0 35000.0
197 10260.0 40600.0
198 11020.0 37800.0
199 12350.0 37800.0
200 26410.0 35000.0
201 28310.0 32200.0
202 37050.0 21000.0
203 27930.0 12600.0
204 38000.0 15400.0
205 60040.0 12600.0
206 34960.0 18200.0
207 61560.0 15400.0
208 30970.0 7000.0
210 61370.0 9800.0
211 32110.0 7000.0
213 59660.0 7000.0
214 58520.0 4200.0
215 63650.0 7000.0
216 30210.0 21000.0
217 34770.0 21000.0
218 24700.0 21000.0
219 57950.0 37800.0
220 54150.0 37800.0
221 55100.0 40600.0
222 60040.0 37800.0
223 56430.0 40600.0
224 31160.0 43400.0
225 25460.0 40600.0
226 26410.0 40600.0
227 31160.0 37800.0
228 24700.0 35000.0
229 24510.0 40600.0
230 23180.0 35000.0
231 29070.0 18200.0
232 22610.0 18200.0
233 23750.0 18200.0
234 24130.0 12600.0
235 25460.0 12600.0
236 25460.0 9800.0
237 22230.0 12600.0
238 14820.0 21000.0
239 64980.0 40600.0
240 64600.0 21000.0
241 59280.0 23800.0
242 63840.0 43400.0
243 62510.0 23800.0
244 62320.0 26600.0
245 62320.0 43400.0
246 63650.0 46200.0
247 60230.0 43400.0
248 58900.0 43400.0
249 50730.0 46200.0
250 52440.0 49000.0
251 55290.0 46200.0
252 55670.0 49000.0
253 45790.0 37800.0
254 45410.0 40600.0
255 45980.0 46200.0
256 61180.0 37800.0
257 56050.0 37800.0
258 49780.0 43400.0
259 48830.0 49000.0
260 43510.0 49000.0
261 23180.0 40600.0
262 28690.0 46200.0
263 28120.0 49000.0
264 40470.0 46200.0
265 37810.0 46200.0
266 38000.0 49000.0
267 27170.0 49000.0
268 25650.0 49000.0
269 19950.0 49000.0
270 29640.0 32200.0
271 26600.0 32200.0
272 41610.0 37800.0
273 40850.0 40600.0
274 26980.0 43400.0
275 16340.0 46200.0
276 18430.0 49000.0
277 18430.0 46200.0
278 17860.0 51800.0
279 17100.0 49000.0
280 17290.0 46200.0
281 13110.0 18200.0
282 14250.0 18200.0
283 15390.0 18200.0
284 20140.0 15400.0
285 20140.0 12600.0
286 16530.0 18200.0
287 17860.0 21000.0
288 31540.0 46200.0
289 30400.0 46200.0
290 29830.0 43400.0
291 27740.0 40600.0
292 28310.0 43400.0
293 34010.0 43400.0
294 39900.0 40600.0
295 32870.0 43400.0
296 25650.0 43400.0
297 21850.0 43400.0
298 20900.0 43400.0
299 24320.0 43400.0
300 22990.0 43400.0
301 19950.0 18200.0
302 18810.0 18200.0
303 17670.0 18200.0
304 18240.0 9800.0
305 19760.0 9800.0
306 16910.0 9800.0
307 9500.0 18200.0
308 19950.0 46200.0
309 25460.0 46200.0
310 26790.0 46200.0
311 51110.0 49000.0
312 47120.0 46200.0
313 56810.0 43400.0
314 51870.0 43400.0
315 47310.0 43400.0
316 44840.0 43400.0
317 45030.0 46200.0
318 19000.0 35000.0
319 19000.0 37800.0
320 19380.0 43400.0
321 23940.0 46200.0
322 22040.0 46200.0
323 23370.0 49000.0
324 21280.0 49000.0
325 18430.0 43400.0
326 15010.0 43400.0
327 17100.0 43400.0
328 13490.0 43400.0
329 10830.0 15400.0
330 9690.0 15400.0
331 10070.0 12600.0
332 11780.0 9800.0
333 11400.0 7000.0
334 10070.0 9800.0
335 7980.0 21000.0
336 19000.0 40600.0
337 20710.0 40600.0
338 21850.0 40600.0
339 7980.0 40600.0
340 20140.0 43400.0
341 20710.0 37800.0
342 15770.0 37800.0
343 14060.0 35000.0
344 14630.0 37800.0
345 14250.0 40600.0
346 8360.0 43400.0
347 6080.0 43400.0
348 4560.0 40600.0
349 7030.0 43400.0
350 8170.0 18200.0
351 7030.0 18200.0
352 6270.0 12600.0
353 9880.0 7000.0
354 9880.0 4200.0
355 5510.0 7000.0
356 9500.0 21000.0
357 11210.0 43400.0
358 13300.0 46200.0
359 15580.0 49000.0
360 14250.0 49000.0
361 14630.0 46200.0
362 9120.0 40600.0
363 9880.0 43400.0
364 8550.0 46200.0
365 7600.0 46200.0
366 10450.0 49000.0
367 11590.0 49000.0
368 9880.0 46200.0
369 11590.0 46200.0
370 10830.0 18200.0
371 11970.0 18200.0
372 8930.0 12600.0
373 6840.0 7000.0
374 8360.0 7000.0
375 7410.0 12600.0
376 57760.0 23800.0
377 57380.0 21000.0
378 60040.0 18200.0
379 61560.0 18200.0
380 62890.0 9800.0
381 57000.0 4200.0
382 55100.0 4200.0
383 62510.0 4200.0
384 59280.0 26600.0
385 57000.0 15400.0
386 57000.0 18200.0
387 57190.0 12600.0
388 58520.0 12600.0
389 58520.0 9800.0
390 61750.0 12600.0
391 63460.0 40600.0
392 58520.0 18200.0
393 58520.0 21000.0
394 54910.0 15400.0
395 56620.0 9800.0
396 53580.0 4200.0
397 54910.0 9800.0
398 53580.0 40600.0
399 54720.0 18200.0
400 53200.0 18200.0
401 50730.0 15400.0
402 53580.0 9800.0
403 53580.0 15400.0
404 51870.0 9800.0
405 53010.0 43400.0
406 53580.0 46200.0
407 54340.0 43400.0
408 55670.0 43400.0
409 52060.0 15400.0
410 51300.0 18200.0
411 48830.0 15400.0
412 45600.0 12600.0
413 44080.0 12600.0
414 44270.0 18200.0
415 49400.0 40600.0
416 49780.0 18200.0
417 48260.0 18200.0
418 47310.0 12600.0
419 43320.0 9800.0
420 44460.0 7000.0
421 45790.0 7000.0
422 39330.0 46200.0
423 40660.0 49000.0
424 39330.0 49000.0
425 40660.0 18200.0
426 41040.0 21000.0
427 40090.0 9800.0
428 36480.0 7000.0
429 36860.0 4200.0
430 38570.0 4200.0
431 37050.0 40600.0
432 35340.0 43400.0
433 35910.0 40600.0
434 39140.0 18200.0
435 39520.0 21000.0
436 38950.0 15400.0
437 42180.0 12600.0
438 41420.0 9800.0
439 38950.0 9800.0
440 33440.0 21000.0
441 65550.0 43400.0
442 59090.0 46200.0
443 57760.0 46200.0
444 45980.0 43400.0
445 57950.0 43400.0
446 50730.0 43400.0
447 48450.0 46200.0
448 48640.0 43400.0
449 47500.0 37800.0
450 34390.0 15400.0
451 33250.0 15400.0
452 32110.0 15400.0
453 32300.0 9800.0
454 30780.0 9800.0
455 30970.0 15400.0
456 34770.0 23800.0
458 61750.0 7000.0
459 63270.0 15400.0
461 66690.0 18200.0
462 39710.0 4200.0
463 25460.0 18200.0
464 22990.0 21000.0
465 24510.0 23800.0
466 35530.0 4200.0
467 21280.0 18200.0
468 21090.0 21000.0
469 21850.0 23800.0
470 34390.0 7000.0
471 59850.0 9800.0
472 22420.0 29400.0
473 20710.0 29400.0
474 14250.0 26600.0
476 33250.0 4200.0
477 12160.0 15400.0
478 7410.0 26600.0
479 4370.0 26600.0
480 43130.0 4200.0
481 12920.0 21000.0
482 11210.0 21000.0
483 11590.0 23800.0
484 15010.0 9800.0
485 10450.0 29400.0
486 10450.0 32200.0
487 60610.0 4200.0
488 64410.0 18200.0
489 67070.0 21000.0
490 46550.0 4200.0
491 53200.0 21000.0
492 53010.0 23800.0
493 55290.0 23800.0
494 44270.0 4200.0
495 59660.0 32200.0
496 61370.0 32200.0
497 63650.0 32200.0
498 46930.0 7000.0
499 56240.0 29400.0
500 54530.0 29400.0
501 52250.0 29400.0
502 41990.0 4200.0
503 44080.0 26600.0
504 44270.0 29400.0
505 46930.0 29400.0
506 34390.0 4200.0
507 47120.0 21000.0
508 48830.0 21000.0
509 51110.0 21000.0
510 32110.0 4200.0
511 34960.0 29400.0
512 32870.0 32200.0
513 37050.0 29400.0
514 51110.0 4200.0
515 42940.0 23800.0
516 40470.0 23800.0
517 38190.0 23800.0
518 45410.0 4200.0
519 35340.0 9800.0
520 34770.0 26600.0
521 28690.0 26600.0
522 23750.0 7000.0
523 15010.0 4200.0
524 27170.0 4200.0
525 67070.0 9800.0
526 24130.0 15400.0
527 16150.0 15400.0
528 15770.0 12600.0
529 5890.0 9800.0
530 5890.0 4200.0
531 5890.0 15400.0
532 66310.0 4200.0
533 65930.0 12600.0
534 55670.0 7000.0
535 53390.0 12600.0
536 45030.0 15400.0
537 47310.0 9800.0
538 40470.0 7000.0
539 38190.0 12600.0
540 31730.0 12600.0
541 67450.0 15400.0
542 22990.0 26600.0
543 16150.0 23800.0
544 15390.0 29400.0
545 5890.0 29400.0
546 5890.0 23800.0
547 5890.0 32200.0
548 67450.0 23800.0
549 54910.0 26600.0
550 67450.0 35000.0
551 55670.0 32200.0
552 46550.0 32200.0
553 47310.0 23800.0
554 37050.0 32200.0
555 38950.0 26600.0
556 29070.0 29400.0
