Instance ID x_center y_center
0 79710.0 140.0
1 49470.0 140.0
2 72990.0 140.0
3 50590.0 140.0
4 47230.0 140.0
5 46110.0 140.0
6 67390.0 140.0
7 66270.0 140.0
8 68510.0 140.0
9 42750.0 140.0
10 41630.0 140.0
11 52830.0 140.0
12 74110.0 140.0
13 78590.0 140.0
14 53950.0 140.0
15 55070.0 140.0
16 37150.0 140.0
17 77470.0 140.0
18 34910.0 140.0
19 58430.0 140.0
20 33790.0 140.0
21 32670.0 140.0
22 69630.0 140.0
23 56190.0 140.0
24 51710.0 140.0
25 75230.0 140.0
26 31550.0 140.0
27 57310.0 140.0
28 43870.0 140.0
29 36030.0 140.0
30 44990.0 140.0
31 70750.0 140.0
32 59550.0 140.0
33 29310.0 140.0
34 30430.0 140.0
35 62910.0 140.0
36 48350.0 140.0
37 28190.0 140.0
38 27070.0 140.0
39 60670.0 140.0
40 23710.0 140.0
41 22590.0 140.0
42 38270.0 140.0
43 61790.0 140.0
44 71870.0 140.0
45 21470.0 140.0
46 25950.0 140.0
47 76350.0 140.0
48 65150.0 140.0
49 40510.0 140.0
50 24830.0 140.0
51 64030.0 140.0
52 20350.0 140.0
53 39390.0 140.0
54 30020.0 18200.0
55 33060.0 21000.0
56 43890.0 23800.0
57 51110.0 26600.0
58 45410.0 21000.0
59 12540.0 26600.0
60 9310.0 21000.0
61 14820.0 26600.0
62 21470.0 23800.0
63 16530.0 23800.0
64 70110.0 18200.0
65 91390.0 15400.0
66 83030.0 18200.0
67 93290.0 9800.0
68 75430.0 15400.0
69 55670.0 32200.0
70 66690.0 32200.0
71 90630.0 37800.0
72 86640.0 29400.0
73 61370.0 23800.0
74 45410.0 23800.0
76 43320.0 9800.0
77 43700.0 4200.0
81 40090.0 7000.0
82 43510.0 7000.0
84 41610.0 7000.0
85 40280.0 4200.0
88 33440.0 4200.0
89 34580.0 4200.0
90 41990.0 4200.0
91 45600.0 9800.0
92 45220.0 4200.0
93 72960.0 9800.0
95 79610.0 18200.0
96 77710.0 12600.0
97 78090.0 18200.0
98 79040.0 21000.0
99 75050.0 21000.0
100 66500.0 21000.0
101 69350.0 21000.0
102 76570.0 26600.0
103 81130.0 15400.0
104 85880.0 9800.0
105 86830.0 15400.0
106 82650.0 15400.0
107 76570.0 32200.0
108 78850.0 37800.0
109 76190.0 21000.0
110 80560.0 21000.0
111 79800.0 37800.0
112 79230.0 40600.0
113 53960.0 29400.0
114 54150.0 32200.0
115 51870.0 35000.0
116 56430.0 37800.0
117 68590.0 32200.0
118 69160.0 29400.0
119 64790.0 35000.0
120 63270.0 37800.0
121 59850.0 40600.0
122 79610.0 32200.0
123 79800.0 29400.0
124 88350.0 35000.0
125 79990.0 35000.0
126 84170.0 29400.0
127 83600.0 26600.0
128 85690.0 32200.0
129 84170.0 32200.0
130 83030.0 37800.0
131 56050.0 40600.0
132 49590.0 40600.0
133 55290.0 35000.0
134 53770.0 35000.0
135 41420.0 43400.0
136 84360.0 35000.0
137 87590.0 32200.0
138 86070.0 35000.0
139 44840.0 46200.0
140 44270.0 43400.0
141 48830.0 43400.0
142 11780.0 9800.0
143 11970.0 29400.0
144 11780.0 32200.0
145 13490.0 29400.0
146 13490.0 35000.0
147 16530.0 40600.0
148 22420.0 23800.0
149 23370.0 26600.0
150 20710.0 29400.0
151 20330.0 32200.0
152 20710.0 37800.0
153 10830.0 21000.0
154 12160.0 18200.0
155 10830.0 18200.0
156 10450.0 32200.0
157 8930.0 37800.0
158 9500.0 26600.0
159 9690.0 35000.0
160 21090.0 35000.0
161 29070.0 21000.0
162 30780.0 18200.0
163 30210.0 21000.0
164 29070.0 29400.0
165 33630.0 23800.0
166 34200.0 21000.0
167 34770.0 26600.0
168 33630.0 29400.0
169 29070.0 35000.0
170 37240.0 37800.0
171 40850.0 18200.0
172 41420.0 15400.0
173 43510.0 18200.0
174 41230.0 32200.0
175 41230.0 37800.0
176 54150.0 26600.0
177 55860.0 26600.0
178 52630.0 26600.0
179 52630.0 37800.0
180 52250.0 40600.0
181 39710.0 40600.0
182 38570.0 37800.0
183 41990.0 35000.0
184 45790.0 35000.0
185 43130.0 29400.0
186 42750.0 32200.0
187 36100.0 35000.0
188 34770.0 35000.0
189 30400.0 29400.0
190 32300.0 29400.0
191 30020.0 32200.0
192 32490.0 35000.0
193 31350.0 35000.0
194 13300.0 32200.0
195 15010.0 35000.0
196 11590.0 26600.0
197 8360.0 35000.0
198 8740.0 32200.0
199 14630.0 32200.0
200 31350.0 32200.0
201 38190.0 32200.0
202 52630.0 18200.0
203 42370.0 9800.0
204 48260.0 12600.0
205 71440.0 12600.0
206 52060.0 12600.0
207 72960.0 12600.0
208 41230.0 9800.0
210 71250.0 9800.0
211 44650.0 9800.0
213 71440.0 4200.0
214 69540.0 4200.0
215 69730.0 9800.0
216 52630.0 15400.0
217 49590.0 15400.0
218 31920.0 15400.0
219 81510.0 40600.0
220 82650.0 40600.0
221 83600.0 40600.0
222 77520.0 37800.0
223 81130.0 37800.0
224 41420.0 40600.0
225 26220.0 37800.0
226 27550.0 37800.0
227 39140.0 35000.0
228 25840.0 35000.0
229 26790.0 35000.0
230 28120.0 32200.0
231 44650.0 12600.0
232 28310.0 9800.0
233 29070.0 15400.0
234 32490.0 12600.0
235 31920.0 9800.0
236 34200.0 9800.0
237 34010.0 12600.0
238 26220.0 15400.0
239 75240.0 32200.0
240 81320.0 18200.0
241 73340.0 21000.0
242 72960.0 35000.0
243 79990.0 15400.0
244 78660.0 15400.0
245 74480.0 32200.0
246 74670.0 35000.0
247 76570.0 35000.0
248 73340.0 40600.0
249 69350.0 40600.0
250 66880.0 40600.0
251 68970.0 43400.0
252 70870.0 43400.0
253 66310.0 35000.0
254 63270.0 40600.0
255 64600.0 43400.0
256 81700.0 32200.0
257 82270.0 35000.0
258 72200.0 43400.0
259 66310.0 46200.0
260 56810.0 46200.0
261 33820.0 37800.0
262 35910.0 40600.0
263 34960.0 43400.0
264 56050.0 43400.0
265 51870.0 43400.0
266 39140.0 43400.0
267 34770.0 46200.0
268 32870.0 46200.0
269 30970.0 46200.0
270 39900.0 32200.0
271 32680.0 32200.0
272 54150.0 37800.0
273 53770.0 40600.0
274 31540.0 43400.0
275 25080.0 43400.0
276 26790.0 46200.0
277 27550.0 43400.0
278 28880.0 43400.0
279 28500.0 46200.0
280 26030.0 43400.0
281 24510.0 9800.0
282 24890.0 12600.0
283 25650.0 9800.0
284 31160.0 7000.0
285 31920.0 4200.0
286 25270.0 4200.0
287 21660.0 15400.0
288 42560.0 40600.0
289 42560.0 37800.0
290 38190.0 40600.0
291 32680.0 37800.0
292 33250.0 40600.0
293 45790.0 40600.0
294 46740.0 40600.0
295 44650.0 40600.0
296 32110.0 40600.0
297 30210.0 37800.0
298 29260.0 37800.0
299 30780.0 40600.0
300 31350.0 37800.0
301 22610.0 12600.0
302 21470.0 12600.0
303 21090.0 9800.0
304 22040.0 4200.0
305 22420.0 9800.0
306 20710.0 4200.0
307 15580.0 15400.0
308 29070.0 40600.0
309 29640.0 43400.0
310 33630.0 43400.0
311 67070.0 43400.0
312 65360.0 40600.0
313 74670.0 40600.0
314 75430.0 43400.0
315 65550.0 43400.0
316 63460.0 43400.0
317 62130.0 43400.0
318 22420.0 32200.0
319 23560.0 32200.0
320 22420.0 35000.0
321 27360.0 40600.0
322 22420.0 40600.0
323 23370.0 43400.0
324 21280.0 43400.0
325 22230.0 43400.0
326 17670.0 40600.0
327 20900.0 40600.0
328 19190.0 40600.0
329 18050.0 12600.0
330 16910.0 12600.0
331 15770.0 12600.0
332 12540.0 7000.0
333 14060.0 7000.0
334 15390.0 7000.0
335 12160.0 15400.0
336 22040.0 37800.0
337 23370.0 37800.0
338 24510.0 37800.0
339 12160.0 35000.0
340 18620.0 37800.0
341 19570.0 37800.0
342 19190.0 35000.0
343 17100.0 35000.0
344 18050.0 35000.0
345 17290.0 37800.0
346 12920.0 37800.0
347 11780.0 37800.0
348 10640.0 37800.0
349 15770.0 37800.0
350 17670.0 15400.0
351 10830.0 15400.0
352 12350.0 12600.0
353 14060.0 12600.0
354 14440.0 9800.0
355 10830.0 12600.0
356 13680.0 15400.0
357 14250.0 37800.0
358 15200.0 40600.0
359 16340.0 43400.0
360 17670.0 43400.0
361 15010.0 43400.0
362 11020.0 35000.0
363 13680.0 40600.0
364 13870.0 43400.0
365 12160.0 40600.0
366 8170.0 40600.0
367 7410.0 35000.0
368 11020.0 40600.0
369 7410.0 37800.0
370 17670.0 9800.0
371 15770.0 9800.0
372 12730.0 9800.0
373 12920.0 4200.0
374 14440.0 4200.0
375 11590.0 4200.0
376 73340.0 18200.0
377 73720.0 15400.0
378 74480.0 12600.0
379 79040.0 12600.0
380 78850.0 9800.0
381 77900.0 4200.0
382 76380.0 4200.0
383 80370.0 4200.0
384 76380.0 18200.0
385 76000.0 12600.0
386 76380.0 9800.0
387 77710.0 9800.0
388 79420.0 7000.0
389 77900.0 7000.0
390 79230.0 4200.0
391 71440.0 32200.0
392 69920.0 15400.0
393 68400.0 15400.0
394 67450.0 12600.0
395 64220.0 9800.0
396 59280.0 9800.0
397 59850.0 12600.0
398 74860.0 37800.0
399 74480.0 23800.0
400 76000.0 23800.0
401 77330.0 23800.0
402 77520.0 21000.0
403 78660.0 23800.0
404 79610.0 26600.0
405 75810.0 40600.0
406 76380.0 43400.0
407 77520.0 43400.0
408 76950.0 40600.0
409 72960.0 23800.0
410 71440.0 23800.0
411 70110.0 23800.0
412 78280.0 26600.0
413 72200.0 26600.0
414 73530.0 26600.0
415 66120.0 37800.0
416 64220.0 21000.0
417 64220.0 23800.0
418 65550.0 23800.0
419 66500.0 26600.0
420 63080.0 26600.0
421 64410.0 26600.0
422 54910.0 43400.0
423 54340.0 46200.0
424 53770.0 43400.0
425 53200.0 23800.0
426 51680.0 23800.0
427 42750.0 23800.0
428 41040.0 26600.0
429 37620.0 23800.0
430 37810.0 26600.0
431 49210.0 37800.0
432 47880.0 40600.0
433 48070.0 37800.0
434 50920.0 21000.0
435 52440.0 21000.0
436 53770.0 21000.0
437 58900.0 18200.0
438 60420.0 18200.0
439 56050.0 18200.0
440 44080.0 15400.0
441 71630.0 35000.0
442 71630.0 40600.0
443 70680.0 37800.0
444 64220.0 40600.0
445 73150.0 37800.0
446 72010.0 37800.0
447 69350.0 37800.0
448 68020.0 37800.0
449 59660.0 35000.0
450 46550.0 15400.0
451 45410.0 15400.0
452 42370.0 15400.0
453 39900.0 12600.0
454 37240.0 12600.0
455 40470.0 15400.0
456 57190.0 15400.0
458 73910.0 4200.0
459 82270.0 9800.0
461 89490.0 9800.0
462 55290.0 4200.0
463 35340.0 23800.0
464 29070.0 23800.0
465 31350.0 23800.0
466 50730.0 4200.0
467 34580.0 18200.0
468 32110.0 18200.0
469 28310.0 18200.0
470 47690.0 4200.0
471 79990.0 9800.0
472 25840.0 23800.0
473 24130.0 23800.0
474 19570.0 23800.0
476 46550.0 4200.0
477 19000.0 15400.0
478 15770.0 18200.0
479 14250.0 23800.0
480 53770.0 4200.0
481 18240.0 18200.0
482 13870.0 18200.0
483 13870.0 21000.0
484 16530.0 4200.0
485 16530.0 21000.0
486 11210.0 23800.0
487 82270.0 4200.0
488 83410.0 12600.0
489 84930.0 15400.0
490 57950.0 4200.0
491 84740.0 9800.0
492 85690.0 12600.0
493 88730.0 12600.0
494 56810.0 4200.0
495 60800.0 15400.0
496 62510.0 15400.0
497 64790.0 15400.0
498 59090.0 7000.0
499 84740.0 26600.0
500 86450.0 26600.0
501 88730.0 26600.0
502 67830.0 4200.0
503 80940.0 29400.0
504 82650.0 29400.0
505 91010.0 32200.0
506 59090.0 4200.0
507 59280.0 29400.0
508 57570.0 29400.0
509 58330.0 32200.0
510 48830.0 4200.0
511 49780.0 29400.0
512 48070.0 29400.0
513 51870.0 29400.0
514 63650.0 4200.0
515 56240.0 23800.0
516 54910.0 23800.0
517 49590.0 23800.0
518 60230.0 4200.0
519 56240.0 12600.0
520 54910.0 18200.0
521 40850.0 23800.0
522 35530.0 7000.0
523 47690.0 7000.0
524 51110.0 9800.0
525 72010.0 7000.0
526 28690.0 12600.0
527 26790.0 7000.0
528 19950.0 7000.0
529 8550.0 7000.0
530 7030.0 12600.0
531 7410.0 4200.0
532 91770.0 4200.0
533 83410.0 7000.0
534 63650.0 12600.0
535 82650.0 23800.0
536 76190.0 29400.0
537 65550.0 29400.0
538 39330.0 29400.0
539 57570.0 21000.0
540 36670.0 15400.0
541 92150.0 7000.0
542 30970.0 26600.0
543 25270.0 21000.0
544 19190.0 26600.0
545 6650.0 29400.0
546 6650.0 18200.0
547 6650.0 23800.0
548 90250.0 18200.0
549 93290.0 12600.0
550 66310.0 18200.0
551 93290.0 29400.0
552 93290.0 35000.0
553 62890.0 32200.0
554 49970.0 32200.0
555 46930.0 26600.0
556 41230.0 21000.0
