Instance ID x_center y_center
0 71870.0 140.0
1 41630.0 140.0
2 65150.0 140.0
3 42750.0 140.0
4 39390.0 140.0
5 38270.0 140.0
6 59550.0 140.0
7 58430.0 140.0
8 60670.0 140.0
9 34910.0 140.0
10 33790.0 140.0
11 44990.0 140.0
12 66270.0 140.0
13 70750.0 140.0
14 46110.0 140.0
15 47230.0 140.0
16 29310.0 140.0
17 69630.0 140.0
18 27070.0 140.0
19 50590.0 140.0
20 25950.0 140.0
21 24830.0 140.0
22 61790.0 140.0
23 48350.0 140.0
24 43870.0 140.0
25 67390.0 140.0
26 23710.0 140.0
27 49470.0 140.0
28 36030.0 140.0
29 28190.0 140.0
30 37150.0 140.0
31 62910.0 140.0
32 51710.0 140.0
33 21470.0 140.0
34 22590.0 140.0
35 55070.0 140.0
36 40510.0 140.0
37 20350.0 140.0
38 19230.0 140.0
39 52830.0 140.0
40 15870.0 140.0
41 14750.0 140.0
42 30430.0 140.0
43 53950.0 140.0
44 64030.0 140.0
45 13630.0 140.0
46 18110.0 140.0
47 68510.0 140.0
48 57310.0 140.0
49 32670.0 140.0
50 16990.0 140.0
51 56190.0 140.0
52 12510.0 140.0
53 31550.0 140.0
54 23560.0 15400.0
55 27740.0 21000.0
56 34390.0 21000.0
57 41990.0 26600.0
58 30590.0 21000.0
59 11020.0 26600.0
60 9690.0 21000.0
61 11780.0 26600.0
62 19570.0 23800.0
63 13870.0 23800.0
64 72010.0 32200.0
65 68590.0 21000.0
66 74290.0 21000.0
67 79990.0 12600.0
68 69350.0 18200.0
69 50350.0 32200.0
70 54910.0 23800.0
71 64410.0 21000.0
72 63080.0 29400.0
73 53010.0 21000.0
74 32490.0 21000.0
76 34580.0 7000.0
77 27360.0 4200.0
81 29450.0 4200.0
82 30970.0 4200.0
84 24510.0 7000.0
85 21660.0 4200.0
88 23180.0 7000.0
89 23180.0 4200.0
90 24510.0 4200.0
91 28500.0 4200.0
92 25840.0 4200.0
93 70300.0 15400.0
95 71630.0 23800.0
96 79230.0 18200.0
97 72770.0 23800.0
98 74100.0 23800.0
99 65550.0 32200.0
100 64980.0 29400.0
101 70490.0 32200.0
102 69730.0 35000.0
103 69730.0 23800.0
104 66500.0 23800.0
105 67450.0 23800.0
106 70490.0 26600.0
107 72390.0 35000.0
108 75430.0 35000.0
109 67070.0 32200.0
110 68780.0 32200.0
111 75620.0 37800.0
112 75810.0 40600.0
113 45980.0 29400.0
114 47310.0 32200.0
115 47310.0 29400.0
116 49970.0 35000.0
117 52250.0 26600.0
118 51680.0 18200.0
119 52250.0 23800.0
120 53010.0 35000.0
121 51870.0 40600.0
122 61370.0 18200.0
123 61560.0 15400.0
124 62890.0 21000.0
125 57950.0 35000.0
126 62130.0 29400.0
127 64220.0 29400.0
128 63270.0 32200.0
129 62890.0 37800.0
130 64790.0 37800.0
131 51490.0 37800.0
132 49590.0 37800.0
133 49210.0 32200.0
134 48070.0 35000.0
135 41420.0 37800.0
136 60040.0 35000.0
137 64410.0 32200.0
138 61750.0 35000.0
139 42180.0 37800.0
140 43130.0 40600.0
141 45790.0 37800.0
142 11400.0 9800.0
143 13870.0 29400.0
144 14060.0 32200.0
145 12730.0 32200.0
146 15010.0 37800.0
147 17670.0 37800.0
148 24320.0 26600.0
149 22990.0 26600.0
150 20330.0 29400.0
151 18430.0 32200.0
152 18810.0 37800.0
153 9310.0 23800.0
154 12540.0 18200.0
155 10070.0 26600.0
156 10830.0 32200.0
157 7410.0 35000.0
158 8740.0 32200.0
159 8550.0 35000.0
160 18810.0 35000.0
161 22990.0 21000.0
162 22800.0 18200.0
163 24130.0 21000.0
164 22610.0 29400.0
165 28690.0 23800.0
166 30780.0 18200.0
167 28690.0 21000.0
168 27550.0 29400.0
169 25270.0 37800.0
170 31920.0 37800.0
171 34390.0 23800.0
172 36860.0 21000.0
173 35530.0 26600.0
174 38190.0 32200.0
175 38190.0 35000.0
176 44650.0 29400.0
177 44460.0 26600.0
178 42750.0 29400.0
179 42370.0 32200.0
180 43130.0 35000.0
181 36290.0 37800.0
182 33250.0 37800.0
183 35530.0 35000.0
184 40470.0 35000.0
185 36670.0 32200.0
186 35530.0 32200.0
187 32680.0 35000.0
188 31350.0 35000.0
189 22040.0 32200.0
190 28880.0 29400.0
191 23180.0 32200.0
192 28690.0 35000.0
193 29830.0 35000.0
194 15580.0 32200.0
195 13870.0 35000.0
196 9690.0 29400.0
197 9500.0 37800.0
198 9880.0 35000.0
199 12350.0 35000.0
200 29830.0 32200.0
201 33250.0 29400.0
202 45790.0 18200.0
203 32870.0 9800.0
204 40660.0 15400.0
205 68400.0 15400.0
206 40660.0 18200.0
207 68400.0 12600.0
208 35530.0 7000.0
210 67070.0 12600.0
211 36670.0 7000.0
213 68020.0 4200.0
214 65360.0 4200.0
215 66690.0 4200.0
216 39710.0 21000.0
217 36670.0 23800.0
218 28120.0 15400.0
219 73530.0 37800.0
220 74670.0 37800.0
221 77900.0 37800.0
222 74100.0 35000.0
223 79230.0 37800.0
224 38000.0 37800.0
225 24700.0 40600.0
226 27550.0 37800.0
227 33820.0 35000.0
228 25840.0 35000.0
229 26790.0 35000.0
230 25840.0 32200.0
231 34770.0 18200.0
232 24510.0 15400.0
233 26790.0 15400.0
234 25650.0 15400.0
235 29260.0 9800.0
236 30780.0 9800.0
237 25650.0 9800.0
238 20140.0 18200.0
239 71060.0 35000.0
240 71820.0 21000.0
241 73340.0 21000.0
242 72200.0 37800.0
243 68590.0 23800.0
244 68780.0 26600.0
245 73720.0 40600.0
246 72010.0 43400.0
247 67830.0 37800.0
248 72200.0 40600.0
249 57950.0 40600.0
250 58520.0 43400.0
251 70110.0 43400.0
252 68210.0 43400.0
253 53770.0 32200.0
254 53010.0 37800.0
255 53960.0 40600.0
256 66120.0 35000.0
257 64410.0 35000.0
258 61180.0 43400.0
259 56810.0 43400.0
260 48450.0 46200.0
261 28500.0 37800.0
262 33250.0 40600.0
263 34960.0 43400.0
264 45030.0 43400.0
265 43130.0 43400.0
266 36860.0 43400.0
267 35910.0 43400.0
268 28310.0 43400.0
269 26030.0 46200.0
270 33820.0 32200.0
271 28120.0 32200.0
272 45410.0 32200.0
273 43890.0 32200.0
274 31160.0 43400.0
275 22800.0 46200.0
276 23750.0 46200.0
277 23370.0 40600.0
278 23180.0 43400.0
279 21660.0 46200.0
280 22230.0 40600.0
281 18810.0 15400.0
282 19950.0 15400.0
283 17670.0 15400.0
284 21660.0 12600.0
285 21660.0 7000.0
286 17670.0 7000.0
287 20900.0 21000.0
288 39140.0 37800.0
289 40280.0 37800.0
290 34770.0 37800.0
291 30020.0 37800.0
292 30970.0 37800.0
293 48070.0 37800.0
294 49400.0 40600.0
295 48070.0 40600.0
296 30210.0 40600.0
297 26410.0 40600.0
298 25460.0 40600.0
299 28880.0 40600.0
300 27550.0 40600.0
301 22610.0 15400.0
302 21470.0 18200.0
303 21090.0 15400.0
304 23180.0 12600.0
305 23560.0 9800.0
306 20330.0 12600.0
307 9880.0 18200.0
308 25270.0 43400.0
309 29260.0 43400.0
310 33630.0 43400.0
311 59850.0 43400.0
312 54720.0 43400.0
313 69350.0 40600.0
314 60990.0 40600.0
315 55290.0 40600.0
316 52440.0 43400.0
317 51110.0 43400.0
318 20900.0 32200.0
319 20520.0 35000.0
320 19380.0 43400.0
321 27360.0 43400.0
322 20520.0 43400.0
323 21850.0 43400.0
324 18620.0 43400.0
325 20330.0 40600.0
326 15770.0 40600.0
327 19000.0 40600.0
328 17290.0 40600.0
329 15390.0 15400.0
330 10070.0 15400.0
331 10070.0 12600.0
332 10640.0 7000.0
333 12160.0 7000.0
334 10450.0 9800.0
335 8360.0 18200.0
336 20520.0 37800.0
337 21850.0 37800.0
338 22990.0 37800.0
339 3800.0 37800.0
340 21280.0 40600.0
341 22230.0 35000.0
342 17290.0 35000.0
343 15200.0 35000.0
344 16150.0 35000.0
345 16530.0 37800.0
346 4940.0 37800.0
347 8740.0 37800.0
348 7600.0 37800.0
349 6270.0 37800.0
350 6270.0 15400.0
351 7030.0 18200.0
352 8550.0 15400.0
353 12160.0 12600.0
354 12540.0 9800.0
355 7410.0 15400.0
356 11400.0 18200.0
357 13490.0 37800.0
358 13300.0 43400.0
359 15200.0 43400.0
360 16530.0 43400.0
361 11970.0 43400.0
362 12160.0 37800.0
363 13300.0 40600.0
364 11590.0 40600.0
365 10260.0 43400.0
366 9310.0 43400.0
367 10450.0 40600.0
368 7980.0 43400.0
369 8930.0 40600.0
370 5130.0 15400.0
371 11590.0 15400.0
372 13490.0 15400.0
373 11020.0 4200.0
374 12920.0 4200.0
375 13490.0 7000.0
376 66880.0 21000.0
377 65360.0 21000.0
378 67640.0 18200.0
379 71060.0 18200.0
380 70870.0 12600.0
381 69160.0 7000.0
382 69540.0 4200.0
383 71250.0 9800.0
384 72580.0 26600.0
385 64600.0 18200.0
386 69920.0 21000.0
387 69730.0 12600.0
388 66880.0 9800.0
389 68400.0 9800.0
390 69730.0 9800.0
391 67640.0 35000.0
392 66880.0 15400.0
393 66120.0 18200.0
394 65550.0 15400.0
395 63840.0 4200.0
396 62320.0 4200.0
397 64030.0 9800.0
398 60040.0 37800.0
399 58900.0 15400.0
400 57380.0 15400.0
401 56050.0 15400.0
402 64220.0 12600.0
403 62700.0 9800.0
404 61370.0 9800.0
405 64790.0 40600.0
406 61560.0 37800.0
407 62320.0 40600.0
408 63650.0 40600.0
409 63080.0 18200.0
410 55100.0 18200.0
411 53010.0 12600.0
412 57760.0 7000.0
413 53960.0 7000.0
414 53770.0 9800.0
415 54720.0 37800.0
416 53960.0 15400.0
417 52060.0 15400.0
418 51490.0 9800.0
419 52440.0 7000.0
420 50920.0 4200.0
421 51110.0 7000.0
422 46170.0 43400.0
423 48640.0 43400.0
424 47310.0 43400.0
425 47880.0 15400.0
426 48260.0 18200.0
427 45410.0 12600.0
428 48260.0 9800.0
429 43320.0 7000.0
430 43890.0 12600.0
431 45790.0 35000.0
432 43320.0 37800.0
433 44650.0 35000.0
434 44840.0 15400.0
435 46360.0 15400.0
436 49210.0 15400.0
437 54340.0 12600.0
438 55860.0 12600.0
439 50350.0 15400.0
440 35720.0 21000.0
441 70490.0 37800.0
442 70870.0 40600.0
443 67640.0 40600.0
444 53580.0 43400.0
445 69350.0 37800.0
446 66310.0 37800.0
447 66310.0 40600.0
448 66500.0 43400.0
449 55860.0 35000.0
450 38190.0 15400.0
451 37050.0 15400.0
452 35910.0 15400.0
453 36860.0 9800.0
454 34580.0 9800.0
455 34770.0 15400.0
456 42370.0 23800.0
458 71630.0 4200.0
459 72770.0 18200.0
461 72770.0 15400.0
462 47690.0 4200.0
463 31920.0 15400.0
464 26790.0 18200.0
465 26030.0 21000.0
466 43130.0 4200.0
467 29640.0 15400.0
468 29450.0 18200.0
469 24510.0 18200.0
470 40090.0 4200.0
471 19570.0 7000.0
472 26220.0 26600.0
473 25270.0 29400.0
474 16910.0 29400.0
476 41230.0 4200.0
477 14820.0 9800.0
478 13870.0 21000.0
479 11590.0 23800.0
480 54910.0 4200.0
481 15960.0 21000.0
482 17670.0 21000.0
483 11590.0 21000.0
484 15390.0 7000.0
485 13870.0 26600.0
486 11590.0 29400.0
487 72010.0 7000.0
488 74670.0 18200.0
489 76950.0 18200.0
490 52250.0 4200.0
491 59280.0 23800.0
492 60990.0 23800.0
493 63270.0 23800.0
494 46550.0 4200.0
495 60800.0 26600.0
496 68970.0 29400.0
497 71250.0 29400.0
498 53390.0 4200.0
499 58900.0 26600.0
500 57190.0 26600.0
501 57950.0 29400.0
502 59850.0 4200.0
503 60420.0 15400.0
504 59470.0 18200.0
505 57190.0 18200.0
506 44270.0 4200.0
507 48260.0 21000.0
508 46550.0 21000.0
509 50350.0 21000.0
510 45410.0 4200.0
511 45980.0 26600.0
512 47690.0 26600.0
513 49970.0 26600.0
514 57570.0 4200.0
515 43320.0 26600.0
516 40850.0 26600.0
517 37810.0 26600.0
518 48830.0 4200.0
519 39140.0 9800.0
520 39710.0 23800.0
521 30970.0 23800.0
522 28690.0 7000.0
523 17670.0 4200.0
524 36290.0 4200.0
525 76950.0 4200.0
526 27550.0 12600.0
527 19190.0 9800.0
528 16530.0 12600.0
529 6650.0 9800.0
530 6270.0 12600.0
531 6650.0 7000.0
532 75050.0 9800.0
533 74670.0 12600.0
534 65170.0 7000.0
535 60230.0 12600.0
536 57570.0 9800.0
537 47310.0 7000.0
538 44270.0 9800.0
539 49210.0 12600.0
540 35150.0 12600.0
541 77330.0 15400.0
542 23370.0 23800.0
543 16150.0 18200.0
544 18050.0 26600.0
545 6270.0 26600.0
546 5890.0 21000.0
547 5890.0 29400.0
548 78090.0 21000.0
549 64790.0 26600.0
550 76570.0 32200.0
551 59470.0 32200.0
552 58710.0 21000.0
553 48070.0 23800.0
554 51490.0 29400.0
555 38950.0 29400.0
556 30970.0 26600.0
