Instance ID x_center y_center
0 80830.0 140.0
1 50590.0 140.0
2 74110.0 140.0
3 51710.0 140.0
4 48350.0 140.0
5 47230.0 140.0
6 68510.0 140.0
7 67390.0 140.0
8 69630.0 140.0
9 43870.0 140.0
10 42750.0 140.0
11 53950.0 140.0
12 75230.0 140.0
13 79710.0 140.0
14 55070.0 140.0
15 56190.0 140.0
16 38270.0 140.0
17 78590.0 140.0
18 36030.0 140.0
19 59550.0 140.0
20 34910.0 140.0
21 33790.0 140.0
22 70750.0 140.0
23 57310.0 140.0
24 52830.0 140.0
25 76350.0 140.0
26 32670.0 140.0
27 58430.0 140.0
28 44990.0 140.0
29 37150.0 140.0
30 46110.0 140.0
31 71870.0 140.0
32 60670.0 140.0
33 30430.0 140.0
34 31550.0 140.0
35 64030.0 140.0
36 49470.0 140.0
37 29310.0 140.0
38 28190.0 140.0
39 61790.0 140.0
40 24830.0 140.0
41 23710.0 140.0
42 39390.0 140.0
43 62910.0 140.0
44 72990.0 140.0
45 22590.0 140.0
46 27070.0 140.0
47 77470.0 140.0
48 66270.0 140.0
49 41630.0 140.0
50 25950.0 140.0
51 65150.0 140.0
52 21470.0 140.0
53 40510.0 140.0
54 34200.0 23800.0
55 36860.0 23800.0
56 45790.0 29400.0
57 54910.0 32200.0
58 40470.0 23800.0
59 17860.0 26600.0
60 15390.0 21000.0
61 16340.0 21000.0
62 22610.0 23800.0
63 17290.0 23800.0
64 80750.0 32200.0
65 83790.0 23800.0
66 86830.0 21000.0
67 94050.0 12600.0
68 81130.0 21000.0
69 59470.0 23800.0
70 63270.0 35000.0
71 71630.0 21000.0
72 71060.0 26600.0
73 62130.0 21000.0
74 40090.0 21000.0
76 41800.0 7000.0
77 38000.0 7000.0
81 37050.0 4200.0
82 39710.0 7000.0
84 37810.0 9800.0
85 35720.0 4200.0
88 33060.0 4200.0
89 34200.0 4200.0
90 35150.0 7000.0
91 39140.0 9800.0
92 36480.0 7000.0
93 83220.0 15400.0
95 79610.0 21000.0
96 82650.0 18200.0
97 78470.0 21000.0
98 77520.0 23800.0
99 74290.0 29400.0
100 75240.0 29400.0
101 76950.0 32200.0
102 76950.0 35000.0
103 81510.0 23800.0
104 83980.0 21000.0
105 82650.0 23800.0
106 80370.0 26600.0
107 79230.0 35000.0
108 78470.0 37800.0
109 79230.0 29400.0
110 79420.0 32200.0
111 79420.0 37800.0
112 80750.0 37800.0
113 56620.0 23800.0
114 57950.0 23800.0
115 56050.0 26600.0
116 58330.0 37800.0
117 64030.0 32200.0
118 61560.0 26600.0
119 61750.0 35000.0
120 60990.0 37800.0
121 57950.0 43400.0
122 64030.0 23800.0
123 65360.0 23800.0
124 67830.0 23800.0
125 65930.0 35000.0
126 72390.0 29400.0
127 72200.0 26600.0
128 70870.0 32200.0
129 72390.0 32200.0
130 67830.0 40600.0
131 56050.0 40600.0
132 48830.0 40600.0
133 56430.0 35000.0
134 56430.0 37800.0
135 48640.0 43400.0
136 67640.0 35000.0
137 69730.0 32200.0
138 69730.0 35000.0
139 47500.0 46200.0
140 50350.0 46200.0
141 51870.0 43400.0
142 15960.0 9800.0
143 15390.0 32200.0
144 18240.0 37800.0
145 16910.0 32200.0
146 17290.0 40600.0
147 30590.0 40600.0
148 26980.0 26600.0
149 26790.0 29400.0
150 25650.0 26600.0
151 26030.0 32200.0
152 30210.0 37800.0
153 18430.0 21000.0
154 17100.0 21000.0
155 16910.0 18200.0
156 16910.0 37800.0
157 21850.0 37800.0
158 19000.0 32200.0
159 20710.0 37800.0
160 28690.0 37800.0
161 32110.0 26600.0
162 32680.0 21000.0
163 32870.0 23800.0
164 32110.0 32200.0
165 38570.0 23800.0
166 38760.0 21000.0
167 37810.0 26600.0
168 38570.0 32200.0
169 34770.0 43400.0
170 42940.0 40600.0
171 45030.0 26600.0
172 47120.0 26600.0
173 46170.0 32200.0
174 44650.0 35000.0
175 44650.0 46200.0
176 54910.0 29400.0
177 56240.0 29400.0
178 56050.0 32200.0
179 53010.0 35000.0
180 53770.0 40600.0
181 43890.0 43400.0
182 44270.0 40600.0
183 46550.0 37800.0
184 49210.0 37800.0
185 47310.0 35000.0
186 46170.0 35000.0
187 43320.0 35000.0
188 42370.0 37800.0
189 30400.0 32200.0
190 37620.0 29400.0
191 33820.0 32200.0
192 39330.0 37800.0
193 40470.0 37800.0
194 17480.0 35000.0
195 21850.0 35000.0
196 17670.0 29400.0
197 20140.0 40600.0
198 19000.0 35000.0
199 20710.0 35000.0
200 40470.0 35000.0
201 42370.0 32200.0
202 52630.0 18200.0
203 40470.0 9800.0
204 47120.0 15400.0
205 77900.0 15400.0
206 47500.0 18200.0
207 79420.0 15400.0
208 43890.0 7000.0
210 79230.0 12600.0
211 45030.0 7000.0
213 76760.0 7000.0
214 74860.0 7000.0
215 78090.0 7000.0
216 46170.0 21000.0
217 42370.0 23800.0
218 35720.0 21000.0
219 75810.0 37800.0
220 75810.0 40600.0
221 76760.0 43400.0
222 77140.0 37800.0
223 77710.0 40600.0
224 42180.0 43400.0
225 36100.0 37800.0
226 37050.0 37800.0
227 44460.0 37800.0
228 34200.0 37800.0
229 35150.0 37800.0
230 34200.0 35000.0
231 41610.0 18200.0
232 33630.0 18200.0
233 35150.0 18200.0
234 32110.0 18200.0
235 37620.0 12600.0
236 36100.0 12600.0
237 32490.0 15400.0
238 28880.0 21000.0
239 79040.0 40600.0
240 88920.0 21000.0
241 77140.0 21000.0
242 78280.0 43400.0
243 80370.0 23800.0
244 79040.0 23800.0
245 79420.0 43400.0
246 77710.0 46200.0
247 73910.0 40600.0
248 74100.0 43400.0
249 65170.0 43400.0
250 64600.0 49000.0
251 74290.0 49000.0
252 72390.0 49000.0
253 64410.0 35000.0
254 62890.0 40600.0
255 62700.0 43400.0
256 74480.0 35000.0
257 72770.0 35000.0
258 68400.0 46200.0
259 64410.0 46200.0
260 57570.0 49000.0
261 38760.0 43400.0
262 41230.0 46200.0
263 41800.0 49000.0
264 54530.0 43400.0
265 53770.0 46200.0
266 45220.0 49000.0
267 40850.0 49000.0
268 35530.0 49000.0
269 32870.0 49000.0
270 44460.0 32200.0
271 36860.0 32200.0
272 55290.0 35000.0
273 54910.0 37800.0
274 38760.0 46200.0
275 28120.0 46200.0
276 29450.0 49000.0
277 29450.0 46200.0
278 30780.0 46200.0
279 30780.0 49000.0
280 27930.0 49000.0
281 27550.0 18200.0
282 28690.0 18200.0
283 28690.0 12600.0
284 31540.0 12600.0
285 31540.0 9800.0
286 27550.0 12600.0
287 25460.0 21000.0
288 46740.0 46200.0
289 46740.0 43400.0
290 45410.0 43400.0
291 40280.0 40600.0
292 40090.0 43400.0
293 46930.0 40600.0
294 47880.0 43400.0
295 45790.0 40600.0
296 41230.0 40600.0
297 36670.0 40600.0
298 35720.0 40600.0
299 39140.0 40600.0
300 37810.0 40600.0
301 29830.0 18200.0
302 25270.0 18200.0
303 24890.0 12600.0
304 27360.0 9800.0
305 27360.0 7000.0
306 24510.0 7000.0
307 20140.0 21000.0
308 35910.0 46200.0
309 38000.0 49000.0
310 39330.0 49000.0
311 65930.0 49000.0
312 66500.0 46200.0
313 72010.0 40600.0
314 71630.0 43400.0
315 67450.0 43400.0
316 60420.0 43400.0
317 60230.0 46200.0
318 28120.0 32200.0
319 28120.0 35000.0
320 28500.0 43400.0
321 37240.0 46200.0
322 33060.0 46200.0
323 34390.0 46200.0
324 32680.0 43400.0
325 30970.0 43400.0
326 29450.0 40600.0
327 29640.0 43400.0
328 27930.0 40600.0
329 24130.0 21000.0
330 21470.0 21000.0
331 20330.0 12600.0
332 17480.0 9800.0
333 18620.0 7000.0
334 18810.0 9800.0
335 20140.0 18200.0
336 31920.0 40600.0
337 33250.0 37800.0
338 33630.0 40600.0
339 24700.0 40600.0
340 32300.0 37800.0
341 31350.0 37800.0
342 29450.0 35000.0
343 25460.0 35000.0
344 26410.0 35000.0
345 26790.0 37800.0
346 24700.0 37800.0
347 25840.0 37800.0
348 23180.0 37800.0
349 23750.0 35000.0
350 23750.0 15400.0
351 20710.0 15400.0
352 19570.0 15400.0
353 17480.0 12600.0
354 19000.0 12600.0
355 18430.0 15400.0
356 20900.0 23800.0
357 23750.0 40600.0
358 24320.0 46200.0
359 26220.0 49000.0
360 27170.0 46200.0
361 25650.0 46200.0
362 19000.0 40600.0
363 22800.0 46200.0
364 21470.0 46200.0
365 19380.0 46200.0
366 20330.0 46200.0
367 19570.0 43400.0
368 20900.0 43400.0
369 22990.0 43400.0
370 22610.0 18200.0
371 21470.0 18200.0
372 21470.0 12600.0
373 18240.0 4200.0
374 19760.0 4200.0
375 21090.0 4200.0
376 74480.0 21000.0
377 74860.0 18200.0
378 76760.0 18200.0
379 81320.0 18200.0
380 81130.0 15400.0
381 77900.0 4200.0
382 76380.0 4200.0
383 80750.0 4200.0
384 77520.0 26600.0
385 78280.0 18200.0
386 79800.0 18200.0
387 79990.0 9800.0
388 77900.0 12600.0
389 77140.0 9800.0
390 78850.0 9800.0
391 72960.0 37800.0
392 73720.0 15400.0
393 72960.0 18200.0
394 72010.0 15400.0
395 69160.0 12600.0
396 69160.0 9800.0
397 71630.0 9800.0
398 68020.0 37800.0
399 66880.0 15400.0
400 66880.0 18200.0
401 66310.0 9800.0
402 72960.0 7000.0
403 70300.0 4200.0
404 67450.0 4200.0
405 69350.0 43400.0
406 69540.0 37800.0
407 69920.0 40600.0
408 70490.0 43400.0
409 70680.0 15400.0
410 69160.0 15400.0
411 65550.0 15400.0
412 64980.0 9800.0
413 63460.0 9800.0
414 63650.0 15400.0
415 64600.0 37800.0
416 65360.0 18200.0
417 63840.0 18200.0
418 62510.0 15400.0
419 60040.0 12600.0
420 58520.0 12600.0
421 59090.0 15400.0
422 55670.0 43400.0
423 56620.0 46200.0
424 55290.0 46200.0
425 57000.0 15400.0
426 55860.0 18200.0
427 51870.0 15400.0
428 53580.0 9800.0
429 49780.0 9800.0
430 49970.0 12600.0
431 53010.0 37800.0
432 50540.0 40600.0
433 51870.0 37800.0
434 53200.0 15400.0
435 55480.0 15400.0
436 55290.0 9800.0
437 59660.0 7000.0
438 61180.0 7000.0
439 57950.0 7000.0
440 43700.0 23800.0
441 75810.0 43400.0
442 75050.0 46200.0
443 73720.0 46200.0
444 67640.0 46200.0
445 73150.0 43400.0
446 72010.0 46200.0
447 70870.0 46200.0
448 69540.0 46200.0
449 58520.0 46200.0
450 43130.0 21000.0
451 43510.0 15400.0
452 44650.0 15400.0
453 45600.0 12600.0
454 43320.0 9800.0
455 44650.0 9800.0
456 46550.0 23800.0
458 85690.0 9800.0
459 87970.0 15400.0
461 89870.0 12600.0
462 55290.0 4200.0
463 37620.0 21000.0
464 35530.0 23800.0
465 34010.0 26600.0
466 50350.0 4200.0
467 34200.0 21000.0
468 30970.0 21000.0
469 30970.0 23800.0
470 48830.0 4200.0
471 75430.0 9800.0
472 28880.0 26600.0
473 30590.0 26600.0
474 23370.0 26600.0
476 47690.0 4200.0
477 15960.0 12600.0
478 14250.0 15400.0
479 15010.0 23800.0
480 52630.0 4200.0
481 18240.0 18200.0
482 16910.0 15400.0
483 14630.0 18200.0
484 24890.0 4200.0
485 19190.0 23800.0
486 19570.0 26600.0
487 84930.0 4200.0
488 85690.0 15400.0
489 85310.0 18200.0
490 58710.0 4200.0
491 82840.0 21000.0
492 85310.0 21000.0
493 86450.0 23800.0
494 54150.0 4200.0
495 75620.0 26600.0
496 80750.0 29400.0
497 83030.0 29400.0
498 59850.0 4200.0
499 62320.0 23800.0
500 62890.0 26600.0
501 63650.0 29400.0
502 51870.0 7000.0
503 65740.0 21000.0
504 67450.0 21000.0
505 69730.0 21000.0
506 49210.0 7000.0
507 60040.0 26600.0
508 57950.0 29400.0
509 60230.0 29400.0
510 51490.0 4200.0
511 52440.0 21000.0
512 52630.0 23800.0
513 54910.0 23800.0
514 71630.0 4200.0
515 57760.0 26600.0
516 53010.0 29400.0
517 51110.0 29400.0
518 60990.0 4200.0
519 48260.0 9800.0
520 48830.0 23800.0
521 41230.0 26600.0
522 29450.0 4200.0
523 31350.0 7000.0
524 41610.0 4200.0
525 81890.0 7000.0
526 36290.0 15400.0
527 28310.0 15400.0
528 23370.0 9800.0
529 12350.0 9800.0
530 11970.0 12600.0
531 14250.0 4200.0
532 89490.0 7000.0
533 83790.0 12600.0
534 73150.0 12600.0
535 68970.0 7000.0
536 64030.0 12600.0
537 59850.0 18200.0
538 53770.0 12600.0
539 59470.0 9800.0
540 41610.0 12600.0
541 91390.0 9800.0
542 34010.0 29400.0
543 26410.0 23800.0
544 21850.0 29400.0
545 13490.0 26600.0
546 11590.0 21000.0
547 12730.0 29400.0
548 89870.0 18200.0
549 91390.0 23800.0
550 85310.0 32200.0
551 68210.0 29400.0
552 72770.0 23800.0
553 59850.0 32200.0
554 56430.0 21000.0
555 51110.0 32200.0
556 41990.0 29400.0
