Instance ID x_center y_center
0 18110.0 50030.0
1 48350.0 50030.0
2 24830.0 50030.0
3 47230.0 50030.0
4 50590.0 50030.0
5 51710.0 50030.0
6 30430.0 50030.0
7 31550.0 50030.0
8 29310.0 50030.0
9 55070.0 50030.0
10 56190.0 50030.0
11 44990.0 50030.0
12 23710.0 50030.0
13 19230.0 50030.0
14 43870.0 50030.0
15 42750.0 50030.0
16 60670.0 50030.0
17 20350.0 50030.0
18 62910.0 50030.0
19 39390.0 50030.0
20 64030.0 50030.0
21 65150.0 50030.0
22 28190.0 50030.0
23 41630.0 50030.0
24 46110.0 50030.0
25 22590.0 50030.0
26 66270.0 50030.0
27 40510.0 50030.0
28 53950.0 50030.0
29 61790.0 50030.0
30 52830.0 50030.0
31 27070.0 50030.0
32 38270.0 50030.0
33 68510.0 50030.0
34 67390.0 50030.0
35 34910.0 50030.0
36 49470.0 50030.0
37 69630.0 50030.0
38 70750.0 50030.0
39 37150.0 50030.0
40 74110.0 50030.0
41 75230.0 50030.0
42 59550.0 50030.0
43 36030.0 50030.0
44 25950.0 50030.0
45 76350.0 50030.0
46 71870.0 50030.0
47 21470.0 50030.0
48 32670.0 50030.0
49 57310.0 50030.0
50 72990.0 50030.0
51 33790.0 50030.0
52 77470.0 50030.0
53 58430.0 50030.0
54 68400.0 32200.0
55 64600.0 26600.0
56 56050.0 23800.0
57 41990.0 18200.0
58 59090.0 26600.0
59 76380.0 26600.0
60 86450.0 32200.0
61 81320.0 26600.0
62 83790.0 21000.0
63 79990.0 26600.0
64 18050.0 18200.0
65 13870.0 23800.0
66 15390.0 29400.0
67 10830.0 32200.0
68 20330.0 32200.0
69 47690.0 23800.0
70 40470.0 26600.0
71 37430.0 18200.0
72 28500.0 21000.0
73 37050.0 29400.0
74 58710.0 29400.0
76 56240.0 40600.0
77 58140.0 40600.0
81 59470.0 43400.0
82 59850.0 40600.0
84 57950.0 43400.0
85 60040.0 46200.0
88 64980.0 43400.0
89 63460.0 43400.0
90 62130.0 43400.0
91 61180.0 40600.0
92 60800.0 43400.0
93 18240.0 35000.0
95 20330.0 29400.0
96 18430.0 32200.0
97 16910.0 29400.0
98 18620.0 29400.0
99 24510.0 18200.0
100 19000.0 18200.0
101 19190.0 15400.0
102 21090.0 15400.0
103 21090.0 23800.0
104 16720.0 23800.0
105 15390.0 23800.0
106 18810.0 23800.0
107 18430.0 12600.0
108 19950.0 12600.0
109 23370.0 18200.0
110 22040.0 18200.0
111 21660.0 9800.0
112 20330.0 9800.0
113 45980.0 26600.0
114 46930.0 21000.0
115 47310.0 26600.0
116 46170.0 12600.0
117 38190.0 23800.0
118 38760.0 29400.0
119 38950.0 26600.0
120 40090.0 12600.0
121 44650.0 9800.0
122 36670.0 21000.0
123 34960.0 21000.0
124 35910.0 18200.0
125 35530.0 12600.0
126 29450.0 21000.0
127 27740.0 23800.0
128 26790.0 18200.0
129 29830.0 15400.0
130 29830.0 12600.0
131 49210.0 12600.0
132 53390.0 12600.0
133 42750.0 12600.0
134 44270.0 12600.0
135 48260.0 9800.0
136 34200.0 12600.0
137 27930.0 18200.0
138 33630.0 15400.0
139 53960.0 9800.0
140 51110.0 9800.0
141 53010.0 15400.0
142 82080.0 40600.0
143 82270.0 21000.0
144 82460.0 15400.0
145 83410.0 18200.0
146 82650.0 12600.0
147 81130.0 12600.0
148 79040.0 23800.0
149 80370.0 21000.0
150 80750.0 23800.0
151 79610.0 18200.0
152 69350.0 12600.0
153 84170.0 29400.0
154 79800.0 32200.0
155 80750.0 32200.0
156 81130.0 15400.0
157 77710.0 12600.0
158 74100.0 26600.0
159 73150.0 15400.0
160 67830.0 15400.0
161 70110.0 26600.0
162 72200.0 32200.0
163 69350.0 32200.0
164 69730.0 23800.0
165 67450.0 26600.0
166 64220.0 29400.0
167 65550.0 26600.0
168 66690.0 21000.0
169 66310.0 7000.0
170 60420.0 7000.0
171 58330.0 23800.0
172 54720.0 23800.0
173 56810.0 21000.0
174 57950.0 18200.0
175 56810.0 7000.0
176 45030.0 18200.0
177 43700.0 21000.0
178 43510.0 18200.0
179 47310.0 15400.0
180 50350.0 15400.0
181 56810.0 9800.0
182 58710.0 9800.0
183 57570.0 15400.0
184 53390.0 18200.0
185 59470.0 18200.0
186 60610.0 18200.0
187 61560.0 9800.0
188 62890.0 9800.0
189 71060.0 23800.0
190 68020.0 21000.0
191 69160.0 21000.0
192 62510.0 15400.0
193 62510.0 18200.0
194 82080.0 18200.0
195 71250.0 18200.0
196 72390.0 26600.0
197 72200.0 18200.0
198 72200.0 21000.0
199 70870.0 21000.0
200 62510.0 21000.0
201 58710.0 21000.0
202 49970.0 29400.0
203 57570.0 37800.0
204 46360.0 32200.0
205 26600.0 35000.0
206 55860.0 32200.0
207 23180.0 35000.0
208 55290.0 40600.0
210 22610.0 37800.0
211 54150.0 40600.0
213 19380.0 46200.0
214 22040.0 46200.0
215 20710.0 46200.0
216 53010.0 26600.0
217 56050.0 26600.0
218 66500.0 29400.0
219 22610.0 9800.0
220 24130.0 9800.0
221 23180.0 12600.0
222 22040.0 12600.0
223 22990.0 15400.0
224 55480.0 7000.0
225 66500.0 9800.0
226 67070.0 12600.0
227 60420.0 9800.0
228 64980.0 12600.0
229 65930.0 12600.0
230 66880.0 18200.0
231 49590.0 32200.0
232 67830.0 35000.0
233 66690.0 35000.0
234 68210.0 37800.0
235 66120.0 40600.0
236 64600.0 40600.0
237 67830.0 40600.0
238 70680.0 32200.0
239 23560.0 7000.0
240 13680.0 29400.0
241 21660.0 29400.0
242 22420.0 7000.0
243 19190.0 26600.0
244 20520.0 26600.0
245 19380.0 7000.0
246 20710.0 7000.0
247 25650.0 12600.0
248 27740.0 4200.0
249 35910.0 9800.0
250 37240.0 4200.0
251 31350.0 4200.0
252 29450.0 4200.0
253 37810.0 12600.0
254 38190.0 9800.0
255 38000.0 4200.0
256 25460.0 15400.0
257 27550.0 15400.0
258 33060.0 4200.0
259 35530.0 4200.0
260 45030.0 4200.0
261 64220.0 7000.0
262 58330.0 7000.0
263 61180.0 4200.0
264 46550.0 7000.0
265 49590.0 4200.0
266 56620.0 4200.0
267 60230.0 4200.0
268 62890.0 4200.0
269 71250.0 4200.0
270 60040.0 21000.0
271 64980.0 21000.0
272 45790.0 15400.0
273 44650.0 15400.0
274 62320.0 7000.0
275 68780.0 4200.0
276 70110.0 7000.0
277 71250.0 7000.0
278 68020.0 4200.0
279 68780.0 7000.0
280 70870.0 9800.0
281 70110.0 35000.0
282 71250.0 35000.0
283 71250.0 37800.0
284 69920.0 43400.0
285 69160.0 46200.0
286 72010.0 43400.0
287 80560.0 29400.0
288 54340.0 7000.0
289 55100.0 9800.0
290 59470.0 12600.0
291 60800.0 15400.0
292 59850.0 15400.0
293 57570.0 12600.0
294 54720.0 12600.0
295 56430.0 12600.0
296 65170.0 15400.0
297 66310.0 15400.0
298 64220.0 12600.0
299 63840.0 15400.0
300 64790.0 18200.0
301 75050.0 35000.0
302 79990.0 35000.0
303 80370.0 37800.0
304 79420.0 46200.0
305 77900.0 46200.0
306 79990.0 43400.0
307 79040.0 29400.0
308 65170.0 9800.0
309 64980.0 4200.0
310 58710.0 4200.0
311 40090.0 4200.0
312 40660.0 7000.0
313 27930.0 7000.0
314 31730.0 7000.0
315 41990.0 7000.0
316 42560.0 4200.0
317 53770.0 4200.0
318 77520.0 18200.0
319 76380.0 18200.0
320 76380.0 15400.0
321 73340.0 7000.0
322 74480.0 7000.0
323 74670.0 4200.0
324 76380.0 4200.0
325 80370.0 7000.0
326 81130.0 9800.0
327 79040.0 7000.0
328 79230.0 9800.0
329 76950.0 32200.0
330 78470.0 35000.0
331 81510.0 37800.0
332 78660.0 43400.0
333 76760.0 43400.0
334 81130.0 43400.0
335 78280.0 32200.0
336 68780.0 9800.0
337 67450.0 9800.0
338 68210.0 12600.0
339 76760.0 12600.0
340 69920.0 9800.0
341 70490.0 12600.0
342 69350.0 15400.0
343 71440.0 15400.0
344 70490.0 15400.0
345 71630.0 12600.0
346 75620.0 12600.0
347 72960.0 12600.0
348 74100.0 12600.0
349 75430.0 15400.0
350 76190.0 35000.0
351 77330.0 35000.0
352 78090.0 37800.0
353 79420.0 40600.0
354 77900.0 40600.0
355 79230.0 37800.0
356 74860.0 32200.0
357 78850.0 12600.0
358 76000.0 7000.0
359 72960.0 4200.0
360 73910.0 9800.0
361 72390.0 7000.0
362 79040.0 15400.0
363 76760.0 9800.0
364 77330.0 7000.0
365 75620.0 9800.0
366 74290.0 15400.0
367 73530.0 18200.0
368 74860.0 18200.0
369 73910.0 21000.0
370 72390.0 35000.0
371 73530.0 35000.0
372 37810.0 37800.0
373 42560.0 40600.0
374 36100.0 43400.0
375 37430.0 43400.0
376 23560.0 29400.0
377 25080.0 29400.0
378 25460.0 32200.0
379 22040.0 32200.0
380 21470.0 37800.0
381 22420.0 43400.0
382 23940.0 43400.0
383 21090.0 43400.0
384 22420.0 26600.0
385 24700.0 35000.0
386 21660.0 35000.0
387 20330.0 37800.0
388 20900.0 40600.0
389 22420.0 40600.0
390 19570.0 40600.0
391 25840.0 9800.0
392 26980.0 32200.0
393 23560.0 32200.0
394 24130.0 37800.0
395 25460.0 37800.0
396 25460.0 40600.0
397 23750.0 40600.0
398 27740.0 12600.0
399 29260.0 29400.0
400 30020.0 32200.0
401 29070.0 37800.0
402 28500.0 40600.0
403 26220.0 43400.0
404 27550.0 43400.0
405 32490.0 9800.0
406 29640.0 9800.0
407 30400.0 7000.0
408 30590.0 9800.0
409 27740.0 29400.0
410 28500.0 32200.0
411 27930.0 35000.0
412 35720.0 35000.0
413 36480.0 37800.0
414 30970.0 37800.0
415 36100.0 15400.0
416 35340.0 29400.0
417 34960.0 32200.0
418 34770.0 37800.0
419 39140.0 40600.0
420 40660.0 40600.0
421 34010.0 43400.0
422 47690.0 7000.0
423 47500.0 4200.0
424 48830.0 7000.0
425 45600.0 29400.0
426 44460.0 32200.0
427 44270.0 35000.0
428 48260.0 37800.0
429 48260.0 40600.0
430 45410.0 40600.0
431 49970.0 18200.0
432 51300.0 12600.0
433 51110.0 18200.0
434 45980.0 35000.0
435 42940.0 35000.0
436 42750.0 32200.0
437 40660.0 35000.0
438 39140.0 37800.0
439 39330.0 35000.0
440 56240.0 29400.0
441 24130.0 4200.0
442 26410.0 4200.0
443 25840.0 7000.0
444 38760.0 4200.0
445 24510.0 7000.0
446 32870.0 7000.0
447 35150.0 7000.0
448 37240.0 7000.0
449 39900.0 9800.0
450 51110.0 35000.0
451 53770.0 35000.0
452 52630.0 35000.0
453 55860.0 35000.0
454 57380.0 35000.0
455 56050.0 37800.0
456 53770.0 29400.0
458 16910.0 46200.0
459 16150.0 35000.0
461 11590.0 35000.0
462 43890.0 46200.0
463 60420.0 32200.0
464 60610.0 29400.0
465 62510.0 26600.0
466 49970.0 46200.0
467 59660.0 35000.0
468 61370.0 35000.0
469 63650.0 35000.0
470 51110.0 46200.0
471 17290.0 40600.0
472 76760.0 23800.0
473 75050.0 23800.0
474 83030.0 23800.0
476 51870.0 43400.0
477 80940.0 40600.0
478 82270.0 29400.0
479 83030.0 26600.0
480 37050.0 46200.0
481 81320.0 35000.0
482 82270.0 32200.0
483 84550.0 32200.0
484 46170.0 43400.0
485 68210.0 29400.0
486 70490.0 29400.0
487 18810.0 43400.0
488 16150.0 32200.0
489 13870.0 32200.0
490 38190.0 46200.0
491 17480.0 26600.0
492 15770.0 26600.0
493 13110.0 26600.0
494 39330.0 46200.0
495 20140.0 18200.0
496 19950.0 21000.0
497 17670.0 21000.0
498 40470.0 46200.0
499 28880.0 23800.0
500 26410.0 23800.0
501 24130.0 23800.0
502 41610.0 46200.0
503 35720.0 23800.0
504 31350.0 23800.0
505 31350.0 21000.0
506 46170.0 46200.0
507 40280.0 29400.0
508 33630.0 29400.0
509 33630.0 23800.0
510 48830.0 46200.0
511 47120.0 29400.0
512 43890.0 29400.0
513 43890.0 26600.0
514 35910.0 46200.0
515 38760.0 21000.0
516 40090.0 21000.0
517 41990.0 21000.0
518 47310.0 46200.0
519 50160.0 40600.0
520 50730.0 23800.0
521 53010.0 23800.0
522 64410.0 46200.0
523 55290.0 46200.0
524 61370.0 37800.0
525 12350.0 46200.0
526 72010.0 40600.0
527 73150.0 46200.0
528 84170.0 46200.0
529 85310.0 43400.0
530 85690.0 37800.0
531 41230.0 43400.0
532 8930.0 43400.0
533 11590.0 40600.0
534 16150.0 37800.0
535 26030.0 46200.0
536 31730.0 35000.0
537 35150.0 40600.0
538 44270.0 37800.0
539 38950.0 32200.0
540 52250.0 37800.0
541 7030.0 35000.0
542 64410.0 23800.0
543 64790.0 32200.0
544 87590.0 23800.0
545 87590.0 26600.0
546 87590.0 35000.0
547 75050.0 29400.0
548 8170.0 29400.0
549 8170.0 26600.0
550 15390.0 15400.0
551 24890.0 21000.0
552 31730.0 18200.0
553 34770.0 26600.0
554 43890.0 23800.0
555 40850.0 15400.0
556 52630.0 21000.0
