Instance ID x_center y_center
0 70750.0 140.0
1 40510.0 140.0
2 64030.0 140.0
3 41630.0 140.0
4 38270.0 140.0
5 37150.0 140.0
6 58430.0 140.0
7 57310.0 140.0
8 59550.0 140.0
9 33790.0 140.0
10 32670.0 140.0
11 43870.0 140.0
12 65150.0 140.0
13 69630.0 140.0
14 44990.0 140.0
15 46110.0 140.0
16 28190.0 140.0
17 68510.0 140.0
18 25950.0 140.0
19 49470.0 140.0
20 24830.0 140.0
21 23710.0 140.0
22 60670.0 140.0
23 47230.0 140.0
24 42750.0 140.0
25 66270.0 140.0
26 22590.0 140.0
27 48350.0 140.0
28 34910.0 140.0
29 27070.0 140.0
30 36030.0 140.0
31 61790.0 140.0
32 50590.0 140.0
33 20350.0 140.0
34 21470.0 140.0
35 53950.0 140.0
36 39390.0 140.0
37 19230.0 140.0
38 18110.0 140.0
39 51710.0 140.0
40 14750.0 140.0
41 13630.0 140.0
42 29310.0 140.0
43 52830.0 140.0
44 62910.0 140.0
45 12510.0 140.0
46 16990.0 140.0
47 67390.0 140.0
48 56190.0 140.0
49 31550.0 140.0
50 15870.0 140.0
51 55070.0 140.0
52 11390.0 140.0
53 30430.0 140.0
54 22420.0 21000.0
55 31160.0 26600.0
56 40090.0 23800.0
57 48070.0 23800.0
58 32110.0 23800.0
59 9880.0 26600.0
60 10070.0 23800.0
61 11020.0 23800.0
62 19950.0 26600.0
63 12350.0 23800.0
64 65550.0 26600.0
65 70490.0 26600.0
66 78090.0 21000.0
67 78470.0 9800.0
68 63650.0 18200.0
69 46550.0 26600.0
70 54910.0 18200.0
71 57190.0 26600.0
72 69160.0 32200.0
73 50730.0 18200.0
74 30210.0 21000.0
76 33820.0 4200.0
77 26220.0 4200.0
81 27550.0 4200.0
82 29070.0 4200.0
84 24510.0 4200.0
85 22800.0 4200.0
88 20900.0 9800.0
89 21280.0 7000.0
90 20710.0 4200.0
91 27740.0 9800.0
92 19760.0 7000.0
93 69540.0 9800.0
95 66310.0 18200.0
96 68970.0 15400.0
97 65170.0 18200.0
98 65740.0 21000.0
99 66690.0 26600.0
100 58140.0 26600.0
101 62510.0 29400.0
102 64030.0 29400.0
103 65930.0 23800.0
104 68780.0 23800.0
105 69350.0 26600.0
106 67450.0 23800.0
107 62890.0 32200.0
108 63270.0 35000.0
109 68210.0 26600.0
110 67640.0 29400.0
111 62320.0 35000.0
112 61750.0 37800.0
113 41420.0 26600.0
114 45410.0 32200.0
115 48070.0 29400.0
116 46550.0 37800.0
117 53390.0 18200.0
118 52060.0 18200.0
119 53010.0 23800.0
120 52250.0 35000.0
121 45410.0 40600.0
122 55290.0 26600.0
123 55100.0 23800.0
124 56810.0 29400.0
125 54150.0 32200.0
126 65550.0 29400.0
127 66500.0 29400.0
128 67450.0 32200.0
129 64790.0 32200.0
130 58710.0 35000.0
131 44270.0 35000.0
132 41990.0 35000.0
133 49210.0 35000.0
134 46550.0 35000.0
135 36860.0 43400.0
136 55480.0 32200.0
137 66310.0 32200.0
138 55290.0 35000.0
139 39140.0 43400.0
140 38570.0 40600.0
141 39330.0 37800.0
142 9880.0 7000.0
143 10830.0 32200.0
144 11020.0 35000.0
145 12350.0 32200.0
146 13870.0 37800.0
147 16530.0 37800.0
148 20140.0 23800.0
149 19190.0 29400.0
150 18810.0 23800.0
151 17670.0 32200.0
152 17670.0 37800.0
153 7030.0 23800.0
154 13300.0 21000.0
155 9690.0 21000.0
156 9690.0 35000.0
157 4750.0 35000.0
158 8740.0 32200.0
159 5890.0 35000.0
160 17670.0 35000.0
161 24130.0 23800.0
162 23940.0 18200.0
163 22990.0 18200.0
164 22990.0 32200.0
165 29070.0 23800.0
166 30400.0 23800.0
167 30210.0 26600.0
168 29070.0 29400.0
169 27930.0 37800.0
170 31160.0 37800.0
171 35910.0 23800.0
172 38000.0 23800.0
173 38190.0 26600.0
174 35530.0 32200.0
175 35530.0 40600.0
176 49590.0 23800.0
177 47880.0 18200.0
178 47690.0 26600.0
179 47310.0 32200.0
180 41990.0 37800.0
181 32490.0 40600.0
182 32490.0 37800.0
183 34390.0 35000.0
184 37050.0 35000.0
185 38190.0 32200.0
186 37050.0 32200.0
187 32680.0 32200.0
188 30970.0 35000.0
189 24320.0 32200.0
190 26980.0 29400.0
191 25460.0 32200.0
192 27170.0 35000.0
193 28690.0 35000.0
194 14060.0 32200.0
195 13110.0 35000.0
196 7030.0 32200.0
197 9120.0 37800.0
198 7980.0 35000.0
199 11970.0 35000.0
200 28690.0 32200.0
201 30970.0 29400.0
202 40470.0 18200.0
203 32110.0 9800.0
204 40280.0 12600.0
205 66120.0 12600.0
206 35340.0 18200.0
207 64600.0 12600.0
208 35150.0 4200.0
210 63270.0 12600.0
211 36670.0 7000.0
213 65360.0 7000.0
214 63840.0 4200.0
215 64030.0 7000.0
216 33630.0 21000.0
217 36670.0 21000.0
218 28500.0 21000.0
219 57190.0 35000.0
220 56430.0 37800.0
221 58520.0 37800.0
222 61180.0 35000.0
223 59850.0 37800.0
224 34200.0 40600.0
225 23560.0 40600.0
226 23370.0 37800.0
227 32680.0 35000.0
228 21660.0 35000.0
229 22610.0 35000.0
230 24320.0 29400.0
231 31730.0 15400.0
232 24130.0 15400.0
233 28310.0 18200.0
234 27930.0 15400.0
235 30400.0 9800.0
236 28880.0 9800.0
237 26030.0 15400.0
238 21660.0 18200.0
239 69160.0 35000.0
240 76760.0 15400.0
241 69160.0 21000.0
242 69540.0 37800.0
243 64410.0 21000.0
244 64600.0 23800.0
245 66500.0 37800.0
246 67830.0 37800.0
247 64790.0 35000.0
248 67260.0 40600.0
249 53010.0 43400.0
250 57760.0 43400.0
251 66690.0 43400.0
252 61750.0 43400.0
253 52630.0 32200.0
254 52250.0 37800.0
255 53200.0 40600.0
256 68400.0 32200.0
257 67450.0 35000.0
258 57760.0 40600.0
259 56050.0 43400.0
260 48070.0 43400.0
261 29260.0 40600.0
262 30590.0 40600.0
263 31160.0 43400.0
264 43890.0 43400.0
265 42370.0 43400.0
266 38000.0 46200.0
267 30970.0 46200.0
268 28310.0 43400.0
269 24890.0 43400.0
270 34200.0 32200.0
271 30020.0 32200.0
272 49210.0 32200.0
273 48070.0 35000.0
274 28120.0 40600.0
275 20900.0 43400.0
276 23370.0 43400.0
277 22610.0 46200.0
278 22800.0 40600.0
279 22040.0 43400.0
280 21470.0 46200.0
281 19950.0 15400.0
282 21470.0 15400.0
283 22610.0 15400.0
284 23560.0 9800.0
285 25080.0 9800.0
286 22230.0 9800.0
287 17860.0 18200.0
288 34960.0 37800.0
289 36100.0 37800.0
290 34010.0 37800.0
291 29640.0 35000.0
292 30210.0 37800.0
293 40470.0 35000.0
294 41800.0 32200.0
295 39330.0 35000.0
296 26030.0 35000.0
297 23750.0 35000.0
298 24320.0 37800.0
299 25460.0 37800.0
300 24890.0 35000.0
301 18430.0 15400.0
302 17290.0 15400.0
303 15770.0 12600.0
304 19760.0 9800.0
305 17860.0 7000.0
306 16150.0 7000.0
307 12160.0 18200.0
308 25650.0 40600.0
309 26980.0 40600.0
310 29830.0 43400.0
311 56050.0 46200.0
312 54340.0 40600.0
313 63650.0 40600.0
314 60230.0 40600.0
315 55670.0 40600.0
316 49020.0 40600.0
317 47690.0 40600.0
318 19760.0 32200.0
319 20900.0 32200.0
320 20900.0 35000.0
321 24320.0 40600.0
322 21660.0 40600.0
323 18430.0 43400.0
324 16340.0 43400.0
325 17290.0 40600.0
326 16150.0 40600.0
327 18620.0 40600.0
328 14630.0 40600.0
329 13490.0 15400.0
330 11970.0 15400.0
331 11970.0 12600.0
332 11020.0 7000.0
333 12540.0 7000.0
334 11590.0 9800.0
335 10640.0 18200.0
336 19000.0 37800.0
337 21090.0 37800.0
338 22230.0 37800.0
339 3420.0 37800.0
340 20140.0 37800.0
341 19950.0 35000.0
342 16150.0 35000.0
343 14060.0 35000.0
344 15010.0 35000.0
345 15390.0 37800.0
346 4560.0 37800.0
347 5700.0 37800.0
348 6840.0 37800.0
349 8170.0 37800.0
350 10830.0 15400.0
351 8170.0 15400.0
352 7030.0 15400.0
353 14060.0 12600.0
354 14060.0 7000.0
355 6270.0 7000.0
356 9120.0 18200.0
357 12350.0 37800.0
358 20140.0 40600.0
359 19760.0 43400.0
360 20330.0 46200.0
361 17290.0 43400.0
362 10640.0 37800.0
363 12920.0 40600.0
364 13490.0 43400.0
365 12540.0 43400.0
366 10450.0 43400.0
367 8930.0 43400.0
368 10260.0 40600.0
369 8550.0 40600.0
370 10830.0 12600.0
371 9690.0 15400.0
372 9690.0 12600.0
373 10260.0 9800.0
374 8740.0 7000.0
375 7410.0 7000.0
376 67640.0 21000.0
377 62320.0 18200.0
378 64600.0 15400.0
379 67640.0 15400.0
380 69350.0 12600.0
381 66880.0 4200.0
382 65360.0 4200.0
383 70870.0 4200.0
384 62700.0 21000.0
385 66120.0 15400.0
386 67640.0 18200.0
387 67450.0 12600.0
388 66500.0 9800.0
389 64980.0 9800.0
390 67830.0 9800.0
391 60800.0 32200.0
392 61940.0 12600.0
393 61560.0 15400.0
394 57950.0 12600.0
395 55860.0 4200.0
396 54340.0 4200.0
397 56050.0 7000.0
398 58520.0 32200.0
399 60420.0 12600.0
400 60040.0 15400.0
401 59090.0 12600.0
402 57000.0 9800.0
403 57380.0 7000.0
404 58710.0 7000.0
405 59090.0 40600.0
406 61180.0 40600.0
407 62320.0 40600.0
408 63270.0 43400.0
409 63080.0 15400.0
410 58520.0 15400.0
411 57190.0 15400.0
412 55100.0 12600.0
413 55100.0 9800.0
414 56050.0 15400.0
415 54340.0 37800.0
416 56620.0 12600.0
417 53200.0 12600.0
418 51870.0 12600.0
419 51300.0 7000.0
420 49780.0 7000.0
421 49970.0 12600.0
422 46170.0 46200.0
423 45220.0 43400.0
424 45030.0 46200.0
425 43320.0 12600.0
426 41800.0 15400.0
427 41610.0 12600.0
428 40280.0 9800.0
429 40660.0 7000.0
430 41990.0 7000.0
431 43510.0 37800.0
432 41800.0 40600.0
433 43130.0 40600.0
434 40280.0 15400.0
435 42940.0 18200.0
436 44270.0 18200.0
437 48640.0 12600.0
438 47120.0 12600.0
439 45410.0 18200.0
440 38380.0 15400.0
441 71630.0 37800.0
442 70490.0 40600.0
443 69160.0 40600.0
444 57000.0 40600.0
445 65550.0 37800.0
446 66310.0 40600.0
447 64410.0 43400.0
448 64980.0 40600.0
449 50540.0 37800.0
450 35910.0 15400.0
451 37050.0 15400.0
452 37050.0 9800.0
453 38760.0 12600.0
454 33820.0 9800.0
455 35530.0 9800.0
456 39330.0 21000.0
458 67450.0 7000.0
459 71630.0 12600.0
461 73530.0 15400.0
462 44270.0 4200.0
463 30020.0 18200.0
464 23750.0 21000.0
465 26790.0 23800.0
466 40850.0 4200.0
467 26980.0 18200.0
468 25270.0 18200.0
469 26030.0 21000.0
470 38570.0 4200.0
471 62130.0 7000.0
472 21660.0 23800.0
473 22230.0 26600.0
474 16530.0 23800.0
476 37430.0 4200.0
477 15200.0 15400.0
478 14250.0 23800.0
479 11590.0 26600.0
480 45410.0 4200.0
481 15200.0 18200.0
482 14630.0 21000.0
483 11590.0 21000.0
484 11590.0 4200.0
485 12730.0 29400.0
486 10450.0 29400.0
487 68970.0 4200.0
488 71250.0 15400.0
489 71250.0 18200.0
490 47690.0 4200.0
491 69160.0 18200.0
492 70490.0 21000.0
493 70870.0 23800.0
494 43130.0 4200.0
495 57000.0 23800.0
496 58710.0 23800.0
497 60990.0 23800.0
498 48830.0 4200.0
499 69540.0 29400.0
500 71250.0 29400.0
501 70870.0 32200.0
502 49970.0 4200.0
503 51300.0 23800.0
504 50730.0 26600.0
505 53010.0 26600.0
506 47690.0 7000.0
507 49020.0 21000.0
508 50730.0 21000.0
509 53010.0 21000.0
510 41990.0 4200.0
511 42560.0 26600.0
512 43130.0 32200.0
513 44650.0 26600.0
514 53010.0 4200.0
515 49020.0 18200.0
516 45790.0 21000.0
517 43130.0 21000.0
518 39710.0 4200.0
519 38760.0 9800.0
520 38950.0 23800.0
521 35910.0 26600.0
522 25270.0 7000.0
523 16910.0 4200.0
524 31730.0 7000.0
525 72010.0 7000.0
526 27550.0 12600.0
527 20330.0 12600.0
528 15770.0 9800.0
529 6270.0 9800.0
530 5890.0 12600.0
531 6270.0 4200.0
532 75810.0 4200.0
533 73910.0 9800.0
534 59850.0 4200.0
535 60990.0 9800.0
536 52250.0 15400.0
537 51110.0 9800.0
538 44270.0 9800.0
539 45790.0 15400.0
540 34390.0 12600.0
541 75810.0 12600.0
542 26410.0 26600.0
543 18810.0 21000.0
544 16150.0 26600.0
545 6270.0 26600.0
546 5890.0 21000.0
547 5890.0 29400.0
548 75810.0 18200.0
549 75430.0 23800.0
550 61750.0 26600.0
551 75430.0 32200.0
552 52630.0 29400.0
553 57570.0 21000.0
554 43890.0 29400.0
555 44270.0 23800.0
556 36670.0 29400.0
