Instance ID x_center y_center
0 66270.0 140.0
1 36030.0 140.0
2 59550.0 140.0
3 37150.0 140.0
4 33790.0 140.0
5 32670.0 140.0
6 53950.0 140.0
7 52830.0 140.0
8 55070.0 140.0
9 29310.0 140.0
10 28190.0 140.0
11 39390.0 140.0
12 60670.0 140.0
13 65150.0 140.0
14 40510.0 140.0
15 41630.0 140.0
16 23710.0 140.0
17 64030.0 140.0
18 21470.0 140.0
19 44990.0 140.0
20 20350.0 140.0
21 19230.0 140.0
22 56190.0 140.0
23 42750.0 140.0
24 38270.0 140.0
25 61790.0 140.0
26 18110.0 140.0
27 43870.0 140.0
28 30430.0 140.0
29 22590.0 140.0
30 31550.0 140.0
31 57310.0 140.0
32 46110.0 140.0
33 15870.0 140.0
34 16990.0 140.0
35 49470.0 140.0
36 34910.0 140.0
37 14750.0 140.0
38 13630.0 140.0
39 47230.0 140.0
40 10270.0 140.0
41 9150.0 140.0
42 24830.0 140.0
43 48350.0 140.0
44 58430.0 140.0
45 8030.0 140.0
46 12510.0 140.0
47 62910.0 140.0
48 51710.0 140.0
49 27070.0 140.0
50 11390.0 140.0
51 50590.0 140.0
52 6910.0 140.0
53 25950.0 140.0
54 21280.0 23800.0
55 28120.0 26600.0
56 29070.0 26600.0
57 41230.0 32200.0
58 27930.0 23800.0
59 9500.0 32200.0
60 9690.0 23800.0
61 11020.0 26600.0
62 19950.0 26600.0
63 12730.0 26600.0
64 63270.0 32200.0
65 68210.0 23800.0
66 67830.0 18200.0
67 68590.0 12600.0
68 57190.0 21000.0
69 39710.0 26600.0
70 46170.0 23800.0
71 51490.0 32200.0
72 53580.0 26600.0
73 44270.0 18200.0
74 27550.0 21000.0
76 28880.0 9800.0
77 25460.0 4200.0
81 22230.0 4200.0
82 23750.0 4200.0
84 20710.0 4200.0
85 19000.0 4200.0
88 17100.0 9800.0
89 17480.0 4200.0
90 19570.0 9800.0
91 22800.0 9800.0
92 21660.0 9800.0
93 56620.0 15400.0
95 61370.0 21000.0
96 62510.0 21000.0
97 58710.0 21000.0
98 60040.0 23800.0
99 57570.0 32200.0
100 57000.0 29400.0
101 58710.0 32200.0
102 57950.0 35000.0
103 58710.0 23800.0
104 63840.0 23800.0
105 64790.0 23800.0
106 62510.0 23800.0
107 59470.0 37800.0
108 57950.0 37800.0
109 55670.0 29400.0
110 56240.0 32200.0
111 55860.0 40600.0
112 57190.0 40600.0
113 36860.0 26600.0
114 40090.0 29400.0
115 41230.0 26600.0
116 41610.0 37800.0
117 44270.0 21000.0
118 45600.0 21000.0
119 45410.0 26600.0
120 43510.0 40600.0
121 42370.0 46200.0
122 51490.0 35000.0
123 52820.0 32200.0
124 50730.0 29400.0
125 48830.0 37800.0
126 52250.0 23800.0
127 52440.0 21000.0
128 54150.0 29400.0
129 52630.0 29400.0
130 51110.0 40600.0
131 44270.0 43400.0
132 42370.0 43400.0
133 43510.0 35000.0
134 39710.0 37800.0
135 32300.0 46200.0
136 50160.0 37800.0
137 53390.0 23800.0
138 51870.0 37800.0
139 38000.0 46200.0
140 35150.0 46200.0
141 36290.0 43400.0
142 10260.0 12600.0
143 10450.0 35000.0
144 12920.0 35000.0
145 11970.0 35000.0
146 11970.0 40600.0
147 13870.0 40600.0
148 17860.0 32200.0
149 19190.0 32200.0
150 18050.0 26600.0
151 16910.0 35000.0
152 17290.0 40600.0
153 7030.0 26600.0
154 6080.0 21000.0
155 7030.0 21000.0
156 7790.0 37800.0
157 7410.0 40600.0
158 8360.0 35000.0
159 8930.0 40600.0
160 15770.0 40600.0
161 18430.0 21000.0
162 19760.0 21000.0
163 20330.0 23800.0
164 21090.0 32200.0
165 30210.0 23800.0
166 30400.0 18200.0
167 26030.0 23800.0
168 26790.0 35000.0
169 20330.0 43400.0
170 31920.0 40600.0
171 28690.0 29400.0
172 30020.0 26600.0
173 30970.0 32200.0
174 29830.0 35000.0
175 27550.0 43400.0
176 42750.0 32200.0
177 43320.0 29400.0
178 41610.0 35000.0
179 37430.0 37800.0
180 40470.0 43400.0
181 30970.0 46200.0
182 33250.0 40600.0
183 29450.0 37800.0
184 34010.0 37800.0
185 31350.0 35000.0
186 30970.0 37800.0
187 29260.0 40600.0
188 27170.0 40600.0
189 19000.0 35000.0
190 23180.0 32200.0
191 21280.0 35000.0
192 25270.0 37800.0
193 26790.0 37800.0
194 11780.0 37800.0
195 10450.0 37800.0
196 13110.0 32200.0
197 9120.0 43400.0
198 6460.0 35000.0
199 9310.0 37800.0
200 27930.0 37800.0
201 32870.0 32200.0
202 37050.0 21000.0
203 29830.0 9800.0
204 34960.0 15400.0
205 58900.0 15400.0
206 34200.0 18200.0
207 58900.0 12600.0
208 27930.0 9800.0
210 58710.0 9800.0
211 30970.0 9800.0
213 57760.0 7000.0
214 55860.0 7000.0
215 62130.0 9800.0
216 32870.0 21000.0
217 32110.0 23800.0
218 25460.0 18200.0
219 54530.0 40600.0
220 54530.0 37800.0
221 53580.0 37800.0
222 55860.0 43400.0
223 53010.0 40600.0
224 30400.0 43400.0
225 23180.0 40600.0
226 23750.0 37800.0
227 30780.0 40600.0
228 21660.0 37800.0
229 22610.0 37800.0
230 23180.0 35000.0
231 31350.0 15400.0
232 22990.0 18200.0
233 24130.0 18200.0
234 26410.0 15400.0
235 38760.0 7000.0
236 37240.0 7000.0
237 35150.0 7000.0
238 20140.0 18200.0
239 60420.0 40600.0
240 66500.0 23800.0
241 61180.0 23800.0
242 62320.0 43400.0
243 62890.0 29400.0
244 61560.0 29400.0
245 59280.0 43400.0
246 60610.0 43400.0
247 59090.0 40600.0
248 60040.0 46200.0
249 48830.0 46200.0
250 49780.0 49000.0
251 57950.0 49000.0
252 56050.0 49000.0
253 46550.0 37800.0
254 46170.0 40600.0
255 46360.0 49000.0
256 54340.0 32200.0
257 53770.0 35000.0
258 50920.0 46200.0
259 48070.0 49000.0
260 42750.0 49000.0
261 26600.0 46200.0
262 27930.0 46200.0
263 28880.0 49000.0
264 37050.0 49000.0
265 38570.0 49000.0
266 31540.0 49000.0
267 29830.0 49000.0
268 24510.0 49000.0
269 22610.0 49000.0
270 28120.0 35000.0
271 25080.0 35000.0
272 43130.0 37800.0
273 40850.0 40600.0
274 25840.0 49000.0
275 19380.0 49000.0
276 20330.0 51800.0
277 20330.0 49000.0
278 21280.0 49000.0
279 21660.0 51800.0
280 18430.0 49000.0
281 15770.0 18200.0
282 18810.0 18200.0
283 20330.0 15400.0
284 19380.0 12600.0
285 20900.0 12600.0
286 21470.0 15400.0
287 23180.0 21000.0
288 31920.0 43400.0
289 33060.0 43400.0
290 29070.0 43400.0
291 25840.0 40600.0
292 26410.0 43400.0
293 35910.0 40600.0
294 36860.0 40600.0
295 34770.0 40600.0
296 24510.0 40600.0
297 23370.0 43400.0
298 22420.0 43400.0
299 24700.0 43400.0
300 24890.0 46200.0
301 25270.0 15400.0
302 23750.0 15400.0
303 22610.0 15400.0
304 15960.0 9800.0
305 18240.0 9800.0
306 17670.0 12600.0
307 9880.0 21000.0
308 22230.0 46200.0
309 25840.0 46200.0
310 27550.0 49000.0
311 51110.0 49000.0
312 46360.0 46200.0
313 58710.0 46200.0
314 54910.0 46200.0
315 46550.0 43400.0
316 45220.0 49000.0
317 44650.0 46200.0
318 17480.0 37800.0
319 18620.0 37800.0
320 18240.0 43400.0
321 23940.0 46200.0
322 19380.0 46200.0
323 20710.0 46200.0
324 16720.0 46200.0
325 17290.0 43400.0
326 13870.0 43400.0
327 15200.0 43400.0
328 12350.0 43400.0
329 13490.0 18200.0
330 12350.0 18200.0
331 11970.0 15400.0
332 9880.0 9800.0
333 12540.0 9800.0
334 11210.0 9800.0
335 8360.0 21000.0
336 19000.0 40600.0
337 20710.0 40600.0
338 21850.0 40600.0
339 8360.0 43400.0
340 19760.0 37800.0
341 20710.0 37800.0
342 16530.0 37800.0
343 12920.0 37800.0
344 14250.0 37800.0
345 15390.0 37800.0
346 7220.0 43400.0
347 3800.0 40600.0
348 6080.0 40600.0
349 5890.0 43400.0
350 7410.0 18200.0
351 6270.0 18200.0
352 9690.0 15400.0
353 7600.0 12600.0
354 9120.0 12600.0
355 6270.0 12600.0
356 8740.0 18200.0
357 10830.0 43400.0
358 15580.0 46200.0
359 17100.0 49000.0
360 18050.0 46200.0
361 15770.0 49000.0
362 10260.0 40600.0
363 14060.0 46200.0
364 13490.0 49000.0
365 11780.0 49000.0
366 10830.0 49000.0
367 9310.0 46200.0
368 10640.0 46200.0
369 12350.0 46200.0
370 11210.0 18200.0
371 10070.0 18200.0
372 10830.0 15400.0
373 11400.0 4200.0
374 12920.0 4200.0
375 10070.0 4200.0
376 56620.0 23800.0
377 55100.0 23800.0
378 57760.0 18200.0
379 59280.0 18200.0
380 60230.0 15400.0
381 54720.0 4200.0
382 53200.0 4200.0
383 59850.0 7000.0
384 60800.0 26600.0
385 60800.0 18200.0
386 60040.0 21000.0
387 59850.0 9800.0
388 57380.0 12600.0
389 57380.0 9800.0
390 60990.0 9800.0
391 56240.0 37800.0
392 56240.0 18200.0
393 55480.0 21000.0
394 55290.0 12600.0
395 50920.0 4200.0
396 50160.0 7000.0
397 55670.0 9800.0
398 49400.0 35000.0
399 49780.0 18200.0
400 51680.0 18200.0
401 53770.0 12600.0
402 52060.0 7000.0
403 53960.0 7000.0
404 54150.0 9800.0
405 54530.0 43400.0
406 53200.0 43400.0
407 53580.0 46200.0
408 54530.0 49000.0
409 54720.0 18200.0
410 53200.0 18200.0
411 52630.0 12600.0
412 51300.0 12600.0
413 48640.0 12600.0
414 49970.0 12600.0
415 48260.0 40600.0
416 47880.0 18200.0
417 45980.0 18200.0
418 46930.0 15400.0
419 44460.0 12600.0
420 42940.0 12600.0
421 42750.0 18200.0
422 38950.0 46200.0
423 40280.0 49000.0
424 40090.0 46200.0
425 40660.0 18200.0
426 38760.0 18200.0
427 35910.0 15400.0
428 33820.0 12600.0
429 34580.0 9800.0
430 36290.0 9800.0
431 37810.0 40600.0
432 38760.0 43400.0
433 38950.0 40600.0
434 39140.0 15400.0
435 37620.0 15400.0
436 38190.0 9800.0
437 45980.0 9800.0
438 46360.0 7000.0
439 40090.0 7000.0
440 29260.0 21000.0
441 57190.0 43400.0
442 57570.0 46200.0
443 56240.0 46200.0
444 47500.0 43400.0
445 58330.0 43400.0
446 52250.0 43400.0
447 52250.0 46200.0
448 50920.0 43400.0
449 49020.0 43400.0
450 29450.0 18200.0
451 28310.0 18200.0
452 28310.0 15400.0
453 29640.0 12600.0
454 23940.0 9800.0
455 25270.0 9800.0
456 34770.0 23800.0
458 65170.0 9800.0
459 67070.0 12600.0
461 68970.0 15400.0
462 41990.0 4200.0
463 26980.0 18200.0
464 25270.0 21000.0
465 23750.0 23800.0
466 30590.0 4200.0
467 21660.0 18200.0
468 21090.0 21000.0
469 16530.0 21000.0
470 32870.0 4200.0
471 63270.0 9800.0
472 22800.0 29400.0
473 21090.0 29400.0
474 15390.0 26600.0
476 29450.0 4200.0
477 14060.0 9800.0
478 12730.0 29400.0
479 9310.0 26600.0
480 33250.0 7000.0
481 14060.0 21000.0
482 11970.0 21000.0
483 11970.0 23800.0
484 15390.0 4200.0
485 10830.0 29400.0
486 11210.0 32200.0
487 61750.0 7000.0
488 63270.0 18200.0
489 65930.0 18200.0
490 43130.0 4200.0
491 62700.0 26600.0
492 64790.0 26600.0
493 67070.0 26600.0
494 41990.0 7000.0
495 58140.0 29400.0
496 59850.0 29400.0
497 60990.0 32200.0
498 44270.0 7000.0
499 50920.0 21000.0
500 49210.0 21000.0
501 48450.0 23800.0
502 40470.0 4200.0
503 44460.0 29400.0
504 46170.0 29400.0
505 48450.0 29400.0
506 27170.0 4200.0
507 39520.0 21000.0
508 38190.0 23800.0
509 41610.0 21000.0
510 31730.0 4200.0
511 31160.0 26600.0
512 32870.0 26600.0
513 35150.0 26600.0
514 48830.0 4200.0
515 41800.0 29400.0
516 39710.0 32200.0
517 36670.0 32200.0
518 43130.0 7000.0
519 31160.0 12600.0
520 31350.0 29400.0
521 25650.0 29400.0
522 18430.0 7000.0
523 11970.0 7000.0
524 26410.0 7000.0
525 65930.0 4200.0
526 36670.0 4200.0
527 16150.0 15400.0
528 13870.0 12600.0
529 5890.0 9800.0
530 5890.0 15400.0
531 5890.0 4200.0
532 66690.0 7000.0
533 62890.0 12600.0
534 58710.0 4200.0
535 49970.0 9800.0
536 50730.0 15400.0
537 43130.0 15400.0
538 37810.0 12600.0
539 41990.0 9800.0
540 25650.0 12600.0
541 64410.0 15400.0
542 24510.0 26600.0
543 16530.0 23800.0
544 16910.0 29400.0
545 6270.0 29400.0
546 5890.0 23800.0
547 5890.0 32200.0
548 67070.0 21000.0
549 67070.0 29400.0
550 62510.0 35000.0
551 49970.0 26600.0
552 47690.0 32200.0
553 42370.0 23800.0
554 35910.0 29400.0
555 37810.0 35000.0
556 26790.0 32200.0
