Instance ID x_center y_center
0 16990.0 57610.0
1 47230.0 57610.0
2 23710.0 57610.0
3 46110.0 57610.0
4 49470.0 57610.0
5 50590.0 57610.0
6 29310.0 57610.0
7 30430.0 57610.0
8 28190.0 57610.0
9 53950.0 57610.0
10 55070.0 57610.0
11 43870.0 57610.0
12 22590.0 57610.0
13 18110.0 57610.0
14 42750.0 57610.0
15 41630.0 57610.0
16 59550.0 57610.0
17 19230.0 57610.0
18 61790.0 57610.0
19 38270.0 57610.0
20 62910.0 57610.0
21 64030.0 57610.0
22 27070.0 57610.0
23 40510.0 57610.0
24 44990.0 57610.0
25 21470.0 57610.0
26 65150.0 57610.0
27 39390.0 57610.0
28 52830.0 57610.0
29 60670.0 57610.0
30 51710.0 57610.0
31 25950.0 57610.0
32 37150.0 57610.0
33 67390.0 57610.0
34 66270.0 57610.0
35 33790.0 57610.0
36 48350.0 57610.0
37 68510.0 57610.0
38 69630.0 57610.0
39 36030.0 57610.0
40 72990.0 57610.0
41 74110.0 57610.0
42 58430.0 57610.0
43 34910.0 57610.0
44 24830.0 57610.0
45 75230.0 57610.0
46 70750.0 57610.0
47 20350.0 57610.0
48 31550.0 57610.0
49 56190.0 57610.0
50 71870.0 57610.0
51 32670.0 57610.0
52 76350.0 57610.0
53 57310.0 57610.0
54 71820.0 32200.0
55 65360.0 35000.0
56 59850.0 29400.0
57 48830.0 26600.0
58 56810.0 32200.0
59 85500.0 29400.0
60 84930.0 35000.0
61 81320.0 29400.0
62 75050.0 29400.0
63 83410.0 32200.0
64 25270.0 26600.0
65 14250.0 37800.0
66 22230.0 32200.0
67 10830.0 40600.0
68 27550.0 37800.0
69 40090.0 29400.0
70 38950.0 32200.0
71 13110.0 23800.0
72 10260.0 21000.0
73 35530.0 32200.0
74 51870.0 32200.0
76 54340.0 46200.0
77 55480.0 49000.0
81 48830.0 49000.0
82 50730.0 49000.0
84 57190.0 49000.0
85 59660.0 51800.0
88 61560.0 49000.0
89 60040.0 49000.0
90 58710.0 49000.0
91 52060.0 49000.0
92 53200.0 49000.0
93 23560.0 43400.0
95 26030.0 37800.0
96 24890.0 37800.0
97 24130.0 35000.0
98 26220.0 35000.0
99 30210.0 26600.0
100 27360.0 26600.0
101 26410.0 26600.0
102 26410.0 23800.0
103 20710.0 35000.0
104 15960.0 35000.0
105 15770.0 37800.0
106 22230.0 35000.0
107 22610.0 23800.0
108 22230.0 21000.0
109 28310.0 26600.0
110 28120.0 23800.0
111 23940.0 23800.0
112 22990.0 18200.0
113 41420.0 26600.0
114 40090.0 26600.0
115 40470.0 23800.0
116 42750.0 23800.0
117 37430.0 32200.0
118 38760.0 35000.0
119 38190.0 29400.0
120 37810.0 21000.0
121 42750.0 15400.0
122 18050.0 23800.0
123 15960.0 23800.0
124 14630.0 23800.0
125 14250.0 18200.0
126 12730.0 18200.0
127 11020.0 26600.0
128 12350.0 21000.0
129 13870.0 21000.0
130 21090.0 18200.0
131 46170.0 18200.0
132 48830.0 18200.0
133 41230.0 21000.0
134 42750.0 21000.0
135 47500.0 18200.0
136 18240.0 18200.0
137 11210.0 21000.0
138 16530.0 18200.0
139 50160.0 18200.0
140 49590.0 15400.0
141 45790.0 21000.0
142 80560.0 43400.0
143 81510.0 26600.0
144 82460.0 21000.0
145 79990.0 26600.0
146 81130.0 21000.0
147 78850.0 18200.0
148 74100.0 26600.0
149 72770.0 26600.0
150 76570.0 26600.0
151 73910.0 23800.0
152 74670.0 18200.0
153 85310.0 32200.0
154 87020.0 35000.0
155 87970.0 35000.0
156 88350.0 23800.0
157 89110.0 21000.0
158 90060.0 29400.0
159 84930.0 23800.0
160 75430.0 21000.0
161 70110.0 32200.0
162 69920.0 37800.0
163 72010.0 37800.0
164 70490.0 21000.0
165 65550.0 32200.0
166 65360.0 37800.0
167 64410.0 37800.0
168 65550.0 26600.0
169 68970.0 15400.0
170 61940.0 15400.0
171 62130.0 29400.0
172 58520.0 32200.0
173 58330.0 26600.0
174 57950.0 23800.0
175 54530.0 15400.0
176 51870.0 29400.0
177 50160.0 29400.0
178 47690.0 26600.0
179 47310.0 23800.0
180 50350.0 21000.0
181 57570.0 15400.0
182 58330.0 18200.0
183 57190.0 21000.0
184 52630.0 23800.0
185 56050.0 23800.0
186 59470.0 23800.0
187 61180.0 18200.0
188 62890.0 18200.0
189 71440.0 23800.0
190 66880.0 26600.0
191 69920.0 23800.0
192 62510.0 21000.0
193 61370.0 21000.0
194 81320.0 23800.0
195 82650.0 23800.0
196 86450.0 29400.0
197 88920.0 18200.0
198 86260.0 23800.0
199 83790.0 23800.0
200 61370.0 23800.0
201 60230.0 26600.0
202 48070.0 40600.0
203 52250.0 46200.0
204 45980.0 40600.0
205 22800.0 40600.0
206 49400.0 37800.0
207 21660.0 43400.0
208 55290.0 46200.0
210 20330.0 43400.0
211 53390.0 46200.0
213 25460.0 49000.0
214 25840.0 51800.0
215 19190.0 46200.0
216 48830.0 35000.0
217 55670.0 35000.0
218 67640.0 37800.0
219 24890.0 21000.0
220 25650.0 18200.0
221 28500.0 21000.0
222 23560.0 21000.0
223 30210.0 21000.0
224 55860.0 15400.0
225 66880.0 18200.0
226 67830.0 21000.0
227 60040.0 18200.0
228 68400.0 18200.0
229 68970.0 21000.0
230 68020.0 23800.0
231 52250.0 40600.0
232 67450.0 40600.0
233 68590.0 40600.0
234 68590.0 43400.0
235 64980.0 46200.0
236 63460.0 46200.0
237 64030.0 40600.0
238 75620.0 37800.0
239 24320.0 18200.0
240 24700.0 32200.0
241 26600.0 32200.0
242 28880.0 18200.0
243 29070.0 35000.0
244 27740.0 35000.0
245 27740.0 15400.0
246 27170.0 18200.0
247 22610.0 15400.0
248 29260.0 15400.0
249 33250.0 15400.0
250 34960.0 12600.0
251 29830.0 12600.0
252 27930.0 12600.0
253 34390.0 21000.0
254 35530.0 21000.0
255 33820.0 12600.0
256 24700.0 23800.0
257 16150.0 21000.0
258 31160.0 15400.0
259 32110.0 12600.0
260 42370.0 12600.0
261 63080.0 15400.0
262 59470.0 15400.0
263 58520.0 12600.0
264 44270.0 9800.0
265 48070.0 12600.0
266 53580.0 12600.0
267 57570.0 12600.0
268 63270.0 12600.0
269 71630.0 12600.0
270 62700.0 26600.0
271 63840.0 26600.0
272 44650.0 23800.0
273 45790.0 23800.0
274 61940.0 12600.0
275 66500.0 12600.0
276 68590.0 12600.0
277 67450.0 12600.0
278 69160.0 9800.0
279 69920.0 12600.0
280 71250.0 15400.0
281 72010.0 40600.0
282 73150.0 40600.0
283 70490.0 46200.0
284 69540.0 49000.0
285 69540.0 51800.0
286 71630.0 51800.0
287 73720.0 37800.0
288 54340.0 18200.0
289 55480.0 18200.0
290 55670.0 21000.0
291 60420.0 21000.0
292 59470.0 21000.0
293 53390.0 18200.0
294 50920.0 18200.0
295 52250.0 18200.0
296 65170.0 21000.0
297 66310.0 21000.0
298 65740.0 18200.0
299 63840.0 21000.0
300 64410.0 23800.0
301 65170.0 40600.0
302 70490.0 40600.0
303 70110.0 43400.0
304 73340.0 46200.0
305 71820.0 46200.0
306 71630.0 43400.0
307 80560.0 37800.0
308 65930.0 15400.0
309 61180.0 15400.0
310 60230.0 12600.0
311 36670.0 12600.0
312 38380.0 12600.0
313 24130.0 15400.0
314 21090.0 15400.0
315 39330.0 15400.0
316 39900.0 12600.0
317 51870.0 12600.0
318 77520.0 23800.0
319 76380.0 23800.0
320 76760.0 21000.0
321 64220.0 15400.0
322 72580.0 15400.0
323 73150.0 12600.0
324 74860.0 12600.0
325 76950.0 15400.0
326 78850.0 15400.0
327 75620.0 15400.0
328 76190.0 18200.0
329 78090.0 40600.0
330 79610.0 40600.0
331 79230.0 43400.0
332 79800.0 46200.0
333 79800.0 49000.0
334 81130.0 49000.0
335 83600.0 40600.0
336 71060.0 18200.0
337 72390.0 18200.0
338 72770.0 21000.0
339 82460.0 18200.0
340 73720.0 15400.0
341 73530.0 18200.0
342 73910.0 21000.0
343 80180.0 23800.0
344 79610.0 21000.0
345 80370.0 18200.0
346 83980.0 18200.0
347 87020.0 18200.0
348 86260.0 21000.0
349 84930.0 21000.0
350 81890.0 37800.0
351 82270.0 40600.0
352 82270.0 43400.0
353 84740.0 46200.0
354 83220.0 46200.0
355 86070.0 46200.0
356 85120.0 40600.0
357 81510.0 18200.0
358 80560.0 15400.0
359 81320.0 12600.0
360 82650.0 12600.0
361 79990.0 12600.0
362 83600.0 21000.0
363 82840.0 15400.0
364 84170.0 15400.0
365 85120.0 15400.0
366 87590.0 15400.0
367 87970.0 18200.0
368 86260.0 15400.0
369 85690.0 18200.0
370 81130.0 40600.0
371 83410.0 43400.0
372 81130.0 46200.0
373 77900.0 49000.0
374 77900.0 51800.0
375 80750.0 51800.0
376 28880.0 32200.0
377 29260.0 37800.0
378 28880.0 40600.0
379 27360.0 40600.0
380 27170.0 43400.0
381 28500.0 49000.0
382 30020.0 51800.0
383 27170.0 51800.0
384 23180.0 37800.0
385 24320.0 40600.0
386 25840.0 40600.0
387 26030.0 43400.0
388 26980.0 49000.0
389 28500.0 51800.0
390 24890.0 46200.0
391 26980.0 21000.0
392 31160.0 37800.0
393 30400.0 40600.0
394 29830.0 43400.0
395 32680.0 46200.0
396 32680.0 49000.0
397 29830.0 49000.0
398 20520.0 21000.0
399 21280.0 40600.0
400 19760.0 40600.0
401 17670.0 43400.0
402 14820.0 43400.0
403 16340.0 46200.0
404 15010.0 46200.0
405 19950.0 15400.0
406 16340.0 15400.0
407 17480.0 15400.0
408 19570.0 18200.0
409 20520.0 37800.0
410 18620.0 37800.0
411 18430.0 40600.0
412 16340.0 43400.0
413 17860.0 46200.0
414 13490.0 43400.0
415 32680.0 21000.0
416 32680.0 37800.0
417 34200.0 37800.0
418 33250.0 40600.0
419 37620.0 40600.0
420 37620.0 46200.0
421 34770.0 40600.0
422 46550.0 12600.0
423 44840.0 12600.0
424 45410.0 15400.0
425 44080.0 37800.0
426 42560.0 37800.0
427 41610.0 40600.0
428 40280.0 40600.0
429 40280.0 43400.0
430 38950.0 40600.0
431 49970.0 23800.0
432 48640.0 21000.0
433 48830.0 23800.0
434 44840.0 40600.0
435 43320.0 40600.0
436 41990.0 43400.0
437 45220.0 43400.0
438 43320.0 46200.0
439 43510.0 43400.0
440 57000.0 35000.0
441 30210.0 18200.0
442 32110.0 18200.0
443 33440.0 18200.0
444 37620.0 15400.0
445 25270.0 15400.0
446 26410.0 15400.0
447 35150.0 18200.0
448 36480.0 18200.0
449 40660.0 18200.0
450 54150.0 37800.0
451 56050.0 37800.0
452 55670.0 40600.0
453 57760.0 40600.0
454 58520.0 46200.0
455 56430.0 46200.0
456 53010.0 35000.0
458 21850.0 49000.0
459 11970.0 37800.0
461 9690.0 37800.0
462 43890.0 51800.0
463 60420.0 40600.0
464 60610.0 37800.0
465 60610.0 32200.0
466 48450.0 51800.0
467 62700.0 40600.0
468 62890.0 37800.0
469 68210.0 35000.0
470 49970.0 51800.0
471 22990.0 46200.0
472 65360.0 29400.0
473 67070.0 29400.0
474 69730.0 26600.0
476 51110.0 51800.0
477 78280.0 46200.0
478 79990.0 35000.0
479 81130.0 32200.0
480 41610.0 51800.0
481 78280.0 37800.0
482 78090.0 35000.0
483 83030.0 35000.0
484 75050.0 51800.0
485 77710.0 29400.0
486 83410.0 29400.0
487 21090.0 46200.0
488 17670.0 35000.0
489 18050.0 29400.0
490 40470.0 51800.0
491 17100.0 37800.0
492 14630.0 35000.0
493 12350.0 35000.0
494 46170.0 51800.0
495 28880.0 29400.0
496 27170.0 29400.0
497 24890.0 29400.0
498 39330.0 51800.0
499 15960.0 29400.0
500 14250.0 29400.0
501 11210.0 23800.0
502 21470.0 51800.0
503 16720.0 26600.0
504 15010.0 26600.0
505 12730.0 26600.0
506 42750.0 51800.0
507 41800.0 35000.0
508 40090.0 35000.0
509 33250.0 32200.0
510 45030.0 51800.0
511 42560.0 26600.0
512 37430.0 23800.0
513 35150.0 23800.0
514 38190.0 51800.0
515 41420.0 29400.0
516 42750.0 29400.0
517 45410.0 26600.0
518 40470.0 46200.0
519 49400.0 46200.0
520 49970.0 32200.0
521 54530.0 32200.0
522 63650.0 51800.0
523 54910.0 51800.0
524 42750.0 49000.0
525 16910.0 49000.0
526 64790.0 43400.0
527 73530.0 49000.0
528 75430.0 43400.0
529 86070.0 49000.0
530 87590.0 43400.0
531 86830.0 51800.0
532 14630.0 51800.0
533 10450.0 49000.0
534 28690.0 46200.0
535 9690.0 43400.0
536 10070.0 46200.0
537 35910.0 43400.0
538 38190.0 37800.0
539 49210.0 43400.0
540 57570.0 43400.0
541 7030.0 40600.0
542 61750.0 35000.0
543 72770.0 35000.0
544 71250.0 29400.0
545 76570.0 32200.0
546 86830.0 37800.0
547 85690.0 26600.0
548 17670.0 32200.0
549 7790.0 35000.0
550 21470.0 26600.0
551 6270.0 21000.0
552 6270.0 23800.0
553 35150.0 35000.0
554 35530.0 26600.0
555 46550.0 29400.0
556 56050.0 29400.0
