Instance ID x_center y_center
0 71870.0 140.0
1 41630.0 140.0
2 65150.0 140.0
3 42750.0 140.0
4 39390.0 140.0
5 38270.0 140.0
6 59550.0 140.0
7 58430.0 140.0
8 60670.0 140.0
9 34910.0 140.0
10 33790.0 140.0
11 44990.0 140.0
12 66270.0 140.0
13 70750.0 140.0
14 46110.0 140.0
15 47230.0 140.0
16 29310.0 140.0
17 69630.0 140.0
18 27070.0 140.0
19 50590.0 140.0
20 25950.0 140.0
21 24830.0 140.0
22 61790.0 140.0
23 48350.0 140.0
24 43870.0 140.0
25 67390.0 140.0
26 23710.0 140.0
27 49470.0 140.0
28 36030.0 140.0
29 28190.0 140.0
30 37150.0 140.0
31 62910.0 140.0
32 51710.0 140.0
33 21470.0 140.0
34 22590.0 140.0
35 55070.0 140.0
36 40510.0 140.0
37 20350.0 140.0
38 19230.0 140.0
39 52830.0 140.0
40 15870.0 140.0
41 14750.0 140.0
42 30430.0 140.0
43 53950.0 140.0
44 64030.0 140.0
45 13630.0 140.0
46 18110.0 140.0
47 68510.0 140.0
48 57310.0 140.0
49 32670.0 140.0
50 16990.0 140.0
51 56190.0 140.0
52 12510.0 140.0
53 31550.0 140.0
54 24320.0 18200.0
55 28500.0 18200.0
56 35910.0 18200.0
57 50730.0 29400.0
58 31350.0 21000.0
59 14820.0 23800.0
60 8170.0 21000.0
61 13680.0 21000.0
62 19190.0 23800.0
63 15010.0 21000.0
64 64790.0 26600.0
65 73530.0 21000.0
66 79610.0 18200.0
67 78090.0 12600.0
68 66690.0 15400.0
69 44650.0 29400.0
70 54150.0 23800.0
71 61750.0 26600.0
72 74100.0 32200.0
73 53010.0 15400.0
74 31730.0 18200.0
76 35720.0 7000.0
77 29640.0 7000.0
81 27930.0 4200.0
82 29450.0 4200.0
84 27930.0 7000.0
85 26600.0 4200.0
88 22800.0 9800.0
89 23180.0 4200.0
90 19950.0 7000.0
91 24320.0 4200.0
92 21660.0 4200.0
93 71060.0 9800.0
95 67450.0 21000.0
96 73530.0 9800.0
97 64790.0 18200.0
98 66120.0 18200.0
99 65930.0 26600.0
100 63080.0 26600.0
101 64410.0 21000.0
102 67450.0 26600.0
103 68970.0 21000.0
104 69160.0 18200.0
105 69350.0 15400.0
106 70490.0 18200.0
107 67830.0 32200.0
108 65170.0 29400.0
109 65930.0 21000.0
110 69920.0 23800.0
111 66500.0 32200.0
112 65170.0 32200.0
113 42560.0 23800.0
114 43130.0 29400.0
115 46930.0 29400.0
116 45790.0 32200.0
117 54150.0 18200.0
118 52440.0 18200.0
119 52630.0 23800.0
120 53010.0 32200.0
121 49970.0 37800.0
122 60230.0 26600.0
123 59280.0 23800.0
124 62510.0 29400.0
125 60610.0 35000.0
126 69350.0 26600.0
127 70300.0 26600.0
128 70490.0 29400.0
129 68970.0 29400.0
130 58710.0 35000.0
131 51490.0 35000.0
132 46170.0 35000.0
133 50350.0 32200.0
134 43890.0 32200.0
135 38760.0 37800.0
136 59660.0 32200.0
137 71630.0 29400.0
138 61370.0 32200.0
139 44840.0 37800.0
140 41610.0 37800.0
141 43510.0 35000.0
142 11020.0 7000.0
143 10830.0 29400.0
144 6080.0 32200.0
145 12350.0 29400.0
146 11970.0 32200.0
147 16910.0 35000.0
148 25080.0 26600.0
149 23370.0 26600.0
150 21470.0 26600.0
151 18430.0 29400.0
152 18430.0 35000.0
153 9690.0 21000.0
154 11020.0 21000.0
155 7410.0 15400.0
156 6650.0 29400.0
157 5890.0 35000.0
158 8740.0 29400.0
159 11210.0 35000.0
160 16530.0 32200.0
161 22990.0 21000.0
162 23940.0 21000.0
163 23370.0 18200.0
164 23750.0 29400.0
165 29450.0 21000.0
166 29260.0 15400.0
167 29830.0 18200.0
168 29450.0 29400.0
169 28310.0 37800.0
170 32300.0 35000.0
171 37430.0 23800.0
172 37240.0 18200.0
173 35910.0 21000.0
174 37430.0 26600.0
175 37810.0 37800.0
176 48070.0 23800.0
177 49400.0 23800.0
178 49590.0 29400.0
179 47690.0 32200.0
180 49590.0 35000.0
181 34770.0 37800.0
182 34390.0 35000.0
183 35530.0 32200.0
184 41230.0 32200.0
185 35910.0 26600.0
186 35150.0 29400.0
187 32680.0 32200.0
188 30590.0 32200.0
189 22420.0 32200.0
190 29640.0 26600.0
191 22040.0 29400.0
192 28310.0 32200.0
193 27170.0 32200.0
194 14060.0 29400.0
195 13490.0 32200.0
196 10450.0 26600.0
197 9120.0 32200.0
198 10260.0 32200.0
199 13490.0 35000.0
200 27550.0 29400.0
201 32490.0 26600.0
202 42750.0 15400.0
203 37050.0 9800.0
204 38760.0 12600.0
205 67260.0 12600.0
206 41420.0 18200.0
207 68780.0 12600.0
208 33630.0 7000.0
210 68210.0 9800.0
211 36670.0 7000.0
213 66880.0 4200.0
214 65360.0 4200.0
215 67450.0 7000.0
216 40470.0 21000.0
217 40470.0 23800.0
218 27360.0 18200.0
219 64030.0 29400.0
220 64790.0 35000.0
221 65740.0 35000.0
222 63460.0 32200.0
223 63270.0 35000.0
224 36480.0 37800.0
225 24320.0 37800.0
226 25270.0 32200.0
227 33820.0 32200.0
228 23180.0 32200.0
229 24130.0 32200.0
230 25840.0 29400.0
231 38570.0 15400.0
232 25650.0 15400.0
233 26790.0 15400.0
234 26790.0 9800.0
235 30020.0 9800.0
236 31540.0 9800.0
237 27930.0 9800.0
238 22040.0 18200.0
239 71820.0 32200.0
240 79420.0 23800.0
241 72580.0 21000.0
242 73340.0 35000.0
243 68210.0 15400.0
244 68020.0 18200.0
245 69540.0 35000.0
246 71630.0 35000.0
247 67070.0 35000.0
248 69540.0 37800.0
249 58330.0 37800.0
250 58900.0 40600.0
251 70490.0 40600.0
252 68590.0 40600.0
253 53770.0 29400.0
254 52630.0 29400.0
255 55480.0 37800.0
256 71060.0 26600.0
257 70110.0 32200.0
258 63080.0 40600.0
259 57190.0 40600.0
260 49210.0 40600.0
261 31540.0 37800.0
262 32870.0 37800.0
263 33820.0 40600.0
264 46930.0 40600.0
265 44270.0 40600.0
266 39900.0 40600.0
267 35150.0 40600.0
268 29830.0 40600.0
269 27170.0 40600.0
270 33820.0 26600.0
271 31540.0 29400.0
272 48450.0 29400.0
273 49210.0 32200.0
274 31160.0 35000.0
275 23560.0 37800.0
276 24130.0 40600.0
277 22990.0 40600.0
278 25080.0 43400.0
279 25460.0 40600.0
280 21850.0 40600.0
281 20710.0 15400.0
282 21850.0 15400.0
283 21850.0 9800.0
284 23940.0 9800.0
285 25460.0 9800.0
286 23370.0 12600.0
287 17860.0 18200.0
288 37620.0 32200.0
289 37620.0 35000.0
290 35910.0 35000.0
291 29260.0 32200.0
292 29830.0 35000.0
293 40090.0 35000.0
294 41040.0 35000.0
295 38950.0 35000.0
296 28690.0 35000.0
297 24890.0 35000.0
298 23940.0 35000.0
299 27360.0 35000.0
300 26030.0 35000.0
301 18810.0 15400.0
302 17670.0 15400.0
303 15770.0 12600.0
304 20520.0 9800.0
305 18240.0 7000.0
306 15390.0 7000.0
307 12540.0 15400.0
308 25650.0 37800.0
309 30400.0 37800.0
310 32490.0 40600.0
311 60610.0 40600.0
312 54340.0 40600.0
313 67070.0 37800.0
314 65930.0 37800.0
315 54530.0 37800.0
316 52820.0 37800.0
317 51870.0 40600.0
318 20520.0 29400.0
319 19380.0 32200.0
320 19380.0 35000.0
321 22040.0 35000.0
322 20900.0 37800.0
323 20330.0 40600.0
324 19380.0 40600.0
325 19190.0 37800.0
326 16150.0 37800.0
327 17860.0 37800.0
328 14630.0 37800.0
329 13870.0 15400.0
330 12350.0 12600.0
331 10830.0 12600.0
332 12160.0 7000.0
333 13680.0 7000.0
334 10450.0 4200.0
335 11020.0 15400.0
336 20520.0 35000.0
337 22610.0 37800.0
338 22990.0 35000.0
339 4940.0 35000.0
340 20520.0 32200.0
341 21470.0 32200.0
342 18050.0 32200.0
343 14440.0 32200.0
344 14630.0 35000.0
345 15770.0 35000.0
346 9880.0 35000.0
347 8360.0 32200.0
348 7220.0 35000.0
349 8550.0 35000.0
350 8550.0 15400.0
351 9690.0 15400.0
352 9690.0 12600.0
353 9880.0 9800.0
354 11400.0 9800.0
355 5130.0 15400.0
356 16340.0 18200.0
357 12350.0 35000.0
358 12920.0 37800.0
359 17100.0 40600.0
360 18430.0 40600.0
361 15770.0 40600.0
362 7220.0 32200.0
363 11400.0 37800.0
364 12730.0 40600.0
365 11780.0 40600.0
366 9310.0 40600.0
367 9310.0 37800.0
368 10640.0 40600.0
369 7790.0 37800.0
370 15390.0 15400.0
371 16530.0 15400.0
372 6270.0 15400.0
373 9880.0 7000.0
374 8360.0 7000.0
375 5890.0 7000.0
376 71060.0 21000.0
377 63840.0 15400.0
378 65740.0 12600.0
379 70300.0 12600.0
380 69350.0 9800.0
381 63840.0 4200.0
382 62320.0 4200.0
383 68590.0 7000.0
384 63080.0 18200.0
385 64220.0 12600.0
386 64980.0 15400.0
387 64790.0 7000.0
388 66120.0 7000.0
389 62320.0 7000.0
390 63650.0 7000.0
391 66880.0 29400.0
392 62700.0 12600.0
393 61180.0 12600.0
394 60610.0 9800.0
395 60420.0 4200.0
396 57760.0 4200.0
397 59090.0 4200.0
398 58140.0 32200.0
399 55860.0 12600.0
400 54340.0 12600.0
401 53010.0 12600.0
402 59660.0 12600.0
403 59280.0 9800.0
404 51490.0 9800.0
405 62510.0 37800.0
406 63460.0 37800.0
407 64600.0 37800.0
408 64030.0 40600.0
409 62320.0 15400.0
410 60800.0 15400.0
411 58330.0 12600.0
412 59280.0 15400.0
413 57760.0 15400.0
414 57190.0 12600.0
415 55860.0 32200.0
416 56240.0 15400.0
417 54720.0 15400.0
418 49970.0 15400.0
419 51300.0 15400.0
420 48640.0 15400.0
421 47310.0 15400.0
422 45790.0 40600.0
423 48640.0 43400.0
424 45790.0 43400.0
425 44080.0 12600.0
426 41420.0 12600.0
427 42750.0 12600.0
428 40280.0 9800.0
429 40280.0 7000.0
430 42750.0 7000.0
431 47690.0 35000.0
432 45980.0 37800.0
433 47310.0 37800.0
434 47120.0 12600.0
435 48640.0 12600.0
436 48070.0 9800.0
437 50920.0 7000.0
438 52060.0 4200.0
439 48070.0 4200.0
440 34200.0 18200.0
441 75430.0 35000.0
442 75430.0 37800.0
443 73720.0 37800.0
444 56240.0 37800.0
445 68590.0 35000.0
446 68590.0 37800.0
447 70490.0 37800.0
448 72200.0 37800.0
449 53960.0 35000.0
450 35150.0 15400.0
451 34010.0 15400.0
452 32870.0 15400.0
453 37620.0 12600.0
454 34200.0 9800.0
455 32870.0 9800.0
456 44650.0 21000.0
458 73150.0 7000.0
459 76190.0 12600.0
461 75810.0 7000.0
462 40850.0 4200.0
463 30400.0 15400.0
464 25650.0 18200.0
465 27170.0 21000.0
466 41610.0 7000.0
467 28120.0 15400.0
468 24130.0 15400.0
469 19950.0 18200.0
470 39710.0 4200.0
471 12730.0 9800.0
472 25080.0 21000.0
473 21090.0 23800.0
474 16910.0 23800.0
476 38570.0 4200.0
477 13680.0 12600.0
478 12350.0 21000.0
479 13110.0 23800.0
480 46930.0 4200.0
481 14440.0 18200.0
482 12730.0 18200.0
483 10450.0 18200.0
484 12350.0 4200.0
485 12350.0 26600.0
486 10450.0 23800.0
487 70490.0 7000.0
488 70870.0 15400.0
489 72770.0 18200.0
490 49210.0 4200.0
491 71820.0 12600.0
492 73530.0 12600.0
493 73150.0 15400.0
494 44650.0 4200.0
495 62700.0 21000.0
496 60990.0 21000.0
497 60990.0 23800.0
498 50350.0 4200.0
499 71440.0 23800.0
500 73150.0 26600.0
501 73530.0 29400.0
502 53390.0 4200.0
503 55480.0 23800.0
504 57190.0 23800.0
505 57950.0 26600.0
506 32110.0 7000.0
507 47500.0 21000.0
508 49210.0 21000.0
509 51490.0 21000.0
510 43130.0 4200.0
511 43700.0 23800.0
512 41990.0 26600.0
513 39710.0 26600.0
514 54530.0 4200.0
515 50540.0 23800.0
516 46550.0 23800.0
517 44270.0 26600.0
518 45790.0 4200.0
519 38760.0 9800.0
520 37430.0 21000.0
521 33630.0 21000.0
522 23750.0 7000.0
523 17670.0 4200.0
524 33630.0 4200.0
525 70870.0 4200.0
526 27170.0 12600.0
527 19570.0 12600.0
528 16530.0 9800.0
529 5890.0 9800.0
530 5890.0 12600.0
531 6650.0 4200.0
532 78090.0 4200.0
533 64410.0 9800.0
534 58330.0 7000.0
535 55290.0 9800.0
536 58710.0 18200.0
537 48450.0 18200.0
538 44270.0 9800.0
539 46930.0 7000.0
540 33630.0 12600.0
541 77330.0 9800.0
542 25650.0 23800.0
543 19190.0 21000.0
544 17290.0 26600.0
545 6650.0 26600.0
546 5890.0 18200.0
547 5890.0 23800.0
548 77710.0 21000.0
549 77710.0 15400.0
550 65550.0 23800.0
551 78090.0 29400.0
552 57950.0 29400.0
553 56050.0 21000.0
554 38950.0 29400.0
555 48830.0 26600.0
556 32490.0 23800.0
