Instance ID x_center y_center
0 18110.0 50030.0
1 48350.0 50030.0
2 24830.0 50030.0
3 47230.0 50030.0
4 50590.0 50030.0
5 51710.0 50030.0
6 30430.0 50030.0
7 31550.0 50030.0
8 29310.0 50030.0
9 55070.0 50030.0
10 56190.0 50030.0
11 44990.0 50030.0
12 23710.0 50030.0
13 19230.0 50030.0
14 43870.0 50030.0
15 42750.0 50030.0
16 60670.0 50030.0
17 20350.0 50030.0
18 62910.0 50030.0
19 39390.0 50030.0
20 64030.0 50030.0
21 65150.0 50030.0
22 28190.0 50030.0
23 41630.0 50030.0
24 46110.0 50030.0
25 22590.0 50030.0
26 66270.0 50030.0
27 40510.0 50030.0
28 53950.0 50030.0
29 61790.0 50030.0
30 52830.0 50030.0
31 27070.0 50030.0
32 38270.0 50030.0
33 68510.0 50030.0
34 67390.0 50030.0
35 34910.0 50030.0
36 49470.0 50030.0
37 69630.0 50030.0
38 70750.0 50030.0
39 37150.0 50030.0
40 74110.0 50030.0
41 75230.0 50030.0
42 59550.0 50030.0
43 36030.0 50030.0
44 25950.0 50030.0
45 76350.0 50030.0
46 71870.0 50030.0
47 21470.0 50030.0
48 32670.0 50030.0
49 57310.0 50030.0
50 72990.0 50030.0
51 33790.0 50030.0
52 77470.0 50030.0
53 58430.0 50030.0
54 68020.0 29400.0
55 68020.0 26600.0
56 57570.0 21000.0
57 42370.0 15400.0
58 59090.0 26600.0
59 78280.0 26600.0
60 85310.0 32200.0
61 82460.0 26600.0
62 79230.0 23800.0
63 79990.0 26600.0
64 19570.0 15400.0
65 16150.0 23800.0
66 15010.0 29400.0
67 13110.0 35000.0
68 20710.0 32200.0
69 48450.0 23800.0
70 39330.0 26600.0
71 37050.0 18200.0
72 29640.0 21000.0
73 38570.0 29400.0
74 58710.0 29400.0
76 55860.0 40600.0
77 57760.0 40600.0
81 60610.0 43400.0
82 59850.0 40600.0
84 57950.0 43400.0
85 60040.0 46200.0
88 61560.0 43400.0
89 62700.0 43400.0
90 59470.0 43400.0
91 56620.0 40600.0
92 56240.0 43400.0
93 18240.0 35000.0
95 20330.0 29400.0
96 21470.0 35000.0
97 19190.0 29400.0
98 21660.0 29400.0
99 22610.0 18200.0
100 23560.0 18200.0
101 20710.0 15400.0
102 22230.0 15400.0
103 21470.0 26600.0
104 19760.0 23800.0
105 18810.0 23800.0
106 21090.0 23800.0
107 21850.0 9800.0
108 22230.0 12600.0
109 19950.0 18200.0
110 21280.0 18200.0
111 23940.0 9800.0
112 23750.0 12600.0
113 48260.0 26600.0
114 46930.0 21000.0
115 46550.0 26600.0
116 46550.0 9800.0
117 40470.0 29400.0
118 41800.0 29400.0
119 40850.0 26600.0
120 40850.0 12600.0
121 43890.0 9800.0
122 36290.0 21000.0
123 34960.0 21000.0
124 34770.0 15400.0
125 35150.0 12600.0
126 29830.0 23800.0
127 30400.0 26600.0
128 27930.0 18200.0
129 26790.0 15400.0
130 29830.0 12600.0
131 43890.0 12600.0
132 49590.0 12600.0
133 45790.0 12600.0
134 47310.0 12600.0
135 47880.0 9800.0
136 33820.0 12600.0
137 29070.0 18200.0
138 32110.0 12600.0
139 51300.0 12600.0
140 50730.0 9800.0
141 54150.0 15400.0
142 79800.0 43400.0
143 80370.0 18200.0
144 79040.0 15400.0
145 81890.0 18200.0
146 78850.0 12600.0
147 79610.0 7000.0
148 76760.0 21000.0
149 77710.0 23800.0
150 79990.0 21000.0
151 77710.0 18200.0
152 69730.0 12600.0
153 81130.0 32200.0
154 82080.0 35000.0
155 81130.0 35000.0
156 81510.0 15400.0
157 75430.0 15400.0
158 69540.0 26600.0
159 72010.0 15400.0
160 69350.0 15400.0
161 68970.0 29400.0
162 69160.0 32200.0
163 68210.0 32200.0
164 68210.0 18200.0
165 66690.0 26600.0
166 65740.0 29400.0
167 64790.0 29400.0
168 64790.0 18200.0
169 65550.0 7000.0
170 59280.0 9800.0
171 59090.0 23800.0
172 56620.0 23800.0
173 56050.0 21000.0
174 57570.0 18200.0
175 56050.0 7000.0
176 40850.0 15400.0
177 42940.0 21000.0
178 43890.0 15400.0
179 47310.0 18200.0
180 48070.0 15400.0
181 54150.0 7000.0
182 57950.0 9800.0
183 56810.0 15400.0
184 52630.0 18200.0
185 54910.0 18200.0
186 56050.0 18200.0
187 60040.0 9800.0
188 61370.0 9800.0
189 69540.0 18200.0
190 64980.0 21000.0
191 66500.0 18200.0
192 60610.0 15400.0
193 58710.0 15400.0
194 78280.0 21000.0
195 73150.0 15400.0
196 74670.0 29400.0
197 69160.0 21000.0
198 74860.0 21000.0
199 73150.0 18200.0
200 59090.0 18200.0
201 60230.0 21000.0
202 49210.0 29400.0
203 51490.0 40600.0
204 47120.0 32200.0
205 25840.0 35000.0
206 54340.0 29400.0
207 22800.0 35000.0
208 54910.0 40600.0
210 22990.0 37800.0
211 52630.0 40600.0
213 23940.0 43400.0
214 23940.0 46200.0
215 23370.0 40600.0
216 51870.0 26600.0
217 57950.0 32200.0
218 67640.0 35000.0
219 25270.0 9800.0
220 25270.0 12600.0
221 26220.0 12600.0
222 20900.0 12600.0
223 27550.0 12600.0
224 53960.0 9800.0
225 63840.0 9800.0
226 64030.0 12600.0
227 55860.0 9800.0
228 64980.0 12600.0
229 65930.0 12600.0
230 66120.0 15400.0
231 52630.0 32200.0
232 70110.0 35000.0
233 68970.0 35000.0
234 68210.0 37800.0
235 66500.0 40600.0
236 64980.0 40600.0
237 67830.0 40600.0
238 71820.0 32200.0
239 22800.0 7000.0
240 17480.0 29400.0
241 24320.0 29400.0
242 25080.0 7000.0
243 22990.0 26600.0
244 24700.0 26600.0
245 26220.0 7000.0
246 27550.0 7000.0
247 29450.0 9800.0
248 30780.0 4200.0
249 38190.0 9800.0
250 39140.0 4200.0
251 32110.0 4200.0
252 34010.0 4200.0
253 39330.0 15400.0
254 40470.0 9800.0
255 40280.0 4200.0
256 25460.0 15400.0
257 29070.0 15400.0
258 35720.0 4200.0
259 37430.0 4200.0
260 51490.0 4200.0
261 59660.0 7000.0
262 57950.0 7000.0
263 57380.0 4200.0
264 49590.0 7000.0
265 48070.0 7000.0
266 55480.0 4200.0
267 56430.0 4200.0
268 60230.0 4200.0
269 68210.0 4200.0
270 60800.0 18200.0
271 63080.0 18200.0
272 45410.0 15400.0
273 45410.0 18200.0
274 61180.0 7000.0
275 70300.0 7000.0
276 67830.0 7000.0
277 68210.0 9800.0
278 66500.0 4200.0
279 69160.0 7000.0
280 69730.0 9800.0
281 71250.0 35000.0
282 72390.0 35000.0
283 72010.0 37800.0
284 70300.0 46200.0
285 68780.0 46200.0
286 71630.0 43400.0
287 76000.0 29400.0
288 52440.0 12600.0
289 53580.0 12600.0
290 57950.0 12600.0
291 59660.0 15400.0
292 59850.0 12600.0
293 56810.0 12600.0
294 54720.0 12600.0
295 55670.0 12600.0
296 61370.0 12600.0
297 61750.0 15400.0
298 63080.0 9800.0
299 62700.0 12600.0
300 62890.0 15400.0
301 70490.0 32200.0
302 76190.0 32200.0
303 76570.0 37800.0
304 78660.0 46200.0
305 77140.0 46200.0
306 78470.0 43400.0
307 77520.0 29400.0
308 62890.0 7000.0
309 61560.0 4200.0
310 58710.0 4200.0
311 42370.0 4200.0
312 44080.0 4200.0
313 32490.0 7000.0
314 35530.0 7000.0
315 44270.0 7000.0
316 42560.0 7000.0
317 53770.0 4200.0
318 75620.0 18200.0
319 74480.0 18200.0
320 75620.0 12600.0
321 72200.0 7000.0
322 74860.0 7000.0
323 73910.0 4200.0
324 75240.0 4200.0
325 76570.0 4200.0
326 78470.0 7000.0
327 76380.0 7000.0
328 77710.0 9800.0
329 75050.0 35000.0
330 76570.0 35000.0
331 75430.0 37800.0
332 77140.0 43400.0
333 75620.0 46200.0
334 75810.0 43400.0
335 77520.0 32200.0
336 64980.0 9800.0
337 66310.0 9800.0
338 67070.0 12600.0
339 74100.0 9800.0
340 67260.0 9800.0
341 68210.0 12600.0
342 67830.0 15400.0
343 70300.0 18200.0
344 70870.0 15400.0
345 70870.0 12600.0
346 74480.0 12600.0
347 72960.0 9800.0
348 72960.0 12600.0
349 74290.0 15400.0
350 74290.0 32200.0
351 77710.0 35000.0
352 77710.0 37800.0
353 78280.0 40600.0
354 76760.0 40600.0
355 78850.0 37800.0
356 73340.0 29400.0
357 76570.0 12600.0
358 72580.0 4200.0
359 69920.0 4200.0
360 71250.0 4200.0
361 73150.0 7000.0
362 77900.0 15400.0
363 75620.0 9800.0
364 71630.0 9800.0
365 71820.0 12600.0
366 72010.0 18200.0
367 73530.0 21000.0
368 72200.0 21000.0
369 70490.0 21000.0
370 73150.0 32200.0
371 73530.0 35000.0
372 47310.0 35000.0
373 44460.0 40600.0
374 44460.0 43400.0
375 45790.0 43400.0
376 25840.0 29400.0
377 27360.0 29400.0
378 27360.0 35000.0
379 22420.0 32200.0
380 19950.0 35000.0
381 20520.0 46200.0
382 22040.0 46200.0
383 19190.0 46200.0
384 23180.0 23800.0
385 25840.0 32200.0
386 23180.0 29400.0
387 21470.0 37800.0
388 22040.0 40600.0
389 22420.0 43400.0
390 19950.0 40600.0
391 27360.0 9800.0
392 27360.0 32200.0
393 24320.0 32200.0
394 24510.0 35000.0
395 24700.0 40600.0
396 26220.0 40600.0
397 24510.0 37800.0
398 31540.0 15400.0
399 30400.0 32200.0
400 28880.0 32200.0
401 29450.0 40600.0
402 30780.0 40600.0
403 26980.0 43400.0
404 28310.0 43400.0
405 34770.0 9800.0
406 30780.0 9800.0
407 32300.0 9800.0
408 33630.0 9800.0
409 31920.0 32200.0
410 33440.0 32200.0
411 33250.0 35000.0
412 34960.0 37800.0
413 36480.0 37800.0
414 31350.0 35000.0
415 37620.0 12600.0
416 37240.0 32200.0
417 35720.0 32200.0
418 35150.0 35000.0
419 41420.0 37800.0
420 42180.0 40600.0
421 37810.0 37800.0
422 52250.0 7000.0
423 49020.0 4200.0
424 51110.0 7000.0
425 48260.0 32200.0
426 45600.0 32200.0
427 45410.0 35000.0
428 49020.0 35000.0
429 50160.0 37800.0
430 45790.0 40600.0
431 49210.0 18200.0
432 49780.0 15400.0
433 50350.0 18200.0
434 43320.0 32200.0
435 41800.0 32200.0
436 38950.0 37800.0
437 34200.0 40600.0
438 34200.0 43400.0
439 36670.0 43400.0
440 56240.0 32200.0
441 23750.0 7000.0
442 29830.0 4200.0
443 28500.0 4200.0
444 39900.0 7000.0
445 29070.0 7000.0
446 30590.0 7000.0
447 37430.0 7000.0
448 38760.0 7000.0
449 45980.0 7000.0
450 51870.0 35000.0
451 55670.0 35000.0
452 53770.0 35000.0
453 57000.0 35000.0
454 58140.0 37800.0
455 53770.0 40600.0
456 56050.0 26600.0
458 18430.0 43400.0
459 16150.0 35000.0
461 13110.0 32200.0
462 40090.0 46200.0
463 59660.0 32200.0
464 61370.0 26600.0
465 64030.0 26600.0
466 49970.0 46200.0
467 60800.0 35000.0
468 60610.0 29400.0
469 62890.0 29400.0
470 51490.0 46200.0
471 18430.0 40600.0
472 76000.0 23800.0
473 74290.0 23800.0
474 81130.0 23800.0
476 51870.0 43400.0
477 79800.0 40600.0
478 80750.0 29400.0
479 83030.0 29400.0
480 36290.0 46200.0
481 79420.0 35000.0
482 79230.0 32200.0
483 83410.0 32200.0
484 48070.0 43400.0
485 68970.0 23800.0
486 72010.0 23800.0
487 17290.0 46200.0
488 18430.0 32200.0
489 15770.0 32200.0
490 38950.0 46200.0
491 19760.0 26600.0
492 17670.0 26600.0
493 15390.0 26600.0
494 32490.0 46200.0
495 24700.0 18200.0
496 21090.0 21000.0
497 18810.0 21000.0
498 37810.0 46200.0
499 29260.0 26600.0
500 27170.0 26600.0
501 27930.0 23800.0
502 41230.0 46200.0
503 35340.0 23800.0
504 32870.0 23800.0
505 32490.0 21000.0
506 43890.0 46200.0
507 42940.0 29400.0
508 36670.0 29400.0
509 34390.0 29400.0
510 47690.0 46200.0
511 46740.0 29400.0
512 45030.0 29400.0
513 43510.0 26600.0
514 35150.0 46200.0
515 38000.0 21000.0
516 39330.0 21000.0
517 41230.0 21000.0
518 46170.0 46200.0
519 49020.0 40600.0
520 49590.0 21000.0
521 51490.0 21000.0
522 64410.0 46200.0
523 55670.0 46200.0
524 62510.0 37800.0
525 13870.0 43400.0
526 71630.0 40600.0
527 67830.0 43400.0
528 82650.0 46200.0
529 84170.0 43400.0
530 84170.0 37800.0
531 40470.0 43400.0
532 9690.0 46200.0
533 12730.0 40600.0
534 17290.0 37800.0
535 28690.0 46200.0
536 30970.0 37800.0
537 38950.0 35000.0
538 46170.0 37800.0
539 38190.0 40600.0
540 54150.0 37800.0
541 9310.0 35000.0
542 64410.0 23800.0
543 64410.0 32200.0
544 85690.0 23800.0
545 86070.0 26600.0
546 86070.0 35000.0
547 74290.0 26600.0
548 11210.0 29400.0
549 11590.0 23800.0
550 16150.0 18200.0
551 26030.0 21000.0
552 33250.0 18200.0
553 35530.0 26600.0
554 44650.0 23800.0
555 41230.0 18200.0
556 53010.0 23800.0
