Instance ID x_center y_center
0 11390.0 74430.0
1 41630.0 74430.0
2 18110.0 74430.0
3 40510.0 74430.0
4 43870.0 74430.0
5 44990.0 74430.0
6 23710.0 74430.0
7 24830.0 74430.0
8 22590.0 74430.0
9 48350.0 74430.0
10 49470.0 74430.0
11 38270.0 74430.0
12 16990.0 74430.0
13 12510.0 74430.0
14 37150.0 74430.0
15 36030.0 74430.0
16 53950.0 74430.0
17 13630.0 74430.0
18 56190.0 74430.0
19 32670.0 74430.0
20 57310.0 74430.0
21 58430.0 74430.0
22 21470.0 74430.0
23 34910.0 74430.0
24 39390.0 74430.0
25 15870.0 74430.0
26 59550.0 74430.0
27 33790.0 74430.0
28 47230.0 74430.0
29 55070.0 74430.0
30 46110.0 74430.0
31 20350.0 74430.0
32 31550.0 74430.0
33 61790.0 74430.0
34 60670.0 74430.0
35 28190.0 74430.0
36 42750.0 74430.0
37 62910.0 74430.0
38 64030.0 74430.0
39 30430.0 74430.0
40 67390.0 74430.0
41 68510.0 74430.0
42 52830.0 74430.0
43 29310.0 74430.0
44 19230.0 74430.0
45 69630.0 74430.0
46 65150.0 74430.0
47 14750.0 74430.0
48 25950.0 74430.0
49 50590.0 74430.0
50 66270.0 74430.0
51 27070.0 74430.0
52 70750.0 74430.0
53 51710.0 74430.0
54 60040.0 46200.0
55 50540.0 54600.0
56 48070.0 46200.0
57 36670.0 46200.0
58 46170.0 49000.0
59 74860.0 40600.0
60 72390.0 51800.0
61 72200.0 40600.0
62 69350.0 40600.0
63 71250.0 46200.0
64 18810.0 35000.0
65 12730.0 40600.0
66 10070.0 46200.0
67 9690.0 54600.0
68 16150.0 49000.0
69 44270.0 35000.0
70 34390.0 40600.0
71 27930.0 46200.0
72 26980.0 35000.0
73 34010.0 49000.0
74 44270.0 49000.0
76 49020.0 63000.0
77 51300.0 65800.0
81 51870.0 68600.0
82 49590.0 65800.0
84 52630.0 60200.0
85 53960.0 68600.0
88 55100.0 65800.0
89 55480.0 68600.0
90 54150.0 65800.0
91 50160.0 63000.0
92 52820.0 65800.0
93 16340.0 57400.0
95 14630.0 49000.0
96 12730.0 51800.0
97 13490.0 46200.0
98 14820.0 46200.0
99 18810.0 32200.0
100 21660.0 35000.0
101 20710.0 35000.0
102 21090.0 32200.0
103 12730.0 43400.0
104 13680.0 43400.0
105 13870.0 40600.0
106 15390.0 40600.0
107 15770.0 23800.0
108 16910.0 26600.0
109 17290.0 32200.0
110 15960.0 32200.0
111 15960.0 29400.0
112 18810.0 29400.0
113 40660.0 37800.0
114 41990.0 37800.0
115 39330.0 37800.0
116 39710.0 32200.0
117 34010.0 35000.0
118 35340.0 35000.0
119 35910.0 37800.0
120 35150.0 29400.0
121 36670.0 23800.0
122 29070.0 43400.0
123 28880.0 46200.0
124 27170.0 43400.0
125 28310.0 26600.0
126 27170.0 37800.0
127 28120.0 37800.0
128 26030.0 35000.0
129 24130.0 32200.0
130 24890.0 26600.0
131 36290.0 26600.0
132 43130.0 26600.0
133 37810.0 29400.0
134 39710.0 29400.0
135 39140.0 26600.0
136 29640.0 26600.0
137 28690.0 35000.0
138 27930.0 29400.0
139 41420.0 26600.0
140 40850.0 23800.0
141 42370.0 29400.0
142 70300.0 63000.0
143 70110.0 35000.0
144 69160.0 32200.0
145 68590.0 35000.0
146 68590.0 29400.0
147 64790.0 23800.0
148 67640.0 37800.0
149 67830.0 40600.0
150 65550.0 37800.0
151 65550.0 32200.0
152 64030.0 26600.0
153 74670.0 46200.0
154 76000.0 46200.0
155 72770.0 46200.0
156 73150.0 32200.0
157 72770.0 26600.0
158 72200.0 35000.0
159 74290.0 29400.0
160 64410.0 29400.0
161 60990.0 46200.0
162 61560.0 51800.0
163 60230.0 51800.0
164 60610.0 32200.0
165 51110.0 49000.0
166 45220.0 54600.0
167 53390.0 51800.0
168 52250.0 35000.0
169 56430.0 23800.0
170 52060.0 23800.0
171 48070.0 43400.0
172 49020.0 46200.0
173 50730.0 43400.0
174 48070.0 35000.0
175 45410.0 23800.0
176 39330.0 46200.0
177 37620.0 46200.0
178 37050.0 43400.0
179 41610.0 32200.0
180 46930.0 32200.0
181 48450.0 23800.0
182 50730.0 23800.0
183 51110.0 29400.0
184 51490.0 32200.0
185 49590.0 35000.0
186 50730.0 35000.0
187 53200.0 26600.0
188 55670.0 26600.0
189 60800.0 35000.0
190 53580.0 32200.0
191 59660.0 35000.0
192 55290.0 29400.0
193 55670.0 32200.0
194 68020.0 32200.0
195 71630.0 29400.0
196 75430.0 37800.0
197 75240.0 29400.0
198 74860.0 32200.0
199 71250.0 32200.0
200 57950.0 35000.0
201 57570.0 37800.0
202 51110.0 51800.0
203 53390.0 57400.0
204 44460.0 51800.0
205 17860.0 54600.0
206 54720.0 46200.0
207 16340.0 54600.0
208 48450.0 60200.0
210 14630.0 57400.0
211 49590.0 60200.0
213 15960.0 63000.0
214 17480.0 63000.0
215 14630.0 63000.0
216 54150.0 43400.0
217 53010.0 40600.0
218 56620.0 51800.0
219 13870.0 29400.0
220 17290.0 29400.0
221 18240.0 26600.0
222 15200.0 26600.0
223 19570.0 26600.0
224 46740.0 23800.0
225 53960.0 23800.0
226 54150.0 26600.0
227 50920.0 26600.0
228 52820.0 29400.0
229 54150.0 29400.0
230 56240.0 35000.0
231 54530.0 49000.0
232 55290.0 51800.0
233 55670.0 57400.0
234 41610.0 60200.0
235 40280.0 65800.0
236 35340.0 65800.0
237 37810.0 65800.0
238 64980.0 51800.0
239 17100.0 23800.0
240 11780.0 46200.0
241 18240.0 46200.0
242 18240.0 23800.0
243 14630.0 43400.0
244 15960.0 43400.0
245 16720.0 21000.0
246 18050.0 21000.0
247 22230.0 26600.0
248 21660.0 18200.0
249 30590.0 23800.0
250 31920.0 21000.0
251 26030.0 18200.0
252 24130.0 18200.0
253 32870.0 29400.0
254 34010.0 26600.0
255 34200.0 21000.0
256 22800.0 32200.0
257 26790.0 32200.0
258 29640.0 18200.0
259 30210.0 21000.0
260 37050.0 18200.0
261 51300.0 21000.0
262 49970.0 21000.0
263 49020.0 18200.0
264 39330.0 15400.0
265 42370.0 18200.0
266 47120.0 18200.0
267 48070.0 18200.0
268 53770.0 18200.0
269 61750.0 15400.0
270 53200.0 37800.0
271 53960.0 35000.0
272 38190.0 32200.0
273 37050.0 32200.0
274 53200.0 21000.0
275 62320.0 21000.0
276 62510.0 18200.0
277 64030.0 18200.0
278 59660.0 18200.0
279 61180.0 18200.0
280 63650.0 21000.0
281 64030.0 54600.0
282 65170.0 54600.0
283 64410.0 57400.0
284 61560.0 60200.0
285 61940.0 63000.0
286 63270.0 57400.0
287 66880.0 46200.0
288 44460.0 26600.0
289 45600.0 26600.0
290 52250.0 26600.0
291 56240.0 29400.0
292 57190.0 29400.0
293 48450.0 26600.0
294 46740.0 26600.0
295 49590.0 26600.0
296 58330.0 29400.0
297 60990.0 29400.0
298 58520.0 23800.0
299 57760.0 26600.0
300 59470.0 29400.0
301 62890.0 51800.0
302 66690.0 51800.0
303 66310.0 54600.0
304 64980.0 60200.0
305 64220.0 65800.0
306 65550.0 65800.0
307 70300.0 51800.0
308 56430.0 21000.0
309 56240.0 18200.0
310 52250.0 18200.0
311 32110.0 18200.0
312 33060.0 21000.0
313 23750.0 23800.0
314 28310.0 23800.0
315 33630.0 23800.0
316 36480.0 21000.0
317 45410.0 21000.0
318 65360.0 35000.0
319 66500.0 35000.0
320 66880.0 23800.0
321 54720.0 21000.0
322 59280.0 21000.0
323 57950.0 21000.0
324 60420.0 21000.0
325 63650.0 23800.0
326 65930.0 23800.0
327 62320.0 23800.0
328 65550.0 26600.0
329 67450.0 54600.0
330 69350.0 54600.0
331 69350.0 57400.0
332 71440.0 63000.0
333 71440.0 65800.0
334 72770.0 63000.0
335 73720.0 51800.0
336 59280.0 26600.0
337 59470.0 23800.0
338 60610.0 26600.0
339 69540.0 26600.0
340 61180.0 23800.0
341 61750.0 26600.0
342 62510.0 29400.0
343 67260.0 29400.0
344 66310.0 29400.0
345 67070.0 26600.0
346 71440.0 26600.0
347 70300.0 26600.0
348 70300.0 29400.0
349 70110.0 32200.0
350 70490.0 54600.0
351 75050.0 54600.0
352 73910.0 54600.0
353 73720.0 60200.0
354 72200.0 60200.0
355 72770.0 57400.0
356 73340.0 40600.0
357 68590.0 26600.0
358 66120.0 21000.0
359 66500.0 18200.0
360 67450.0 21000.0
361 64790.0 21000.0
362 72960.0 29400.0
363 68780.0 21000.0
364 70110.0 21000.0
365 71440.0 23800.0
366 73910.0 23800.0
367 75810.0 26600.0
368 72580.0 23800.0
369 74290.0 26600.0
370 71630.0 54600.0
371 72770.0 54600.0
372 71630.0 57400.0
373 66880.0 68600.0
374 68400.0 68600.0
375 72770.0 65800.0
376 16720.0 46200.0
377 17480.0 49000.0
378 18240.0 51800.0
379 14820.0 54600.0
380 14250.0 60200.0
381 15580.0 68600.0
382 17100.0 68600.0
383 13110.0 65800.0
384 17860.0 43400.0
385 19760.0 51800.0
386 15960.0 51800.0
387 13490.0 54600.0
388 15580.0 60200.0
389 17100.0 60200.0
390 13490.0 57400.0
391 21280.0 23800.0
392 21280.0 51800.0
393 18620.0 49000.0
394 18430.0 60200.0
395 21280.0 63000.0
396 21660.0 68600.0
397 18430.0 68600.0
398 25080.0 29400.0
399 28120.0 51800.0
400 26600.0 51800.0
401 26030.0 57400.0
402 24700.0 54600.0
403 22800.0 54600.0
404 22990.0 60200.0
405 27170.0 23800.0
406 26220.0 23800.0
407 25080.0 23800.0
408 26790.0 26600.0
409 23560.0 51800.0
410 25080.0 51800.0
411 24510.0 60200.0
412 28500.0 63000.0
413 29260.0 65800.0
414 24510.0 63000.0
415 30780.0 29400.0
416 30020.0 51800.0
417 31540.0 51800.0
418 30970.0 57400.0
419 35720.0 60200.0
420 36100.0 63000.0
421 30590.0 63000.0
422 41230.0 15400.0
423 40280.0 18200.0
424 41610.0 21000.0
425 41420.0 51800.0
426 39900.0 51800.0
427 39330.0 54600.0
428 40660.0 54600.0
429 40280.0 60200.0
430 38950.0 60200.0
431 44650.0 32200.0
432 44840.0 29400.0
433 45410.0 35000.0
434 42940.0 51800.0
435 37240.0 51800.0
436 35910.0 54600.0
437 32680.0 54600.0
438 32300.0 57400.0
439 34010.0 54600.0
440 50160.0 46200.0
441 19570.0 23800.0
442 20710.0 18200.0
443 21280.0 21000.0
444 34960.0 21000.0
445 19570.0 21000.0
446 24130.0 21000.0
447 25270.0 21000.0
448 28120.0 21000.0
449 32300.0 26600.0
450 47690.0 49000.0
451 48830.0 49000.0
452 46930.0 54600.0
453 50160.0 57400.0
454 50920.0 60200.0
455 48450.0 57400.0
456 49590.0 40600.0
458 11210.0 63000.0
459 10830.0 51800.0
461 11590.0 54600.0
462 43130.0 68600.0
463 44080.0 54600.0
464 46170.0 51800.0
465 48830.0 54600.0
466 46170.0 68600.0
467 58140.0 54600.0
468 58710.0 51800.0
469 59090.0 49000.0
470 46930.0 63000.0
471 21470.0 60200.0
472 59660.0 40600.0
473 59470.0 37800.0
474 62510.0 37800.0
476 45030.0 68600.0
477 69160.0 60200.0
478 69350.0 46200.0
479 72010.0 43400.0
480 35530.0 68600.0
481 68020.0 49000.0
482 69730.0 49000.0
483 72010.0 49000.0
484 63270.0 68600.0
485 69350.0 37800.0
486 73530.0 37800.0
487 13490.0 68600.0
488 13110.0 49000.0
489 10830.0 49000.0
490 34770.0 63000.0
491 19760.0 43400.0
492 11210.0 43400.0
493 7030.0 43400.0
494 41610.0 65800.0
495 22800.0 40600.0
496 18810.0 37800.0
497 16910.0 35000.0
498 34010.0 68600.0
499 28120.0 40600.0
500 24890.0 40600.0
501 24130.0 35000.0
502 31730.0 68600.0
503 28500.0 49000.0
504 24890.0 49000.0
505 24510.0 43400.0
506 49210.0 68600.0
507 36480.0 40600.0
508 32870.0 40600.0
509 31730.0 35000.0
510 46170.0 60200.0
511 44080.0 40600.0
512 42370.0 40600.0
513 44270.0 37800.0
514 28310.0 68600.0
515 30400.0 46200.0
516 32490.0 46200.0
517 34390.0 46200.0
518 32870.0 68600.0
519 42180.0 63000.0
520 42370.0 49000.0
521 43890.0 43400.0
522 58710.0 65800.0
523 53770.0 63000.0
524 45410.0 65800.0
525 10450.0 60200.0
526 39330.0 68600.0
527 59470.0 57400.0
528 65930.0 63000.0
529 76570.0 63000.0
530 76570.0 57400.0
531 72770.0 68600.0
532 7410.0 65800.0
533 9310.0 57400.0
534 17670.0 65800.0
535 22230.0 57400.0
536 25270.0 65800.0
537 31730.0 60200.0
538 38190.0 57400.0
539 28690.0 54600.0
540 44650.0 57400.0
541 5890.0 54600.0
542 54150.0 54600.0
543 63650.0 49000.0
544 63650.0 40600.0
545 67450.0 43400.0
546 76570.0 49000.0
547 76570.0 35000.0
548 6270.0 49000.0
549 7030.0 40600.0
550 12350.0 35000.0
551 22990.0 37800.0
552 24130.0 46200.0
553 31730.0 37800.0
554 40470.0 35000.0
555 33250.0 43400.0
556 44270.0 46200.0
