Instance ID x_center y_center
0 70750.0 140.0
1 40510.0 140.0
2 64030.0 140.0
3 41630.0 140.0
4 38270.0 140.0
5 37150.0 140.0
6 58430.0 140.0
7 57310.0 140.0
8 59550.0 140.0
9 33790.0 140.0
10 32670.0 140.0
11 43870.0 140.0
12 65150.0 140.0
13 69630.0 140.0
14 44990.0 140.0
15 46110.0 140.0
16 28190.0 140.0
17 68510.0 140.0
18 25950.0 140.0
19 49470.0 140.0
20 24830.0 140.0
21 23710.0 140.0
22 60670.0 140.0
23 47230.0 140.0
24 42750.0 140.0
25 66270.0 140.0
26 22590.0 140.0
27 48350.0 140.0
28 34910.0 140.0
29 27070.0 140.0
30 36030.0 140.0
31 61790.0 140.0
32 50590.0 140.0
33 20350.0 140.0
34 21470.0 140.0
35 53950.0 140.0
36 39390.0 140.0
37 19230.0 140.0
38 18110.0 140.0
39 51710.0 140.0
40 14750.0 140.0
41 13630.0 140.0
42 29310.0 140.0
43 52830.0 140.0
44 62910.0 140.0
45 12510.0 140.0
46 16990.0 140.0
47 67390.0 140.0
48 56190.0 140.0
49 31550.0 140.0
50 15870.0 140.0
51 55070.0 140.0
52 11390.0 140.0
53 30430.0 140.0
54 20520.0 23800.0
55 28120.0 21000.0
56 34390.0 26600.0
57 49590.0 26600.0
58 31350.0 23800.0
59 11020.0 32200.0
60 10450.0 23800.0
61 9500.0 29400.0
62 21470.0 29400.0
63 12730.0 29400.0
64 69730.0 35000.0
65 65550.0 23800.0
66 75810.0 21000.0
67 76570.0 18200.0
68 66310.0 21000.0
69 41610.0 32200.0
70 53010.0 32200.0
71 57950.0 32200.0
72 63460.0 35000.0
73 47310.0 21000.0
74 33250.0 23800.0
76 33820.0 7000.0
77 31540.0 4200.0
81 28310.0 4200.0
82 32490.0 7000.0
84 29830.0 9800.0
85 30020.0 4200.0
88 21660.0 7000.0
89 25460.0 4200.0
90 29450.0 7000.0
91 32680.0 4200.0
92 30780.0 7000.0
93 67640.0 15400.0
95 69350.0 23800.0
96 70110.0 18200.0
97 67830.0 21000.0
98 68020.0 23800.0
99 64410.0 35000.0
100 68020.0 35000.0
101 69730.0 37800.0
102 68210.0 37800.0
103 67070.0 26600.0
104 63840.0 21000.0
105 64410.0 23800.0
106 63270.0 26600.0
107 67070.0 40600.0
108 65550.0 40600.0
109 65550.0 35000.0
110 65740.0 37800.0
111 64600.0 40600.0
112 65170.0 43400.0
113 40660.0 29400.0
114 41990.0 35000.0
115 43130.0 32200.0
116 43130.0 37800.0
117 46930.0 32200.0
118 50540.0 29400.0
119 51490.0 32200.0
120 52250.0 37800.0
121 47310.0 46200.0
122 53010.0 29400.0
123 52440.0 26600.0
124 56430.0 32200.0
125 55670.0 37800.0
126 60230.0 35000.0
127 60800.0 32200.0
128 61370.0 35000.0
129 60610.0 37800.0
130 59850.0 40600.0
131 48830.0 43400.0
132 46930.0 43400.0
133 44650.0 37800.0
134 41230.0 37800.0
135 40660.0 43400.0
136 57380.0 35000.0
137 62510.0 35000.0
138 57950.0 37800.0
139 44840.0 46200.0
140 41990.0 46200.0
141 42750.0 43400.0
142 10640.0 18200.0
143 13490.0 35000.0
144 12540.0 37800.0
145 11970.0 35000.0
146 11970.0 40600.0
147 20330.0 43400.0
148 22420.0 29400.0
149 21850.0 32200.0
150 19950.0 29400.0
151 18810.0 37800.0
152 19190.0 43400.0
153 10830.0 26600.0
154 9500.0 23800.0
155 9310.0 26600.0
156 8930.0 37800.0
157 8930.0 43400.0
158 10260.0 35000.0
159 11210.0 43400.0
160 17290.0 40600.0
161 19570.0 26600.0
162 19760.0 21000.0
163 20710.0 26600.0
164 19950.0 35000.0
165 29070.0 23800.0
166 29260.0 21000.0
167 29830.0 26600.0
168 28310.0 32200.0
169 26030.0 40600.0
170 31920.0 40600.0
171 33250.0 32200.0
172 35340.0 23800.0
173 36290.0 26600.0
174 33630.0 35000.0
175 35530.0 40600.0
176 49210.0 23800.0
177 50540.0 23800.0
178 48450.0 26600.0
179 48450.0 37800.0
180 44270.0 40600.0
181 34390.0 43400.0
182 34010.0 40600.0
183 37050.0 40600.0
184 40850.0 40600.0
185 35530.0 32200.0
186 32110.0 35000.0
187 31540.0 37800.0
188 30590.0 40600.0
189 21660.0 35000.0
190 26600.0 32200.0
191 22800.0 35000.0
192 28310.0 40600.0
193 27930.0 43400.0
194 13680.0 37800.0
195 13490.0 40600.0
196 15010.0 35000.0
197 9880.0 43400.0
198 11020.0 37800.0
199 15390.0 37800.0
200 27550.0 37800.0
201 30590.0 32200.0
202 46170.0 18200.0
203 33630.0 12600.0
204 36860.0 15400.0
205 64220.0 15400.0
206 41040.0 18200.0
207 65740.0 15400.0
208 32870.0 9800.0
210 67830.0 12600.0
211 34770.0 9800.0
213 64600.0 4200.0
214 63080.0 4200.0
215 67830.0 7000.0
216 38950.0 21000.0
217 35910.0 21000.0
218 26600.0 21000.0
219 61370.0 40600.0
220 60610.0 43400.0
221 61560.0 43400.0
222 63080.0 40600.0
223 62890.0 43400.0
224 36100.0 43400.0
225 25460.0 43400.0
226 23750.0 40600.0
227 33820.0 37800.0
228 21660.0 40600.0
229 22610.0 40600.0
230 23560.0 37800.0
231 35150.0 18200.0
232 23750.0 18200.0
233 24890.0 18200.0
234 24510.0 15400.0
235 28880.0 12600.0
236 28120.0 9800.0
237 24890.0 9800.0
238 18620.0 21000.0
239 71440.0 40600.0
240 71440.0 23800.0
241 69540.0 26600.0
242 71440.0 43400.0
243 66690.0 23800.0
244 68400.0 26600.0
245 68400.0 43400.0
246 69730.0 43400.0
247 67070.0 43400.0
248 70680.0 46200.0
249 54910.0 49000.0
250 57000.0 49000.0
251 70870.0 49000.0
252 68970.0 49000.0
253 49970.0 37800.0
254 50350.0 40600.0
255 50920.0 49000.0
256 64600.0 37800.0
257 62890.0 37800.0
258 55100.0 46200.0
259 53010.0 51800.0
260 44270.0 51800.0
261 29260.0 40600.0
262 31730.0 43400.0
263 32680.0 49000.0
264 46170.0 49000.0
265 42750.0 49000.0
266 33440.0 49000.0
267 32490.0 51800.0
268 28310.0 51800.0
269 23370.0 51800.0
270 30400.0 35000.0
271 27740.0 35000.0
272 45790.0 37800.0
273 46930.0 37800.0
274 32680.0 46200.0
275 18240.0 49000.0
276 21090.0 51800.0
277 20330.0 49000.0
278 22800.0 49000.0
279 21660.0 49000.0
280 19190.0 49000.0
281 18810.0 18200.0
282 17670.0 18200.0
283 16910.0 15400.0
284 18620.0 7000.0
285 20140.0 7000.0
286 16910.0 4200.0
287 21280.0 21000.0
288 36860.0 46200.0
289 35720.0 46200.0
290 34390.0 46200.0
291 29260.0 43400.0
292 31350.0 46200.0
293 38950.0 43400.0
294 39900.0 43400.0
295 38570.0 46200.0
296 30210.0 46200.0
297 26030.0 46200.0
298 25080.0 46200.0
299 28500.0 46200.0
300 27170.0 46200.0
301 22610.0 18200.0
302 21470.0 18200.0
303 21090.0 15400.0
304 19760.0 9800.0
305 19760.0 15400.0
306 21090.0 9800.0
307 13300.0 21000.0
308 25650.0 49000.0
309 27740.0 49000.0
310 31350.0 49000.0
311 52250.0 49000.0
312 52820.0 46200.0
313 67450.0 46200.0
314 59470.0 46200.0
315 54150.0 46200.0
316 51300.0 46200.0
317 49590.0 46200.0
318 18240.0 35000.0
319 21280.0 37800.0
320 21280.0 46200.0
321 23940.0 49000.0
322 22800.0 46200.0
323 24130.0 46200.0
324 17860.0 46200.0
325 18810.0 46200.0
326 18050.0 43400.0
327 20140.0 46200.0
328 16530.0 43400.0
329 14250.0 18200.0
330 13110.0 18200.0
331 11590.0 15400.0
332 10260.0 12600.0
333 11780.0 12600.0
334 10450.0 15400.0
335 8360.0 21000.0
336 21660.0 43400.0
337 22990.0 43400.0
338 24130.0 43400.0
339 5320.0 40600.0
340 20900.0 40600.0
341 19950.0 40600.0
342 18810.0 40600.0
343 14440.0 40600.0
344 15010.0 43400.0
345 15770.0 40600.0
346 7220.0 40600.0
347 6080.0 40600.0
348 6080.0 43400.0
349 7410.0 43400.0
350 8550.0 18200.0
351 9690.0 18200.0
352 8930.0 12600.0
353 10260.0 4200.0
354 11780.0 4200.0
355 8930.0 7000.0
356 9880.0 21000.0
357 13110.0 43400.0
358 15960.0 46200.0
359 15580.0 49000.0
360 16910.0 49000.0
361 11970.0 49000.0
362 10260.0 40600.0
363 12540.0 46200.0
364 10830.0 49000.0
365 9880.0 46200.0
366 7790.0 46200.0
367 8930.0 46200.0
368 11020.0 46200.0
369 14250.0 46200.0
370 13870.0 15400.0
371 12730.0 15400.0
372 13110.0 12600.0
373 14060.0 9800.0
374 12540.0 9800.0
375 11210.0 9800.0
376 71060.0 26600.0
377 70300.0 21000.0
378 67260.0 18200.0
379 69160.0 21000.0
380 69350.0 15400.0
381 66120.0 7000.0
382 66120.0 4200.0
383 70110.0 7000.0
384 65360.0 26600.0
385 65740.0 18200.0
386 68780.0 18200.0
387 68970.0 12600.0
388 63460.0 12600.0
389 64980.0 12600.0
390 70490.0 12600.0
391 69160.0 40600.0
392 64220.0 18200.0
393 62700.0 18200.0
394 61370.0 15400.0
395 61560.0 4200.0
396 58900.0 4200.0
397 60230.0 4200.0
398 57380.0 40600.0
399 58140.0 18200.0
400 57760.0 21000.0
401 56810.0 15400.0
402 60420.0 9800.0
403 58900.0 9800.0
404 57570.0 9800.0
405 58330.0 46200.0
406 59660.0 43400.0
407 60800.0 46200.0
408 62130.0 46200.0
409 61180.0 18200.0
410 56620.0 18200.0
411 55290.0 12600.0
412 51680.0 9800.0
413 49020.0 9800.0
414 50350.0 9800.0
415 54340.0 40600.0
416 55100.0 18200.0
417 53200.0 18200.0
418 54150.0 12600.0
419 47880.0 4200.0
420 49400.0 4200.0
421 51490.0 7000.0
422 41230.0 49000.0
423 44460.0 49000.0
424 40090.0 49000.0
425 45980.0 15400.0
426 44460.0 15400.0
427 40850.0 12600.0
428 39900.0 9800.0
429 38380.0 9800.0
430 39330.0 12600.0
431 46930.0 40600.0
432 45220.0 43400.0
433 45790.0 40600.0
434 50540.0 15400.0
435 50160.0 18200.0
436 48450.0 18200.0
437 52060.0 15400.0
438 53580.0 15400.0
439 51490.0 18200.0
440 34580.0 21000.0
441 73150.0 43400.0
442 72010.0 46200.0
443 68780.0 46200.0
444 57380.0 46200.0
445 66310.0 46200.0
446 65170.0 46200.0
447 63650.0 46200.0
448 63840.0 49000.0
449 48640.0 40600.0
450 35530.0 15400.0
451 34010.0 15400.0
452 32870.0 21000.0
453 32300.0 15400.0
454 29260.0 15400.0
455 30590.0 15400.0
456 38570.0 23800.0
458 69730.0 4200.0
459 71630.0 18200.0
461 73910.0 18200.0
462 52630.0 7000.0
463 30780.0 21000.0
464 27170.0 23800.0
465 24890.0 23800.0
466 40470.0 4200.0
467 24700.0 21000.0
468 22990.0 21000.0
469 22230.0 23800.0
470 37050.0 4200.0
471 62510.0 9800.0
472 25460.0 29400.0
473 23750.0 29400.0
474 17670.0 29400.0
476 35910.0 4200.0
477 10640.0 29400.0
478 12350.0 32200.0
479 9310.0 32200.0
480 46550.0 4200.0
481 11780.0 18200.0
482 11590.0 21000.0
483 12350.0 23800.0
484 22990.0 9800.0
485 18050.0 26600.0
486 15010.0 29400.0
487 70490.0 9800.0
488 71630.0 21000.0
489 73910.0 21000.0
490 53010.0 4200.0
491 59660.0 18200.0
492 59470.0 21000.0
493 61750.0 21000.0
494 54150.0 4200.0
495 66880.0 35000.0
496 67450.0 29400.0
497 69730.0 32200.0
498 53770.0 7000.0
499 62320.0 32200.0
500 64410.0 32200.0
501 66690.0 32200.0
502 50730.0 4200.0
503 52440.0 23800.0
504 54150.0 23800.0
505 55670.0 26600.0
506 34010.0 4200.0
507 46360.0 29400.0
508 48070.0 29400.0
509 49210.0 32200.0
510 38190.0 4200.0
511 38000.0 29400.0
512 37050.0 32200.0
513 39330.0 32200.0
514 57570.0 4200.0
515 49400.0 21000.0
516 47310.0 23800.0
517 45410.0 23800.0
518 41990.0 4200.0
519 36100.0 9800.0
520 36290.0 23800.0
521 32110.0 26600.0
522 21470.0 4200.0
523 25650.0 7000.0
524 39710.0 7000.0
525 74670.0 4200.0
526 24890.0 12600.0
527 14630.0 7000.0
528 17670.0 12600.0
529 5890.0 15400.0
530 5890.0 4200.0
531 5890.0 9800.0
532 75050.0 7000.0
533 74670.0 12600.0
534 61370.0 7000.0
535 59090.0 12600.0
536 50350.0 12600.0
537 47690.0 7000.0
538 40470.0 15400.0
539 53770.0 21000.0
540 29070.0 18200.0
541 75810.0 15400.0
542 25650.0 26600.0
543 16910.0 23800.0
544 17670.0 32200.0
545 5890.0 35000.0
546 5890.0 23800.0
547 5890.0 29400.0
548 75810.0 23800.0
549 60610.0 23800.0
550 73910.0 35000.0
551 76190.0 32200.0
552 57190.0 29400.0
553 50350.0 35000.0
554 37810.0 35000.0
555 44650.0 26600.0
556 33630.0 29400.0
