Instance ID x_center y_center
0 84190.0 140.0
1 53950.0 140.0
2 77470.0 140.0
3 55070.0 140.0
4 51710.0 140.0
5 50590.0 140.0
6 71870.0 140.0
7 70750.0 140.0
8 72990.0 140.0
9 47230.0 140.0
10 46110.0 140.0
11 57310.0 140.0
12 78590.0 140.0
13 83070.0 140.0
14 58430.0 140.0
15 59550.0 140.0
16 41630.0 140.0
17 81950.0 140.0
18 39390.0 140.0
19 62910.0 140.0
20 38270.0 140.0
21 37150.0 140.0
22 74110.0 140.0
23 60670.0 140.0
24 56190.0 140.0
25 79710.0 140.0
26 36030.0 140.0
27 61790.0 140.0
28 48350.0 140.0
29 40510.0 140.0
30 49470.0 140.0
31 75230.0 140.0
32 64030.0 140.0
33 33790.0 140.0
34 34910.0 140.0
35 67390.0 140.0
36 52830.0 140.0
37 32670.0 140.0
38 31550.0 140.0
39 65150.0 140.0
40 28190.0 140.0
41 27070.0 140.0
42 42750.0 140.0
43 66270.0 140.0
44 76350.0 140.0
45 25950.0 140.0
46 30430.0 140.0
47 80830.0 140.0
48 69630.0 140.0
49 44990.0 140.0
50 29310.0 140.0
51 68510.0 140.0
52 24830.0 140.0
53 43870.0 140.0
54 31540.0 21000.0
55 36480.0 23800.0
56 46170.0 21000.0
57 56810.0 23800.0
58 41990.0 23800.0
59 11020.0 26600.0
60 11210.0 21000.0
61 15580.0 23800.0
62 23370.0 26600.0
63 17290.0 23800.0
64 77710.0 18200.0
65 94430.0 21000.0
66 97850.0 18200.0
67 104310.0 9800.0
68 83410.0 18200.0
69 59470.0 35000.0
70 72390.0 35000.0
71 98990.0 35000.0
72 97660.0 29400.0
73 71250.0 32200.0
74 43890.0 23800.0
76 52440.0 9800.0
77 44080.0 4200.0
81 38570.0 4200.0
82 44650.0 7000.0
84 42750.0 9800.0
85 42560.0 4200.0
88 39900.0 4200.0
89 41040.0 4200.0
90 40470.0 7000.0
91 42940.0 7000.0
92 41800.0 7000.0
93 79040.0 9800.0
95 86830.0 18200.0
96 81510.0 9800.0
97 85310.0 15400.0
98 85500.0 18200.0
99 79230.0 21000.0
100 73720.0 18200.0
101 78090.0 21000.0
102 78850.0 35000.0
103 90630.0 21000.0
104 92340.0 18200.0
105 92910.0 21000.0
106 89110.0 21000.0
107 84550.0 40600.0
108 84550.0 43400.0
109 82650.0 21000.0
110 87400.0 23800.0
111 85880.0 40600.0
112 83030.0 43400.0
113 55480.0 32200.0
114 57950.0 35000.0
115 54910.0 37800.0
116 57950.0 43400.0
117 70870.0 35000.0
118 65360.0 35000.0
119 65170.0 37800.0
120 67450.0 40600.0
121 59090.0 49000.0
122 86830.0 35000.0
123 88920.0 35000.0
124 91390.0 37800.0
125 92530.0 40600.0
126 89110.0 32200.0
127 91580.0 32200.0
128 91770.0 35000.0
129 89490.0 37800.0
130 79990.0 43400.0
131 56050.0 43400.0
132 51110.0 46200.0
133 60230.0 40600.0
134 57950.0 40600.0
135 44460.0 46200.0
136 94240.0 40600.0
137 92910.0 35000.0
138 94050.0 43400.0
139 47120.0 51800.0
140 46550.0 49000.0
141 50730.0 49000.0
142 18240.0 12600.0
143 14250.0 32200.0
144 14440.0 35000.0
145 15770.0 32200.0
146 15770.0 37800.0
147 21850.0 40600.0
148 25840.0 26600.0
149 25650.0 29400.0
150 22610.0 32200.0
151 22610.0 35000.0
152 22990.0 40600.0
153 10830.0 23800.0
154 13680.0 18200.0
155 13110.0 21000.0
156 11970.0 35000.0
157 11590.0 43400.0
158 9500.0 32200.0
159 10450.0 37800.0
160 24890.0 37800.0
161 31730.0 23800.0
162 32300.0 18200.0
163 32490.0 21000.0
164 31730.0 32200.0
165 35910.0 26600.0
166 37240.0 23800.0
167 37050.0 32200.0
168 34390.0 32200.0
169 30970.0 37800.0
170 39140.0 40600.0
171 47310.0 23800.0
172 46740.0 18200.0
173 47690.0 21000.0
174 46170.0 35000.0
175 46170.0 40600.0
176 59090.0 26600.0
177 57760.0 23800.0
178 57570.0 26600.0
179 54530.0 40600.0
180 54150.0 43400.0
181 42750.0 43400.0
182 40850.0 40600.0
183 44270.0 40600.0
184 51870.0 40600.0
185 47690.0 35000.0
186 45790.0 37800.0
187 42560.0 37800.0
188 38190.0 37800.0
189 30400.0 32200.0
190 35720.0 32200.0
191 30020.0 35000.0
192 36670.0 37800.0
193 35530.0 37800.0
194 16340.0 35000.0
195 13870.0 37800.0
196 11210.0 32200.0
197 9120.0 35000.0
198 10260.0 35000.0
199 13490.0 35000.0
200 35530.0 35000.0
201 49590.0 35000.0
202 60610.0 21000.0
203 55670.0 9800.0
204 57760.0 12600.0
205 78660.0 12600.0
206 56620.0 18200.0
207 77140.0 12600.0
208 53390.0 9800.0
210 76570.0 9800.0
211 54530.0 9800.0
213 76380.0 4200.0
214 74860.0 4200.0
215 75050.0 9800.0
216 51870.0 15400.0
217 49210.0 18200.0
218 34580.0 18200.0
219 86830.0 40600.0
220 89870.0 43400.0
221 90820.0 43400.0
222 85880.0 43400.0
223 87590.0 43400.0
224 44460.0 43400.0
225 30780.0 43400.0
226 31730.0 43400.0
227 42560.0 40600.0
228 30780.0 40600.0
229 31730.0 40600.0
230 31920.0 35000.0
231 57950.0 15400.0
232 32870.0 15400.0
233 34390.0 15400.0
234 35530.0 15400.0
235 37240.0 12600.0
236 37240.0 9800.0
237 35530.0 9800.0
238 30020.0 18200.0
239 84740.0 37800.0
240 88540.0 18200.0
241 80940.0 18200.0
242 82080.0 37800.0
243 87590.0 21000.0
244 86260.0 21000.0
245 80180.0 35000.0
246 80370.0 37800.0
247 80370.0 40600.0
248 78660.0 43400.0
249 71250.0 49000.0
250 71820.0 46200.0
251 76950.0 46200.0
252 75050.0 46200.0
253 72010.0 40600.0
254 67450.0 43400.0
255 67260.0 46200.0
256 88160.0 35000.0
257 90250.0 40600.0
258 71060.0 46200.0
259 68210.0 49000.0
260 64410.0 49000.0
261 37240.0 40600.0
262 37430.0 43400.0
263 39520.0 49000.0
264 56810.0 49000.0
265 56430.0 46200.0
266 41420.0 46200.0
267 38570.0 49000.0
268 37430.0 49000.0
269 25270.0 49000.0
270 44840.0 35000.0
271 36860.0 35000.0
272 56430.0 40600.0
273 56430.0 37800.0
274 36100.0 46200.0
275 26220.0 46200.0
276 27550.0 49000.0
277 32490.0 49000.0
278 30400.0 49000.0
279 29260.0 49000.0
280 31350.0 49000.0
281 30590.0 15400.0
282 29450.0 15400.0
283 29070.0 9800.0
284 30400.0 7000.0
285 30780.0 4200.0
286 28690.0 4200.0
287 25460.0 18200.0
288 45980.0 46200.0
289 45980.0 43400.0
290 41230.0 43400.0
291 36100.0 40600.0
292 35910.0 43400.0
293 43510.0 46200.0
294 45220.0 46200.0
295 42370.0 46200.0
296 29830.0 43400.0
297 28690.0 43400.0
298 27740.0 43400.0
299 29260.0 46200.0
300 27930.0 46200.0
301 27550.0 15400.0
302 26410.0 15400.0
303 26030.0 12600.0
304 25840.0 9800.0
305 27360.0 9800.0
306 27550.0 12600.0
307 14820.0 18200.0
308 31350.0 46200.0
309 37240.0 46200.0
310 38950.0 46200.0
311 73150.0 46200.0
312 66120.0 46200.0
313 79610.0 46200.0
314 78470.0 46200.0
315 68590.0 46200.0
316 64600.0 46200.0
317 62510.0 46200.0
318 26220.0 35000.0
319 25080.0 35000.0
320 22420.0 37800.0
321 26980.0 46200.0
322 22800.0 46200.0
323 24130.0 46200.0
324 21660.0 46200.0
325 20710.0 46200.0
326 20710.0 43400.0
327 22040.0 43400.0
328 23750.0 43400.0
329 16530.0 15400.0
330 15390.0 15400.0
331 15770.0 12600.0
332 19760.0 7000.0
333 20520.0 4200.0
334 16910.0 7000.0
335 12160.0 18200.0
336 24320.0 40600.0
337 27930.0 40600.0
338 29070.0 40600.0
339 15200.0 40600.0
340 25460.0 40600.0
341 26410.0 40600.0
342 23370.0 37800.0
343 17100.0 37800.0
344 19950.0 37800.0
345 20710.0 40600.0
346 14060.0 40600.0
347 10260.0 40600.0
348 11400.0 40600.0
349 12730.0 40600.0
350 12730.0 15400.0
351 10450.0 15400.0
352 9310.0 15400.0
353 13300.0 12600.0
354 14060.0 9800.0
355 9690.0 9800.0
356 10640.0 18200.0
357 15010.0 43400.0
358 15200.0 46200.0
359 17480.0 49000.0
360 18050.0 46200.0
361 16530.0 46200.0
362 12160.0 37800.0
363 13300.0 43400.0
364 13870.0 46200.0
365 11020.0 46200.0
366 9690.0 46200.0
367 8930.0 37800.0
368 9500.0 43400.0
369 8930.0 40600.0
370 13870.0 15400.0
371 11590.0 15400.0
372 11590.0 12600.0
373 15580.0 7000.0
374 13680.0 7000.0
375 11210.0 9800.0
376 79420.0 18200.0
377 80180.0 15400.0
378 81700.0 12600.0
379 83220.0 12600.0
380 83410.0 9800.0
381 85500.0 4200.0
382 82460.0 4200.0
383 83790.0 4200.0
384 84360.0 21000.0
385 81700.0 15400.0
386 83600.0 15400.0
387 85310.0 9800.0
388 86640.0 7000.0
389 82840.0 7000.0
390 86450.0 9800.0
391 76000.0 37800.0
392 71060.0 12600.0
393 70680.0 15400.0
394 69350.0 15400.0
395 66880.0 12600.0
396 64220.0 12600.0
397 65550.0 12600.0
398 82460.0 40600.0
399 82460.0 26600.0
400 82840.0 29400.0
401 84170.0 29400.0
402 85880.0 23800.0
403 84360.0 23800.0
404 85310.0 26600.0
405 83410.0 46200.0
406 81320.0 43400.0
407 80940.0 46200.0
408 82270.0 46200.0
409 80940.0 26600.0
410 79420.0 29400.0
411 78090.0 29400.0
412 86640.0 29400.0
413 83980.0 26600.0
414 80750.0 29400.0
415 70300.0 40600.0
416 70300.0 26600.0
417 71060.0 29400.0
418 72390.0 29400.0
419 66880.0 26600.0
420 63840.0 26600.0
421 65170.0 26600.0
422 59090.0 46200.0
423 61560.0 49000.0
424 60610.0 46200.0
425 60800.0 26600.0
426 58520.0 29400.0
427 55290.0 29400.0
428 47500.0 29400.0
429 44080.0 26600.0
430 43890.0 29400.0
431 52630.0 43400.0
432 49400.0 46200.0
433 50350.0 43400.0
434 60420.0 23800.0
435 61940.0 23800.0
436 64790.0 23800.0
437 74480.0 26600.0
438 75240.0 23800.0
439 67450.0 23800.0
440 47880.0 18200.0
441 83410.0 37800.0
442 77710.0 43400.0
443 74100.0 43400.0
444 65740.0 43400.0
445 78850.0 40600.0
446 72010.0 43400.0
447 70490.0 43400.0
448 69160.0 43400.0
449 63080.0 37800.0
450 54910.0 15400.0
451 48830.0 15400.0
452 49210.0 12600.0
453 46740.0 15400.0
454 42560.0 12600.0
455 43890.0 12600.0
456 51490.0 18200.0
458 78470.0 4200.0
459 93290.0 7000.0
461 94810.0 9800.0
462 57190.0 4200.0
463 39520.0 26600.0
464 37810.0 26600.0
465 38950.0 29400.0
466 54150.0 7000.0
467 38760.0 18200.0
468 37050.0 18200.0
469 35150.0 21000.0
470 49210.0 4200.0
471 56430.0 12600.0
472 28500.0 23800.0
473 28690.0 26600.0
474 19950.0 26600.0
476 48070.0 4200.0
477 19380.0 15400.0
478 18810.0 21000.0
479 15010.0 26600.0
480 56810.0 9800.0
481 20140.0 18200.0
482 18430.0 18200.0
483 15770.0 21000.0
484 21850.0 7000.0
485 20710.0 21000.0
486 13110.0 23800.0
487 87590.0 4200.0
488 89110.0 15400.0
489 92150.0 15400.0
490 63650.0 4200.0
491 93480.0 18200.0
492 95570.0 18200.0
493 96330.0 21000.0
494 58330.0 4200.0
495 66880.0 18200.0
496 68590.0 18200.0
497 70870.0 18200.0
498 64790.0 4200.0
499 92720.0 32200.0
500 94430.0 32200.0
501 96710.0 32200.0
502 71630.0 7000.0
503 90440.0 32200.0
504 94430.0 35000.0
505 97090.0 35000.0
506 66310.0 4200.0
507 65740.0 32200.0
508 67450.0 32200.0
509 68590.0 35000.0
510 50350.0 4200.0
511 51680.0 32200.0
512 49970.0 32200.0
513 53770.0 32200.0
514 68590.0 7000.0
515 58140.0 21000.0
516 56430.0 21000.0
517 52250.0 23800.0
518 62890.0 7000.0
519 53580.0 12600.0
520 51870.0 21000.0
521 42750.0 21000.0
522 49590.0 7000.0
523 35910.0 7000.0
524 47690.0 9800.0
525 75430.0 7000.0
526 33250.0 12600.0
527 26410.0 7000.0
528 22230.0 12600.0
529 18050.0 9800.0
530 7030.0 12600.0
531 8930.0 7000.0
532 92150.0 4200.0
533 90250.0 9800.0
534 65550.0 15400.0
535 89490.0 26600.0
536 82270.0 32200.0
537 67070.0 29400.0
538 45030.0 32200.0
539 71250.0 23800.0
540 42750.0 15400.0
541 100510.0 9800.0
542 34390.0 29400.0
543 27930.0 21000.0
544 21470.0 29400.0
545 9310.0 29400.0
546 7030.0 21000.0
547 7030.0 26600.0
548 97470.0 15400.0
549 101270.0 21000.0
550 74290.0 21000.0
551 94050.0 29400.0
552 96330.0 37800.0
553 70110.0 37800.0
554 53770.0 35000.0
555 53770.0 26600.0
556 42750.0 18200.0
