Instance ID x_center y_center
0 71870.0 140.0
1 41630.0 140.0
2 65150.0 140.0
3 42750.0 140.0
4 39390.0 140.0
5 38270.0 140.0
6 59550.0 140.0
7 58430.0 140.0
8 60670.0 140.0
9 34910.0 140.0
10 33790.0 140.0
11 44990.0 140.0
12 66270.0 140.0
13 70750.0 140.0
14 46110.0 140.0
15 47230.0 140.0
16 29310.0 140.0
17 69630.0 140.0
18 27070.0 140.0
19 50590.0 140.0
20 25950.0 140.0
21 24830.0 140.0
22 61790.0 140.0
23 48350.0 140.0
24 43870.0 140.0
25 67390.0 140.0
26 23710.0 140.0
27 49470.0 140.0
28 36030.0 140.0
29 28190.0 140.0
30 37150.0 140.0
31 62910.0 140.0
32 51710.0 140.0
33 21470.0 140.0
34 22590.0 140.0
35 55070.0 140.0
36 40510.0 140.0
37 20350.0 140.0
38 19230.0 140.0
39 52830.0 140.0
40 15870.0 140.0
41 14750.0 140.0
42 30430.0 140.0
43 53950.0 140.0
44 64030.0 140.0
45 13630.0 140.0
46 18110.0 140.0
47 68510.0 140.0
48 57310.0 140.0
49 32670.0 140.0
50 16990.0 140.0
51 56190.0 140.0
52 12510.0 140.0
53 31550.0 140.0
54 22800.0 23800.0
55 30020.0 23800.0
56 35530.0 21000.0
57 50350.0 23800.0
58 34010.0 21000.0
59 10260.0 26600.0
60 9690.0 21000.0
61 14060.0 26600.0
62 21850.0 23800.0
63 15010.0 23800.0
64 71250.0 26600.0
65 68590.0 23800.0
66 77710.0 21000.0
67 80750.0 9800.0
68 67450.0 18200.0
69 43130.0 32200.0
70 54910.0 29400.0
71 59470.0 21000.0
72 63080.0 29400.0
73 53390.0 21000.0
74 32110.0 21000.0
76 34200.0 7000.0
77 27740.0 4200.0
81 27550.0 9800.0
82 29450.0 4200.0
84 23750.0 7000.0
85 23940.0 4200.0
88 25080.0 4200.0
89 26220.0 4200.0
90 22230.0 7000.0
91 22800.0 4200.0
92 21660.0 4200.0
93 67260.0 12600.0
95 76570.0 21000.0
96 79990.0 15400.0
97 73530.0 21000.0
98 74100.0 23800.0
99 68210.0 26600.0
100 70300.0 26600.0
101 72010.0 29400.0
102 72770.0 32200.0
103 70870.0 21000.0
104 69540.0 21000.0
105 67450.0 23800.0
106 72390.0 23800.0
107 73530.0 35000.0
108 72010.0 35000.0
109 69350.0 26600.0
110 69540.0 32200.0
111 71060.0 32200.0
112 70490.0 35000.0
113 44840.0 26600.0
114 43510.0 26600.0
115 46550.0 29400.0
116 46550.0 32200.0
117 51490.0 32200.0
118 53200.0 26600.0
119 53390.0 32200.0
120 50730.0 35000.0
121 51110.0 40600.0
122 55290.0 18200.0
123 56620.0 15400.0
124 60990.0 23800.0
125 57570.0 35000.0
126 62130.0 26600.0
127 62320.0 23800.0
128 63650.0 32200.0
129 62130.0 32200.0
130 60230.0 37800.0
131 51870.0 37800.0
132 49590.0 37800.0
133 49210.0 32200.0
134 44650.0 32200.0
135 39520.0 37800.0
136 59280.0 35000.0
137 64790.0 32200.0
138 60990.0 35000.0
139 40660.0 37800.0
140 41230.0 40600.0
141 42750.0 37800.0
142 7600.0 7000.0
143 13490.0 29400.0
144 6460.0 32200.0
145 15010.0 29400.0
146 11590.0 35000.0
147 17290.0 37800.0
148 22040.0 26600.0
149 21090.0 29400.0
150 20330.0 23800.0
151 19190.0 32200.0
152 18430.0 37800.0
153 6650.0 23800.0
154 6460.0 18200.0
155 8930.0 18200.0
156 8930.0 32200.0
157 7410.0 32200.0
158 10260.0 29400.0
159 8550.0 35000.0
160 16530.0 35000.0
161 26030.0 21000.0
162 25080.0 15400.0
163 24890.0 21000.0
164 24890.0 29400.0
165 31350.0 23800.0
166 30780.0 21000.0
167 29830.0 21000.0
168 29830.0 29400.0
169 26790.0 37800.0
170 31160.0 35000.0
171 36670.0 23800.0
172 38760.0 23800.0
173 37050.0 26600.0
174 35910.0 32200.0
175 35910.0 37800.0
176 49210.0 21000.0
177 50540.0 21000.0
178 49210.0 23800.0
179 46170.0 35000.0
180 46550.0 37800.0
181 34010.0 37800.0
182 33250.0 35000.0
183 36670.0 35000.0
184 39330.0 35000.0
185 38570.0 32200.0
186 37430.0 32200.0
187 32680.0 32200.0
188 31350.0 32200.0
189 23560.0 29400.0
190 28500.0 29400.0
191 23940.0 32200.0
192 27930.0 35000.0
193 29830.0 32200.0
194 12540.0 32200.0
195 13870.0 32200.0
196 11970.0 29400.0
197 6080.0 37800.0
198 10640.0 32200.0
199 15010.0 32200.0
200 28690.0 32200.0
201 34010.0 32200.0
202 44270.0 15400.0
203 34010.0 9800.0
204 39520.0 15400.0
205 65360.0 12600.0
206 39900.0 18200.0
207 72960.0 12600.0
208 36290.0 7000.0
210 68590.0 9800.0
211 37430.0 7000.0
213 67640.0 7000.0
214 64980.0 7000.0
215 66310.0 7000.0
216 34010.0 18200.0
217 36290.0 15400.0
218 29260.0 18200.0
219 68970.0 35000.0
220 65930.0 35000.0
221 66880.0 32200.0
222 69540.0 37800.0
223 67450.0 35000.0
224 36480.0 40600.0
225 23560.0 37800.0
226 23750.0 35000.0
227 34960.0 35000.0
228 24700.0 35000.0
229 25650.0 35000.0
230 25840.0 32200.0
231 33250.0 15400.0
232 26790.0 15400.0
233 30210.0 15400.0
234 28690.0 15400.0
235 31920.0 12600.0
236 32300.0 9800.0
237 28690.0 9800.0
238 20520.0 18200.0
239 74100.0 32200.0
240 79800.0 21000.0
241 75240.0 23800.0
242 75620.0 32200.0
243 72390.0 21000.0
244 75240.0 21000.0
245 77520.0 35000.0
246 78850.0 35000.0
247 72390.0 37800.0
248 78660.0 37800.0
249 57570.0 37800.0
250 60800.0 40600.0
251 75430.0 40600.0
252 73530.0 40600.0
253 55290.0 32200.0
254 53390.0 35000.0
255 55480.0 40600.0
256 68020.0 32200.0
257 64030.0 35000.0
258 61560.0 37800.0
259 57190.0 40600.0
260 50350.0 43400.0
261 31540.0 37800.0
262 32110.0 40600.0
263 33440.0 40600.0
264 48070.0 37800.0
265 46930.0 40600.0
266 45600.0 40600.0
267 34010.0 43400.0
268 29830.0 43400.0
269 24890.0 43400.0
270 34200.0 29400.0
271 27360.0 29400.0
272 48070.0 32200.0
273 48070.0 35000.0
274 30400.0 40600.0
275 19380.0 43400.0
276 22230.0 46200.0
277 21470.0 43400.0
278 21660.0 40600.0
279 22800.0 43400.0
280 20330.0 43400.0
281 18810.0 15400.0
282 19190.0 18200.0
283 17670.0 15400.0
284 23560.0 12600.0
285 23940.0 9800.0
286 20330.0 9800.0
287 22040.0 18200.0
288 38760.0 37800.0
289 37620.0 37800.0
290 32490.0 37800.0
291 30020.0 35000.0
292 30590.0 37800.0
293 42750.0 35000.0
294 43700.0 35000.0
295 41610.0 35000.0
296 29070.0 35000.0
297 26790.0 35000.0
298 24700.0 37800.0
299 29260.0 37800.0
300 27550.0 32200.0
301 23370.0 15400.0
302 21850.0 15400.0
303 15770.0 15400.0
304 21660.0 9800.0
305 20900.0 7000.0
306 15390.0 7000.0
307 13680.0 18200.0
308 25650.0 40600.0
309 27740.0 40600.0
310 34770.0 40600.0
311 62510.0 40600.0
312 64600.0 40600.0
313 73910.0 37800.0
314 68210.0 37800.0
315 65930.0 40600.0
316 53580.0 40600.0
317 53770.0 43400.0
318 21280.0 32200.0
319 22420.0 32200.0
320 22040.0 35000.0
321 26980.0 40600.0
322 22800.0 40600.0
323 24130.0 40600.0
324 20900.0 40600.0
325 19950.0 40600.0
326 14250.0 37800.0
327 18620.0 40600.0
328 15770.0 37800.0
329 12730.0 15400.0
330 14250.0 15400.0
331 12730.0 9800.0
332 8740.0 7000.0
333 11780.0 7000.0
334 11210.0 9800.0
335 10260.0 18200.0
336 20140.0 37800.0
337 21470.0 37800.0
338 21090.0 35000.0
339 6080.0 35000.0
340 20140.0 35000.0
341 19190.0 35000.0
342 18050.0 35000.0
343 12920.0 35000.0
344 13870.0 35000.0
345 15010.0 35000.0
346 7220.0 35000.0
347 3420.0 35000.0
348 4560.0 35000.0
349 7790.0 37800.0
350 7790.0 15400.0
351 7410.0 18200.0
352 5510.0 15400.0
353 9880.0 12600.0
354 9880.0 9800.0
355 6650.0 15400.0
356 10260.0 15400.0
357 10830.0 37800.0
358 12160.0 40600.0
359 14060.0 43400.0
360 15390.0 43400.0
361 13490.0 40600.0
362 9880.0 35000.0
363 12160.0 37800.0
364 10830.0 40600.0
365 9880.0 43400.0
366 8930.0 43400.0
367 8170.0 40600.0
368 9500.0 40600.0
369 9310.0 37800.0
370 8930.0 15400.0
371 11590.0 15400.0
372 11210.0 12600.0
373 10640.0 4200.0
374 13300.0 7000.0
375 10070.0 7000.0
376 73720.0 26600.0
377 70300.0 18200.0
378 69160.0 12600.0
379 69920.0 15400.0
380 69730.0 9800.0
381 69160.0 7000.0
382 68780.0 4200.0
383 70110.0 4200.0
384 70300.0 23800.0
385 68400.0 15400.0
386 71440.0 15400.0
387 71630.0 12600.0
388 67260.0 9800.0
389 65740.0 9800.0
390 70490.0 12600.0
391 76000.0 35000.0
392 66880.0 15400.0
393 65360.0 15400.0
394 63650.0 12600.0
395 60800.0 4200.0
396 59280.0 4200.0
397 63270.0 7000.0
398 60040.0 32200.0
399 60800.0 15400.0
400 59280.0 15400.0
401 58710.0 12600.0
402 59280.0 7000.0
403 60800.0 7000.0
404 60610.0 12600.0
405 64410.0 37800.0
406 63460.0 37800.0
407 66880.0 37800.0
408 65550.0 37800.0
409 63080.0 15400.0
410 58520.0 18200.0
411 57570.0 12600.0
412 54720.0 7000.0
413 48640.0 9800.0
414 51490.0 12600.0
415 55480.0 35000.0
416 54720.0 12600.0
417 53200.0 12600.0
418 52250.0 7000.0
419 50540.0 4200.0
420 47500.0 4200.0
421 48830.0 4200.0
422 46930.0 43400.0
423 48640.0 40600.0
424 48070.0 43400.0
425 46740.0 15400.0
426 46740.0 18200.0
427 46170.0 12600.0
428 44080.0 7000.0
429 42180.0 7000.0
430 42750.0 12600.0
431 44650.0 35000.0
432 44460.0 40600.0
433 45030.0 37800.0
434 48260.0 15400.0
435 48260.0 18200.0
436 49210.0 12600.0
437 56240.0 12600.0
438 57000.0 9800.0
439 50350.0 12600.0
440 37620.0 15400.0
441 77330.0 32200.0
442 77710.0 37800.0
443 71820.0 40600.0
444 67260.0 40600.0
445 76570.0 37800.0
446 70870.0 37800.0
447 70110.0 40600.0
448 68400.0 40600.0
449 54340.0 37800.0
450 40470.0 15400.0
451 41610.0 15400.0
452 41230.0 12600.0
453 38000.0 9800.0
454 36100.0 9800.0
455 39710.0 12600.0
456 37810.0 21000.0
458 78850.0 9800.0
459 78470.0 15400.0
461 76190.0 15400.0
462 54150.0 4200.0
463 30780.0 18200.0
464 27550.0 18200.0
465 27930.0 21000.0
466 42750.0 4200.0
467 25840.0 18200.0
468 24130.0 18200.0
469 22990.0 21000.0
470 40090.0 4200.0
471 18050.0 7000.0
472 25840.0 26600.0
473 24130.0 26600.0
474 17670.0 23800.0
476 38570.0 4200.0
477 14820.0 12600.0
478 11210.0 23800.0
479 11970.0 26600.0
480 56050.0 7000.0
481 12160.0 18200.0
482 11210.0 21000.0
483 13490.0 21000.0
484 13110.0 4200.0
485 13110.0 23800.0
486 8930.0 23800.0
487 72010.0 7000.0
488 73150.0 15400.0
489 72010.0 18200.0
490 53010.0 4200.0
491 61560.0 21000.0
492 61750.0 18200.0
493 64410.0 18200.0
494 53390.0 7000.0
495 60420.0 26600.0
496 64030.0 26600.0
497 66310.0 26600.0
498 51870.0 4200.0
499 52820.0 23800.0
500 54910.0 26600.0
501 57570.0 26600.0
502 55290.0 4200.0
503 57000.0 18200.0
504 57950.0 21000.0
505 55670.0 21000.0
506 45790.0 4200.0
507 46740.0 26600.0
508 48450.0 26600.0
509 51110.0 26600.0
510 41610.0 4200.0
511 41420.0 26600.0
512 39330.0 26600.0
513 44270.0 29400.0
514 62130.0 7000.0
515 51680.0 21000.0
516 47310.0 21000.0
517 45410.0 21000.0
518 43890.0 4200.0
519 39900.0 9800.0
520 40090.0 21000.0
521 33630.0 23800.0
522 27930.0 7000.0
523 17670.0 4200.0
524 34390.0 4200.0
525 76570.0 7000.0
526 27930.0 12600.0
527 19190.0 12600.0
528 16530.0 9800.0
529 5890.0 9800.0
530 5890.0 12600.0
531 6650.0 4200.0
532 76190.0 4200.0
533 73530.0 9800.0
534 64790.0 4200.0
535 61750.0 9800.0
536 53010.0 9800.0
537 48450.0 7000.0
538 44270.0 9800.0
539 52250.0 15400.0
540 35910.0 12600.0
541 77330.0 12600.0
542 26410.0 23800.0
543 18430.0 21000.0
544 18430.0 26600.0
545 5890.0 29400.0
546 5890.0 21000.0
547 6270.0 26600.0
548 76570.0 18200.0
549 65930.0 21000.0
550 68210.0 29400.0
551 59470.0 29400.0
552 56810.0 23800.0
553 51110.0 29400.0
554 39710.0 29400.0
555 45410.0 23800.0
556 32490.0 26600.0
