Instance ID x_center y_center
0 84190.0 140.0
1 53950.0 140.0
2 77470.0 140.0
3 55070.0 140.0
4 51710.0 140.0
5 50590.0 140.0
6 71870.0 140.0
7 70750.0 140.0
8 72990.0 140.0
9 47230.0 140.0
10 46110.0 140.0
11 57310.0 140.0
12 78590.0 140.0
13 83070.0 140.0
14 58430.0 140.0
15 59550.0 140.0
16 41630.0 140.0
17 81950.0 140.0
18 39390.0 140.0
19 62910.0 140.0
20 38270.0 140.0
21 37150.0 140.0
22 74110.0 140.0
23 60670.0 140.0
24 56190.0 140.0
25 79710.0 140.0
26 36030.0 140.0
27 61790.0 140.0
28 48350.0 140.0
29 40510.0 140.0
30 49470.0 140.0
31 75230.0 140.0
32 64030.0 140.0
33 33790.0 140.0
34 34910.0 140.0
35 67390.0 140.0
36 52830.0 140.0
37 32670.0 140.0
38 31550.0 140.0
39 65150.0 140.0
40 28190.0 140.0
41 27070.0 140.0
42 42750.0 140.0
43 66270.0 140.0
44 76350.0 140.0
45 25950.0 140.0
46 30430.0 140.0
47 80830.0 140.0
48 69630.0 140.0
49 44990.0 140.0
50 29310.0 140.0
51 68510.0 140.0
52 24830.0 140.0
53 43870.0 140.0
54 32300.0 21000.0
55 37240.0 23800.0
56 44270.0 23800.0
57 57190.0 29400.0
58 41990.0 23800.0
59 13300.0 29400.0
60 11210.0 21000.0
61 15960.0 23800.0
62 22610.0 23800.0
63 17670.0 23800.0
64 88350.0 26600.0
65 93290.0 21000.0
66 96330.0 18200.0
67 103930.0 12600.0
68 85310.0 18200.0
69 67450.0 32200.0
70 68970.0 21000.0
71 95190.0 32200.0
72 85880.0 32200.0
73 68590.0 18200.0
74 42750.0 21000.0
76 45600.0 9800.0
77 45600.0 7000.0
81 36670.0 4200.0
82 41990.0 4200.0
84 43890.0 7000.0
85 43700.0 4200.0
88 34200.0 4200.0
89 35340.0 4200.0
90 43130.0 9800.0
91 42180.0 9800.0
92 41040.0 9800.0
93 84360.0 12600.0
95 87970.0 18200.0
96 91010.0 15400.0
97 86830.0 18200.0
98 88160.0 21000.0
99 83790.0 29400.0
100 79040.0 26600.0
101 87210.0 26600.0
102 87210.0 32200.0
103 90630.0 21000.0
104 92340.0 21000.0
105 92910.0 23800.0
106 90630.0 23800.0
107 87590.0 35000.0
108 85690.0 35000.0
109 83790.0 23800.0
110 85120.0 23800.0
111 84740.0 35000.0
112 84170.0 37800.0
113 63460.0 29400.0
114 64790.0 32200.0
115 62890.0 32200.0
116 60990.0 35000.0
117 67450.0 21000.0
118 63080.0 23800.0
119 69350.0 26600.0
120 65550.0 37800.0
121 61750.0 40600.0
122 73150.0 32200.0
123 75620.0 29400.0
124 76950.0 32200.0
125 75050.0 35000.0
126 80370.0 32200.0
127 80940.0 29400.0
128 81510.0 32200.0
129 80750.0 35000.0
130 77330.0 37800.0
131 60610.0 37800.0
132 57570.0 37800.0
133 64410.0 35000.0
134 62890.0 35000.0
135 49400.0 40600.0
136 76380.0 35000.0
137 83030.0 32200.0
138 78090.0 35000.0
139 51300.0 40600.0
140 51110.0 43400.0
141 55670.0 40600.0
142 14060.0 9800.0
143 14630.0 29400.0
144 9500.0 32200.0
145 16150.0 29400.0
146 11970.0 35000.0
147 21090.0 37800.0
148 25080.0 23800.0
149 24510.0 26600.0
150 26790.0 29400.0
151 22990.0 32200.0
152 22230.0 37800.0
153 11210.0 23800.0
154 13680.0 18200.0
155 12730.0 18200.0
156 10070.0 35000.0
157 11210.0 37800.0
158 11020.0 32200.0
159 15010.0 37800.0
160 21470.0 35000.0
161 29070.0 23800.0
162 30020.0 18200.0
163 31350.0 21000.0
164 29830.0 32200.0
165 35530.0 21000.0
166 36100.0 18200.0
167 35910.0 26600.0
168 34770.0 29400.0
169 31730.0 35000.0
170 41800.0 37800.0
171 43510.0 26600.0
172 44460.0 21000.0
173 45790.0 23800.0
174 44650.0 32200.0
175 46550.0 40600.0
176 56810.0 26600.0
177 58140.0 26600.0
178 57190.0 32200.0
179 55290.0 35000.0
180 55670.0 37800.0
181 43510.0 40600.0
182 43130.0 37800.0
183 43510.0 35000.0
184 51490.0 35000.0
185 46170.0 29400.0
186 46170.0 32200.0
187 44840.0 35000.0
188 39330.0 35000.0
189 26980.0 32200.0
190 33440.0 29400.0
191 28120.0 32200.0
192 37810.0 35000.0
193 40850.0 35000.0
194 16340.0 32200.0
195 16150.0 35000.0
196 13490.0 32200.0
197 14060.0 37800.0
198 13680.0 35000.0
199 15010.0 35000.0
200 41990.0 35000.0
201 47690.0 32200.0
202 52630.0 15400.0
203 46170.0 12600.0
204 54720.0 15400.0
205 83600.0 15400.0
206 51680.0 18200.0
207 88160.0 15400.0
208 44270.0 9800.0
210 87970.0 9800.0
211 46930.0 9800.0
213 85120.0 7000.0
214 85500.0 4200.0
215 86830.0 9800.0
216 50730.0 21000.0
217 46550.0 18200.0
218 34960.0 18200.0
219 82650.0 37800.0
220 81510.0 37800.0
221 80560.0 37800.0
222 85880.0 37800.0
223 79230.0 37800.0
224 45220.0 40600.0
225 29640.0 35000.0
226 29830.0 37800.0
227 44840.0 37800.0
228 30780.0 37800.0
229 32110.0 37800.0
230 31920.0 32200.0
231 48450.0 15400.0
232 33630.0 15400.0
233 34770.0 15400.0
234 36670.0 12600.0
235 36480.0 9800.0
236 38000.0 9800.0
237 37810.0 12600.0
238 26980.0 18200.0
239 90440.0 35000.0
240 94620.0 18200.0
241 91200.0 18200.0
242 92340.0 37800.0
243 89490.0 21000.0
244 88540.0 23800.0
245 88920.0 40600.0
246 91770.0 40600.0
247 88350.0 37800.0
248 90060.0 43400.0
249 73910.0 40600.0
250 73720.0 43400.0
251 87590.0 43400.0
252 85690.0 43400.0
253 68970.0 37800.0
254 67830.0 37800.0
255 69160.0 43400.0
256 84360.0 32200.0
257 83030.0 35000.0
258 77520.0 43400.0
259 70110.0 46200.0
260 63270.0 46200.0
261 35720.0 40600.0
262 37430.0 40600.0
263 40280.0 43400.0
264 61750.0 43400.0
265 58710.0 43400.0
266 47120.0 43400.0
267 42370.0 43400.0
268 41230.0 43400.0
269 31350.0 46200.0
270 38000.0 32200.0
271 34960.0 32200.0
272 57950.0 35000.0
273 56810.0 35000.0
274 34960.0 43400.0
275 29640.0 43400.0
276 30590.0 43400.0
277 31730.0 43400.0
278 32680.0 43400.0
279 33060.0 46200.0
280 33630.0 43400.0
281 30970.0 15400.0
282 27170.0 15400.0
283 27170.0 9800.0
284 29260.0 4200.0
285 30780.0 4200.0
286 26030.0 4200.0
287 22800.0 18200.0
288 47120.0 37800.0
289 48260.0 37800.0
290 46170.0 37800.0
291 39140.0 37800.0
292 40090.0 37800.0
293 51490.0 37800.0
294 52440.0 37800.0
295 50350.0 37800.0
296 38190.0 37800.0
297 34390.0 37800.0
298 34200.0 35000.0
299 36860.0 37800.0
300 35530.0 37800.0
301 26030.0 15400.0
302 25650.0 18200.0
303 26030.0 12600.0
304 23180.0 9800.0
305 24700.0 9800.0
306 24890.0 12600.0
307 15580.0 18200.0
308 33250.0 40600.0
309 36100.0 43400.0
310 38950.0 43400.0
311 75430.0 43400.0
312 71440.0 43400.0
313 89110.0 43400.0
314 80370.0 43400.0
315 72770.0 43400.0
316 67260.0 43400.0
317 55670.0 43400.0
318 25080.0 32200.0
319 24320.0 35000.0
320 23560.0 37800.0
321 28880.0 43400.0
322 26220.0 43400.0
323 27550.0 43400.0
324 23180.0 43400.0
325 21850.0 43400.0
326 21470.0 40600.0
327 24320.0 43400.0
328 22990.0 40600.0
329 18810.0 15400.0
330 15390.0 15400.0
331 15390.0 9800.0
332 14060.0 7000.0
333 16340.0 4200.0
334 15390.0 7000.0
335 11400.0 18200.0
336 25080.0 37800.0
337 27930.0 35000.0
338 28310.0 37800.0
339 9120.0 40600.0
340 26600.0 35000.0
341 26790.0 37800.0
342 22990.0 35000.0
343 17480.0 35000.0
344 18810.0 35000.0
345 18810.0 37800.0
346 9880.0 37800.0
347 6080.0 37800.0
348 7220.0 37800.0
349 8550.0 37800.0
350 12730.0 15400.0
351 10450.0 15400.0
352 10830.0 12600.0
353 12920.0 12600.0
354 12920.0 9800.0
355 9310.0 9800.0
356 9880.0 18200.0
357 16150.0 37800.0
358 19380.0 40600.0
359 19380.0 43400.0
360 20710.0 43400.0
361 18050.0 43400.0
362 12540.0 37800.0
363 17860.0 40600.0
364 15770.0 43400.0
365 14820.0 43400.0
366 13490.0 43400.0
367 14630.0 40600.0
368 13300.0 40600.0
369 16150.0 40600.0
370 13870.0 15400.0
371 11590.0 15400.0
372 11210.0 9800.0
373 13300.0 4200.0
374 14820.0 4200.0
375 11970.0 4200.0
376 89680.0 18200.0
377 83980.0 18200.0
378 85120.0 15400.0
379 86640.0 15400.0
380 86070.0 12600.0
381 83980.0 4200.0
382 82460.0 4200.0
383 83410.0 7000.0
384 86260.0 21000.0
385 87400.0 12600.0
386 89680.0 15400.0
387 89490.0 12600.0
388 87020.0 7000.0
389 87020.0 4200.0
390 89490.0 7000.0
391 84360.0 40600.0
392 82080.0 12600.0
393 82080.0 15400.0
394 79230.0 9800.0
395 77900.0 4200.0
396 73720.0 4200.0
397 74290.0 9800.0
398 73340.0 37800.0
399 74480.0 15400.0
400 74100.0 18200.0
401 72770.0 18200.0
402 78660.0 18200.0
403 76760.0 18200.0
404 75430.0 18200.0
405 77710.0 40600.0
406 76760.0 40600.0
407 78660.0 43400.0
408 79230.0 40600.0
409 77520.0 15400.0
410 76000.0 15400.0
411 72770.0 15400.0
412 72580.0 9800.0
413 70680.0 9800.0
414 71630.0 15400.0
415 71060.0 37800.0
416 69160.0 15400.0
417 67640.0 15400.0
418 64790.0 12600.0
419 60420.0 9800.0
420 60040.0 7000.0
421 63650.0 12600.0
422 60610.0 43400.0
423 64220.0 43400.0
424 62890.0 43400.0
425 65740.0 15400.0
426 66880.0 18200.0
427 65170.0 18200.0
428 64220.0 15400.0
429 62700.0 15400.0
430 64030.0 18200.0
431 53770.0 35000.0
432 52820.0 40600.0
433 53770.0 37800.0
434 55860.0 15400.0
435 55860.0 18200.0
436 54530.0 9800.0
437 59280.0 12600.0
438 58900.0 9800.0
439 55670.0 9800.0
440 44080.0 18200.0
441 89870.0 37800.0
442 89870.0 40600.0
443 86640.0 40600.0
444 76760.0 43400.0
445 87970.0 40600.0
446 84170.0 43400.0
447 83030.0 43400.0
448 81700.0 43400.0
449 67260.0 35000.0
450 47690.0 18200.0
451 45410.0 18200.0
452 44270.0 12600.0
453 42940.0 12600.0
454 41420.0 12600.0
455 45030.0 15400.0
456 46550.0 21000.0
458 92150.0 7000.0
459 93290.0 12600.0
461 95570.0 12600.0
462 60610.0 4200.0
463 37620.0 18200.0
464 37430.0 21000.0
465 39330.0 23800.0
466 54910.0 7000.0
467 32680.0 18200.0
468 28690.0 18200.0
469 29450.0 21000.0
470 51490.0 4200.0
471 90630.0 12600.0
472 26600.0 23800.0
473 26410.0 26600.0
474 22230.0 26600.0
476 50350.0 7000.0
477 17480.0 15400.0
478 17290.0 18200.0
479 13490.0 23800.0
480 55670.0 4200.0
481 19380.0 18200.0
482 18050.0 21000.0
483 13110.0 21000.0
484 24130.0 4200.0
485 20330.0 23800.0
486 16910.0 26600.0
487 90630.0 4200.0
488 93290.0 15400.0
489 95570.0 15400.0
490 61750.0 4200.0
491 92720.0 18200.0
492 94810.0 21000.0
493 97090.0 21000.0
494 57950.0 4200.0
495 77900.0 23800.0
496 79610.0 23800.0
497 81890.0 23800.0
498 62510.0 7000.0
499 82080.0 29400.0
500 85310.0 29400.0
501 87590.0 29400.0
502 67450.0 7000.0
503 76760.0 29400.0
504 94050.0 29400.0
505 96330.0 29400.0
506 56810.0 4200.0
507 63080.0 21000.0
508 61370.0 21000.0
509 65170.0 21000.0
510 53390.0 4200.0
511 61940.0 26600.0
512 63650.0 26600.0
513 65930.0 26600.0
514 67070.0 4200.0
515 59280.0 26600.0
516 55290.0 26600.0
517 53390.0 26600.0
518 64030.0 4200.0
519 49020.0 12600.0
520 47310.0 23800.0
521 40470.0 26600.0
522 30970.0 7000.0
523 39710.0 7000.0
524 47690.0 4200.0
525 83030.0 9800.0
526 32870.0 12600.0
527 23750.0 7000.0
528 21090.0 12600.0
529 9690.0 7000.0
530 7030.0 12600.0
531 8170.0 4200.0
532 95190.0 4200.0
533 99370.0 7000.0
534 75050.0 7000.0
535 76570.0 21000.0
536 72390.0 12600.0
537 64410.0 9800.0
538 60230.0 18200.0
539 55290.0 12600.0
540 41230.0 15400.0
541 100130.0 12600.0
542 33250.0 23800.0
543 24890.0 21000.0
544 22610.0 29400.0
545 9310.0 29400.0
546 7030.0 21000.0
547 7410.0 26600.0
548 100130.0 18200.0
549 99750.0 23800.0
550 83410.0 26600.0
551 91390.0 32200.0
552 98990.0 32200.0
553 66690.0 23800.0
554 67070.0 29400.0
555 53390.0 29400.0
556 41610.0 29400.0
