Instance ID x_center y_center
0 76350.0 140.0
1 46110.0 140.0
2 69630.0 140.0
3 47230.0 140.0
4 43870.0 140.0
5 42750.0 140.0
6 64030.0 140.0
7 62910.0 140.0
8 65150.0 140.0
9 39390.0 140.0
10 38270.0 140.0
11 49470.0 140.0
12 70750.0 140.0
13 75230.0 140.0
14 50590.0 140.0
15 51710.0 140.0
16 33790.0 140.0
17 74110.0 140.0
18 31550.0 140.0
19 55070.0 140.0
20 30430.0 140.0
21 29310.0 140.0
22 66270.0 140.0
23 52830.0 140.0
24 48350.0 140.0
25 71870.0 140.0
26 28190.0 140.0
27 53950.0 140.0
28 40510.0 140.0
29 32670.0 140.0
30 41630.0 140.0
31 67390.0 140.0
32 56190.0 140.0
33 25950.0 140.0
34 27070.0 140.0
35 59550.0 140.0
36 44990.0 140.0
37 24830.0 140.0
38 23710.0 140.0
39 57310.0 140.0
40 20350.0 140.0
41 19230.0 140.0
42 34910.0 140.0
43 58430.0 140.0
44 68510.0 140.0
45 18110.0 140.0
46 22590.0 140.0
47 72990.0 140.0
48 61790.0 140.0
49 37150.0 140.0
50 21470.0 140.0
51 60670.0 140.0
52 16990.0 140.0
53 36030.0 140.0
54 26220.0 21000.0
55 32300.0 21000.0
56 37810.0 23800.0
57 49210.0 29400.0
58 35530.0 21000.0
59 11020.0 23800.0
60 8550.0 21000.0
61 14060.0 21000.0
62 17670.0 21000.0
63 15010.0 23800.0
64 76190.0 29400.0
65 81130.0 15400.0
66 89870.0 21000.0
67 88350.0 15400.0
68 75050.0 18200.0
69 57190.0 26600.0
70 59470.0 18200.0
71 62510.0 29400.0
72 67260.0 21000.0
73 61370.0 18200.0
74 37430.0 21000.0
76 42180.0 7000.0
77 34960.0 4200.0
81 30210.0 4200.0
82 36670.0 4200.0
84 33250.0 4200.0
85 31540.0 4200.0
88 22420.0 7000.0
89 23940.0 7000.0
90 31730.0 7000.0
91 34200.0 9800.0
92 33060.0 7000.0
93 72960.0 12600.0
95 79230.0 21000.0
96 78850.0 12600.0
97 74670.0 21000.0
98 77900.0 21000.0
99 72390.0 29400.0
100 75240.0 29400.0
101 76950.0 32200.0
102 75430.0 32200.0
103 73530.0 21000.0
104 76380.0 18200.0
105 76570.0 21000.0
106 76570.0 23800.0
107 79230.0 32200.0
108 79610.0 35000.0
109 73910.0 26600.0
110 73720.0 29400.0
111 72200.0 32200.0
112 73530.0 32200.0
113 53200.0 23800.0
114 53390.0 29400.0
115 51870.0 23800.0
116 54150.0 32200.0
117 60230.0 21000.0
118 57760.0 18200.0
119 57950.0 23800.0
120 57950.0 35000.0
121 55670.0 37800.0
122 63270.0 26600.0
123 64600.0 26600.0
124 64030.0 29400.0
125 64030.0 32200.0
126 68210.0 21000.0
127 69160.0 21000.0
128 69350.0 26600.0
129 68590.0 29400.0
130 65170.0 35000.0
131 53010.0 37800.0
132 49970.0 37800.0
133 55670.0 32200.0
134 52250.0 32200.0
135 41800.0 35000.0
136 66120.0 29400.0
137 68210.0 26600.0
138 66310.0 32200.0
139 44080.0 35000.0
140 44650.0 40600.0
141 45030.0 37800.0
142 11400.0 9800.0
143 12730.0 29400.0
144 9500.0 32200.0
145 14250.0 29400.0
146 8170.0 32200.0
147 21850.0 35000.0
148 21660.0 23800.0
149 22230.0 26600.0
150 19950.0 29400.0
151 20710.0 32200.0
152 20710.0 35000.0
153 10070.0 21000.0
154 10260.0 18200.0
155 10070.0 23800.0
156 10450.0 29400.0
157 10830.0 35000.0
158 13680.0 26600.0
159 14630.0 32200.0
160 24890.0 32200.0
161 25270.0 23800.0
162 23940.0 18200.0
163 25270.0 21000.0
164 25650.0 29400.0
165 33630.0 21000.0
166 33440.0 18200.0
167 33250.0 23800.0
168 32490.0 26600.0
169 28690.0 32200.0
170 34960.0 35000.0
171 40090.0 23800.0
172 40660.0 26600.0
173 39710.0 21000.0
174 40090.0 29400.0
175 39330.0 35000.0
176 50730.0 29400.0
177 49400.0 23800.0
178 48070.0 29400.0
179 48070.0 32200.0
180 48830.0 35000.0
181 37430.0 37800.0
182 36290.0 35000.0
183 39710.0 32200.0
184 44270.0 32200.0
185 38190.0 29400.0
186 38190.0 32200.0
187 37240.0 32200.0
188 35910.0 32200.0
189 25460.0 26600.0
190 31160.0 26600.0
191 23940.0 29400.0
192 32110.0 32200.0
193 33250.0 32200.0
194 12920.0 32200.0
195 16910.0 32200.0
196 11970.0 26600.0
197 11780.0 32200.0
198 10640.0 32200.0
199 15770.0 32200.0
200 34390.0 32200.0
201 36290.0 29400.0
202 50350.0 18200.0
203 40470.0 9800.0
204 43320.0 12600.0
205 75240.0 12600.0
206 45220.0 18200.0
207 77520.0 12600.0
208 34770.0 7000.0
210 78090.0 9800.0
211 43510.0 7000.0
213 71060.0 9800.0
214 70680.0 4200.0
215 78090.0 4200.0
216 43890.0 21000.0
217 41230.0 18200.0
218 30020.0 18200.0
219 71250.0 32200.0
220 68970.0 35000.0
221 69920.0 35000.0
222 77900.0 35000.0
223 71250.0 35000.0
224 39140.0 37800.0
225 30780.0 32200.0
226 30970.0 35000.0
227 38000.0 35000.0
228 26600.0 35000.0
229 27550.0 35000.0
230 28500.0 29400.0
231 41990.0 15400.0
232 28310.0 15400.0
233 29830.0 15400.0
234 28310.0 9800.0
235 33060.0 9800.0
236 31540.0 9800.0
237 29450.0 9800.0
238 22800.0 18200.0
239 77900.0 32200.0
240 88540.0 23800.0
241 75620.0 21000.0
242 76000.0 37800.0
243 72390.0 21000.0
244 74480.0 23800.0
245 76760.0 35000.0
246 77710.0 37800.0
247 73150.0 35000.0
248 73720.0 37800.0
249 60990.0 37800.0
250 61940.0 40600.0
251 72770.0 40600.0
252 70870.0 40600.0
253 59470.0 32200.0
254 58330.0 32200.0
255 58520.0 40600.0
256 69920.0 29400.0
257 69350.0 32200.0
258 64600.0 37800.0
259 60990.0 43400.0
260 53390.0 43400.0
261 32300.0 35000.0
262 34390.0 37800.0
263 35340.0 40600.0
264 50350.0 40600.0
265 48830.0 40600.0
266 41040.0 40600.0
267 34770.0 43400.0
268 28690.0 43400.0
269 25270.0 43400.0
270 33060.0 29400.0
271 31920.0 29400.0
272 50730.0 32200.0
273 49590.0 32200.0
274 31920.0 40600.0
275 26600.0 43400.0
276 23750.0 43400.0
277 24130.0 40600.0
278 21660.0 40600.0
279 22420.0 43400.0
280 22990.0 40600.0
281 23750.0 15400.0
282 22610.0 15400.0
283 22230.0 9800.0
284 25080.0 12600.0
285 24320.0 9800.0
286 21090.0 9800.0
287 19380.0 18200.0
288 42940.0 37800.0
289 42940.0 35000.0
290 35910.0 37800.0
291 33060.0 35000.0
292 34010.0 35000.0
293 40470.0 37800.0
294 48640.0 37800.0
295 41990.0 37800.0
296 32490.0 37800.0
297 28690.0 37800.0
298 27740.0 37800.0
299 31160.0 37800.0
300 29830.0 37800.0
301 26030.0 15400.0
302 19190.0 15400.0
303 18050.0 9800.0
304 20900.0 4200.0
305 19380.0 4200.0
306 17290.0 4200.0
307 9880.0 15400.0
308 28310.0 40600.0
309 29640.0 40600.0
310 34010.0 40600.0
311 63270.0 40600.0
312 59660.0 40600.0
313 71630.0 37800.0
314 66690.0 37800.0
315 60990.0 40600.0
316 56620.0 40600.0
317 53010.0 40600.0
318 18620.0 29400.0
319 21660.0 29400.0
320 22800.0 37800.0
321 30780.0 40600.0
322 25460.0 40600.0
323 26790.0 40600.0
324 26600.0 37800.0
325 25270.0 37800.0
326 21470.0 37800.0
327 23940.0 37800.0
328 19950.0 37800.0
329 15010.0 15400.0
330 8550.0 15400.0
331 9310.0 9800.0
332 11400.0 7000.0
333 12920.0 7000.0
334 8170.0 9800.0
335 11400.0 15400.0
336 25460.0 35000.0
337 28690.0 35000.0
338 29830.0 35000.0
339 13300.0 35000.0
340 22800.0 35000.0
341 24130.0 35000.0
342 22990.0 32200.0
343 17860.0 32200.0
344 18810.0 35000.0
345 17670.0 35000.0
346 12160.0 35000.0
347 16720.0 35000.0
348 15580.0 35000.0
349 14250.0 35000.0
350 13870.0 15400.0
351 12730.0 15400.0
352 10450.0 12600.0
353 12160.0 12600.0
354 12920.0 9800.0
355 10450.0 9800.0
356 16720.0 18200.0
357 11210.0 37800.0
358 16340.0 40600.0
359 19000.0 40600.0
360 20330.0 40600.0
361 17670.0 40600.0
362 9500.0 35000.0
363 13680.0 40600.0
364 15010.0 40600.0
365 15960.0 37800.0
366 13490.0 37800.0
367 12350.0 37800.0
368 14820.0 37800.0
369 18050.0 37800.0
370 17290.0 15400.0
371 16150.0 15400.0
372 15010.0 9800.0
373 11780.0 4200.0
374 13300.0 4200.0
375 14250.0 7000.0
376 71820.0 23800.0
377 71820.0 18200.0
378 72200.0 15400.0
379 78280.0 15400.0
380 76570.0 9800.0
381 73720.0 9800.0
382 72960.0 4200.0
383 75810.0 4200.0
384 79420.0 23800.0
385 75240.0 15400.0
386 79800.0 15400.0
387 79610.0 9800.0
388 74480.0 7000.0
389 74480.0 4200.0
390 76950.0 4200.0
391 75240.0 35000.0
392 73720.0 15400.0
393 73340.0 18200.0
394 72390.0 9800.0
395 66500.0 7000.0
396 66880.0 4200.0
397 68970.0 4200.0
398 63080.0 35000.0
399 65740.0 12600.0
400 63080.0 12600.0
401 61750.0 12600.0
402 64980.0 9800.0
403 66500.0 9800.0
404 64410.0 12600.0
405 65550.0 37800.0
406 66500.0 35000.0
407 68020.0 37800.0
408 69350.0 37800.0
409 69540.0 15400.0
410 64220.0 18200.0
411 62510.0 9800.0
412 61940.0 4200.0
413 60420.0 4200.0
414 60990.0 9800.0
415 60800.0 35000.0
416 60420.0 15400.0
417 58900.0 15400.0
418 57570.0 15400.0
419 57000.0 9800.0
420 55480.0 9800.0
421 56050.0 15400.0
422 51870.0 40600.0
423 50920.0 43400.0
424 51490.0 37800.0
425 50920.0 12600.0
426 50920.0 15400.0
427 49590.0 15400.0
428 52820.0 9800.0
429 44840.0 9800.0
430 47310.0 12600.0
431 45410.0 35000.0
432 47500.0 37800.0
433 46550.0 35000.0
434 46740.0 15400.0
435 48260.0 15400.0
436 49590.0 12600.0
437 54340.0 7000.0
438 54340.0 4200.0
439 49590.0 4200.0
440 37620.0 18200.0
441 74670.0 37800.0
442 74290.0 40600.0
443 69160.0 40600.0
444 64600.0 40600.0
445 72770.0 37800.0
446 70490.0 37800.0
447 67070.0 40600.0
448 65740.0 40600.0
449 52820.0 35000.0
450 38950.0 15400.0
451 37810.0 15400.0
452 36670.0 15400.0
453 38380.0 9800.0
454 35340.0 9800.0
455 36670.0 9800.0
456 44650.0 23800.0
458 81510.0 9800.0
459 83030.0 15400.0
461 85310.0 15400.0
462 45030.0 4200.0
463 34960.0 18200.0
464 31730.0 18200.0
465 30590.0 21000.0
466 45790.0 7000.0
467 27740.0 18200.0
468 25650.0 18200.0
469 27930.0 21000.0
470 43890.0 4200.0
471 68210.0 12600.0
472 22800.0 23800.0
473 20330.0 23800.0
474 18050.0 23800.0
476 41990.0 4200.0
477 14440.0 12600.0
478 13490.0 18200.0
479 12730.0 23800.0
480 48450.0 4200.0
481 15200.0 18200.0
482 11590.0 18200.0
483 12350.0 21000.0
484 15390.0 4200.0
485 16150.0 21000.0
486 10070.0 26600.0
487 81130.0 12600.0
488 82270.0 18200.0
489 81510.0 21000.0
490 55670.0 4200.0
491 76760.0 15400.0
492 77710.0 18200.0
493 79990.0 18200.0
494 47310.0 4200.0
495 75240.0 26600.0
496 76950.0 26600.0
497 78090.0 29400.0
498 55670.0 7000.0
499 68400.0 18200.0
500 66690.0 18200.0
501 65550.0 21000.0
502 58710.0 4200.0
503 62700.0 23800.0
504 60990.0 23800.0
505 59850.0 26600.0
506 50730.0 4200.0
507 52820.0 18200.0
508 51870.0 21000.0
509 55670.0 18200.0
510 46170.0 4200.0
511 48640.0 21000.0
512 48070.0 23800.0
513 48830.0 26600.0
514 57950.0 7000.0
515 46740.0 26600.0
516 45030.0 26600.0
517 42750.0 26600.0
518 53010.0 4200.0
519 42180.0 12600.0
520 42370.0 23800.0
521 35910.0 23800.0
522 25270.0 4200.0
523 27930.0 7000.0
524 38570.0 7000.0
525 81890.0 4200.0
526 30970.0 12600.0
527 20710.0 12600.0
528 18050.0 7000.0
529 7410.0 7000.0
530 6270.0 12600.0
531 7410.0 4200.0
532 84930.0 7000.0
533 78470.0 7000.0
534 70490.0 7000.0
535 65550.0 15400.0
536 61750.0 7000.0
537 57190.0 12600.0
538 48830.0 9800.0
539 50350.0 7000.0
540 37810.0 12600.0
541 86450.0 12600.0
542 29450.0 23800.0
543 21470.0 21000.0
544 18050.0 26600.0
545 6270.0 23800.0
546 6270.0 18200.0
547 6270.0 29400.0
548 86070.0 21000.0
549 87210.0 18200.0
550 82650.0 29400.0
551 66690.0 23800.0
552 58330.0 29400.0
553 56050.0 21000.0
554 53390.0 26600.0
555 44270.0 29400.0
556 36670.0 26600.0
