Instance ID x_center y_center
0 66270.0 140.0
1 36030.0 140.0
2 59550.0 140.0
3 37150.0 140.0
4 33790.0 140.0
5 32670.0 140.0
6 53950.0 140.0
7 52830.0 140.0
8 55070.0 140.0
9 29310.0 140.0
10 28190.0 140.0
11 39390.0 140.0
12 60670.0 140.0
13 65150.0 140.0
14 40510.0 140.0
15 41630.0 140.0
16 23710.0 140.0
17 64030.0 140.0
18 21470.0 140.0
19 44990.0 140.0
20 20350.0 140.0
21 19230.0 140.0
22 56190.0 140.0
23 42750.0 140.0
24 38270.0 140.0
25 61790.0 140.0
26 18110.0 140.0
27 43870.0 140.0
28 30430.0 140.0
29 22590.0 140.0
30 31550.0 140.0
31 57310.0 140.0
32 46110.0 140.0
33 15870.0 140.0
34 16990.0 140.0
35 49470.0 140.0
36 34910.0 140.0
37 14750.0 140.0
38 13630.0 140.0
39 47230.0 140.0
40 10270.0 140.0
41 9150.0 140.0
42 24830.0 140.0
43 48350.0 140.0
44 58430.0 140.0
45 8030.0 140.0
46 12510.0 140.0
47 62910.0 140.0
48 51710.0 140.0
49 27070.0 140.0
50 11390.0 140.0
51 50590.0 140.0
52 6910.0 140.0
53 25950.0 140.0
54 20140.0 21000.0
55 24700.0 23800.0
56 30590.0 23800.0
57 40470.0 29400.0
58 29070.0 23800.0
59 8360.0 26600.0
60 5510.0 26600.0
61 12540.0 35000.0
62 16910.0 26600.0
63 13110.0 26600.0
64 67070.0 35000.0
65 58710.0 23800.0
66 69730.0 21000.0
67 70110.0 15400.0
68 59090.0 21000.0
69 39330.0 32200.0
70 49210.0 23800.0
71 51490.0 35000.0
72 54720.0 29400.0
73 45410.0 21000.0
74 27170.0 23800.0
76 28120.0 4200.0
77 22040.0 4200.0
81 23370.0 4200.0
82 24890.0 4200.0
84 22990.0 9800.0
85 20520.0 4200.0
88 17860.0 4200.0
89 19000.0 4200.0
90 23370.0 7000.0
91 22420.0 7000.0
92 20520.0 7000.0
93 59660.0 15400.0
95 61750.0 21000.0
96 62890.0 18200.0
97 62890.0 21000.0
98 63080.0 26600.0
99 62130.0 35000.0
100 61180.0 32200.0
101 63270.0 35000.0
102 62130.0 37800.0
103 60610.0 26600.0
104 59660.0 26600.0
105 58710.0 26600.0
106 60230.0 29400.0
107 60610.0 40600.0
108 59090.0 37800.0
109 59850.0 32200.0
110 60040.0 35000.0
111 58140.0 43400.0
112 56430.0 43400.0
113 37620.0 29400.0
114 37810.0 32200.0
115 41230.0 32200.0
116 39710.0 37800.0
117 47690.0 23800.0
118 44080.0 21000.0
119 47310.0 29400.0
120 46930.0 40600.0
121 41990.0 46200.0
122 47690.0 32200.0
123 45980.0 29400.0
124 49970.0 35000.0
125 48450.0 37800.0
126 56050.0 29400.0
127 53960.0 29400.0
128 54530.0 35000.0
129 56430.0 35000.0
130 52630.0 40600.0
131 43510.0 43400.0
132 41610.0 43400.0
133 42370.0 37800.0
134 37810.0 37800.0
135 34580.0 43400.0
136 47120.0 37800.0
137 53010.0 35000.0
138 50730.0 37800.0
139 37240.0 49000.0
140 36290.0 46200.0
141 38950.0 43400.0
142 10260.0 9800.0
143 10070.0 35000.0
144 6840.0 37800.0
145 11590.0 35000.0
146 11210.0 40600.0
147 16150.0 43400.0
148 17860.0 26600.0
149 19190.0 29400.0
150 17290.0 29400.0
151 16150.0 37800.0
152 17290.0 43400.0
153 7030.0 26600.0
154 9500.0 23800.0
155 9310.0 26600.0
156 9310.0 40600.0
157 5890.0 43400.0
158 7980.0 32200.0
159 7030.0 43400.0
160 16150.0 40600.0
161 21090.0 23800.0
162 21280.0 18200.0
163 19950.0 23800.0
164 20710.0 35000.0
165 25650.0 26600.0
166 26980.0 21000.0
167 25650.0 23800.0
168 26030.0 32200.0
169 22990.0 37800.0
170 28120.0 40600.0
171 31730.0 29400.0
172 31540.0 23800.0
173 30210.0 26600.0
174 29450.0 32200.0
175 29830.0 43400.0
176 38950.0 29400.0
177 43320.0 26600.0
178 41610.0 29400.0
179 39710.0 35000.0
180 40850.0 40600.0
181 30590.0 46200.0
182 29830.0 40600.0
183 31730.0 40600.0
184 34770.0 40600.0
185 30970.0 32200.0
186 30590.0 35000.0
187 28880.0 37800.0
188 26790.0 37800.0
189 20140.0 32200.0
190 24700.0 32200.0
191 19000.0 35000.0
192 25270.0 40600.0
193 26410.0 40600.0
194 11780.0 37800.0
195 7790.0 37800.0
196 9690.0 32200.0
197 8740.0 43400.0
198 9120.0 37800.0
199 10450.0 37800.0
200 25270.0 37800.0
201 28690.0 35000.0
202 37430.0 21000.0
203 26030.0 15400.0
204 35340.0 15400.0
205 61560.0 15400.0
206 34580.0 18200.0
207 61940.0 12600.0
208 27930.0 9800.0
210 60610.0 12600.0
211 29070.0 9800.0
213 59660.0 9800.0
214 59660.0 4200.0
215 60990.0 9800.0
216 33250.0 21000.0
217 30210.0 21000.0
218 25080.0 18200.0
219 57190.0 40600.0
220 54150.0 40600.0
221 54720.0 43400.0
222 57760.0 37800.0
223 55670.0 40600.0
224 31160.0 43400.0
225 20520.0 40600.0
226 21470.0 40600.0
227 30020.0 37800.0
228 19760.0 37800.0
229 20710.0 37800.0
230 22800.0 35000.0
231 28690.0 18200.0
232 22610.0 18200.0
233 23750.0 18200.0
234 33250.0 15400.0
235 41040.0 7000.0
236 41040.0 4200.0
237 33250.0 7000.0
238 16340.0 21000.0
239 64220.0 40600.0
240 63080.0 23800.0
241 63840.0 21000.0
242 64220.0 43400.0
243 61750.0 26600.0
244 61940.0 29400.0
245 61180.0 43400.0
246 62510.0 43400.0
247 58710.0 40600.0
248 59660.0 46200.0
249 49210.0 46200.0
250 50160.0 51800.0
251 59850.0 49000.0
252 61750.0 49000.0
253 45410.0 37800.0
254 44270.0 40600.0
255 45600.0 46200.0
256 60420.0 37800.0
257 55670.0 37800.0
258 51680.0 49000.0
259 48070.0 49000.0
260 42370.0 49000.0
261 27360.0 40600.0
262 28690.0 46200.0
263 29640.0 49000.0
264 39710.0 46200.0
265 35910.0 49000.0
266 32680.0 49000.0
267 30970.0 49000.0
268 26790.0 49000.0
269 19570.0 51800.0
270 27360.0 32200.0
271 25460.0 35000.0
272 41230.0 35000.0
273 41230.0 37800.0
274 26600.0 46200.0
275 18240.0 51800.0
276 20330.0 49000.0
277 21470.0 49000.0
278 22420.0 49000.0
279 19000.0 49000.0
280 17670.0 49000.0
281 15770.0 18200.0
282 16910.0 18200.0
283 18430.0 18200.0
284 23180.0 12600.0
285 20900.0 9800.0
286 18430.0 9800.0
287 20140.0 18200.0
288 33440.0 46200.0
289 32300.0 46200.0
290 28310.0 43400.0
291 25840.0 43400.0
292 27170.0 43400.0
293 33630.0 43400.0
294 35340.0 43400.0
295 32490.0 43400.0
296 24890.0 43400.0
297 22230.0 43400.0
298 23180.0 43400.0
299 25080.0 46200.0
300 23750.0 46200.0
301 21470.0 15400.0
302 19950.0 15400.0
303 18810.0 15400.0
304 17100.0 9800.0
305 17480.0 15400.0
306 16150.0 15400.0
307 14060.0 21000.0
308 23750.0 49000.0
309 25840.0 49000.0
310 28310.0 49000.0
311 50350.0 49000.0
312 45980.0 49000.0
313 58710.0 46200.0
314 52630.0 49000.0
315 46550.0 46200.0
316 44460.0 46200.0
317 44650.0 49000.0
318 17860.0 35000.0
319 18620.0 37800.0
320 19000.0 43400.0
321 22800.0 46200.0
322 19380.0 46200.0
323 20710.0 46200.0
324 17860.0 46200.0
325 16910.0 46200.0
326 15010.0 43400.0
327 15580.0 46200.0
328 13490.0 43400.0
329 13110.0 15400.0
330 13870.0 18200.0
331 11210.0 15400.0
332 12540.0 9800.0
333 12540.0 7000.0
334 11210.0 9800.0
335 8360.0 21000.0
336 17860.0 40600.0
337 19950.0 43400.0
338 21090.0 43400.0
339 7980.0 43400.0
340 18240.0 43400.0
341 19190.0 40600.0
342 14630.0 40600.0
343 12920.0 37800.0
344 13870.0 37800.0
345 13110.0 40600.0
346 6080.0 40600.0
347 3420.0 43400.0
348 4560.0 43400.0
349 4750.0 40600.0
350 7410.0 18200.0
351 8550.0 18200.0
352 9690.0 15400.0
353 10260.0 7000.0
354 10260.0 4200.0
355 8550.0 7000.0
356 6460.0 21000.0
357 10830.0 43400.0
358 11780.0 49000.0
359 15200.0 49000.0
360 16530.0 49000.0
361 13110.0 49000.0
362 7600.0 40600.0
363 12540.0 46200.0
364 10450.0 49000.0
365 8360.0 49000.0
366 9310.0 49000.0
367 9690.0 43400.0
368 9120.0 46200.0
369 10830.0 46200.0
370 9690.0 18200.0
371 6270.0 18200.0
372 5130.0 18200.0
373 8740.0 12600.0
374 7220.0 12600.0
375 4370.0 12600.0
376 60800.0 23800.0
377 60800.0 21000.0
378 61180.0 18200.0
379 59660.0 18200.0
380 59470.0 12600.0
381 61940.0 4200.0
382 58140.0 4200.0
383 58330.0 9800.0
384 58140.0 29400.0
385 57760.0 15400.0
386 58140.0 18200.0
387 58330.0 12600.0
388 63460.0 12600.0
389 55860.0 9800.0
390 57190.0 12600.0
391 62700.0 40600.0
392 56620.0 18200.0
393 57380.0 21000.0
394 56430.0 15400.0
395 56620.0 4200.0
396 53960.0 4200.0
397 55290.0 4200.0
398 53200.0 37800.0
399 52440.0 18200.0
400 50920.0 18200.0
401 50350.0 15400.0
402 53200.0 9800.0
403 53200.0 15400.0
404 51870.0 9800.0
405 51870.0 43400.0
406 51680.0 46200.0
407 52820.0 46200.0
408 53390.0 43400.0
409 54720.0 18200.0
410 49400.0 18200.0
411 47690.0 15400.0
412 48260.0 12600.0
413 46360.0 9800.0
414 46930.0 12600.0
415 50540.0 40600.0
416 51680.0 15400.0
417 49020.0 15400.0
418 48830.0 9800.0
419 43700.0 9800.0
420 43700.0 7000.0
421 47690.0 9800.0
422 39710.0 51800.0
423 39900.0 49000.0
424 38190.0 49000.0
425 38760.0 18200.0
426 39900.0 21000.0
427 36290.0 15400.0
428 36860.0 9800.0
429 33820.0 9800.0
430 35150.0 9800.0
431 38950.0 40600.0
432 36480.0 43400.0
433 37810.0 40600.0
434 37620.0 15400.0
435 39900.0 15400.0
436 41610.0 15400.0
437 44460.0 15400.0
438 45980.0 15400.0
439 42750.0 15400.0
440 29640.0 15400.0
441 65550.0 43400.0
442 62890.0 46200.0
443 61180.0 46200.0
444 53960.0 46200.0
445 59470.0 43400.0
446 57190.0 46200.0
447 55670.0 49000.0
448 55100.0 46200.0
449 49400.0 43400.0
450 32110.0 15400.0
451 30970.0 15400.0
452 28310.0 15400.0
453 30400.0 9800.0
454 26600.0 9800.0
455 27170.0 15400.0
456 33630.0 23800.0
458 62890.0 9800.0
459 63270.0 15400.0
461 66310.0 15400.0
462 42370.0 4200.0
463 28500.0 21000.0
464 25650.0 21000.0
465 22990.0 23800.0
466 34770.0 4200.0
467 23180.0 21000.0
468 21470.0 21000.0
469 18430.0 21000.0
470 32110.0 7000.0
471 48070.0 18200.0
472 21280.0 29400.0
473 21470.0 32200.0
474 15010.0 29400.0
476 32490.0 4200.0
477 12540.0 29400.0
478 11970.0 32200.0
479 14250.0 35000.0
480 38190.0 4200.0
481 12160.0 21000.0
482 10450.0 21000.0
483 11210.0 23800.0
484 11970.0 18200.0
485 11210.0 26600.0
486 10450.0 29400.0
487 65550.0 9800.0
488 65170.0 21000.0
489 67450.0 21000.0
490 43510.0 4200.0
491 50920.0 23800.0
492 52630.0 23800.0
493 54910.0 23800.0
494 35910.0 4200.0
495 58520.0 32200.0
496 62510.0 32200.0
497 65170.0 35000.0
498 44650.0 4200.0
499 50920.0 26600.0
500 49590.0 29400.0
501 52250.0 29400.0
502 37050.0 4200.0
503 43320.0 29400.0
504 43130.0 32200.0
505 45410.0 32200.0
506 42370.0 7000.0
507 42940.0 21000.0
508 43130.0 23800.0
509 45410.0 23800.0
510 33630.0 4200.0
511 34200.0 29400.0
512 33250.0 32200.0
513 35530.0 32200.0
514 49590.0 4200.0
515 41420.0 23800.0
516 41990.0 26600.0
517 38190.0 23800.0
518 41230.0 9800.0
519 32680.0 12600.0
520 32870.0 26600.0
521 27930.0 26600.0
522 14250.0 4200.0
523 16530.0 7000.0
524 27170.0 7000.0
525 62130.0 7000.0
526 37050.0 7000.0
527 19190.0 12600.0
528 12730.0 12600.0
529 5890.0 9800.0
530 6270.0 4200.0
531 5890.0 15400.0
532 66690.0 4200.0
533 67450.0 12600.0
534 55670.0 7000.0
535 53010.0 12600.0
536 43130.0 12600.0
537 49210.0 7000.0
538 36670.0 12600.0
539 43890.0 18200.0
540 28310.0 12600.0
541 67450.0 18200.0
542 21470.0 26600.0
543 16150.0 23800.0
544 16530.0 32200.0
545 5890.0 35000.0
546 5890.0 23800.0
547 5890.0 29400.0
548 67450.0 23800.0
549 54910.0 26600.0
550 67450.0 37800.0
551 53770.0 32200.0
552 45790.0 35000.0
553 46930.0 26600.0
554 35530.0 35000.0
555 38190.0 26600.0
556 26790.0 29400.0
