Instance ID x_center y_center
0 76350.0 140.0
1 46110.0 140.0
2 69630.0 140.0
3 47230.0 140.0
4 43870.0 140.0
5 42750.0 140.0
6 64030.0 140.0
7 62910.0 140.0
8 65150.0 140.0
9 39390.0 140.0
10 38270.0 140.0
11 49470.0 140.0
12 70750.0 140.0
13 75230.0 140.0
14 50590.0 140.0
15 51710.0 140.0
16 33790.0 140.0
17 74110.0 140.0
18 31550.0 140.0
19 55070.0 140.0
20 30430.0 140.0
21 29310.0 140.0
22 66270.0 140.0
23 52830.0 140.0
24 48350.0 140.0
25 71870.0 140.0
26 28190.0 140.0
27 53950.0 140.0
28 40510.0 140.0
29 32670.0 140.0
30 41630.0 140.0
31 67390.0 140.0
32 56190.0 140.0
33 25950.0 140.0
34 27070.0 140.0
35 59550.0 140.0
36 44990.0 140.0
37 24830.0 140.0
38 23710.0 140.0
39 57310.0 140.0
40 20350.0 140.0
41 19230.0 140.0
42 34910.0 140.0
43 58430.0 140.0
44 68510.0 140.0
45 18110.0 140.0
46 22590.0 140.0
47 72990.0 140.0
48 61790.0 140.0
49 37150.0 140.0
50 21470.0 140.0
51 60670.0 140.0
52 16990.0 140.0
53 36030.0 140.0
54 23940.0 23800.0
55 31920.0 18200.0
56 38190.0 23800.0
57 47690.0 26600.0
58 35910.0 23800.0
59 10640.0 26600.0
60 13870.0 21000.0
61 11400.0 26600.0
62 20330.0 29400.0
63 12730.0 23800.0
64 76950.0 29400.0
65 80370.0 15400.0
66 85690.0 21000.0
67 89870.0 12600.0
68 74670.0 18200.0
69 56050.0 26600.0
70 62890.0 23800.0
71 67070.0 29400.0
72 80560.0 32200.0
73 58710.0 23800.0
74 34010.0 23800.0
76 41040.0 4200.0
77 33440.0 9800.0
81 29450.0 4200.0
82 33250.0 7000.0
84 34010.0 4200.0
85 30780.0 4200.0
88 26600.0 4200.0
89 27740.0 4200.0
90 32110.0 4200.0
91 31920.0 7000.0
92 31920.0 9800.0
93 74100.0 12600.0
95 76190.0 21000.0
96 78090.0 12600.0
97 72390.0 21000.0
98 73720.0 21000.0
99 74670.0 26600.0
100 72960.0 26600.0
101 75050.0 29400.0
102 75810.0 32200.0
103 77330.0 21000.0
104 77140.0 18200.0
105 78470.0 21000.0
106 76950.0 23800.0
107 71250.0 32200.0
108 69730.0 32200.0
109 72770.0 32200.0
110 74100.0 32200.0
111 69540.0 35000.0
112 68970.0 37800.0
113 53200.0 23800.0
114 54150.0 32200.0
115 52250.0 32200.0
116 53390.0 37800.0
117 60610.0 18200.0
118 63840.0 18200.0
119 60610.0 23800.0
120 59090.0 32200.0
121 52250.0 40600.0
122 59090.0 29400.0
123 58900.0 26600.0
124 64030.0 32200.0
125 61370.0 35000.0
126 78470.0 29400.0
127 79420.0 29400.0
128 79610.0 32200.0
129 80370.0 35000.0
130 66690.0 37800.0
131 51490.0 37800.0
132 49590.0 40600.0
133 55670.0 35000.0
134 55290.0 37800.0
135 42940.0 40600.0
136 62320.0 37800.0
137 78470.0 32200.0
138 63650.0 35000.0
139 47500.0 43400.0
140 44650.0 43400.0
141 46930.0 40600.0
142 10260.0 9800.0
143 8170.0 32200.0
144 7980.0 35000.0
145 13870.0 32200.0
146 10830.0 35000.0
147 20330.0 37800.0
148 22800.0 23800.0
149 22990.0 29400.0
150 21470.0 23800.0
151 22230.0 32200.0
152 22230.0 37800.0
153 8170.0 23800.0
154 11400.0 18200.0
155 12730.0 21000.0
156 12350.0 32200.0
157 11210.0 37800.0
158 10260.0 32200.0
159 12350.0 35000.0
160 22990.0 35000.0
161 26790.0 21000.0
162 25840.0 18200.0
163 24890.0 23800.0
164 26410.0 32200.0
165 31350.0 26600.0
166 32680.0 21000.0
167 32490.0 23800.0
168 31350.0 29400.0
169 28690.0 35000.0
170 35720.0 37800.0
171 38190.0 26600.0
172 40660.0 23800.0
173 40850.0 26600.0
174 42370.0 32200.0
175 42370.0 35000.0
176 49590.0 29400.0
177 50160.0 26600.0
178 47690.0 29400.0
179 47690.0 32200.0
180 48450.0 37800.0
181 40850.0 37800.0
182 38570.0 37800.0
183 39710.0 35000.0
184 45410.0 35000.0
185 40850.0 32200.0
186 39710.0 32200.0
187 37240.0 35000.0
188 35150.0 35000.0
189 25840.0 29400.0
190 29260.0 29400.0
191 24700.0 32200.0
192 31730.0 35000.0
193 32870.0 35000.0
194 15580.0 32200.0
195 16150.0 35000.0
196 10070.0 29400.0
197 9880.0 37800.0
198 9120.0 35000.0
199 15010.0 35000.0
200 32870.0 32200.0
201 37430.0 32200.0
202 49210.0 18200.0
203 42750.0 12600.0
204 46360.0 15400.0
205 73720.0 15400.0
206 45220.0 21000.0
207 75240.0 15400.0
208 41230.0 7000.0
210 75810.0 12600.0
211 39710.0 4200.0
213 74100.0 4200.0
214 74480.0 7000.0
215 76190.0 7000.0
216 39330.0 21000.0
217 39330.0 18200.0
218 30780.0 18200.0
219 68590.0 35000.0
220 65550.0 35000.0
221 66500.0 32200.0
222 68020.0 32200.0
223 67070.0 35000.0
224 42940.0 37800.0
225 31540.0 37800.0
226 30590.0 37800.0
227 36860.0 37800.0
228 27740.0 37800.0
229 28690.0 37800.0
230 28880.0 32200.0
231 45030.0 18200.0
232 29070.0 9800.0
233 29830.0 12600.0
234 27550.0 12600.0
235 31540.0 12600.0
236 33060.0 12600.0
237 28690.0 12600.0
238 22800.0 18200.0
239 76380.0 35000.0
240 81700.0 23800.0
241 78280.0 23800.0
242 78280.0 37800.0
243 75050.0 21000.0
244 74860.0 23800.0
245 77140.0 40600.0
246 78850.0 40600.0
247 75050.0 35000.0
248 75620.0 43400.0
249 61750.0 40600.0
250 62320.0 43400.0
251 74290.0 43400.0
252 72390.0 43400.0
253 57950.0 35000.0
254 59090.0 35000.0
255 59280.0 40600.0
256 77140.0 32200.0
257 78090.0 35000.0
258 64980.0 40600.0
259 60610.0 43400.0
260 56430.0 43400.0
261 30780.0 35000.0
262 33630.0 37800.0
263 33060.0 40600.0
264 52630.0 43400.0
265 51110.0 43400.0
266 39140.0 43400.0
267 32870.0 43400.0
268 31730.0 43400.0
269 23370.0 46200.0
270 32680.0 29400.0
271 30780.0 32200.0
272 50350.0 32200.0
273 49210.0 32200.0
274 30780.0 40600.0
275 24320.0 43400.0
276 24890.0 46200.0
277 25270.0 43400.0
278 20900.0 43400.0
279 22040.0 43400.0
280 23370.0 43400.0
281 21850.0 15400.0
282 23370.0 15400.0
283 24890.0 15400.0
284 26220.0 9800.0
285 27740.0 9800.0
286 24890.0 12600.0
287 20140.0 18200.0
288 41800.0 43400.0
289 41800.0 40600.0
290 38570.0 40600.0
291 34960.0 37800.0
292 35910.0 40600.0
293 40090.0 40600.0
294 44080.0 37800.0
295 37430.0 40600.0
296 37050.0 43400.0
297 34010.0 40600.0
298 29640.0 40600.0
299 35720.0 43400.0
300 34010.0 43400.0
301 26030.0 15400.0
302 19570.0 15400.0
303 20710.0 15400.0
304 21280.0 7000.0
305 23180.0 7000.0
306 24130.0 9800.0
307 14820.0 18200.0
308 29450.0 43400.0
309 30780.0 43400.0
310 31730.0 46200.0
311 63650.0 43400.0
312 61180.0 46200.0
313 73150.0 37800.0
314 68590.0 40600.0
315 65170.0 43400.0
316 57760.0 40600.0
317 58710.0 43400.0
318 19380.0 29400.0
319 19760.0 32200.0
320 19760.0 35000.0
321 26600.0 40600.0
322 26600.0 43400.0
323 27930.0 43400.0
324 25460.0 40600.0
325 24510.0 40600.0
326 19950.0 40600.0
327 23180.0 40600.0
328 21470.0 40600.0
329 16150.0 15400.0
330 15010.0 15400.0
331 14250.0 9800.0
332 11020.0 7000.0
333 12540.0 7000.0
334 13110.0 9800.0
335 12920.0 18200.0
336 23940.0 37800.0
337 26410.0 35000.0
338 26790.0 37800.0
339 16340.0 37800.0
340 25460.0 35000.0
341 25650.0 37800.0
342 21090.0 35000.0
343 17100.0 35000.0
344 18050.0 35000.0
345 18430.0 37800.0
346 15200.0 37800.0
347 13680.0 37800.0
348 12540.0 37800.0
349 13490.0 35000.0
350 13490.0 12600.0
351 13490.0 15400.0
352 11970.0 15400.0
353 10640.0 12600.0
354 12160.0 12600.0
355 6650.0 12600.0
356 9880.0 18200.0
357 10830.0 40600.0
358 17100.0 43400.0
359 18620.0 43400.0
360 19950.0 43400.0
361 15770.0 43400.0
362 8740.0 37800.0
363 14060.0 40600.0
364 14630.0 43400.0
365 13680.0 43400.0
366 12730.0 43400.0
367 9690.0 40600.0
368 12540.0 40600.0
369 16530.0 40600.0
370 14630.0 12600.0
371 10830.0 15400.0
372 11590.0 9800.0
373 12160.0 4200.0
374 13680.0 4200.0
375 9310.0 9800.0
376 72960.0 23800.0
377 71440.0 21000.0
378 71060.0 18200.0
379 72580.0 18200.0
380 75430.0 9800.0
381 72580.0 7000.0
382 71820.0 4200.0
383 75430.0 4200.0
384 70680.0 23800.0
385 72200.0 15400.0
386 76760.0 15400.0
387 76950.0 12600.0
388 73720.0 9800.0
389 71820.0 9800.0
390 76950.0 9800.0
391 72960.0 35000.0
392 69160.0 15400.0
393 69540.0 18200.0
394 69350.0 9800.0
395 69540.0 4200.0
396 66120.0 4200.0
397 67830.0 4200.0
398 63840.0 37800.0
399 65360.0 15400.0
400 65360.0 18200.0
401 64030.0 15400.0
402 64600.0 12600.0
403 65740.0 9800.0
404 65930.0 12600.0
405 67450.0 40600.0
406 65360.0 37800.0
407 66120.0 40600.0
408 67450.0 43400.0
409 66880.0 18200.0
410 64220.0 21000.0
411 60610.0 15400.0
412 56620.0 12600.0
413 55100.0 12600.0
414 59850.0 9800.0
415 61940.0 32200.0
416 61940.0 15400.0
417 62320.0 18200.0
418 59090.0 15400.0
419 60800.0 4200.0
420 58900.0 4200.0
421 58710.0 9800.0
422 54150.0 43400.0
423 54720.0 46200.0
424 51870.0 46200.0
425 51680.0 18200.0
426 52060.0 21000.0
427 51490.0 15400.0
428 53200.0 7000.0
429 45600.0 4200.0
430 47690.0 4200.0
431 46170.0 37800.0
432 44460.0 40600.0
433 45030.0 37800.0
434 47500.0 15400.0
435 49020.0 15400.0
436 50350.0 15400.0
437 53580.0 12600.0
438 54720.0 9800.0
439 50730.0 9800.0
440 41040.0 18200.0
441 76190.0 37800.0
442 76190.0 40600.0
443 72580.0 40600.0
444 63840.0 40600.0
445 75050.0 40600.0
446 73910.0 40600.0
447 71250.0 40600.0
448 69920.0 40600.0
449 45600.0 32200.0
450 43130.0 15400.0
451 41990.0 15400.0
452 40850.0 15400.0
453 39520.0 9800.0
454 38000.0 9800.0
455 38570.0 15400.0
456 46170.0 23800.0
458 79990.0 4200.0
459 82270.0 15400.0
461 84550.0 15400.0
462 52250.0 4200.0
463 33060.0 18200.0
464 30970.0 21000.0
465 28690.0 21000.0
466 43890.0 7000.0
467 28120.0 18200.0
468 24510.0 18200.0
469 24890.0 21000.0
470 43510.0 4200.0
471 78850.0 9800.0
472 24700.0 26600.0
473 22990.0 26600.0
474 19190.0 23800.0
476 42370.0 7000.0
477 15960.0 12600.0
478 14630.0 23800.0
479 10450.0 23800.0
480 54530.0 4200.0
481 16720.0 18200.0
482 16150.0 21000.0
483 10830.0 21000.0
484 17290.0 4200.0
485 13870.0 26600.0
486 13490.0 29400.0
487 77330.0 4200.0
488 81510.0 21000.0
489 83790.0 21000.0
490 53390.0 4200.0
491 78280.0 15400.0
492 78470.0 18200.0
493 80750.0 18200.0
494 49970.0 4200.0
495 66500.0 26600.0
496 68590.0 26600.0
497 71250.0 26600.0
498 54910.0 7000.0
499 79420.0 26600.0
500 80750.0 29400.0
501 82270.0 32200.0
502 56430.0 4200.0
503 60040.0 26600.0
504 61750.0 26600.0
505 64030.0 26600.0
506 48830.0 4200.0
507 53580.0 21000.0
508 55290.0 21000.0
509 58330.0 18200.0
510 45410.0 7000.0
511 49400.0 23800.0
512 51110.0 23800.0
513 52630.0 26600.0
514 57570.0 7000.0
515 49020.0 26600.0
516 46550.0 26600.0
517 44650.0 26600.0
518 56050.0 7000.0
519 42560.0 9800.0
520 42750.0 23800.0
521 35150.0 26600.0
522 22990.0 4200.0
523 28310.0 7000.0
524 37430.0 7000.0
525 79990.0 7000.0
526 30210.0 15400.0
527 21090.0 12600.0
528 20330.0 9800.0
529 7030.0 7000.0
530 6270.0 15400.0
531 7410.0 4200.0
532 84550.0 4200.0
533 84930.0 9800.0
534 68210.0 7000.0
535 69730.0 12600.0
536 60610.0 12600.0
537 61370.0 7000.0
538 49210.0 7000.0
539 49590.0 12600.0
540 38950.0 12600.0
541 86070.0 12600.0
542 28690.0 23800.0
543 20330.0 21000.0
544 18810.0 26600.0
545 6650.0 26600.0
546 6270.0 21000.0
547 6270.0 29400.0
548 86070.0 23800.0
549 85310.0 18200.0
550 71250.0 29400.0
551 86830.0 32200.0
552 63270.0 29400.0
553 59470.0 21000.0
554 54150.0 29400.0
555 43510.0 29400.0
556 36670.0 29400.0
