Instance ID x_center y_center
0 9150.0 55600.0
1 39390.0 55600.0
2 15870.0 55600.0
3 38270.0 55600.0
4 41630.0 55600.0
5 42750.0 55600.0
6 21470.0 55600.0
7 22590.0 55600.0
8 20350.0 55600.0
9 46110.0 55600.0
10 47230.0 55600.0
11 36030.0 55600.0
12 14750.0 55600.0
13 10270.0 55600.0
14 34910.0 55600.0
15 33790.0 55600.0
16 51710.0 55600.0
17 11390.0 55600.0
18 53950.0 55600.0
19 30430.0 55600.0
20 55070.0 55600.0
21 56190.0 55600.0
22 19230.0 55600.0
23 32670.0 55600.0
24 37150.0 55600.0
25 13630.0 55600.0
26 57310.0 55600.0
27 31550.0 55600.0
28 44990.0 55600.0
29 52830.0 55600.0
30 43870.0 55600.0
31 18110.0 55600.0
32 29310.0 55600.0
33 59550.0 55600.0
34 58430.0 55600.0
35 25950.0 55600.0
36 40510.0 55600.0
37 60670.0 55600.0
38 61790.0 55600.0
39 28190.0 55600.0
40 65150.0 55600.0
41 66270.0 55600.0
42 50590.0 55600.0
43 27070.0 55600.0
44 16990.0 55600.0
45 67390.0 55600.0
46 62910.0 55600.0
47 12510.0 55600.0
48 23710.0 55600.0
49 48350.0 55600.0
50 64030.0 55600.0
51 24830.0 55600.0
52 68510.0 55600.0
53 49470.0 55600.0
54 60040.0 29400.0
55 50160.0 29400.0
56 44650.0 29400.0
57 37050.0 29400.0
58 48070.0 32200.0
59 71440.0 29400.0
60 70490.0 35000.0
61 65360.0 35000.0
62 62510.0 29400.0
63 65930.0 32200.0
64 23370.0 23800.0
65 28310.0 32200.0
66 16530.0 35000.0
67 9690.0 35000.0
68 24510.0 35000.0
69 38570.0 23800.0
70 31350.0 21000.0
71 12350.0 23800.0
72 9500.0 18200.0
73 26410.0 35000.0
74 48070.0 35000.0
76 46740.0 46200.0
77 44460.0 49000.0
81 53010.0 49000.0
82 49970.0 49000.0
84 47690.0 51800.0
85 49780.0 51800.0
88 55480.0 49000.0
89 54340.0 49000.0
90 48070.0 49000.0
91 47120.0 49000.0
92 45980.0 49000.0
93 22040.0 40600.0
95 18810.0 35000.0
96 18810.0 40600.0
97 17670.0 35000.0
98 19000.0 32200.0
99 21470.0 26600.0
100 22800.0 26600.0
101 21090.0 23800.0
102 19570.0 23800.0
103 25270.0 29400.0
104 28500.0 35000.0
105 26790.0 32200.0
106 24510.0 32200.0
107 20710.0 21000.0
108 20330.0 18200.0
109 22610.0 29400.0
110 21280.0 29400.0
111 22040.0 15400.0
112 21850.0 18200.0
113 37240.0 23800.0
114 35910.0 23800.0
115 33630.0 23800.0
116 34010.0 18200.0
117 33250.0 21000.0
118 31160.0 23800.0
119 30210.0 18200.0
120 30210.0 15400.0
121 33250.0 12600.0
122 16910.0 21000.0
123 15200.0 21000.0
124 13490.0 21000.0
125 10830.0 12600.0
126 10450.0 18200.0
127 11780.0 21000.0
128 12730.0 18200.0
129 14250.0 18200.0
130 20710.0 15400.0
131 37050.0 15400.0
132 42370.0 15400.0
133 32490.0 18200.0
134 35910.0 18200.0
135 36480.0 12600.0
136 12160.0 12600.0
137 11590.0 18200.0
138 12350.0 15400.0
139 41040.0 15400.0
140 39330.0 12600.0
141 43510.0 18200.0
142 67260.0 46200.0
143 68590.0 23800.0
144 68400.0 21000.0
145 67070.0 23800.0
146 69730.0 21000.0
147 64410.0 15400.0
148 61560.0 29400.0
149 63270.0 26600.0
150 65170.0 26600.0
151 62890.0 21000.0
152 62510.0 15400.0
153 70110.0 29400.0
154 72580.0 35000.0
155 71630.0 35000.0
156 71630.0 21000.0
157 72390.0 18200.0
158 73720.0 26600.0
159 73530.0 18200.0
160 62510.0 18200.0
161 60610.0 32200.0
162 61560.0 32200.0
163 58710.0 29400.0
164 59470.0 21000.0
165 47690.0 23800.0
166 42180.0 29400.0
167 51110.0 29400.0
168 49590.0 23800.0
169 56810.0 12600.0
170 51680.0 15400.0
171 45410.0 32200.0
172 44460.0 40600.0
173 43130.0 37800.0
174 45030.0 21000.0
175 45790.0 18200.0
176 34390.0 26600.0
177 28880.0 26600.0
178 36290.0 26600.0
179 38190.0 21000.0
180 38570.0 18200.0
181 48070.0 15400.0
182 49970.0 15400.0
183 49590.0 18200.0
184 50730.0 21000.0
185 46550.0 21000.0
186 47690.0 21000.0
187 50920.0 18200.0
188 52250.0 18200.0
189 60420.0 23800.0
190 52440.0 23800.0
191 59280.0 23800.0
192 54910.0 18200.0
193 53770.0 18200.0
194 67260.0 21000.0
195 74670.0 18200.0
196 72390.0 29400.0
197 74860.0 15400.0
198 73340.0 21000.0
199 74670.0 21000.0
200 53770.0 21000.0
201 54910.0 23800.0
202 49210.0 37800.0
203 50730.0 43400.0
204 46740.0 40600.0
205 23940.0 40600.0
206 54340.0 37800.0
207 20140.0 40600.0
208 44650.0 46200.0
210 19950.0 46200.0
211 45790.0 46200.0
213 21660.0 49000.0
214 21280.0 51800.0
215 19950.0 49000.0
216 52250.0 35000.0
217 46930.0 37800.0
218 49400.0 40600.0
219 23370.0 15400.0
220 24510.0 15400.0
221 25460.0 15400.0
222 23560.0 18200.0
223 25270.0 18200.0
224 46740.0 12600.0
225 58140.0 15400.0
226 58710.0 18200.0
227 47880.0 18200.0
228 56620.0 18200.0
229 57570.0 18200.0
230 57380.0 21000.0
231 52630.0 40600.0
232 57570.0 40600.0
233 48830.0 43400.0
234 43130.0 46200.0
235 34580.0 46200.0
236 34960.0 49000.0
237 36670.0 49000.0
238 59280.0 37800.0
239 23560.0 21000.0
240 17100.0 32200.0
241 20900.0 32200.0
242 22420.0 21000.0
243 24130.0 29400.0
244 19760.0 29400.0
245 19380.0 18200.0
246 18810.0 21000.0
247 18810.0 15400.0
248 20140.0 12600.0
249 24130.0 9800.0
250 25080.0 7000.0
251 20330.0 9800.0
252 18430.0 9800.0
253 26790.0 15400.0
254 27930.0 15400.0
255 28880.0 9800.0
256 15580.0 18200.0
257 15010.0 15400.0
258 21660.0 9800.0
259 27170.0 9800.0
260 34390.0 9800.0
261 49020.0 12600.0
262 48070.0 9800.0
263 48260.0 7000.0
264 35530.0 12600.0
265 39710.0 9800.0
266 44460.0 7000.0
267 47310.0 7000.0
268 51490.0 7000.0
269 61370.0 7000.0
270 48640.0 21000.0
271 51300.0 23800.0
272 35530.0 21000.0
273 36670.0 21000.0
274 50160.0 9800.0
275 58140.0 9800.0
276 59090.0 7000.0
277 59090.0 9800.0
278 58900.0 12600.0
279 60040.0 12600.0
280 60230.0 9800.0
281 60990.0 40600.0
282 59470.0 40600.0
283 56050.0 43400.0
284 56620.0 46200.0
285 55100.0 46200.0
286 54910.0 43400.0
287 63840.0 37800.0
288 44080.0 12600.0
289 44080.0 15400.0
290 46550.0 15400.0
291 54340.0 15400.0
292 53010.0 15400.0
293 45410.0 15400.0
294 43320.0 12600.0
295 45030.0 12600.0
296 53010.0 12600.0
297 56810.0 15400.0
298 55100.0 9800.0
299 54340.0 12600.0
300 55670.0 15400.0
301 55670.0 40600.0
302 62890.0 40600.0
303 60230.0 46200.0
304 61560.0 49000.0
305 58520.0 49000.0
306 59850.0 49000.0
307 66500.0 37800.0
308 56430.0 9800.0
309 54720.0 7000.0
310 49590.0 7000.0
311 26790.0 7000.0
312 30020.0 9800.0
313 18050.0 12600.0
314 16910.0 12600.0
315 30210.0 12600.0
316 31920.0 9800.0
317 41230.0 9800.0
318 64980.0 23800.0
319 63460.0 23800.0
320 63080.0 12600.0
321 52060.0 12600.0
322 61940.0 12600.0
323 62510.0 9800.0
324 63840.0 9800.0
325 65550.0 12600.0
326 66690.0 12600.0
327 64220.0 12600.0
328 65930.0 15400.0
329 65550.0 40600.0
330 66690.0 40600.0
331 67070.0 43400.0
332 65740.0 49000.0
333 64220.0 49000.0
334 68210.0 46200.0
335 69160.0 35000.0
336 60800.0 15400.0
337 59470.0 15400.0
338 59850.0 18200.0
339 68400.0 18200.0
340 63460.0 15400.0
341 64030.0 18200.0
342 60990.0 18200.0
343 66120.0 21000.0
344 65170.0 21000.0
345 65930.0 18200.0
346 69540.0 18200.0
347 67260.0 15400.0
348 67260.0 18200.0
349 68210.0 15400.0
350 67830.0 40600.0
351 68970.0 40600.0
352 68210.0 43400.0
353 67260.0 49000.0
354 65740.0 51800.0
355 67070.0 51800.0
356 71440.0 40600.0
357 69350.0 15400.0
358 64980.0 9800.0
359 67640.0 9800.0
360 69730.0 9800.0
361 66310.0 9800.0
362 71060.0 18200.0
363 68780.0 12600.0
364 70110.0 12600.0
365 71060.0 12600.0
366 72010.0 12600.0
367 73910.0 15400.0
368 72580.0 15400.0
369 70870.0 15400.0
370 70110.0 40600.0
371 72770.0 40600.0
372 70490.0 46200.0
373 66120.0 46200.0
374 64220.0 46200.0
375 69350.0 46200.0
376 22420.0 32200.0
377 23180.0 35000.0
378 27360.0 37800.0
379 24320.0 37800.0
380 24130.0 46200.0
381 23180.0 49000.0
382 24700.0 51800.0
383 23370.0 51800.0
384 21660.0 35000.0
385 22800.0 37800.0
386 25840.0 37800.0
387 25270.0 43400.0
388 31160.0 49000.0
389 31540.0 51800.0
390 26030.0 46200.0
391 17480.0 23800.0
392 19760.0 37800.0
393 21280.0 37800.0
394 21850.0 43400.0
395 22800.0 46200.0
396 21280.0 46200.0
397 18810.0 46200.0
398 17860.0 18200.0
399 18240.0 37800.0
400 16340.0 37800.0
401 14250.0 43400.0
402 9880.0 43400.0
403 10260.0 46200.0
404 11590.0 46200.0
405 15770.0 12600.0
406 12920.0 9800.0
407 13300.0 12600.0
408 14630.0 12600.0
409 14440.0 37800.0
410 12920.0 37800.0
411 13110.0 43400.0
412 15200.0 46200.0
413 16720.0 46200.0
414 13870.0 46200.0
415 27740.0 18200.0
416 30400.0 37800.0
417 28880.0 37800.0
418 28690.0 40600.0
419 33060.0 43400.0
420 32680.0 46200.0
421 28310.0 46200.0
422 35530.0 7000.0
423 36860.0 9800.0
424 38190.0 9800.0
425 41420.0 37800.0
426 39520.0 37800.0
427 40090.0 40600.0
428 36100.0 43400.0
429 37620.0 43400.0
430 38570.0 40600.0
431 41230.0 18200.0
432 39900.0 15400.0
433 40090.0 18200.0
434 38000.0 37800.0
435 36100.0 37800.0
436 13490.0 40600.0
437 11400.0 37800.0
438 11780.0 43400.0
439 11590.0 40600.0
440 44840.0 37800.0
441 22230.0 23800.0
442 22610.0 12600.0
443 24320.0 12600.0
444 31160.0 12600.0
445 19190.0 12600.0
446 21090.0 12600.0
447 26030.0 12600.0
448 28120.0 12600.0
449 33820.0 15400.0
450 41230.0 40600.0
451 42370.0 40600.0
452 43510.0 40600.0
453 45600.0 40600.0
454 47500.0 43400.0
455 45790.0 43400.0
456 45410.0 35000.0
458 19190.0 51800.0
459 9690.0 37800.0
461 7410.0 37800.0
462 32490.0 49000.0
463 43320.0 29400.0
464 46170.0 29400.0
465 48450.0 29400.0
466 39710.0 49000.0
467 50160.0 32200.0
468 52630.0 29400.0
469 54910.0 29400.0
470 41990.0 49000.0
471 16530.0 40600.0
472 52820.0 32200.0
473 52250.0 26600.0
474 54530.0 26600.0
476 43130.0 49000.0
477 61940.0 37800.0
478 61750.0 35000.0
479 63650.0 32200.0
480 36290.0 51800.0
481 60040.0 35000.0
482 64030.0 35000.0
483 67070.0 35000.0
484 62130.0 46200.0
485 64410.0 29400.0
486 67070.0 29400.0
487 12350.0 51800.0
488 11970.0 35000.0
489 14630.0 35000.0
490 32870.0 51800.0
491 32680.0 35000.0
492 34770.0 35000.0
493 30590.0 35000.0
494 35150.0 51800.0
495 26980.0 29400.0
496 26790.0 26600.0
497 24510.0 26600.0
498 29830.0 51800.0
499 12920.0 26600.0
500 10830.0 26600.0
501 9690.0 21000.0
502 17290.0 51800.0
503 15580.0 23800.0
504 13870.0 23800.0
505 10450.0 23800.0
506 38570.0 51800.0
507 30020.0 23800.0
508 28310.0 23800.0
509 26030.0 23800.0
510 39710.0 51800.0
511 39140.0 26600.0
512 41610.0 26600.0
513 40470.0 21000.0
514 27170.0 51800.0
515 29260.0 29400.0
516 29830.0 26600.0
517 31730.0 26600.0
518 37430.0 51800.0
519 38380.0 49000.0
520 38570.0 35000.0
521 40090.0 29400.0
522 53770.0 51800.0
523 43510.0 51800.0
524 51110.0 46200.0
525 15770.0 49000.0
526 38950.0 46200.0
527 59850.0 43400.0
528 61370.0 51800.0
529 71250.0 49000.0
530 71250.0 51800.0
531 72010.0 43400.0
532 5890.0 51800.0
533 27170.0 49000.0
534 18050.0 43400.0
535 6270.0 46200.0
536 8550.0 49000.0
537 29070.0 43400.0
538 34770.0 40600.0
539 7410.0 40600.0
540 41990.0 43400.0
541 5890.0 35000.0
542 48070.0 26600.0
543 56810.0 32200.0
544 59090.0 26600.0
545 70110.0 32200.0
546 70490.0 37800.0
547 69350.0 26600.0
548 12730.0 32200.0
549 32110.0 32200.0
550 17290.0 26600.0
551 5890.0 18200.0
552 5890.0 23800.0
553 27550.0 21000.0
554 43130.0 23800.0
555 33250.0 29400.0
556 40470.0 32200.0
