Instance ID x_center y_center
0 16990.0 75980.0
1 47230.0 75980.0
2 23710.0 75980.0
3 46110.0 75980.0
4 49470.0 75980.0
5 50590.0 75980.0
6 29310.0 75980.0
7 30430.0 75980.0
8 28190.0 75980.0
9 53950.0 75980.0
10 55070.0 75980.0
11 43870.0 75980.0
12 22590.0 75980.0
13 18110.0 75980.0
14 42750.0 75980.0
15 41630.0 75980.0
16 59550.0 75980.0
17 19230.0 75980.0
18 61790.0 75980.0
19 38270.0 75980.0
20 62910.0 75980.0
21 64030.0 75980.0
22 27070.0 75980.0
23 40510.0 75980.0
24 44990.0 75980.0
25 21470.0 75980.0
26 65150.0 75980.0
27 39390.0 75980.0
28 52830.0 75980.0
29 60670.0 75980.0
30 51710.0 75980.0
31 25950.0 75980.0
32 37150.0 75980.0
33 67390.0 75980.0
34 66270.0 75980.0
35 33790.0 75980.0
36 48350.0 75980.0
37 68510.0 75980.0
38 69630.0 75980.0
39 36030.0 75980.0
40 72990.0 75980.0
41 74110.0 75980.0
42 58430.0 75980.0
43 34910.0 75980.0
44 24830.0 75980.0
45 75230.0 75980.0
46 70750.0 75980.0
47 20350.0 75980.0
48 31550.0 75980.0
49 56190.0 75980.0
50 71870.0 75980.0
51 32670.0 75980.0
52 76350.0 75980.0
53 57310.0 75980.0
54 69160.0 51800.0
55 57000.0 46200.0
56 57190.0 54600.0
57 40090.0 43400.0
58 53390.0 51800.0
59 86640.0 49000.0
60 86450.0 54600.0
61 83600.0 51800.0
62 78470.0 49000.0
63 83030.0 54600.0
64 15010.0 43400.0
65 13110.0 51800.0
66 11970.0 51800.0
67 12350.0 63000.0
68 19570.0 57400.0
69 46550.0 43400.0
70 42750.0 51800.0
71 29450.0 54600.0
72 28880.0 43400.0
73 39710.0 57400.0
74 53390.0 57400.0
76 56240.0 65800.0
77 57380.0 65800.0
81 59090.0 63000.0
82 58710.0 68600.0
84 56810.0 71400.0
85 60800.0 71400.0
88 63460.0 71400.0
89 62320.0 71400.0
90 60230.0 68600.0
91 58140.0 71400.0
92 59280.0 71400.0
93 19380.0 63000.0
95 18430.0 51800.0
96 17670.0 63000.0
97 18810.0 54600.0
98 20140.0 54600.0
99 20330.0 46200.0
100 16340.0 46200.0
101 16150.0 43400.0
102 17670.0 43400.0
103 16530.0 54600.0
104 15580.0 54600.0
105 14630.0 54600.0
106 16910.0 51800.0
107 16530.0 37800.0
108 19190.0 40600.0
109 19190.0 46200.0
110 17860.0 46200.0
111 16340.0 40600.0
112 17670.0 40600.0
113 48640.0 46200.0
114 48070.0 43400.0
115 46170.0 49000.0
116 45030.0 40600.0
117 39330.0 49000.0
118 41040.0 54600.0
119 41610.0 49000.0
120 40470.0 37800.0
121 41230.0 35000.0
122 33250.0 49000.0
123 32300.0 51800.0
124 30970.0 54600.0
125 29070.0 37800.0
126 27170.0 49000.0
127 27740.0 46200.0
128 24890.0 43400.0
129 26410.0 43400.0
130 26030.0 37800.0
131 44650.0 37800.0
132 48830.0 40600.0
133 43510.0 40600.0
134 46930.0 40600.0
135 46740.0 35000.0
136 30780.0 37800.0
137 27930.0 43400.0
138 30970.0 40600.0
139 52440.0 35000.0
140 49590.0 35000.0
141 51110.0 37800.0
142 81320.0 60200.0
143 81130.0 46200.0
144 80560.0 43400.0
145 79610.0 46200.0
146 79230.0 43400.0
147 72770.0 37800.0
148 79040.0 51800.0
149 76190.0 49000.0
150 75430.0 54600.0
151 72770.0 46200.0
152 71630.0 37800.0
153 84930.0 54600.0
154 85120.0 57400.0
155 81510.0 57400.0
156 81890.0 43400.0
157 80750.0 37800.0
158 83600.0 46200.0
159 79610.0 37800.0
160 73910.0 40600.0
161 68210.0 51800.0
162 67260.0 51800.0
163 65930.0 51800.0
164 68210.0 46200.0
165 55670.0 46200.0
166 51300.0 49000.0
167 58710.0 49000.0
168 59090.0 46200.0
169 64030.0 35000.0
170 61560.0 35000.0
171 57570.0 51800.0
172 52060.0 57400.0
173 54910.0 54600.0
174 56050.0 43400.0
175 55290.0 37800.0
176 40090.0 46200.0
177 38380.0 46200.0
178 38950.0 43400.0
179 41990.0 40600.0
180 46550.0 37800.0
181 57190.0 35000.0
182 60230.0 35000.0
183 63270.0 40600.0
184 64410.0 43400.0
185 53390.0 43400.0
186 54530.0 43400.0
187 61940.0 40600.0
188 64790.0 37800.0
189 69540.0 46200.0
190 61940.0 46200.0
191 66500.0 46200.0
192 68590.0 40600.0
193 70870.0 40600.0
194 78280.0 46200.0
195 77710.0 43400.0
196 85690.0 43400.0
197 85120.0 40600.0
198 84360.0 43400.0
199 76570.0 43400.0
200 70110.0 43400.0
201 70870.0 49000.0
202 61370.0 57400.0
203 64790.0 63000.0
204 48260.0 60200.0
205 21280.0 63000.0
206 66880.0 57400.0
207 18240.0 60200.0
208 54150.0 65800.0
210 16910.0 65800.0
211 55290.0 65800.0
213 23560.0 68600.0
214 25080.0 68600.0
215 15770.0 68600.0
216 65170.0 54600.0
217 62130.0 60200.0
218 58520.0 57400.0
219 18050.0 37800.0
220 19190.0 37800.0
221 20140.0 37800.0
222 20520.0 40600.0
223 22230.0 37800.0
224 55100.0 35000.0
225 58520.0 35000.0
226 59090.0 37800.0
227 57760.0 37800.0
228 60040.0 37800.0
229 59470.0 40600.0
230 61560.0 43400.0
231 65550.0 60200.0
232 60610.0 60200.0
233 59090.0 60200.0
234 54530.0 63000.0
235 48640.0 68600.0
236 42180.0 71400.0
237 42750.0 65800.0
238 71820.0 57400.0
239 20900.0 37800.0
240 14820.0 51800.0
241 20900.0 51800.0
242 21660.0 35000.0
243 17670.0 54600.0
244 19760.0 51800.0
245 20140.0 32200.0
246 19950.0 35000.0
247 24130.0 37800.0
248 24320.0 35000.0
249 34390.0 35000.0
250 34200.0 29400.0
251 27170.0 32200.0
252 25270.0 32200.0
253 37430.0 40600.0
254 37430.0 37800.0
255 31540.0 32200.0
256 20900.0 43400.0
257 27550.0 40600.0
258 30780.0 32200.0
259 33250.0 32200.0
260 42750.0 29400.0
261 58520.0 29400.0
262 57950.0 32200.0
263 56620.0 32200.0
264 43510.0 32200.0
265 46170.0 32200.0
266 54720.0 32200.0
267 55670.0 32200.0
268 64410.0 32200.0
269 69350.0 29400.0
270 57760.0 46200.0
271 60800.0 46200.0
272 40470.0 40600.0
273 39330.0 40600.0
274 61560.0 32200.0
275 66120.0 32200.0
276 69730.0 32200.0
277 68590.0 32200.0
278 66880.0 29400.0
279 67260.0 32200.0
280 68590.0 35000.0
281 69350.0 60200.0
282 70870.0 60200.0
283 70490.0 63000.0
284 66880.0 63000.0
285 66500.0 65800.0
286 69350.0 63000.0
287 74480.0 57400.0
288 53580.0 35000.0
289 53960.0 37800.0
290 56430.0 37800.0
291 69920.0 40600.0
292 64790.0 40600.0
293 56430.0 40600.0
294 54720.0 40600.0
295 57950.0 40600.0
296 67450.0 40600.0
297 67830.0 43400.0
298 66880.0 37800.0
299 66120.0 40600.0
300 66690.0 43400.0
301 72770.0 60200.0
302 74290.0 60200.0
303 74290.0 63000.0
304 75240.0 71400.0
305 72960.0 71400.0
306 74290.0 65800.0
307 79420.0 57400.0
308 67070.0 35000.0
309 65360.0 32200.0
310 59850.0 32200.0
311 35530.0 32200.0
312 37240.0 32200.0
313 25270.0 35000.0
314 28690.0 35000.0
315 37430.0 35000.0
316 39900.0 32200.0
317 51870.0 32200.0
318 74860.0 46200.0
319 76000.0 46200.0
320 76380.0 37800.0
321 62700.0 32200.0
322 70300.0 35000.0
323 71250.0 32200.0
324 72200.0 32200.0
325 73150.0 35000.0
326 74290.0 35000.0
327 71820.0 35000.0
328 74670.0 37800.0
329 75810.0 63000.0
330 79230.0 63000.0
331 80370.0 63000.0
332 81700.0 63000.0
333 75620.0 65800.0
334 81890.0 65800.0
335 78660.0 60200.0
336 69920.0 37800.0
337 62130.0 37800.0
338 63270.0 37800.0
339 79040.0 40600.0
340 67640.0 37800.0
341 68590.0 37800.0
342 72010.0 40600.0
343 75620.0 43400.0
344 74670.0 43400.0
345 75430.0 40600.0
346 77900.0 40600.0
347 77140.0 37800.0
348 78280.0 37800.0
349 76570.0 40600.0
350 76950.0 63000.0
351 78090.0 63000.0
352 78470.0 65800.0
353 83980.0 71400.0
354 77900.0 71400.0
355 78470.0 68600.0
356 77140.0 57400.0
357 78090.0 35000.0
358 76760.0 35000.0
359 74480.0 32200.0
360 75810.0 32200.0
361 73150.0 32200.0
362 80940.0 40600.0
363 79420.0 35000.0
364 80750.0 35000.0
365 81700.0 35000.0
366 83410.0 37800.0
367 84170.0 40600.0
368 82080.0 37800.0
369 82650.0 40600.0
370 75810.0 60200.0
371 77330.0 60200.0
372 76950.0 65800.0
373 81320.0 68600.0
374 79800.0 68600.0
375 79610.0 65800.0
376 22420.0 51800.0
377 23180.0 54600.0
378 23560.0 57400.0
379 19760.0 60200.0
380 19570.0 65800.0
381 19760.0 68600.0
382 21280.0 68600.0
383 18430.0 68600.0
384 20140.0 49000.0
385 21280.0 60200.0
386 16720.0 60200.0
387 16530.0 63000.0
388 17100.0 68600.0
389 20520.0 71400.0
390 15770.0 65800.0
391 22420.0 40600.0
392 21280.0 57400.0
393 17860.0 57400.0
394 15390.0 60200.0
395 18240.0 65800.0
396 22040.0 65800.0
397 15390.0 63000.0
398 24700.0 40600.0
399 32300.0 57400.0
400 30780.0 57400.0
401 30210.0 60200.0
402 27360.0 57400.0
403 26220.0 63000.0
404 29070.0 60200.0
405 29830.0 35000.0
406 26220.0 35000.0
407 27360.0 35000.0
408 27550.0 37800.0
409 28880.0 63000.0
410 30400.0 63000.0
411 30210.0 65800.0
412 32300.0 71400.0
413 32300.0 65800.0
414 30210.0 71400.0
415 34960.0 37800.0
416 35720.0 57400.0
417 37240.0 57400.0
418 37050.0 63000.0
419 40660.0 65800.0
420 40660.0 68600.0
421 37050.0 65800.0
422 44650.0 32200.0
423 42180.0 32200.0
424 44270.0 35000.0
425 49020.0 57400.0
426 47120.0 57400.0
427 47310.0 60200.0
428 48640.0 63000.0
429 48260.0 65800.0
430 46550.0 63000.0
431 51490.0 40600.0
432 48260.0 37800.0
433 50350.0 40600.0
434 45600.0 57400.0
435 41420.0 57400.0
436 39710.0 60200.0
437 38380.0 60200.0
438 32680.0 63000.0
439 33630.0 57400.0
440 56620.0 57400.0
441 21470.0 32200.0
442 22610.0 32200.0
443 23180.0 35000.0
444 32300.0 35000.0
445 23750.0 32200.0
446 28690.0 32200.0
447 30970.0 35000.0
448 31920.0 37800.0
449 35340.0 40600.0
450 57950.0 60200.0
451 56810.0 60200.0
452 55670.0 60200.0
453 55860.0 63000.0
454 57380.0 63000.0
455 55290.0 57400.0
456 59470.0 54600.0
458 24130.0 65800.0
459 11970.0 57400.0
461 11210.0 60200.0
462 45790.0 71400.0
463 51680.0 51800.0
464 51110.0 46200.0
465 53390.0 46200.0
466 49210.0 71400.0
467 60040.0 51800.0
468 60230.0 49000.0
469 62130.0 51800.0
470 50730.0 68600.0
471 35910.0 65800.0
472 71440.0 54600.0
473 71250.0 51800.0
474 73530.0 49000.0
476 52630.0 71400.0
477 80180.0 60200.0
478 80750.0 54600.0
479 81890.0 51800.0
480 44650.0 65800.0
481 84360.0 60200.0
482 82650.0 60200.0
483 83410.0 57400.0
484 81130.0 71400.0
485 82650.0 49000.0
486 84930.0 49000.0
487 22610.0 71400.0
488 13490.0 60200.0
489 9690.0 57400.0
490 38190.0 65800.0
491 15960.0 57400.0
492 14250.0 57400.0
493 12730.0 54600.0
494 48070.0 71400.0
495 18240.0 49000.0
496 16150.0 49000.0
497 14250.0 46200.0
498 38190.0 71400.0
499 23940.0 49000.0
500 25650.0 49000.0
501 29450.0 46200.0
502 36290.0 71400.0
503 32680.0 54600.0
504 31350.0 49000.0
505 29070.0 49000.0
506 43510.0 71400.0
507 42940.0 57400.0
508 42750.0 54600.0
509 38950.0 54600.0
510 51110.0 71400.0
511 48260.0 49000.0
512 43890.0 49000.0
513 44650.0 43400.0
514 27930.0 71400.0
515 31920.0 46200.0
516 33630.0 46200.0
517 35530.0 46200.0
518 44650.0 71400.0
519 46740.0 65800.0
520 46930.0 54600.0
521 48070.0 51800.0
522 64030.0 68600.0
523 54530.0 68600.0
524 61370.0 65800.0
525 13870.0 71400.0
526 44650.0 68600.0
527 70490.0 65800.0
528 74670.0 68600.0
529 86830.0 63000.0
530 86450.0 68600.0
531 86070.0 65800.0
532 6650.0 68600.0
533 11970.0 65800.0
534 8550.0 63000.0
535 25270.0 60200.0
536 29830.0 68600.0
537 36670.0 68600.0
538 42750.0 63000.0
539 34390.0 60200.0
540 51870.0 60200.0
541 6650.0 60200.0
542 54910.0 49000.0
543 65170.0 49000.0
544 75430.0 51800.0
545 87210.0 51800.0
546 88350.0 60200.0
547 87970.0 46200.0
548 7790.0 51800.0
549 8170.0 54600.0
550 11210.0 43400.0
551 24130.0 46200.0
552 28690.0 51800.0
553 38950.0 51800.0
554 45030.0 46200.0
555 35150.0 43400.0
556 50730.0 54600.0
