Instance ID x_center y_center
0 24830.0 56460.0
1 55070.0 56460.0
2 31550.0 56460.0
3 53950.0 56460.0
4 57310.0 56460.0
5 58430.0 56460.0
6 37150.0 56460.0
7 38270.0 56460.0
8 36030.0 56460.0
9 61790.0 56460.0
10 62910.0 56460.0
11 51710.0 56460.0
12 30430.0 56460.0
13 25950.0 56460.0
14 50590.0 56460.0
15 49470.0 56460.0
16 67390.0 56460.0
17 27070.0 56460.0
18 69630.0 56460.0
19 46110.0 56460.0
20 70750.0 56460.0
21 71870.0 56460.0
22 34910.0 56460.0
23 48350.0 56460.0
24 52830.0 56460.0
25 29310.0 56460.0
26 72990.0 56460.0
27 47230.0 56460.0
28 60670.0 56460.0
29 68510.0 56460.0
30 59550.0 56460.0
31 33790.0 56460.0
32 44990.0 56460.0
33 75230.0 56460.0
34 74110.0 56460.0
35 41630.0 56460.0
36 56190.0 56460.0
37 76350.0 56460.0
38 77470.0 56460.0
39 43870.0 56460.0
40 80830.0 56460.0
41 81950.0 56460.0
42 66270.0 56460.0
43 42750.0 56460.0
44 32670.0 56460.0
45 83070.0 56460.0
46 78590.0 56460.0
47 28190.0 56460.0
48 39390.0 56460.0
49 64030.0 56460.0
50 79710.0 56460.0
51 40510.0 56460.0
52 84190.0 56460.0
53 65150.0 56460.0
54 76000.0 23800.0
55 65740.0 29400.0
56 61370.0 26600.0
57 53390.0 23800.0
58 64790.0 26600.0
59 82840.0 29400.0
60 91390.0 35000.0
61 88540.0 29400.0
62 90630.0 23800.0
63 89870.0 29400.0
64 26410.0 21000.0
65 23370.0 29400.0
66 24890.0 35000.0
67 18430.0 43400.0
68 30210.0 35000.0
69 52250.0 32200.0
70 42750.0 35000.0
71 44650.0 21000.0
72 35340.0 23800.0
73 44650.0 35000.0
74 64410.0 35000.0
76 65740.0 46200.0
77 66880.0 46200.0
81 69350.0 49000.0
82 68590.0 46200.0
84 67450.0 51800.0
85 69160.0 51800.0
88 71440.0 49000.0
89 70680.0 51800.0
90 65550.0 51800.0
91 68020.0 49000.0
92 66880.0 49000.0
93 27740.0 40600.0
95 28310.0 32200.0
96 28690.0 35000.0
97 31730.0 32200.0
98 29640.0 32200.0
99 29070.0 21000.0
100 27360.0 23800.0
101 27550.0 21000.0
102 28310.0 18200.0
103 28310.0 29400.0
104 25460.0 29400.0
105 24510.0 29400.0
106 26790.0 26600.0
107 28310.0 12600.0
108 27550.0 15400.0
109 30210.0 21000.0
110 31920.0 21000.0
111 30020.0 12600.0
112 29070.0 15400.0
113 55480.0 32200.0
114 54910.0 29400.0
115 53770.0 32200.0
116 53010.0 15400.0
117 46550.0 29400.0
118 47120.0 32200.0
119 44650.0 29400.0
120 48450.0 15400.0
121 53010.0 9800.0
122 43890.0 23800.0
123 45220.0 23800.0
124 45030.0 18200.0
125 43130.0 15400.0
126 36670.0 23800.0
127 37620.0 23800.0
128 34770.0 21000.0
129 36670.0 18200.0
130 37810.0 15400.0
131 52630.0 12600.0
132 60610.0 15400.0
133 50730.0 15400.0
134 50350.0 12600.0
135 53960.0 12600.0
136 46360.0 18200.0
137 35910.0 21000.0
138 42750.0 18200.0
139 59660.0 12600.0
140 56810.0 12600.0
141 55670.0 15400.0
142 87020.0 49000.0
143 88350.0 18200.0
144 85880.0 15400.0
145 86830.0 18200.0
146 86450.0 12600.0
147 78090.0 9800.0
148 87020.0 23800.0
149 85690.0 23800.0
150 89110.0 23800.0
151 87970.0 21000.0
152 76190.0 12600.0
153 89490.0 35000.0
154 86640.0 35000.0
155 87590.0 35000.0
156 87590.0 15400.0
157 84550.0 15400.0
158 81320.0 26600.0
159 83030.0 18200.0
160 77710.0 18200.0
161 78090.0 26600.0
162 77520.0 29400.0
163 76950.0 23800.0
164 78470.0 23800.0
165 66690.0 26600.0
166 64980.0 29400.0
167 66690.0 29400.0
168 67830.0 23800.0
169 71250.0 9800.0
170 65360.0 9800.0
171 63650.0 23800.0
172 62320.0 26600.0
173 61750.0 21000.0
174 59850.0 21000.0
175 59850.0 9800.0
176 51490.0 23800.0
177 49400.0 26600.0
178 52250.0 21000.0
179 53010.0 18200.0
180 54910.0 18200.0
181 64030.0 9800.0
182 64410.0 12600.0
183 65550.0 15400.0
184 67070.0 18200.0
185 64410.0 21000.0
186 63270.0 21000.0
187 66120.0 9800.0
188 66310.0 12600.0
189 78660.0 21000.0
190 68400.0 21000.0
191 77520.0 21000.0
192 75810.0 15400.0
193 75430.0 18200.0
194 85500.0 18200.0
195 81130.0 18200.0
196 81130.0 29400.0
197 83220.0 23800.0
198 82080.0 23800.0
199 80750.0 21000.0
200 75810.0 21000.0
201 74670.0 23800.0
202 69730.0 35000.0
203 73910.0 40600.0
204 65360.0 37800.0
205 32300.0 37800.0
206 69160.0 37800.0
207 31160.0 40600.0
208 64030.0 46200.0
210 30970.0 43400.0
211 62130.0 46200.0
213 29640.0 51800.0
214 32300.0 51800.0
215 30970.0 51800.0
216 73910.0 35000.0
217 73910.0 32200.0
218 67260.0 35000.0
219 31350.0 12600.0
220 32110.0 15400.0
221 33060.0 15400.0
222 30780.0 15400.0
223 34390.0 15400.0
224 62320.0 9800.0
225 68400.0 12600.0
226 67070.0 15400.0
227 62700.0 12600.0
228 67640.0 12600.0
229 68970.0 15400.0
230 69920.0 18200.0
231 75430.0 37800.0
232 69350.0 40600.0
233 67830.0 40600.0
234 66690.0 43400.0
235 65360.0 43400.0
236 60420.0 46200.0
237 60610.0 40600.0
238 77900.0 35000.0
239 32300.0 12600.0
240 26980.0 35000.0
241 30780.0 32200.0
242 32680.0 7000.0
243 29450.0 29400.0
244 30780.0 29400.0
245 30780.0 9800.0
246 32110.0 9800.0
247 36290.0 12600.0
248 38000.0 4200.0
249 43890.0 9800.0
250 45220.0 4200.0
251 41230.0 4200.0
252 39330.0 4200.0
253 46170.0 15400.0
254 45030.0 15400.0
255 44460.0 4200.0
256 32680.0 18200.0
257 34390.0 18200.0
258 38760.0 7000.0
259 44650.0 7000.0
260 53390.0 4200.0
261 68400.0 9800.0
262 65170.0 7000.0
263 66880.0 4200.0
264 51870.0 7000.0
265 54910.0 7000.0
266 64980.0 4200.0
267 65930.0 4200.0
268 69730.0 4200.0
269 78090.0 7000.0
270 66120.0 21000.0
271 67260.0 21000.0
272 51490.0 18200.0
273 50350.0 18200.0
274 66880.0 7000.0
275 79420.0 7000.0
276 79610.0 4200.0
277 78090.0 4200.0
278 75620.0 4200.0
279 76760.0 4200.0
280 76570.0 7000.0
281 76190.0 40600.0
282 77330.0 40600.0
283 77710.0 43400.0
284 80180.0 43400.0
285 74860.0 46200.0
286 76190.0 43400.0
287 83980.0 35000.0
288 60800.0 9800.0
289 60800.0 12600.0
290 64030.0 15400.0
291 74480.0 15400.0
292 70490.0 15400.0
293 62890.0 15400.0
294 61560.0 18200.0
295 62890.0 18200.0
296 71630.0 18200.0
297 73910.0 18200.0
298 73720.0 15400.0
299 72200.0 15400.0
300 72770.0 18200.0
301 78470.0 37800.0
302 83790.0 40600.0
303 84170.0 43400.0
304 87400.0 46200.0
305 83220.0 46200.0
306 84550.0 46200.0
307 85500.0 35000.0
308 72770.0 7000.0
309 68780.0 7000.0
310 63270.0 7000.0
311 46550.0 4200.0
312 49020.0 7000.0
313 37810.0 9800.0
314 39710.0 9800.0
315 49210.0 9800.0
316 47500.0 7000.0
317 56810.0 4200.0
318 87780.0 23800.0
319 85500.0 21000.0
320 87020.0 9800.0
321 68020.0 7000.0
322 69920.0 7000.0
323 71250.0 7000.0
324 74480.0 7000.0
325 75430.0 9800.0
326 79230.0 9800.0
327 76760.0 9800.0
328 79990.0 12600.0
329 81890.0 37800.0
330 82650.0 35000.0
331 82650.0 43400.0
332 88160.0 51800.0
333 80180.0 51800.0
334 82270.0 49000.0
335 85120.0 37800.0
336 73340.0 12600.0
337 70490.0 12600.0
338 71630.0 12600.0
339 83600.0 12600.0
340 74100.0 9800.0
341 74670.0 12600.0
342 77330.0 15400.0
343 80180.0 18200.0
344 79610.0 15400.0
345 80750.0 15400.0
346 84740.0 12600.0
347 82080.0 12600.0
348 82080.0 15400.0
349 83410.0 15400.0
350 82270.0 40600.0
351 84930.0 40600.0
352 86070.0 40600.0
353 85500.0 43400.0
354 85880.0 46200.0
355 87590.0 43400.0
356 81320.0 35000.0
357 84170.0 9800.0
358 83220.0 7000.0
359 80560.0 7000.0
360 81890.0 7000.0
361 84550.0 7000.0
362 88160.0 12600.0
363 85880.0 9800.0
364 83030.0 9800.0
365 82840.0 12600.0
366 83410.0 21000.0
367 84170.0 23800.0
368 82080.0 21000.0
369 80370.0 23800.0
370 79610.0 37800.0
371 80750.0 37800.0
372 72770.0 40600.0
373 53200.0 49000.0
374 50160.0 49000.0
375 50350.0 43400.0
376 34200.0 29400.0
377 34960.0 32200.0
378 34200.0 37800.0
379 32680.0 40600.0
380 32110.0 43400.0
381 31920.0 46200.0
382 33440.0 49000.0
383 32110.0 49000.0
384 30400.0 26600.0
385 30780.0 37800.0
386 29260.0 37800.0
387 29450.0 40600.0
388 28500.0 46200.0
389 30020.0 46200.0
390 27930.0 43400.0
391 33820.0 12600.0
392 34580.0 35000.0
393 33060.0 35000.0
394 34010.0 40600.0
395 29640.0 43400.0
396 34580.0 43400.0
397 33250.0 43400.0
398 38760.0 18200.0
399 38000.0 37800.0
400 36100.0 37800.0
401 35910.0 40600.0
402 40280.0 46200.0
403 35340.0 49000.0
404 35910.0 43400.0
405 40850.0 9800.0
406 38760.0 9800.0
407 38760.0 12600.0
408 40090.0 12600.0
409 40280.0 35000.0
410 39900.0 37800.0
411 40090.0 40600.0
412 44080.0 49000.0
413 45600.0 49000.0
414 40470.0 49000.0
415 40660.0 15400.0
416 41420.0 37800.0
417 42940.0 37800.0
418 41610.0 40600.0
419 47120.0 43400.0
420 48640.0 43400.0
421 42750.0 43400.0
422 57570.0 7000.0
423 53200.0 7000.0
424 56430.0 7000.0
425 55480.0 37800.0
426 53580.0 37800.0
427 52250.0 37800.0
428 57000.0 40600.0
429 57380.0 43400.0
430 54910.0 40600.0
431 56430.0 18200.0
432 58140.0 15400.0
433 57950.0 18200.0
434 57380.0 35000.0
435 53580.0 35000.0
436 51110.0 37800.0
437 47500.0 35000.0
438 45980.0 40600.0
439 47310.0 40600.0
440 66880.0 32200.0
441 34390.0 7000.0
442 37810.0 7000.0
443 39900.0 7000.0
444 43320.0 4200.0
445 36290.0 9800.0
446 36670.0 7000.0
447 41230.0 7000.0
448 42560.0 7000.0
449 58140.0 9800.0
450 65550.0 40600.0
451 66690.0 40600.0
452 64410.0 40600.0
453 63840.0 37800.0
454 63080.0 40600.0
455 61750.0 40600.0
456 71630.0 32200.0
458 26790.0 51800.0
459 18050.0 35000.0
461 16150.0 37800.0
462 50730.0 51800.0
463 57380.0 29400.0
464 59090.0 29400.0
465 61370.0 29400.0
466 55670.0 51800.0
467 69540.0 29400.0
468 70110.0 23800.0
469 72390.0 23800.0
470 58710.0 51800.0
471 27170.0 49000.0
472 85120.0 26600.0
473 83410.0 26600.0
474 89110.0 26600.0
476 59850.0 51800.0
477 88160.0 49000.0
478 87590.0 32200.0
479 89870.0 32200.0
480 47310.0 51800.0
481 88160.0 40600.0
482 87590.0 37800.0
483 89870.0 37800.0
484 56430.0 49000.0
485 75430.0 32200.0
486 78090.0 32200.0
487 29450.0 49000.0
488 27550.0 37800.0
489 25270.0 37800.0
490 48450.0 51800.0
491 26980.0 32200.0
492 24890.0 32200.0
493 21470.0 32200.0
494 54150.0 51800.0
495 28500.0 26600.0
496 24890.0 26600.0
497 25270.0 23800.0
498 46930.0 49000.0
499 38380.0 26600.0
500 36670.0 26600.0
501 34390.0 26600.0
502 53010.0 51800.0
503 45980.0 26600.0
504 41230.0 26600.0
505 40470.0 23800.0
506 54530.0 49000.0
507 45600.0 32200.0
508 43890.0 32200.0
509 41610.0 29400.0
510 56810.0 51800.0
511 55100.0 35000.0
512 49970.0 35000.0
513 49210.0 32200.0
514 45790.0 51800.0
515 48260.0 26600.0
516 47310.0 23800.0
517 49210.0 23800.0
518 49590.0 51800.0
519 55100.0 46200.0
520 54530.0 26600.0
521 56430.0 26600.0
522 74670.0 51800.0
523 62890.0 49000.0
524 70490.0 43400.0
525 21090.0 51800.0
526 61370.0 43400.0
527 78850.0 46200.0
528 91390.0 46200.0
529 84170.0 51800.0
530 91770.0 43400.0
531 51110.0 46200.0
532 17670.0 49000.0
533 20330.0 40600.0
534 23370.0 43400.0
535 35910.0 46200.0
536 40850.0 51800.0
537 44270.0 46200.0
538 51110.0 40600.0
539 47310.0 37800.0
540 59850.0 37800.0
541 14630.0 43400.0
542 62890.0 32200.0
543 74290.0 26600.0
544 93670.0 26600.0
545 94430.0 32200.0
546 94430.0 37800.0
547 82650.0 32200.0
548 20710.0 37800.0
549 17670.0 29400.0
550 22610.0 21000.0
551 31350.0 23800.0
552 40850.0 21000.0
553 39710.0 32200.0
554 50730.0 29400.0
555 48450.0 21000.0
556 57950.0 23800.0
