Instance ID x_center y_center
0 29310.0 60870.0
1 59550.0 60870.0
2 36030.0 60870.0
3 58430.0 60870.0
4 61790.0 60870.0
5 62910.0 60870.0
6 41630.0 60870.0
7 42750.0 60870.0
8 40510.0 60870.0
9 66270.0 60870.0
10 67390.0 60870.0
11 56190.0 60870.0
12 34910.0 60870.0
13 30430.0 60870.0
14 55070.0 60870.0
15 53950.0 60870.0
16 71870.0 60870.0
17 31550.0 60870.0
18 74110.0 60870.0
19 50590.0 60870.0
20 75230.0 60870.0
21 76350.0 60870.0
22 39390.0 60870.0
23 52830.0 60870.0
24 57310.0 60870.0
25 33790.0 60870.0
26 77470.0 60870.0
27 51710.0 60870.0
28 65150.0 60870.0
29 72990.0 60870.0
30 64030.0 60870.0
31 38270.0 60870.0
32 49470.0 60870.0
33 79710.0 60870.0
34 78590.0 60870.0
35 46110.0 60870.0
36 60670.0 60870.0
37 80830.0 60870.0
38 81950.0 60870.0
39 48350.0 60870.0
40 85310.0 60870.0
41 86430.0 60870.0
42 70750.0 60870.0
43 47230.0 60870.0
44 37150.0 60870.0
45 87550.0 60870.0
46 83070.0 60870.0
47 32670.0 60870.0
48 43870.0 60870.0
49 68510.0 60870.0
50 84190.0 60870.0
51 44990.0 60870.0
52 88670.0 60870.0
53 69630.0 60870.0
54 84740.0 37800.0
55 71060.0 40600.0
56 69350.0 35000.0
57 59850.0 35000.0
58 70870.0 37800.0
59 92340.0 35000.0
60 97850.0 43400.0
61 98040.0 37800.0
62 94810.0 32200.0
63 96330.0 37800.0
64 32870.0 23800.0
65 30210.0 29400.0
66 26790.0 37800.0
67 22990.0 46200.0
68 35910.0 37800.0
69 64030.0 26600.0
70 53010.0 23800.0
71 46930.0 35000.0
72 44840.0 26600.0
73 51490.0 37800.0
74 68970.0 37800.0
76 70300.0 49000.0
77 71060.0 51800.0
81 75430.0 51800.0
82 72770.0 51800.0
84 72390.0 54600.0
85 72960.0 57400.0
88 78660.0 51800.0
89 76760.0 51800.0
90 74290.0 57400.0
91 74100.0 51800.0
92 74100.0 54600.0
93 33440.0 46200.0
95 34390.0 37800.0
96 33250.0 40600.0
97 32490.0 37800.0
98 33440.0 35000.0
99 35530.0 23800.0
100 33820.0 23800.0
101 33630.0 21000.0
102 35150.0 21000.0
103 33630.0 29400.0
104 32680.0 29400.0
105 31730.0 29400.0
106 36290.0 29400.0
107 35150.0 18200.0
108 37050.0 21000.0
109 36670.0 23800.0
110 38760.0 23800.0
111 38380.0 21000.0
112 39710.0 21000.0
113 63460.0 29400.0
114 62510.0 26600.0
115 63270.0 23800.0
116 62510.0 18200.0
117 54530.0 23800.0
118 54340.0 26600.0
119 53010.0 21000.0
120 56050.0 18200.0
121 59470.0 15400.0
122 49210.0 35000.0
123 47880.0 35000.0
124 48070.0 32200.0
125 48070.0 18200.0
126 43890.0 26600.0
127 46740.0 26600.0
128 45030.0 23800.0
129 43510.0 23800.0
130 43510.0 18200.0
131 64410.0 18200.0
132 69350.0 21000.0
133 59090.0 18200.0
134 60610.0 18200.0
135 62320.0 15400.0
136 47880.0 15400.0
137 46170.0 23800.0
138 45790.0 18200.0
139 65740.0 12600.0
140 65170.0 15400.0
141 66690.0 21000.0
142 93860.0 51800.0
143 94050.0 21000.0
144 92720.0 21000.0
145 94430.0 23800.0
146 94810.0 18200.0
147 82650.0 15400.0
148 91960.0 29400.0
149 90630.0 29400.0
150 95950.0 26600.0
151 92150.0 23800.0
152 84550.0 18200.0
153 94430.0 37800.0
154 93860.0 43400.0
155 92910.0 43400.0
156 92910.0 18200.0
157 88730.0 15400.0
158 88540.0 35000.0
159 88730.0 23800.0
160 85310.0 23800.0
161 83790.0 37800.0
162 83600.0 40600.0
163 85310.0 40600.0
164 83790.0 29400.0
165 67070.0 37800.0
166 63080.0 37800.0
167 72390.0 37800.0
168 73530.0 29400.0
169 77710.0 12600.0
170 75620.0 15400.0
171 70110.0 29400.0
172 70300.0 35000.0
173 70490.0 32200.0
174 69730.0 26600.0
175 69350.0 12600.0
176 61750.0 35000.0
177 57760.0 32200.0
178 59090.0 32200.0
179 61370.0 23800.0
180 64030.0 21000.0
181 70870.0 15400.0
182 73530.0 15400.0
183 76950.0 23800.0
184 74290.0 23800.0
185 71250.0 26600.0
186 72390.0 26600.0
187 74860.0 18200.0
188 79230.0 18200.0
189 84360.0 26600.0
190 74860.0 29400.0
191 83220.0 26600.0
192 82270.0 21000.0
193 81130.0 23800.0
194 91580.0 21000.0
195 86830.0 23800.0
196 91010.0 35000.0
197 89300.0 29400.0
198 90440.0 32200.0
199 86450.0 26600.0
200 81510.0 26600.0
201 81890.0 29400.0
202 75050.0 37800.0
203 78090.0 46200.0
204 75620.0 43400.0
205 38000.0 43400.0
206 75620.0 40600.0
207 36480.0 43400.0
208 68210.0 49000.0
210 36290.0 46200.0
211 69350.0 49000.0
213 33820.0 57400.0
214 37620.0 57400.0
215 36290.0 57400.0
216 77330.0 35000.0
217 74290.0 35000.0
218 74480.0 43400.0
219 38190.0 18200.0
220 39330.0 18200.0
221 40280.0 18200.0
222 36860.0 18200.0
223 41610.0 18200.0
224 68780.0 15400.0
225 77140.0 15400.0
226 77710.0 18200.0
227 73340.0 18200.0
228 76380.0 18200.0
229 76570.0 21000.0
230 77140.0 29400.0
231 79230.0 43400.0
232 75810.0 46200.0
233 74670.0 46200.0
234 62890.0 49000.0
235 60420.0 54600.0
236 60420.0 57400.0
237 60990.0 51800.0
238 85500.0 43400.0
239 39140.0 15400.0
240 29260.0 37800.0
241 35720.0 35000.0
242 37240.0 12600.0
243 34010.0 32200.0
244 35720.0 32200.0
245 34200.0 12600.0
246 35530.0 12600.0
247 41230.0 15400.0
248 41800.0 9800.0
249 51490.0 15400.0
250 52060.0 9800.0
251 45790.0 9800.0
252 43890.0 9800.0
253 52630.0 18200.0
254 53770.0 18200.0
255 53960.0 9800.0
256 41040.0 21000.0
257 44650.0 21000.0
258 48640.0 9800.0
259 50350.0 9800.0
260 59850.0 9800.0
261 72960.0 12600.0
262 71630.0 12600.0
263 73720.0 9800.0
264 62890.0 7000.0
265 64790.0 9800.0
266 69920.0 9800.0
267 72770.0 9800.0
268 76570.0 9800.0
269 85310.0 9800.0
270 73340.0 26600.0
271 74480.0 26600.0
272 62510.0 21000.0
273 61370.0 21000.0
274 74860.0 9800.0
275 81700.0 9800.0
276 81890.0 7000.0
277 80750.0 7000.0
278 82840.0 4200.0
279 83220.0 7000.0
280 83030.0 9800.0
281 83410.0 46200.0
282 84550.0 46200.0
283 84930.0 49000.0
284 83980.0 54600.0
285 83980.0 57400.0
286 85310.0 57400.0
287 90060.0 37800.0
288 67640.0 18200.0
289 68780.0 18200.0
290 74670.0 21000.0
291 83220.0 21000.0
292 79230.0 21000.0
293 73530.0 21000.0
294 70680.0 21000.0
295 72390.0 21000.0
296 78090.0 21000.0
297 80370.0 21000.0
298 81320.0 21000.0
299 78660.0 23800.0
300 79990.0 23800.0
301 86830.0 46200.0
302 90250.0 49000.0
303 90630.0 51800.0
304 90440.0 54600.0
305 90440.0 57400.0
306 91770.0 54600.0
307 90440.0 40600.0
308 80370.0 9800.0
309 77520.0 9800.0
310 71250.0 9800.0
311 55290.0 9800.0
312 57380.0 12600.0
313 43130.0 12600.0
314 46930.0 12600.0
315 57190.0 15400.0
316 57000.0 9800.0
317 64030.0 12600.0
318 93100.0 26600.0
319 91960.0 26600.0
320 91960.0 15400.0
321 79800.0 12600.0
322 80940.0 12600.0
323 82270.0 12600.0
324 83220.0 12600.0
325 84550.0 12600.0
326 85310.0 15400.0
327 83980.0 15400.0
328 86830.0 15400.0
329 86830.0 43400.0
330 89110.0 43400.0
331 89110.0 49000.0
332 89300.0 51800.0
333 87780.0 54600.0
334 89110.0 54600.0
335 90440.0 43400.0
336 82080.0 18200.0
337 80750.0 15400.0
338 80750.0 18200.0
339 89680.0 18200.0
340 81700.0 15400.0
341 83410.0 18200.0
342 84930.0 21000.0
343 87400.0 21000.0
344 86450.0 21000.0
345 85690.0 18200.0
346 90060.0 21000.0
347 87020.0 18200.0
348 88540.0 18200.0
349 88730.0 21000.0
350 88730.0 46200.0
351 90250.0 46200.0
352 91390.0 46200.0
353 91580.0 49000.0
354 91960.0 51800.0
355 92530.0 46200.0
356 88160.0 40600.0
357 89870.0 15400.0
358 85880.0 12600.0
359 87400.0 12600.0
360 88730.0 12600.0
361 86830.0 9800.0
362 91200.0 18200.0
363 91200.0 12600.0
364 92530.0 12600.0
365 90820.0 15400.0
366 89870.0 23800.0
367 87970.0 26600.0
368 89680.0 26600.0
369 87970.0 29400.0
370 85690.0 46200.0
371 86070.0 49000.0
372 83790.0 49000.0
373 46740.0 54600.0
374 41420.0 57400.0
375 41990.0 51800.0
376 37240.0 35000.0
377 38380.0 37800.0
378 39900.0 40600.0
379 35340.0 40600.0
380 35150.0 49000.0
381 36100.0 51800.0
382 38000.0 54600.0
383 35530.0 54600.0
384 38000.0 32200.0
385 36860.0 40600.0
386 34960.0 43400.0
387 35150.0 46200.0
388 33820.0 49000.0
389 37620.0 51800.0
390 32490.0 49000.0
391 37620.0 15400.0
392 39520.0 37800.0
393 38380.0 40600.0
394 38190.0 46200.0
395 37240.0 49000.0
396 39900.0 49000.0
397 38570.0 49000.0
398 41040.0 23800.0
399 44460.0 37800.0
400 43700.0 40600.0
401 45790.0 43400.0
402 43700.0 46200.0
403 41040.0 46200.0
404 41610.0 40600.0
405 46550.0 15400.0
406 44460.0 15400.0
407 45600.0 12600.0
408 45410.0 15400.0
409 45220.0 40600.0
410 46740.0 40600.0
411 45790.0 46200.0
412 49780.0 49000.0
413 48640.0 51800.0
414 45790.0 51800.0
415 50160.0 18200.0
416 50920.0 40600.0
417 53200.0 40600.0
418 53390.0 43400.0
419 54720.0 43400.0
420 55100.0 46200.0
421 51870.0 46200.0
422 61750.0 7000.0
423 62700.0 9800.0
424 61750.0 12600.0
425 61940.0 37800.0
426 58900.0 40600.0
427 57570.0 43400.0
428 63080.0 43400.0
429 64600.0 43400.0
430 56430.0 46200.0
431 65170.0 23800.0
432 66120.0 18200.0
433 66310.0 23800.0
434 57380.0 40600.0
435 55860.0 40600.0
436 56050.0 43400.0
437 58520.0 49000.0
438 53200.0 51800.0
439 53010.0 46200.0
440 72960.0 35000.0
441 38570.0 12600.0
442 40850.0 9800.0
443 41420.0 12600.0
444 53200.0 12600.0
445 40090.0 12600.0
446 48070.0 12600.0
447 50730.0 12600.0
448 52060.0 12600.0
449 55100.0 15400.0
450 72010.0 43400.0
451 73150.0 43400.0
452 70870.0 43400.0
453 69540.0 43400.0
454 72960.0 46200.0
455 71250.0 46200.0
456 74290.0 32200.0
458 33630.0 54600.0
459 24510.0 40600.0
461 26410.0 43400.0
462 57190.0 57400.0
463 60800.0 40600.0
464 63270.0 40600.0
465 64790.0 37800.0
466 59090.0 54600.0
467 80560.0 40600.0
468 82270.0 40600.0
469 81510.0 37800.0
470 62130.0 57400.0
471 44650.0 51800.0
472 92720.0 32200.0
473 93290.0 29400.0
474 95570.0 29400.0
476 64410.0 54600.0
477 93860.0 49000.0
478 94430.0 40600.0
479 97470.0 40600.0
480 53770.0 57400.0
481 93860.0 46200.0
482 92530.0 40600.0
483 95950.0 43400.0
484 51490.0 54600.0
485 86070.0 37800.0
486 96330.0 35000.0
487 32490.0 51800.0
488 30970.0 40600.0
489 27930.0 40600.0
490 52630.0 57400.0
491 32300.0 32200.0
492 30590.0 32200.0
493 30210.0 35000.0
494 55290.0 57400.0
495 34580.0 26600.0
496 32490.0 26600.0
497 30210.0 26600.0
498 51490.0 57400.0
499 47500.0 29400.0
500 45790.0 29400.0
501 42750.0 29400.0
502 49210.0 57400.0
503 48260.0 37800.0
504 46170.0 37800.0
505 43890.0 35000.0
506 61750.0 54600.0
507 54340.0 29400.0
508 52630.0 29400.0
509 50350.0 29400.0
510 63270.0 57400.0
511 62320.0 29400.0
512 59090.0 29400.0
513 56810.0 29400.0
514 46170.0 57400.0
515 50540.0 32200.0
516 51490.0 35000.0
517 53770.0 37800.0
518 58330.0 57400.0
519 63840.0 51800.0
520 63650.0 35000.0
521 65170.0 29400.0
522 78850.0 54600.0
523 68970.0 57400.0
524 75050.0 49000.0
525 26790.0 57400.0
526 57190.0 51800.0
527 79990.0 57400.0
528 95570.0 54600.0
529 102410.0 54600.0
530 98230.0 49000.0
531 42750.0 54600.0
532 25650.0 54600.0
533 28690.0 49000.0
534 30970.0 43400.0
535 41990.0 43400.0
536 45790.0 49000.0
537 49590.0 43400.0
538 60230.0 46200.0
539 54530.0 49000.0
540 67070.0 46200.0
541 27930.0 46200.0
542 67450.0 40600.0
543 83410.0 35000.0
544 98610.0 32200.0
545 102030.0 40600.0
546 99750.0 46200.0
547 101270.0 35000.0
548 22990.0 37800.0
549 26410.0 32200.0
550 29070.0 23800.0
551 40090.0 26600.0
552 43130.0 32200.0
553 50350.0 26600.0
554 58330.0 26600.0
555 55670.0 35000.0
556 66310.0 32200.0
