Instance ID x_center y_center
0 5790.0 140.0
1 140.0 23660.0
2 140.0 35980.0
3 28190.0 62530.0
4 23710.0 62530.0
5 29310.0 62530.0
6 22590.0 62530.0
7 36030.0 62530.0
8 140.0 21420.0
9 140.0 16940.0
10 140.0 14700.0
11 16990.0 140.0
12 140.0 15820.0
13 32670.0 140.0
14 42750.0 140.0
15 69040.0 12460.0
16 69040.0 22540.0
17 69040.0 28140.0
18 29310.0 140.0
19 140.0 40460.0
20 140.0 42700.0
21 140.0 47180.0
22 140.0 50540.0
23 21470.0 140.0
24 16990.0 62530.0
25 12510.0 62530.0
26 28190.0 140.0
27 31550.0 140.0
28 44990.0 140.0
29 52830.0 140.0
30 69040.0 20300.0
31 69040.0 32620.0
32 140.0 32620.0
33 140.0 27020.0
34 140.0 28140.0
35 140.0 31500.0
36 140.0 22540.0
37 38270.0 62530.0
38 40510.0 62530.0
39 59550.0 62530.0
40 43870.0 62530.0
41 53950.0 62530.0
42 48350.0 62530.0
43 24830.0 140.0
44 23710.0 140.0
45 30430.0 140.0
46 38270.0 140.0
47 43870.0 140.0
48 69040.0 16940.0
49 69040.0 24780.0
50 69040.0 30380.0
51 69040.0 29260.0
52 140.0 29260.0
53 140.0 30380.0
54 34200.0 40600.0
55 22040.0 37800.0
56 34390.0 35000.0
57 63650.0 35000.0
58 27550.0 37800.0
59 40280.0 54600.0
60 27930.0 51800.0
61 31540.0 51800.0
62 23750.0 43400.0
63 26790.0 49000.0
64 29450.0 4200.0
65 19950.0 12600.0
66 18430.0 21000.0
67 19570.0 21000.0
68 24510.0 18200.0
69 64790.0 15400.0
70 57190.0 12600.0
71 45410.0 12600.0
72 36860.0 9800.0
73 41610.0 15400.0
74 27170.0 29400.0
76 16720.0 29400.0
77 8360.0 29400.0
81 9690.0 29400.0
82 11210.0 29400.0
84 6650.0 32200.0
85 3420.0 29400.0
88 5700.0 29400.0
89 6840.0 29400.0
90 9690.0 32200.0
91 12540.0 35000.0
92 11020.0 35000.0
93 20520.0 23800.0
95 23370.0 21000.0
96 22230.0 21000.0
97 22990.0 18200.0
98 24700.0 21000.0
99 29070.0 12600.0
100 27740.0 9800.0
101 29070.0 7000.0
102 30970.0 15400.0
103 24890.0 12600.0
104 22040.0 12600.0
105 21090.0 12600.0
106 23370.0 12600.0
107 32870.0 18200.0
108 38950.0 21000.0
109 27170.0 12600.0
110 29260.0 15400.0
111 40280.0 18200.0
112 40470.0 21000.0
113 59660.0 23800.0
114 60610.0 21000.0
115 55670.0 26600.0
116 53390.0 21000.0
117 54910.0 15400.0
118 55860.0 12600.0
119 54150.0 12600.0
120 53010.0 18200.0
121 51490.0 23800.0
122 46930.0 12600.0
123 49020.0 9800.0
124 48830.0 12600.0
125 46550.0 15400.0
126 37810.0 9800.0
127 38760.0 9800.0
128 35910.0 12600.0
129 37430.0 12600.0
130 41610.0 18200.0
131 43890.0 26600.0
132 41990.0 26600.0
133 55290.0 18200.0
134 51490.0 21000.0
135 48640.0 32200.0
136 50540.0 15400.0
137 38950.0 12600.0
138 48830.0 15400.0
139 50160.0 26600.0
140 49970.0 29400.0
141 55670.0 29400.0
142 18240.0 49000.0
143 39710.0 49000.0
144 43700.0 49000.0
145 41230.0 49000.0
146 46170.0 49000.0
147 49970.0 46200.0
148 26220.0 46200.0
149 27930.0 46200.0
150 26410.0 43400.0
151 37810.0 46200.0
152 46170.0 46200.0
153 26410.0 51800.0
154 20520.0 54600.0
155 30590.0 51800.0
156 35150.0 51800.0
157 47310.0 54600.0
158 45220.0 57400.0
159 45790.0 54600.0
160 42750.0 46200.0
161 32490.0 43400.0
162 31160.0 43400.0
163 35910.0 43400.0
164 37810.0 43400.0
165 19570.0 37800.0
166 13680.0 37800.0
167 21090.0 37800.0
168 37810.0 37800.0
169 46170.0 40600.0
170 44080.0 35000.0
171 35530.0 32200.0
172 30780.0 32200.0
173 32490.0 32200.0
174 38570.0 32200.0
175 40090.0 32200.0
176 59090.0 32200.0
177 61180.0 35000.0
178 60230.0 35000.0
179 56430.0 35000.0
180 54910.0 32200.0
181 49590.0 35000.0
182 45410.0 35000.0
183 43130.0 32200.0
184 45790.0 32200.0
185 39710.0 35000.0
186 38570.0 35000.0
187 46740.0 35000.0
188 46550.0 37800.0
189 40660.0 43400.0
190 36860.0 40600.0
191 39520.0 43400.0
192 45030.0 37800.0
193 42750.0 37800.0
194 42560.0 49000.0
195 43130.0 51800.0
196 42370.0 54600.0
197 50920.0 54600.0
198 44080.0 54600.0
199 41990.0 51800.0
200 41610.0 37800.0
201 27550.0 32200.0
202 26790.0 23800.0
203 18810.0 29400.0
204 21660.0 26600.0
205 23180.0 23800.0
206 22800.0 29400.0
207 20900.0 21000.0
208 16530.0 26600.0
210 11970.0 21000.0
211 17670.0 29400.0
213 8360.0 21000.0
214 3420.0 21000.0
215 4750.0 21000.0
216 21850.0 32200.0
217 22610.0 35000.0
218 23180.0 37800.0
219 43510.0 18200.0
220 45410.0 18200.0
221 46360.0 18200.0
222 38760.0 18200.0
223 48070.0 18200.0
224 51300.0 35000.0
225 50920.0 37800.0
226 49970.0 37800.0
227 47880.0 35000.0
228 47880.0 37800.0
229 48830.0 37800.0
230 40660.0 40600.0
231 24510.0 26600.0
232 24890.0 43400.0
233 22610.0 43400.0
234 15390.0 43400.0
235 12160.0 40600.0
236 8740.0 40600.0
237 10450.0 40600.0
238 34200.0 43400.0
239 33060.0 15400.0
240 19760.0 18200.0
241 26600.0 21000.0
242 32680.0 21000.0
243 26030.0 12600.0
244 28120.0 18200.0
245 29640.0 21000.0
246 30970.0 21000.0
247 34770.0 18200.0
248 36100.0 21000.0
249 47310.0 21000.0
250 45980.0 23800.0
251 40090.0 23800.0
252 38190.0 23800.0
253 53010.0 15400.0
254 51870.0 15400.0
255 49400.0 23800.0
256 34200.0 15400.0
257 39330.0 15400.0
258 45220.0 23800.0
259 47690.0 23800.0
260 56430.0 23800.0
261 52820.0 37800.0
262 54150.0 37800.0
263 57760.0 40600.0
264 53770.0 26600.0
265 51870.0 26600.0
266 53580.0 35000.0
267 56810.0 40600.0
268 57570.0 43400.0
269 57950.0 46200.0
270 37620.0 35000.0
271 38000.0 40600.0
272 57570.0 32200.0
273 57950.0 35000.0
274 55480.0 40600.0
275 56240.0 43400.0
276 56430.0 46200.0
277 53770.0 46200.0
278 53200.0 43400.0
279 55100.0 46200.0
280 53390.0 49000.0
281 35530.0 46200.0
282 34010.0 46200.0
283 18810.0 43400.0
284 8740.0 43400.0
285 3420.0 43400.0
286 4750.0 43400.0
287 23560.0 49000.0
288 49400.0 32200.0
289 46740.0 29400.0
290 45410.0 29400.0
291 42560.0 35000.0
292 43890.0 37800.0
293 44270.0 29400.0
294 39900.0 26600.0
295 43130.0 29400.0
296 42370.0 40600.0
297 42370.0 43400.0
298 45220.0 43400.0
299 43700.0 40600.0
300 43890.0 43400.0
301 25270.0 49000.0
302 22230.0 49000.0
303 16530.0 49000.0
304 13680.0 43400.0
305 10260.0 46200.0
306 13490.0 49000.0
307 31920.0 46200.0
308 51110.0 40600.0
309 52440.0 40600.0
310 53770.0 40600.0
311 45790.0 26600.0
312 48640.0 26600.0
313 37810.0 21000.0
314 43130.0 23800.0
315 47310.0 26600.0
316 51680.0 32200.0
317 51870.0 37800.0
318 39900.0 46200.0
319 41040.0 46200.0
320 50920.0 46200.0
321 53960.0 43400.0
322 52060.0 46200.0
323 52250.0 43400.0
324 50160.0 43400.0
325 48830.0 46200.0
326 48830.0 49000.0
327 47500.0 46200.0
328 46170.0 51800.0
329 33630.0 51800.0
330 32490.0 51800.0
331 12350.0 51800.0
332 9120.0 49000.0
333 4180.0 49000.0
334 4750.0 51800.0
335 30020.0 54600.0
336 46360.0 43400.0
337 49210.0 40600.0
338 49210.0 43400.0
339 50540.0 51800.0
340 48260.0 40600.0
341 47690.0 43400.0
342 45030.0 46200.0
343 44080.0 46200.0
344 44650.0 49000.0
345 47690.0 49000.0
346 49400.0 51800.0
347 48260.0 51800.0
348 48640.0 54600.0
349 49970.0 54600.0
350 31730.0 57400.0
351 30210.0 57400.0
352 19190.0 57400.0
353 19380.0 54600.0
354 17860.0 54600.0
355 18050.0 57400.0
356 33440.0 54600.0
357 49970.0 49000.0
358 55100.0 49000.0
359 57760.0 49000.0
360 57190.0 51800.0
361 56430.0 49000.0
362 44460.0 51800.0
363 52060.0 49000.0
364 52630.0 51800.0
365 52820.0 54600.0
366 55290.0 54600.0
367 51870.0 54600.0
368 53960.0 54600.0
369 50730.0 57400.0
370 34770.0 57400.0
371 33630.0 57400.0
372 16530.0 57400.0
373 14440.0 54600.0
374 12920.0 54600.0
375 11590.0 54600.0
376 28120.0 21000.0
377 25840.0 21000.0
378 26220.0 18200.0
379 21660.0 18200.0
380 11210.0 18200.0
381 9120.0 15400.0
382 3420.0 15400.0
383 5130.0 15400.0
384 23940.0 15400.0
385 22040.0 15400.0
386 20520.0 15400.0
387 11210.0 9800.0
388 12920.0 12600.0
389 7220.0 15400.0
390 8170.0 9800.0
391 30780.0 18200.0
392 27360.0 15400.0
393 25840.0 15400.0
394 18810.0 12600.0
395 19000.0 7000.0
396 17480.0 7000.0
397 15770.0 7000.0
398 36860.0 18200.0
399 37240.0 15400.0
400 35720.0 15400.0
401 34770.0 12600.0
402 38760.0 7000.0
403 36480.0 7000.0
404 34390.0 7000.0
405 44650.0 21000.0
406 41800.0 21000.0
407 41800.0 23800.0
408 43510.0 21000.0
409 44840.0 15400.0
410 43320.0 15400.0
411 41990.0 12600.0
412 46740.0 4200.0
413 46740.0 7000.0
414 41230.0 7000.0
415 50160.0 18200.0
416 57000.0 15400.0
417 58520.0 15400.0
418 58710.0 12600.0
419 63460.0 15400.0
420 63460.0 9800.0
421 61370.0 9800.0
422 56430.0 21000.0
423 53960.0 23800.0
424 54910.0 21000.0
425 57760.0 26600.0
426 58520.0 21000.0
427 58710.0 23800.0
428 63840.0 26600.0
429 64600.0 21000.0
430 62130.0 21000.0
431 56430.0 32200.0
432 53200.0 29400.0
433 57950.0 29400.0
434 59280.0 26600.0
435 59280.0 29400.0
436 61370.0 26600.0
437 62700.0 29400.0
438 64220.0 29400.0
439 61370.0 29400.0
440 33440.0 29400.0
441 34010.0 21000.0
442 35150.0 23800.0
443 35340.0 26600.0
444 41800.0 32200.0
445 35150.0 21000.0
446 36670.0 23800.0
447 36670.0 26600.0
448 38760.0 26600.0
449 38000.0 29400.0
450 34770.0 29400.0
451 32110.0 29400.0
452 32110.0 23800.0
453 30780.0 23800.0
454 29260.0 23800.0
455 27550.0 26600.0
456 20330.0 35000.0
458 11590.0 23800.0
459 15010.0 26600.0
461 16150.0 21000.0
462 13870.0 35000.0
463 14820.0 37800.0
464 15770.0 35000.0
465 16910.0 37800.0
466 27930.0 57400.0
467 30020.0 43400.0
468 28310.0 43400.0
469 29830.0 37800.0
470 24510.0 57400.0
471 56050.0 51800.0
472 25080.0 46200.0
473 20710.0 49000.0
474 20710.0 43400.0
476 29070.0 57400.0
477 29260.0 51800.0
478 28690.0 49000.0
479 30970.0 49000.0
480 22990.0 57400.0
481 21660.0 54600.0
482 21850.0 51800.0
483 24130.0 51800.0
484 35530.0 54600.0
485 37050.0 51800.0
486 38570.0 54600.0
487 11590.0 15400.0
488 14630.0 15400.0
489 17670.0 15400.0
490 22230.0 4200.0
491 22800.0 9800.0
492 20710.0 7000.0
493 20710.0 9800.0
494 28310.0 4200.0
495 26980.0 4200.0
496 25270.0 9800.0
497 24890.0 4200.0
498 30970.0 4200.0
499 30400.0 7000.0
500 29070.0 9800.0
501 32490.0 7000.0
502 48070.0 4200.0
503 48260.0 7000.0
504 46550.0 9800.0
505 43510.0 7000.0
506 53770.0 4200.0
507 55100.0 4200.0
508 56050.0 7000.0
509 53770.0 7000.0
510 63270.0 21000.0
511 61940.0 15400.0
512 60230.0 15400.0
513 57950.0 18200.0
514 64790.0 35000.0
515 62320.0 35000.0
516 56810.0 37800.0
517 58710.0 37800.0
518 17670.0 35000.0
519 23940.0 35000.0
520 24510.0 37800.0
521 26030.0 35000.0
522 8170.0 26600.0
523 7030.0 35000.0
524 13490.0 32200.0
525 6270.0 23800.0
526 10070.0 37800.0
527 6270.0 46200.0
528 14630.0 46200.0
529 8550.0 51800.0
530 17670.0 51800.0
531 12730.0 57400.0
532 5890.0 18200.0
533 8930.0 12600.0
534 16910.0 4200.0
535 35530.0 4200.0
536 42750.0 4200.0
537 62890.0 12600.0
538 63270.0 23800.0
539 63270.0 32200.0
540 31350.0 26600.0
541 16150.0 23800.0
542 18430.0 40600.0
543 30590.0 40600.0
544 21090.0 46200.0
545 35530.0 49000.0
546 25650.0 54600.0
547 40850.0 57400.0
548 15390.0 18200.0
549 16150.0 9800.0
550 25270.0 7000.0
551 33250.0 9800.0
552 42370.0 9800.0
553 55290.0 9800.0
554 62510.0 18200.0
555 63270.0 37800.0
556 30590.0 35000.0
