Instance ID x_center y_center
0 140.0 58380.0
1 140.0 29260.0
2 140.0 40460.0
3 38270.0 66090.0
4 27070.0 66090.0
5 41630.0 66090.0
6 44990.0 66090.0
7 64030.0 66090.0
8 140.0 30380.0
9 140.0 23660.0
10 140.0 20300.0
11 33790.0 140.0
12 140.0 21420.0
13 43870.0 140.0
14 55070.0 140.0
15 92760.0 16940.0
16 92760.0 23660.0
17 92760.0 29260.0
18 41630.0 140.0
19 140.0 41580.0
20 33790.0 66090.0
21 140.0 50540.0
22 29310.0 66090.0
23 27070.0 140.0
24 36030.0 66090.0
25 34910.0 66090.0
26 34910.0 140.0
27 44990.0 140.0
28 59550.0 140.0
29 68510.0 140.0
30 92760.0 19180.0
31 92760.0 34860.0
32 39390.0 66090.0
33 140.0 31500.0
34 140.0 32620.0
35 140.0 35980.0
36 140.0 28140.0
37 51710.0 66090.0
38 55070.0 66090.0
39 78590.0 66090.0
40 57310.0 66090.0
41 71870.0 66090.0
42 62910.0 66090.0
43 140.0 27020.0
44 140.0 22540.0
45 38270.0 140.0
46 48350.0 140.0
47 58430.0 140.0
48 92760.0 24780.0
49 92760.0 27020.0
50 92760.0 31500.0
51 56190.0 66090.0
52 140.0 33740.0
53 140.0 34860.0
54 37620.0 43400.0
55 28120.0 40600.0
56 41230.0 37800.0
57 76570.0 37800.0
58 36290.0 40600.0
59 59280.0 51800.0
60 46930.0 51800.0
61 36860.0 49000.0
62 23750.0 51800.0
63 37050.0 51800.0
64 35150.0 15400.0
65 28690.0 15400.0
66 25650.0 21000.0
67 21470.0 29400.0
68 31350.0 21000.0
69 71630.0 23800.0
70 76570.0 15400.0
71 65550.0 15400.0
72 54720.0 15400.0
73 64030.0 18200.0
74 33250.0 35000.0
76 18240.0 32200.0
77 9500.0 35000.0
81 10830.0 35000.0
82 12350.0 37800.0
84 7410.0 35000.0
85 5700.0 35000.0
88 4180.0 32200.0
89 5320.0 32200.0
90 9310.0 37800.0
91 13680.0 37800.0
92 10640.0 37800.0
93 22420.0 26600.0
95 30210.0 23800.0
96 25650.0 26600.0
97 29830.0 21000.0
98 30400.0 26600.0
99 38190.0 15400.0
100 36100.0 15400.0
101 37050.0 15400.0
102 41230.0 18200.0
103 28310.0 18200.0
104 26220.0 18200.0
105 27170.0 18200.0
106 28310.0 21000.0
107 41610.0 23800.0
108 48070.0 23800.0
109 38190.0 18200.0
110 38760.0 21000.0
111 47120.0 23800.0
112 46930.0 26600.0
113 74480.0 23800.0
114 73150.0 23800.0
115 73910.0 26600.0
116 71250.0 26600.0
117 72390.0 18200.0
118 70680.0 18200.0
119 67070.0 15400.0
120 64410.0 21000.0
121 65550.0 26600.0
122 59470.0 15400.0
123 59660.0 9800.0
124 61370.0 15400.0
125 60610.0 18200.0
126 49590.0 12600.0
127 50920.0 9800.0
128 51490.0 15400.0
129 49590.0 18200.0
130 50350.0 21000.0
131 51870.0 26600.0
132 53390.0 29400.0
133 69730.0 26600.0
134 68210.0 26600.0
135 55480.0 26600.0
136 59280.0 18200.0
137 52630.0 15400.0
138 55290.0 18200.0
139 56620.0 26600.0
140 57570.0 29400.0
141 59090.0 32200.0
142 31160.0 54600.0
143 43510.0 49000.0
144 47880.0 49000.0
145 45030.0 49000.0
146 49210.0 49000.0
147 54910.0 46200.0
148 24320.0 49000.0
149 25650.0 49000.0
150 29070.0 46200.0
151 46550.0 46200.0
152 53770.0 46200.0
153 51110.0 51800.0
154 49780.0 51800.0
155 52630.0 51800.0
156 54150.0 51800.0
157 60230.0 51800.0
158 64980.0 51800.0
159 55670.0 49000.0
160 49970.0 46200.0
161 38570.0 43400.0
162 38000.0 46200.0
163 39710.0 43400.0
164 41230.0 43400.0
165 30590.0 40600.0
166 27740.0 43400.0
167 29070.0 40600.0
168 40850.0 40600.0
169 46550.0 43400.0
170 52820.0 37800.0
171 40090.0 35000.0
172 39520.0 32200.0
173 42750.0 35000.0
174 44650.0 35000.0
175 48830.0 37800.0
176 72390.0 32200.0
177 73720.0 32200.0
178 73150.0 35000.0
179 68590.0 35000.0
180 66310.0 35000.0
181 56810.0 35000.0
182 52630.0 35000.0
183 50350.0 35000.0
184 51110.0 32200.0
185 48450.0 35000.0
186 48450.0 32200.0
187 50920.0 37800.0
188 50730.0 40600.0
189 42560.0 43400.0
190 38000.0 40600.0
191 44080.0 43400.0
192 49210.0 40600.0
193 49970.0 37800.0
194 46740.0 49000.0
195 50730.0 49000.0
196 57190.0 51800.0
197 61560.0 49000.0
198 55860.0 51800.0
199 52630.0 49000.0
200 47690.0 40600.0
201 31730.0 37800.0
202 30970.0 29400.0
203 21470.0 32200.0
204 23560.0 29400.0
205 23180.0 23800.0
206 28500.0 32200.0
207 20140.0 23800.0
208 19190.0 32200.0
210 13870.0 26600.0
211 24510.0 32200.0
213 8740.0 29400.0
214 3800.0 29400.0
215 5130.0 29400.0
216 27170.0 35000.0
217 28310.0 37800.0
218 28880.0 43400.0
219 50730.0 23800.0
220 52630.0 21000.0
221 53580.0 21000.0
222 49400.0 23800.0
223 54150.0 23800.0
224 58520.0 35000.0
225 57760.0 37800.0
226 56810.0 37800.0
227 54720.0 35000.0
228 54720.0 37800.0
229 55670.0 37800.0
230 54720.0 40600.0
231 26790.0 29400.0
232 36670.0 43400.0
233 30210.0 43400.0
234 19190.0 46200.0
235 14440.0 40600.0
236 11780.0 40600.0
237 11970.0 46200.0
238 38380.0 49000.0
239 40280.0 23800.0
240 25840.0 23800.0
241 31540.0 26600.0
242 38380.0 26600.0
243 26790.0 21000.0
244 31920.0 23800.0
245 37620.0 23800.0
246 38950.0 23800.0
247 43510.0 21000.0
248 44080.0 26600.0
249 60610.0 23800.0
250 58900.0 26600.0
251 49210.0 26600.0
252 48830.0 29400.0
253 62130.0 18200.0
254 62130.0 21000.0
255 63080.0 26600.0
256 47500.0 18200.0
257 52250.0 18200.0
258 57760.0 26600.0
259 60990.0 26600.0
260 69350.0 29400.0
261 58520.0 37800.0
262 59850.0 37800.0
263 66880.0 37800.0
264 65550.0 29400.0
265 64790.0 32200.0
266 64600.0 35000.0
267 65930.0 37800.0
268 66310.0 40600.0
269 67830.0 40600.0
270 42560.0 37800.0
271 42560.0 40600.0
272 70110.0 32200.0
273 68970.0 32200.0
274 64600.0 40600.0
275 66120.0 43400.0
276 67450.0 43400.0
277 71630.0 43400.0
278 69920.0 43400.0
279 68780.0 43400.0
280 69350.0 46200.0
281 38950.0 51800.0
282 38190.0 54600.0
283 36670.0 54600.0
284 35720.0 57400.0
285 33820.0 60200.0
286 35150.0 60200.0
287 27360.0 49000.0
288 54720.0 29400.0
289 53960.0 26600.0
290 53770.0 37800.0
291 52060.0 40600.0
292 53010.0 40600.0
293 54530.0 32200.0
294 52060.0 29400.0
295 53390.0 32200.0
296 51870.0 37800.0
297 50730.0 43400.0
298 53200.0 43400.0
299 52060.0 43400.0
300 51490.0 46200.0
301 29070.0 51800.0
302 26790.0 51800.0
303 18050.0 51800.0
304 14820.0 46200.0
305 10260.0 49000.0
306 13110.0 51800.0
307 40280.0 49000.0
308 57190.0 43400.0
309 63460.0 40600.0
310 64030.0 37800.0
311 60990.0 29400.0
312 62700.0 35000.0
313 44270.0 23800.0
314 57950.0 23800.0
315 60610.0 35000.0
316 63080.0 32200.0
317 62130.0 37800.0
318 44460.0 46200.0
319 43320.0 46200.0
320 61180.0 46200.0
321 62700.0 40600.0
322 61560.0 43400.0
323 61750.0 40600.0
324 60420.0 40600.0
325 60230.0 43400.0
326 59850.0 46200.0
327 58900.0 43400.0
328 57570.0 46200.0
329 41990.0 49000.0
330 40090.0 51800.0
331 30210.0 54600.0
332 28880.0 54600.0
333 28500.0 60200.0
334 27550.0 54600.0
335 42940.0 51800.0
336 54340.0 43400.0
337 57950.0 40600.0
338 59090.0 40600.0
339 58900.0 46200.0
340 55480.0 43400.0
341 56430.0 40600.0
342 49590.0 43400.0
343 51680.0 49000.0
344 52630.0 46200.0
345 56050.0 46200.0
346 59280.0 49000.0
347 56620.0 49000.0
348 57760.0 49000.0
349 58330.0 51800.0
350 41610.0 51800.0
351 41990.0 54600.0
352 40850.0 54600.0
353 37240.0 57400.0
354 36480.0 60200.0
355 41230.0 60200.0
356 44460.0 51800.0
357 60610.0 49000.0
358 63080.0 43400.0
359 66880.0 46200.0
360 68210.0 46200.0
361 65170.0 43400.0
362 54340.0 49000.0
363 62700.0 46200.0
364 64410.0 46200.0
365 65360.0 46200.0
366 67450.0 49000.0
367 62510.0 49000.0
368 65740.0 49000.0
369 64030.0 49000.0
370 45790.0 51800.0
371 44270.0 54600.0
372 43130.0 54600.0
373 38760.0 57400.0
374 38000.0 60200.0
375 43130.0 60200.0
376 28500.0 26600.0
377 26600.0 26600.0
378 24320.0 26600.0
379 21660.0 23800.0
380 15770.0 23800.0
381 8740.0 21000.0
382 7220.0 21000.0
383 11210.0 23800.0
384 28500.0 23800.0
385 23940.0 21000.0
386 23940.0 18200.0
387 16150.0 21000.0
388 10640.0 21000.0
389 4180.0 21000.0
390 5510.0 21000.0
391 40660.0 21000.0
392 37240.0 21000.0
393 35720.0 21000.0
394 34390.0 21000.0
395 36860.0 18200.0
396 33820.0 15400.0
397 33250.0 21000.0
398 48260.0 21000.0
399 46360.0 21000.0
400 45980.0 18200.0
401 43890.0 18200.0
402 44460.0 9800.0
403 43700.0 15400.0
404 43130.0 9800.0
405 57570.0 21000.0
406 55480.0 23800.0
407 56620.0 23800.0
408 56430.0 21000.0
409 58900.0 21000.0
410 60420.0 21000.0
411 57190.0 18200.0
412 57760.0 9800.0
413 56240.0 9800.0
414 56430.0 15400.0
415 63460.0 23800.0
416 76000.0 21000.0
417 75240.0 18200.0
418 78470.0 15400.0
419 82080.0 15400.0
420 83980.0 18200.0
421 78850.0 21000.0
422 71630.0 29400.0
423 66880.0 29400.0
424 72770.0 29400.0
425 76000.0 26600.0
426 76760.0 23800.0
427 78090.0 23800.0
428 80940.0 23800.0
429 82460.0 23800.0
430 79230.0 23800.0
431 66310.0 32200.0
432 61560.0 32200.0
433 67450.0 32200.0
434 74860.0 29400.0
435 75240.0 32200.0
436 76950.0 29400.0
437 80180.0 29400.0
438 81700.0 29400.0
439 78850.0 29400.0
440 43700.0 32200.0
441 39710.0 26600.0
442 43130.0 26600.0
443 44080.0 29400.0
444 47500.0 32200.0
445 43130.0 23800.0
446 45410.0 26600.0
447 45410.0 29400.0
448 46360.0 32200.0
449 46740.0 35000.0
450 44650.0 37800.0
451 45030.0 32200.0
452 41990.0 32200.0
453 40660.0 32200.0
454 41420.0 26600.0
455 41990.0 29400.0
456 26030.0 37800.0
458 12350.0 29400.0
459 15390.0 29400.0
461 17670.0 23800.0
462 22230.0 40600.0
463 25840.0 46200.0
464 24130.0 46200.0
465 24890.0 40600.0
466 39330.0 60200.0
467 39140.0 46200.0
468 35150.0 49000.0
469 34770.0 43400.0
470 25650.0 54600.0
471 20710.0 51800.0
472 25460.0 51800.0
473 22230.0 51800.0
474 21850.0 46200.0
476 39330.0 54600.0
477 34960.0 54600.0
478 32870.0 54600.0
479 32870.0 49000.0
480 45030.0 60200.0
481 49780.0 54600.0
482 54150.0 54600.0
483 51870.0 54600.0
484 62510.0 51800.0
485 61370.0 54600.0
486 59090.0 54600.0
487 12730.0 21000.0
488 16910.0 18200.0
489 19190.0 18200.0
490 27550.0 12600.0
491 27360.0 15400.0
492 25650.0 15400.0
493 24130.0 12600.0
494 35530.0 9800.0
495 38000.0 12600.0
496 36290.0 12600.0
497 31350.0 15400.0
498 45790.0 9800.0
499 49400.0 9800.0
500 47690.0 9800.0
501 47310.0 12600.0
502 62510.0 9800.0
503 61180.0 9800.0
504 60610.0 12600.0
505 63650.0 15400.0
506 68970.0 12600.0
507 68780.0 15400.0
508 70110.0 9800.0
509 70870.0 12600.0
510 73910.0 18200.0
511 74100.0 21000.0
512 69350.0 18200.0
513 67070.0 18200.0
514 76190.0 35000.0
515 74480.0 35000.0
516 68970.0 37800.0
517 70870.0 35000.0
518 38950.0 40600.0
519 39900.0 37800.0
520 34770.0 40600.0
521 35910.0 35000.0
522 9310.0 32200.0
523 6270.0 40600.0
524 14630.0 35000.0
525 7030.0 26600.0
526 12350.0 43400.0
527 31730.0 57400.0
528 14250.0 49000.0
529 25270.0 57400.0
530 42750.0 57400.0
531 48830.0 60200.0
532 5890.0 23800.0
533 8550.0 18200.0
534 32870.0 18200.0
535 42370.0 12600.0
536 56430.0 12600.0
537 79990.0 18200.0
538 80750.0 26600.0
539 79990.0 32200.0
540 37810.0 29400.0
541 18050.0 26600.0
542 24130.0 43400.0
543 34390.0 46200.0
544 20710.0 49000.0
545 32870.0 51800.0
546 53390.0 57400.0
547 65550.0 54600.0
548 19950.0 21000.0
549 21470.0 15400.0
550 32110.0 12600.0
551 47690.0 15400.0
552 65170.0 12600.0
553 72770.0 15400.0
554 69730.0 21000.0
555 72770.0 37800.0
556 35910.0 37800.0
