Instance ID x_center y_center
0 6910.0 140.0
1 140.0 27020.0
2 140.0 41580.0
3 34910.0 65930.0
4 24830.0 65930.0
5 32670.0 65930.0
6 38270.0 65930.0
7 52830.0 65930.0
8 140.0 24780.0
9 140.0 19180.0
10 140.0 16940.0
11 28190.0 140.0
12 140.0 21420.0
13 38270.0 140.0
14 51710.0 140.0
15 81450.0 13580.0
16 81450.0 21420.0
17 81450.0 29260.0
18 34910.0 140.0
19 140.0 40460.0
20 140.0 46060.0
21 140.0 49420.0
22 15870.0 65930.0
23 23710.0 140.0
24 25950.0 65930.0
25 22590.0 65930.0
26 30430.0 140.0
27 39390.0 140.0
28 52830.0 140.0
29 60670.0 140.0
30 81450.0 20300.0
31 81450.0 31500.0
32 140.0 34860.0
33 140.0 29260.0
34 140.0 30380.0
35 140.0 33740.0
36 140.0 25900.0
37 43870.0 65930.0
38 47230.0 65930.0
39 68510.0 65930.0
40 48350.0 65930.0
41 61790.0 65930.0
42 55070.0 65930.0
43 140.0 22540.0
44 24830.0 140.0
45 33790.0 140.0
46 42750.0 140.0
47 49470.0 140.0
48 81450.0 19180.0
49 81450.0 24780.0
50 81450.0 30380.0
51 81450.0 32620.0
52 140.0 32620.0
53 140.0 31500.0
54 33440.0 40600.0
55 26980.0 40600.0
56 37810.0 35000.0
57 68590.0 37800.0
58 32490.0 37800.0
59 45600.0 60200.0
60 37430.0 54600.0
61 34200.0 49000.0
62 27170.0 49000.0
63 32870.0 49000.0
64 34770.0 9800.0
65 23370.0 12600.0
66 23370.0 18200.0
67 19950.0 26600.0
68 29450.0 21000.0
69 69730.0 23800.0
70 63270.0 12600.0
71 59090.0 9800.0
72 47500.0 9800.0
73 59090.0 15400.0
74 32110.0 32200.0
76 20140.0 29400.0
77 10260.0 32200.0
81 13490.0 32200.0
82 11970.0 32200.0
84 8550.0 32200.0
85 4180.0 32200.0
88 4940.0 26600.0
89 3800.0 29400.0
90 7030.0 32200.0
91 12160.0 35000.0
92 10640.0 35000.0
93 20520.0 21000.0
95 27550.0 18200.0
96 27170.0 23800.0
97 26030.0 21000.0
98 27360.0 21000.0
99 32870.0 12600.0
100 33060.0 7000.0
101 35910.0 9800.0
102 35910.0 12600.0
103 28310.0 15400.0
104 22420.0 12600.0
105 24510.0 12600.0
106 26790.0 12600.0
107 38190.0 15400.0
108 39710.0 15400.0
109 31350.0 12600.0
110 31540.0 15400.0
111 41040.0 15400.0
112 40090.0 18200.0
113 66880.0 23800.0
114 68210.0 23800.0
115 65550.0 23800.0
116 65930.0 26600.0
117 63270.0 15400.0
118 62320.0 12600.0
119 60990.0 12600.0
120 60610.0 18200.0
121 57190.0 23800.0
122 54910.0 12600.0
123 53580.0 7000.0
124 52630.0 9800.0
125 51110.0 12600.0
126 41610.0 9800.0
127 40660.0 9800.0
128 45410.0 9800.0
129 42750.0 12600.0
130 46170.0 15400.0
131 47310.0 23800.0
132 48070.0 26600.0
133 64410.0 26600.0
134 62890.0 26600.0
135 52440.0 32200.0
136 49780.0 12600.0
137 46550.0 9800.0
138 48070.0 12600.0
139 51680.0 29400.0
140 54530.0 29400.0
141 58710.0 29400.0
142 27740.0 51800.0
143 38570.0 49000.0
144 42940.0 49000.0
145 40090.0 49000.0
146 44270.0 49000.0
147 50350.0 46200.0
148 26220.0 49000.0
149 26790.0 46200.0
150 30210.0 46200.0
151 40090.0 46200.0
152 48830.0 46200.0
153 40850.0 54600.0
154 42560.0 54600.0
155 43890.0 54600.0
156 46170.0 54600.0
157 54150.0 51800.0
158 52060.0 54600.0
159 53010.0 51800.0
160 46170.0 46200.0
161 35910.0 43400.0
162 33820.0 43400.0
163 34770.0 43400.0
164 43130.0 43400.0
165 29450.0 40600.0
166 19000.0 40600.0
167 26410.0 43400.0
168 37430.0 40600.0
169 48450.0 40600.0
170 47880.0 35000.0
171 40850.0 35000.0
172 38760.0 32200.0
173 40470.0 32200.0
174 42750.0 32200.0
175 53390.0 32200.0
176 66690.0 29400.0
177 68020.0 29400.0
178 66310.0 32200.0
179 62510.0 32200.0
180 60610.0 32200.0
181 53390.0 35000.0
182 46550.0 35000.0
183 45790.0 32200.0
184 49590.0 32200.0
185 44270.0 32200.0
186 44270.0 35000.0
187 48640.0 35000.0
188 48830.0 37800.0
189 41800.0 43400.0
190 38760.0 40600.0
191 40660.0 43400.0
192 47310.0 37800.0
193 45030.0 37800.0
194 41800.0 49000.0
195 46930.0 49000.0
196 47690.0 54600.0
197 57380.0 51800.0
198 47500.0 51800.0
199 45790.0 49000.0
200 44650.0 40600.0
201 41230.0 37800.0
202 30210.0 26600.0
203 19190.0 29400.0
204 22800.0 26600.0
205 23180.0 23800.0
206 27360.0 29400.0
207 20900.0 23800.0
208 22230.0 29400.0
210 18810.0 26600.0
211 21090.0 29400.0
213 9880.0 21000.0
214 5700.0 23800.0
215 8930.0 26600.0
216 24510.0 32200.0
217 25650.0 35000.0
218 25460.0 40600.0
219 44270.0 15400.0
220 48830.0 15400.0
221 49780.0 18200.0
222 43700.0 18200.0
223 49970.0 21000.0
224 55480.0 35000.0
225 53960.0 37800.0
226 53010.0 37800.0
227 51300.0 35000.0
228 50540.0 37800.0
229 51490.0 37800.0
230 42560.0 40600.0
231 25650.0 26600.0
232 27930.0 40600.0
233 24130.0 40600.0
234 15390.0 40600.0
235 12160.0 40600.0
236 5700.0 40600.0
237 7030.0 40600.0
238 33060.0 46200.0
239 37620.0 18200.0
240 25460.0 18200.0
241 30400.0 23800.0
242 36480.0 21000.0
243 28310.0 12600.0
244 28880.0 18200.0
245 33440.0 21000.0
246 34770.0 21000.0
247 41990.0 18200.0
248 44080.0 21000.0
249 53770.0 21000.0
250 51680.0 21000.0
251 45410.0 21000.0
252 47310.0 21000.0
253 60610.0 15400.0
254 58330.0 18200.0
255 56620.0 21000.0
256 37240.0 12600.0
257 45030.0 12600.0
258 57380.0 21000.0
259 59090.0 21000.0
260 60610.0 23800.0
261 52440.0 40600.0
262 55290.0 37800.0
263 58520.0 37800.0
264 60230.0 26600.0
265 58710.0 26600.0
266 58520.0 35000.0
267 59470.0 37800.0
268 59850.0 40600.0
269 60610.0 43400.0
270 39900.0 37800.0
271 40280.0 40600.0
272 64030.0 29400.0
273 64030.0 32200.0
274 58520.0 40600.0
275 59280.0 43400.0
276 64790.0 43400.0
277 63650.0 43400.0
278 61940.0 40600.0
279 62320.0 43400.0
280 62890.0 46200.0
281 37810.0 46200.0
282 31730.0 46200.0
283 21090.0 46200.0
284 13300.0 46200.0
285 7600.0 46200.0
286 10450.0 46200.0
287 25080.0 51800.0
288 49020.0 29400.0
289 50160.0 29400.0
290 47310.0 32200.0
291 44080.0 37800.0
292 46170.0 37800.0
293 47310.0 29400.0
294 44840.0 26600.0
295 45790.0 29400.0
296 45790.0 40600.0
297 45410.0 43400.0
298 47880.0 43400.0
299 46740.0 43400.0
300 44650.0 46200.0
301 28310.0 46200.0
302 24890.0 46200.0
303 16150.0 49000.0
304 14820.0 49000.0
305 12160.0 49000.0
306 13490.0 49000.0
307 35720.0 49000.0
308 50730.0 43400.0
309 57000.0 43400.0
310 57190.0 37800.0
311 51870.0 23800.0
312 51680.0 26600.0
313 45790.0 18200.0
314 53010.0 18200.0
315 53010.0 26600.0
316 57000.0 32200.0
317 57190.0 35000.0
318 42180.0 46200.0
319 43320.0 46200.0
320 53960.0 46200.0
321 55860.0 40600.0
322 55860.0 43400.0
323 56810.0 40600.0
324 54340.0 43400.0
325 53010.0 46200.0
326 53010.0 49000.0
327 51680.0 46200.0
328 51490.0 49000.0
329 36670.0 51800.0
330 35530.0 51800.0
331 22990.0 54600.0
332 18240.0 51800.0
333 16720.0 51800.0
334 20330.0 54600.0
335 36100.0 54600.0
336 49020.0 43400.0
337 53770.0 40600.0
338 54910.0 40600.0
339 56620.0 51800.0
340 51680.0 40600.0
341 50730.0 40600.0
342 47690.0 46200.0
343 47880.0 49000.0
344 48830.0 49000.0
345 49970.0 49000.0
346 51680.0 51800.0
347 50540.0 51800.0
348 55480.0 51800.0
349 55290.0 54600.0
350 38570.0 54600.0
351 35150.0 57400.0
352 30210.0 57400.0
353 26980.0 54600.0
354 26220.0 57400.0
355 27550.0 57400.0
356 34580.0 54600.0
357 54150.0 49000.0
358 56240.0 46200.0
359 59660.0 46200.0
360 60230.0 49000.0
361 57950.0 46200.0
362 45980.0 51800.0
363 55860.0 49000.0
364 57950.0 49000.0
365 58900.0 49000.0
366 60990.0 51800.0
367 59090.0 54600.0
368 58900.0 51800.0
369 57570.0 54600.0
370 33250.0 54600.0
371 34010.0 57400.0
372 24890.0 57400.0
373 25460.0 54600.0
374 22040.0 57400.0
375 23370.0 57400.0
376 31920.0 21000.0
377 28120.0 23800.0
378 24320.0 21000.0
379 22420.0 21000.0
380 15390.0 18200.0
381 8740.0 15400.0
382 5700.0 15400.0
383 7030.0 15400.0
384 26600.0 15400.0
385 23940.0 15400.0
386 21280.0 15400.0
387 19570.0 15400.0
388 12920.0 15400.0
389 10260.0 15400.0
390 11590.0 15400.0
391 35340.0 18200.0
392 34200.0 12600.0
393 33440.0 15400.0
394 30210.0 15400.0
395 27740.0 7000.0
396 24320.0 7000.0
397 26410.0 7000.0
398 42560.0 15400.0
399 41040.0 12600.0
400 39520.0 12600.0
401 38190.0 12600.0
402 42560.0 4200.0
403 39140.0 7000.0
404 37810.0 7000.0
405 51110.0 18200.0
406 47500.0 18200.0
407 48640.0 18200.0
408 49970.0 15400.0
409 51680.0 15400.0
410 54340.0 15400.0
411 53010.0 15400.0
412 55860.0 4200.0
413 54720.0 7000.0
414 51490.0 7000.0
415 56240.0 18200.0
416 70680.0 18200.0
417 68780.0 15400.0
418 70870.0 15400.0
419 75240.0 18200.0
420 75620.0 12600.0
421 73530.0 12600.0
422 62890.0 23800.0
423 61180.0 21000.0
424 64030.0 23800.0
425 71060.0 23800.0
426 70300.0 21000.0
427 71630.0 21000.0
428 75620.0 21000.0
429 77140.0 21000.0
430 73910.0 21000.0
431 59090.0 32200.0
432 61180.0 29400.0
433 62510.0 29400.0
434 68780.0 26600.0
435 69160.0 29400.0
436 71630.0 29400.0
437 74100.0 29400.0
438 75620.0 29400.0
439 72770.0 29400.0
440 35340.0 32200.0
441 38570.0 21000.0
442 40090.0 21000.0
443 41420.0 23800.0
444 48260.0 29400.0
445 41610.0 21000.0
446 42750.0 21000.0
447 42750.0 23800.0
448 42940.0 26600.0
449 43320.0 29400.0
450 37810.0 32200.0
451 36670.0 32200.0
452 36670.0 29400.0
453 37240.0 23800.0
454 35720.0 23800.0
455 35530.0 29400.0
456 23370.0 35000.0
458 11590.0 26600.0
459 15010.0 26600.0
461 16910.0 21000.0
462 18050.0 40600.0
463 17480.0 43400.0
464 15770.0 43400.0
465 20710.0 40600.0
466 35530.0 60200.0
467 34960.0 46200.0
468 35530.0 40600.0
469 31730.0 40600.0
470 24130.0 54600.0
471 61370.0 54600.0
472 23560.0 51800.0
473 23370.0 46200.0
474 24510.0 49000.0
476 32870.0 60200.0
477 31920.0 54600.0
478 28690.0 54600.0
479 29830.0 49000.0
480 38190.0 60200.0
481 44460.0 57400.0
482 42750.0 57400.0
483 40470.0 57400.0
484 52630.0 57400.0
485 49210.0 57400.0
486 46550.0 57400.0
487 13490.0 18200.0
488 15390.0 15400.0
489 17670.0 15400.0
490 24130.0 4200.0
491 23560.0 9800.0
492 21850.0 9800.0
493 19570.0 9800.0
494 32110.0 4200.0
495 31920.0 7000.0
496 26790.0 9800.0
497 29830.0 7000.0
498 40470.0 4200.0
499 40660.0 7000.0
500 39330.0 9800.0
501 43510.0 9800.0
502 52630.0 7000.0
503 50920.0 9800.0
504 54530.0 9800.0
505 56810.0 9800.0
506 63270.0 7000.0
507 63460.0 9800.0
508 61750.0 9800.0
509 65170.0 12600.0
510 68970.0 21000.0
511 67640.0 21000.0
512 65170.0 21000.0
513 65930.0 15400.0
514 69350.0 32200.0
515 68020.0 32200.0
516 63270.0 35000.0
517 65170.0 35000.0
518 20710.0 32200.0
519 27740.0 32200.0
520 26790.0 35000.0
521 29070.0 35000.0
522 7790.0 29400.0
523 6650.0 35000.0
524 15390.0 37800.0
525 10070.0 23800.0
526 8930.0 37800.0
527 11210.0 43400.0
528 17290.0 46200.0
529 16530.0 54600.0
530 29070.0 60200.0
531 19950.0 60200.0
532 6270.0 18200.0
533 11590.0 12600.0
534 27930.0 4200.0
535 36670.0 4200.0
536 51870.0 4200.0
537 74670.0 15400.0
538 75430.0 23800.0
539 75810.0 32200.0
540 35910.0 26600.0
541 16530.0 23800.0
542 21850.0 43400.0
543 30210.0 43400.0
544 19950.0 49000.0
545 31350.0 51800.0
546 41990.0 60200.0
547 53770.0 60200.0
548 19190.0 18200.0
549 18810.0 12600.0
550 30970.0 9800.0
551 45030.0 7000.0
552 58710.0 7000.0
553 69730.0 12600.0
554 66690.0 18200.0
555 69730.0 35000.0
556 34010.0 35000.0
