Instance ID x_center y_center
0 12510.0 140.0
1 140.0 23660.0
2 140.0 43820.0
3 41630.0 75980.0
4 30430.0 75980.0
5 31550.0 75980.0
6 46110.0 75980.0
7 50590.0 75980.0
8 140.0 24780.0
9 140.0 20300.0
10 25950.0 140.0
11 40510.0 140.0
12 140.0 16940.0
13 56190.0 140.0
14 66270.0 140.0
15 94010.0 14700.0
16 94010.0 33740.0
17 51710.0 140.0
18 42750.0 140.0
19 140.0 49420.0
20 32670.0 75980.0
21 140.0 55020.0
22 20350.0 75980.0
23 32670.0 140.0
24 24830.0 75980.0
25 34910.0 75980.0
26 44990.0 140.0
27 49470.0 140.0
28 69630.0 140.0
29 94010.0 18060.0
30 94010.0 27020.0
31 94010.0 38220.0
32 43870.0 75980.0
33 140.0 30380.0
34 140.0 31500.0
35 140.0 34860.0
36 33790.0 140.0
37 64030.0 75980.0
38 49470.0 75980.0
39 70750.0 75980.0
40 55070.0 75980.0
41 69630.0 75980.0
42 60670.0 75980.0
43 37150.0 140.0
44 36030.0 140.0
45 46110.0 140.0
46 58430.0 140.0
47 60670.0 140.0
48 94010.0 22540.0
49 94010.0 30380.0
50 94010.0 34860.0
51 47230.0 140.0
52 140.0 32620.0
53 140.0 33740.0
54 40660.0 49000.0
55 33820.0 46200.0
56 40850.0 40600.0
57 47690.0 35000.0
58 38570.0 43400.0
59 44840.0 60200.0
60 43890.0 60200.0
61 29640.0 60200.0
62 32490.0 54600.0
63 38190.0 57400.0
64 45410.0 9800.0
65 32870.0 4200.0
66 27170.0 15400.0
67 29450.0 23800.0
68 34770.0 18200.0
69 81890.0 32200.0
70 76950.0 21000.0
71 72770.0 12600.0
72 57000.0 12600.0
73 68970.0 18200.0
74 38190.0 32200.0
76 22420.0 32200.0
77 10640.0 29400.0
81 11970.0 29400.0
82 11970.0 35000.0
84 9310.0 35000.0
85 4940.0 32200.0
88 13680.0 26600.0
89 13680.0 29400.0
90 9310.0 29400.0
91 14820.0 29400.0
92 12920.0 32200.0
93 31160.0 21000.0
95 32490.0 15400.0
96 32870.0 21000.0
97 31730.0 18200.0
98 33060.0 18200.0
99 44270.0 12600.0
100 46360.0 9800.0
101 47310.0 9800.0
102 46930.0 12600.0
103 31350.0 12600.0
104 33820.0 9800.0
105 32870.0 9800.0
106 35530.0 12600.0
107 48070.0 18200.0
108 60230.0 18200.0
109 43130.0 12600.0
110 43320.0 15400.0
111 61180.0 18200.0
112 60610.0 21000.0
113 78660.0 32200.0
114 80370.0 32200.0
115 74290.0 32200.0
116 69350.0 32200.0
117 75050.0 18200.0
118 84360.0 21000.0
119 75430.0 21000.0
120 71250.0 23800.0
121 68210.0 29400.0
122 68970.0 12600.0
123 70680.0 9800.0
124 71250.0 12600.0
125 66690.0 15400.0
126 60230.0 9800.0
127 58900.0 9800.0
128 57950.0 12600.0
129 60230.0 15400.0
130 62510.0 18200.0
131 65550.0 29400.0
132 66310.0 32200.0
133 71250.0 26600.0
134 71250.0 32200.0
135 68020.0 35000.0
136 70680.0 15400.0
137 59090.0 12600.0
138 68970.0 15400.0
139 69540.0 35000.0
140 68590.0 37800.0
141 65930.0 35000.0
142 28880.0 65800.0
143 34010.0 60200.0
144 49020.0 57400.0
145 35530.0 60200.0
146 50350.0 57400.0
147 54530.0 51800.0
148 30020.0 51800.0
149 31350.0 51800.0
150 34390.0 54600.0
151 44270.0 54600.0
152 64790.0 54600.0
153 49590.0 63000.0
154 50920.0 65800.0
155 49210.0 60200.0
156 50730.0 60200.0
157 65170.0 57400.0
158 54340.0 60200.0
159 62890.0 57400.0
160 63270.0 54600.0
161 42750.0 51800.0
162 41420.0 51800.0
163 41610.0 49000.0
164 45410.0 51800.0
165 37050.0 46200.0
166 30400.0 46200.0
167 31350.0 46200.0
168 45410.0 46200.0
169 61750.0 46200.0
170 64600.0 43400.0
171 44650.0 37800.0
172 42560.0 37800.0
173 42370.0 40600.0
174 48070.0 40600.0
175 50730.0 40600.0
176 50350.0 35000.0
177 51680.0 35000.0
178 52630.0 35000.0
179 54150.0 35000.0
180 60230.0 35000.0
181 61750.0 40600.0
182 63650.0 40600.0
183 62890.0 43400.0
184 62130.0 37800.0
185 48830.0 37800.0
186 49590.0 40600.0
187 67260.0 43400.0
188 67070.0 46200.0
189 47500.0 51800.0
190 46740.0 46200.0
191 48640.0 51800.0
192 65170.0 49000.0
193 62890.0 49000.0
194 47120.0 57400.0
195 61750.0 57400.0
196 52250.0 60200.0
197 57760.0 60200.0
198 56240.0 60200.0
199 59850.0 57400.0
200 60610.0 49000.0
201 44650.0 43400.0
202 37050.0 29400.0
203 27930.0 32200.0
204 35720.0 32200.0
205 35340.0 21000.0
206 31920.0 32200.0
207 32300.0 23800.0
208 22610.0 29400.0
210 29450.0 21000.0
211 29450.0 29400.0
213 20900.0 23800.0
214 15960.0 21000.0
215 17290.0 21000.0
216 30970.0 35000.0
217 31730.0 37800.0
218 34200.0 43400.0
219 65550.0 18200.0
220 67450.0 18200.0
221 67640.0 21000.0
222 64220.0 18200.0
223 66310.0 21000.0
224 67260.0 40600.0
225 68400.0 46200.0
226 69730.0 46200.0
227 69160.0 40600.0
228 70680.0 43400.0
229 71250.0 46200.0
230 64600.0 46200.0
231 32870.0 29400.0
232 42750.0 46200.0
233 35530.0 46200.0
234 34390.0 49000.0
235 21660.0 46200.0
236 13680.0 49000.0
237 16150.0 49000.0
238 39900.0 54600.0
239 44080.0 18200.0
240 29640.0 15400.0
241 36480.0 21000.0
242 43320.0 21000.0
243 34010.0 12600.0
244 33820.0 15400.0
245 46360.0 18200.0
246 46170.0 21000.0
247 52630.0 18200.0
248 51680.0 21000.0
249 66310.0 23800.0
250 60420.0 23800.0
251 53770.0 23800.0
252 55670.0 23800.0
253 70490.0 18200.0
254 68970.0 23800.0
255 57380.0 26600.0
256 53580.0 15400.0
257 57950.0 15400.0
258 58900.0 21000.0
259 58710.0 23800.0
260 59470.0 26600.0
261 53960.0 46200.0
262 54150.0 43400.0
263 55860.0 40600.0
264 60990.0 29400.0
265 59850.0 32200.0
266 56240.0 37800.0
267 56810.0 40600.0
268 57570.0 43400.0
269 56430.0 46200.0
270 47120.0 43400.0
271 47880.0 46200.0
272 56810.0 35000.0
273 55670.0 35000.0
274 55860.0 43400.0
275 51680.0 46200.0
276 51110.0 49000.0
277 51870.0 51800.0
278 49780.0 49000.0
279 52440.0 49000.0
280 50730.0 51800.0
281 41990.0 57400.0
282 39710.0 57400.0
283 37430.0 60200.0
284 36480.0 65800.0
285 32680.0 65800.0
286 35150.0 65800.0
287 31160.0 54600.0
288 71820.0 40600.0
289 70680.0 40600.0
290 68590.0 43400.0
291 66120.0 49000.0
292 68970.0 49000.0
293 65550.0 40600.0
294 64220.0 37800.0
295 65930.0 43400.0
296 67830.0 51800.0
297 66690.0 51800.0
298 64220.0 49000.0
299 67640.0 49000.0
300 68970.0 51800.0
301 40850.0 57400.0
302 31350.0 57400.0
303 30210.0 57400.0
304 20140.0 51800.0
305 15960.0 51800.0
306 17290.0 51800.0
307 32300.0 60200.0
308 58330.0 49000.0
309 53200.0 46200.0
310 53390.0 40600.0
311 54910.0 26600.0
312 53200.0 26600.0
313 53770.0 21000.0
314 55290.0 21000.0
315 56430.0 26600.0
316 55480.0 32200.0
317 53770.0 37800.0
318 46740.0 54600.0
319 47880.0 54600.0
320 49400.0 54600.0
321 52440.0 46200.0
322 53960.0 49000.0
323 54910.0 46200.0
324 55480.0 51800.0
325 56430.0 51800.0
326 54150.0 54600.0
327 56240.0 54600.0
328 55290.0 57400.0
329 37430.0 63000.0
330 32490.0 63000.0
331 31350.0 63000.0
332 22420.0 68600.0
333 23180.0 71400.0
334 24510.0 65800.0
335 42560.0 60200.0
336 65360.0 51800.0
337 70490.0 49000.0
338 70110.0 51800.0
339 69160.0 54600.0
340 71440.0 49000.0
341 71250.0 51800.0
342 65930.0 54600.0
343 63840.0 57400.0
344 67070.0 54600.0
345 68210.0 54600.0
346 68780.0 57400.0
347 67640.0 57400.0
348 66500.0 57400.0
349 67830.0 60200.0
350 39710.0 63000.0
351 38570.0 63000.0
352 34010.0 65800.0
353 32300.0 68600.0
354 24320.0 68600.0
355 27170.0 71400.0
356 41040.0 60200.0
357 51490.0 54600.0
358 55480.0 49000.0
359 58140.0 46200.0
360 59470.0 46200.0
361 56810.0 49000.0
362 52820.0 57400.0
363 52820.0 54600.0
364 57570.0 54600.0
365 58520.0 57400.0
366 59090.0 60200.0
367 60230.0 63000.0
368 61180.0 60200.0
369 61750.0 63000.0
370 42750.0 63000.0
371 41230.0 63000.0
372 40850.0 65800.0
373 40660.0 68600.0
374 35720.0 71400.0
375 41990.0 68600.0
376 38000.0 21000.0
377 39140.0 18200.0
378 38000.0 18200.0
379 36480.0 18200.0
380 29450.0 18200.0
381 18620.0 18200.0
382 14060.0 18200.0
383 12350.0 18200.0
384 36100.0 15400.0
385 37240.0 12600.0
386 32680.0 12600.0
387 30210.0 12600.0
388 27360.0 9800.0
389 26220.0 12600.0
390 27550.0 12600.0
391 46740.0 15400.0
392 44840.0 15400.0
393 41800.0 15400.0
394 40470.0 15400.0
395 39520.0 9800.0
396 39520.0 4200.0
397 38190.0 4200.0
398 62320.0 15400.0
399 63460.0 12600.0
400 61560.0 12600.0
401 60230.0 12600.0
402 58900.0 7000.0
403 56620.0 7000.0
404 59850.0 4200.0
405 57950.0 21000.0
406 56620.0 18200.0
407 56620.0 21000.0
408 58330.0 18200.0
409 64980.0 15400.0
410 66880.0 12600.0
411 65170.0 12600.0
412 67640.0 7000.0
413 67260.0 4200.0
414 65170.0 7000.0
415 69160.0 21000.0
416 71440.0 21000.0
417 71820.0 18200.0
418 72010.0 15400.0
419 76760.0 12600.0
420 76760.0 18200.0
421 73910.0 15400.0
422 62130.0 29400.0
423 61940.0 26600.0
424 63270.0 29400.0
425 70680.0 29400.0
426 72580.0 29400.0
427 72770.0 32200.0
428 76000.0 32200.0
429 77520.0 32200.0
430 73530.0 35000.0
431 61750.0 35000.0
432 65360.0 37800.0
433 62890.0 35000.0
434 61560.0 32200.0
435 53960.0 32200.0
436 52630.0 32200.0
437 50160.0 29400.0
438 51680.0 29400.0
439 50730.0 32200.0
440 41420.0 37800.0
441 44650.0 21000.0
442 47690.0 21000.0
443 47880.0 23800.0
444 52060.0 26600.0
445 50350.0 18200.0
446 50350.0 21000.0
447 49210.0 23800.0
448 49400.0 26600.0
449 48260.0 29400.0
450 42750.0 29400.0
451 41610.0 29400.0
452 41230.0 23800.0
453 44080.0 26600.0
454 42560.0 23800.0
455 42750.0 26600.0
456 29450.0 37800.0
458 19570.0 21000.0
459 22990.0 21000.0
461 25270.0 21000.0
462 24130.0 43400.0
463 24320.0 46200.0
464 24890.0 49000.0
465 27930.0 46200.0
466 42750.0 71400.0
467 42940.0 49000.0
468 44650.0 49000.0
469 38190.0 49000.0
470 29450.0 71400.0
471 70490.0 63000.0
472 28880.0 51800.0
473 26410.0 51800.0
474 29070.0 54600.0
476 30970.0 65800.0
477 29640.0 63000.0
478 26410.0 63000.0
479 26410.0 57400.0
480 47310.0 71400.0
481 49020.0 65800.0
482 47310.0 63000.0
483 45030.0 63000.0
484 51870.0 68600.0
485 52630.0 65800.0
486 52630.0 63000.0
487 18810.0 15400.0
488 21090.0 15400.0
489 23370.0 15400.0
490 34010.0 4200.0
491 33440.0 7000.0
492 29830.0 9800.0
493 30210.0 4200.0
494 47690.0 4200.0
495 47880.0 7000.0
496 43890.0 9800.0
497 44650.0 7000.0
498 49590.0 4200.0
499 50160.0 7000.0
500 50350.0 9800.0
501 53390.0 7000.0
502 70110.0 7000.0
503 72960.0 9800.0
504 75050.0 9800.0
505 74670.0 12600.0
506 84930.0 18200.0
507 83600.0 18200.0
508 81510.0 18200.0
509 79230.0 18200.0
510 83030.0 26600.0
511 81320.0 26600.0
512 76950.0 26600.0
513 79230.0 26600.0
514 75430.0 37800.0
515 51300.0 37800.0
516 39710.0 37800.0
517 39330.0 35000.0
518 43890.0 46200.0
519 42940.0 43400.0
520 36670.0 43400.0
521 37810.0 37800.0
522 17290.0 32200.0
523 8930.0 32200.0
524 17290.0 35000.0
525 16910.0 23800.0
526 17670.0 46200.0
527 36670.0 68600.0
528 17670.0 54600.0
529 20710.0 65800.0
530 28310.0 68600.0
531 45790.0 68600.0
532 13490.0 15400.0
533 23370.0 9800.0
534 37430.0 7000.0
535 56050.0 4200.0
536 66310.0 9800.0
537 77710.0 15400.0
538 77330.0 35000.0
539 46930.0 32200.0
540 38950.0 26600.0
541 25650.0 23800.0
542 29070.0 43400.0
543 37810.0 51800.0
544 24510.0 54600.0
545 26030.0 60200.0
546 45030.0 65800.0
547 57570.0 65800.0
548 23750.0 18200.0
549 29450.0 7000.0
550 43890.0 4200.0
551 54910.0 9800.0
552 76190.0 7000.0
553 80750.0 21000.0
554 80750.0 29400.0
555 43890.0 35000.0
556 37050.0 40600.0
