Instance ID x_center y_center
0 92030.0 61480.0
1 140.0 27020.0
2 140.0 38220.0
3 43870.0 61480.0
4 31550.0 61480.0
5 42750.0 61480.0
6 44990.0 61480.0
7 67390.0 61480.0
8 140.0 24780.0
9 140.0 22540.0
10 140.0 18060.0
11 34910.0 140.0
12 140.0 19180.0
13 46110.0 140.0
14 61790.0 140.0
15 99890.0 12460.0
16 99890.0 15820.0
17 99890.0 27020.0
18 44990.0 140.0
19 140.0 37100.0
20 140.0 42700.0
21 140.0 47180.0
22 24830.0 61480.0
23 28190.0 140.0
24 34910.0 61480.0
25 33790.0 61480.0
26 36030.0 140.0
27 47230.0 140.0
28 70750.0 140.0
29 99890.0 13580.0
30 99890.0 19180.0
31 99890.0 31500.0
32 40510.0 61480.0
33 140.0 28140.0
34 140.0 29260.0
35 140.0 32620.0
36 140.0 25900.0
37 76350.0 61480.0
38 59550.0 61480.0
39 99890.0 42700.0
40 62910.0 61480.0
41 81950.0 61480.0
42 72990.0 61480.0
43 140.0 23660.0
44 140.0 20300.0
45 40510.0 140.0
46 52830.0 140.0
47 64030.0 140.0
48 99890.0 20300.0
49 99890.0 21420.0
50 99890.0 28140.0
51 61790.0 61480.0
52 140.0 30380.0
53 140.0 31500.0
54 41800.0 40600.0
55 28880.0 37800.0
56 49970.0 35000.0
57 86450.0 32200.0
58 40090.0 35000.0
59 52060.0 51800.0
60 50730.0 51800.0
61 41800.0 46200.0
62 31350.0 46200.0
63 42750.0 49000.0
64 42750.0 12600.0
65 24890.0 15400.0
66 29830.0 18200.0
67 31350.0 26600.0
68 35530.0 21000.0
69 90250.0 23800.0
70 85310.0 15400.0
71 71630.0 9800.0
72 58140.0 15400.0
73 72770.0 15400.0
74 38950.0 32200.0
76 22800.0 29400.0
77 10640.0 32200.0
81 13870.0 35000.0
82 13870.0 32200.0
84 8930.0 32200.0
85 6080.0 32200.0
88 6080.0 29400.0
89 7220.0 29400.0
90 7410.0 32200.0
91 12540.0 32200.0
92 12540.0 35000.0
93 16720.0 23800.0
95 31730.0 21000.0
96 30590.0 23800.0
97 28310.0 21000.0
98 32680.0 23800.0
99 40850.0 15400.0
100 41420.0 12600.0
101 41990.0 15400.0
102 43130.0 18200.0
103 33250.0 18200.0
104 27360.0 15400.0
105 26410.0 15400.0
106 31730.0 18200.0
107 45410.0 21000.0
108 48070.0 21000.0
109 39710.0 15400.0
110 40660.0 18200.0
111 49400.0 18200.0
112 49590.0 21000.0
113 88540.0 21000.0
114 88730.0 23800.0
115 84930.0 21000.0
116 84170.0 23800.0
117 83790.0 15400.0
118 86640.0 12600.0
119 86830.0 15400.0
120 76190.0 18200.0
121 76190.0 26600.0
122 67830.0 15400.0
123 69160.0 15400.0
124 70870.0 15400.0
125 69730.0 18200.0
126 53010.0 15400.0
127 53580.0 9800.0
128 56050.0 15400.0
129 54530.0 15400.0
130 55670.0 21000.0
131 59090.0 26600.0
132 59850.0 29400.0
133 82270.0 23800.0
134 82650.0 26600.0
135 68020.0 26600.0
136 68400.0 18200.0
137 57190.0 15400.0
138 66690.0 18200.0
139 69920.0 32200.0
140 70110.0 29400.0
141 74670.0 29400.0
142 29640.0 51800.0
143 50730.0 49000.0
144 54720.0 49000.0
145 51110.0 46200.0
146 56050.0 46200.0
147 59470.0 46200.0
148 32300.0 46200.0
149 34010.0 46200.0
150 35910.0 46200.0
151 48070.0 46200.0
152 64410.0 40600.0
153 51490.0 54600.0
154 52820.0 54600.0
155 53010.0 51800.0
156 53390.0 49000.0
157 68590.0 49000.0
158 62320.0 51800.0
159 66310.0 49000.0
160 64410.0 43400.0
161 42750.0 40600.0
162 43700.0 40600.0
163 45030.0 40600.0
164 49210.0 40600.0
165 35910.0 37800.0
166 26600.0 37800.0
167 27930.0 37800.0
168 49970.0 37800.0
169 68210.0 40600.0
170 68400.0 37800.0
171 52630.0 32200.0
172 50540.0 32200.0
173 51490.0 35000.0
174 57570.0 35000.0
175 68970.0 32200.0
176 84930.0 32200.0
177 88540.0 32200.0
178 87590.0 32200.0
179 80750.0 32200.0
180 76570.0 32200.0
181 72390.0 35000.0
182 67830.0 35000.0
183 64030.0 32200.0
184 66690.0 32200.0
185 59090.0 32200.0
186 59090.0 35000.0
187 65740.0 35000.0
188 65930.0 37800.0
189 50540.0 40600.0
190 51680.0 37800.0
191 52060.0 40600.0
192 64410.0 37800.0
193 64030.0 35000.0
194 52440.0 46200.0
195 64790.0 46200.0
196 59470.0 49000.0
197 67260.0 49000.0
198 60800.0 49000.0
199 62130.0 49000.0
200 61750.0 35000.0
201 40850.0 32200.0
202 40090.0 29400.0
203 28690.0 29400.0
204 29640.0 29400.0
205 19000.0 23800.0
206 33440.0 29400.0
207 17860.0 26600.0
208 25650.0 29400.0
210 15390.0 26600.0
211 26790.0 29400.0
213 11780.0 23800.0
214 4560.0 23800.0
215 6270.0 23800.0
216 32490.0 32200.0
217 34390.0 35000.0
218 30020.0 37800.0
219 51110.0 21000.0
220 65550.0 21000.0
221 66880.0 21000.0
222 49020.0 23800.0
223 65550.0 23800.0
224 73340.0 32200.0
225 75620.0 35000.0
226 76570.0 37800.0
227 70680.0 35000.0
228 69540.0 37800.0
229 75430.0 37800.0
230 74860.0 40600.0
231 31350.0 35000.0
232 34010.0 40600.0
233 29450.0 40600.0
234 20710.0 40600.0
235 17100.0 37800.0
236 9120.0 37800.0
237 11210.0 35000.0
238 43320.0 43400.0
239 41800.0 21000.0
240 30020.0 21000.0
241 34200.0 23800.0
242 41800.0 23800.0
243 34390.0 18200.0
244 37240.0 21000.0
245 44840.0 23800.0
246 43510.0 23800.0
247 53390.0 21000.0
248 57380.0 23800.0
249 72010.0 21000.0
250 63460.0 23800.0
251 60610.0 23800.0
252 58710.0 23800.0
253 72770.0 18200.0
254 71250.0 18200.0
255 69540.0 23800.0
256 47120.0 18200.0
257 56810.0 18200.0
258 64220.0 23800.0
259 67830.0 23800.0
260 71630.0 23800.0
261 74100.0 37800.0
262 74290.0 35000.0
263 76760.0 35000.0
264 75430.0 23800.0
265 73530.0 26600.0
266 75240.0 32200.0
267 77710.0 35000.0
268 78090.0 40600.0
269 78850.0 43400.0
270 52820.0 35000.0
271 52820.0 37800.0
272 83410.0 32200.0
273 82270.0 32200.0
274 72960.0 37800.0
275 75620.0 43400.0
276 75810.0 46200.0
277 73910.0 46200.0
278 71060.0 43400.0
279 72200.0 43400.0
280 72770.0 46200.0
281 45030.0 46200.0
282 43510.0 46200.0
283 14630.0 43400.0
284 15580.0 40600.0
285 10260.0 43400.0
286 11970.0 43400.0
287 33060.0 43400.0
288 67260.0 26600.0
289 66880.0 29400.0
290 62510.0 32200.0
291 64980.0 35000.0
292 62890.0 35000.0
293 61370.0 32200.0
294 58520.0 29400.0
295 60230.0 32200.0
296 62130.0 37800.0
297 62130.0 40600.0
298 59660.0 40600.0
299 60420.0 37800.0
300 60990.0 40600.0
301 34390.0 43400.0
302 31730.0 43400.0
303 24130.0 46200.0
304 17860.0 46200.0
305 14440.0 46200.0
306 15770.0 46200.0
307 45600.0 49000.0
308 58330.0 40600.0
309 57000.0 40600.0
310 58330.0 37800.0
311 62890.0 26600.0
312 57380.0 29400.0
313 57570.0 21000.0
314 61750.0 21000.0
315 62130.0 29400.0
316 71060.0 32200.0
317 56810.0 37800.0
318 48640.0 43400.0
319 51680.0 43400.0
320 53580.0 43400.0
321 54340.0 37800.0
322 54340.0 40600.0
323 56050.0 40600.0
324 59660.0 43400.0
325 60610.0 43400.0
326 60610.0 46200.0
327 61940.0 43400.0
328 62130.0 46200.0
329 47310.0 49000.0
330 44270.0 49000.0
331 28690.0 49000.0
332 27740.0 51800.0
333 25080.0 54600.0
334 25650.0 49000.0
335 48640.0 49000.0
336 65740.0 40600.0
337 71250.0 37800.0
338 71630.0 40600.0
339 71440.0 46200.0
340 70300.0 37800.0
341 70490.0 40600.0
342 65930.0 43400.0
343 66500.0 46200.0
344 67450.0 46200.0
345 69730.0 46200.0
346 71440.0 49000.0
347 70680.0 46200.0
348 69920.0 49000.0
349 70110.0 51800.0
350 49590.0 51800.0
351 48070.0 51800.0
352 35910.0 51800.0
353 38760.0 54600.0
354 34580.0 54600.0
355 35910.0 54600.0
356 46740.0 51800.0
357 57570.0 46200.0
358 58520.0 43400.0
359 76760.0 43400.0
360 77710.0 46200.0
361 74670.0 43400.0
362 56240.0 49000.0
363 57000.0 43400.0
364 73530.0 43400.0
365 74860.0 46200.0
366 75810.0 49000.0
367 72770.0 49000.0
368 74480.0 49000.0
369 73910.0 51800.0
370 44270.0 51800.0
371 45410.0 51800.0
372 34770.0 51800.0
373 32680.0 54600.0
374 33440.0 57400.0
375 32110.0 57400.0
376 35720.0 23800.0
377 31540.0 23800.0
378 20900.0 23800.0
379 20520.0 21000.0
380 16530.0 21000.0
381 12540.0 21000.0
382 7600.0 18200.0
383 8170.0 23800.0
384 33440.0 21000.0
385 19000.0 18200.0
386 17480.0 18200.0
387 15390.0 18200.0
388 13300.0 18200.0
389 9500.0 18200.0
390 10830.0 18200.0
391 43320.0 21000.0
392 39140.0 18200.0
393 37620.0 18200.0
394 35530.0 18200.0
395 34580.0 15400.0
396 35340.0 12600.0
397 33250.0 15400.0
398 53960.0 18200.0
399 52060.0 18200.0
400 51680.0 15400.0
401 50350.0 15400.0
402 52440.0 9800.0
403 47880.0 7000.0
404 45410.0 7000.0
405 62890.0 21000.0
406 59280.0 21000.0
407 60420.0 21000.0
408 64030.0 21000.0
409 64600.0 18200.0
410 65360.0 15400.0
411 64030.0 15400.0
412 67640.0 9800.0
413 63080.0 7000.0
414 62890.0 12600.0
415 76000.0 21000.0
416 80940.0 18200.0
417 80940.0 15400.0
418 82270.0 15400.0
419 89300.0 9800.0
420 92340.0 12600.0
421 89490.0 12600.0
422 78850.0 23800.0
423 74100.0 23800.0
424 79990.0 23800.0
425 80940.0 21000.0
426 82460.0 18200.0
427 83790.0 18200.0
428 95380.0 18200.0
429 95000.0 15400.0
430 87590.0 18200.0
431 78470.0 32200.0
432 77140.0 29400.0
433 78850.0 29400.0
434 80180.0 29400.0
435 81700.0 29400.0
436 83030.0 29400.0
437 93860.0 26600.0
438 96140.0 29400.0
439 88350.0 29400.0
440 47880.0 37800.0
441 40470.0 23800.0
442 54530.0 23800.0
443 55100.0 26600.0
444 55100.0 32200.0
445 53390.0 23800.0
446 56430.0 23800.0
447 56430.0 26600.0
448 55100.0 29400.0
449 56620.0 32200.0
450 49210.0 32200.0
451 47310.0 32200.0
452 45030.0 29400.0
453 48640.0 26600.0
454 46360.0 26600.0
455 46170.0 29400.0
456 37050.0 35000.0
458 19950.0 26600.0
459 23750.0 23800.0
461 26030.0 23800.0
462 20330.0 37800.0
463 22040.0 37800.0
464 23750.0 35000.0
465 24510.0 37800.0
466 44650.0 54600.0
467 45220.0 43400.0
468 46550.0 40600.0
469 40090.0 40600.0
470 32110.0 51800.0
471 77330.0 49000.0
472 32300.0 49000.0
473 27170.0 49000.0
474 27930.0 46200.0
476 42750.0 51800.0
477 41420.0 51800.0
478 39330.0 51800.0
479 39710.0 46200.0
480 45790.0 54600.0
481 47120.0 54600.0
482 46930.0 57400.0
483 49210.0 54600.0
484 62890.0 57400.0
485 58710.0 57400.0
486 58330.0 54600.0
487 18430.0 21000.0
488 22230.0 21000.0
489 24510.0 21000.0
490 28690.0 7000.0
491 28120.0 9800.0
492 26030.0 9800.0
493 26410.0 12600.0
494 36290.0 7000.0
495 38380.0 15400.0
496 36670.0 15400.0
497 38190.0 12600.0
498 46550.0 7000.0
499 48640.0 12600.0
500 46930.0 12600.0
501 50730.0 12600.0
502 72770.0 9800.0
503 73720.0 12600.0
504 75810.0 12600.0
505 69730.0 9800.0
506 91010.0 12600.0
507 88160.0 12600.0
508 84930.0 9800.0
509 82650.0 9800.0
510 91770.0 21000.0
511 89680.0 21000.0
512 87210.0 21000.0
513 86450.0 23800.0
514 91390.0 32200.0
515 90060.0 32200.0
516 83410.0 35000.0
517 85310.0 35000.0
518 42370.0 37800.0
519 41800.0 35000.0
520 43510.0 37800.0
521 44650.0 32200.0
522 11210.0 29400.0
523 7410.0 35000.0
524 18050.0 32200.0
525 8170.0 26600.0
526 13110.0 37800.0
527 11590.0 40600.0
528 17290.0 49000.0
529 23750.0 51800.0
530 37810.0 57400.0
531 28310.0 57400.0
532 7030.0 21000.0
533 11590.0 15400.0
534 31350.0 12600.0
535 48450.0 9800.0
536 63650.0 9800.0
537 91010.0 15400.0
538 91390.0 18200.0
539 92150.0 29400.0
540 50730.0 29400.0
541 27550.0 26600.0
542 24510.0 40600.0
543 39330.0 43400.0
544 27170.0 43400.0
545 38570.0 49000.0
546 51110.0 57400.0
547 57950.0 51800.0
548 25270.0 18200.0
549 21850.0 12600.0
550 38950.0 9800.0
551 55290.0 12600.0
552 69730.0 12600.0
553 82650.0 12600.0
554 88350.0 26600.0
555 89870.0 35000.0
556 46170.0 35000.0
