Instance ID x_center y_center
0 5790.0 140.0
1 140.0 23660.0
2 140.0 37100.0
3 36030.0 58490.0
4 23710.0 58490.0
5 37150.0 58490.0
6 34910.0 58490.0
7 44990.0 58490.0
8 140.0 28140.0
9 140.0 21420.0
10 140.0 18060.0
11 27070.0 140.0
12 140.0 16940.0
13 33790.0 140.0
14 47230.0 140.0
15 64030.0 140.0
16 81900.0 13580.0
17 81900.0 25900.0
18 38270.0 140.0
19 140.0 35980.0
20 140.0 40460.0
21 140.0 44940.0
22 15870.0 58490.0
23 21470.0 140.0
24 25950.0 58490.0
25 24830.0 58490.0
26 28190.0 140.0
27 37150.0 140.0
28 48350.0 140.0
29 56190.0 140.0
30 57310.0 140.0
31 81900.0 31500.0
32 33790.0 58490.0
33 140.0 25900.0
34 140.0 27020.0
35 140.0 31500.0
36 140.0 24780.0
37 81900.0 37100.0
38 49470.0 58490.0
39 81900.0 41580.0
40 52830.0 58490.0
41 64030.0 58490.0
42 56190.0 58490.0
43 140.0 22540.0
44 140.0 19180.0
45 31550.0 140.0
46 39390.0 140.0
47 49470.0 140.0
48 81900.0 19180.0
49 81900.0 20300.0
50 81900.0 27020.0
51 81900.0 30380.0
52 140.0 29260.0
53 140.0 30380.0
54 36860.0 40600.0
55 27360.0 37800.0
56 41990.0 35000.0
57 66690.0 35000.0
58 34010.0 35000.0
59 48260.0 49000.0
60 40090.0 51800.0
61 36100.0 46200.0
62 25270.0 40600.0
63 35150.0 49000.0
64 32490.0 15400.0
65 22230.0 15400.0
66 30590.0 18200.0
67 27170.0 23800.0
68 27170.0 21000.0
69 66690.0 15400.0
70 66310.0 9800.0
71 54150.0 7000.0
72 43320.0 9800.0
73 54150.0 12600.0
74 32110.0 29400.0
76 18620.0 32200.0
77 11400.0 32200.0
81 13110.0 29400.0
82 11590.0 29400.0
84 9690.0 29400.0
85 5700.0 29400.0
88 7220.0 26600.0
89 7600.0 29400.0
90 8550.0 35000.0
91 10260.0 32200.0
92 9880.0 35000.0
93 13680.0 23800.0
95 29070.0 18200.0
96 24890.0 21000.0
97 26030.0 18200.0
98 27360.0 18200.0
99 31350.0 12600.0
100 31540.0 9800.0
101 32870.0 12600.0
102 34770.0 12600.0
103 25270.0 15400.0
104 23180.0 12600.0
105 22230.0 12600.0
106 23750.0 15400.0
107 36670.0 18200.0
108 38190.0 18200.0
109 30210.0 12600.0
110 31160.0 15400.0
111 39900.0 21000.0
112 41230.0 21000.0
113 67640.0 15400.0
114 65170.0 15400.0
115 68210.0 18200.0
116 65930.0 18200.0
117 64030.0 9800.0
118 62700.0 9800.0
119 61370.0 9800.0
120 58710.0 15400.0
121 60990.0 21000.0
122 48450.0 9800.0
123 48260.0 7000.0
124 50730.0 7000.0
125 50350.0 12600.0
126 42370.0 9800.0
127 41800.0 7000.0
128 41610.0 12600.0
129 42370.0 15400.0
130 46550.0 18200.0
131 47690.0 21000.0
132 48070.0 23800.0
133 63650.0 15400.0
134 64030.0 18200.0
135 57380.0 21000.0
136 52060.0 12600.0
137 44650.0 9800.0
138 51490.0 15400.0
139 55860.0 23800.0
140 58710.0 23800.0
141 58710.0 26600.0
142 29640.0 49000.0
143 42750.0 46200.0
144 47500.0 46200.0
145 44270.0 46200.0
146 48830.0 46200.0
147 51110.0 43400.0
148 25460.0 43400.0
149 27170.0 43400.0
150 29070.0 43400.0
151 42750.0 43400.0
152 51110.0 40600.0
153 37810.0 49000.0
154 33060.0 51800.0
155 41230.0 51800.0
156 49970.0 49000.0
157 57570.0 46200.0
158 53960.0 51800.0
159 56430.0 46200.0
160 52630.0 40600.0
161 37050.0 43400.0
162 36480.0 37800.0
163 37810.0 40600.0
164 41990.0 40600.0
165 31350.0 35000.0
166 26220.0 35000.0
167 26410.0 37800.0
168 41990.0 37800.0
169 48450.0 37800.0
170 53200.0 35000.0
171 43510.0 29400.0
172 41420.0 29400.0
173 41990.0 32200.0
174 46550.0 32200.0
175 57570.0 32200.0
176 68210.0 29400.0
177 69540.0 29400.0
178 66310.0 29400.0
179 64790.0 29400.0
180 63650.0 26600.0
181 57950.0 29400.0
182 53770.0 29400.0
183 49590.0 29400.0
184 50730.0 26600.0
185 48070.0 29400.0
186 48070.0 32200.0
187 51300.0 32200.0
188 51870.0 35000.0
189 43320.0 40600.0
190 43320.0 37800.0
191 45220.0 40600.0
192 46550.0 35000.0
193 47690.0 35000.0
194 46360.0 46200.0
195 53010.0 46200.0
196 53010.0 49000.0
197 55860.0 49000.0
198 51680.0 49000.0
199 51870.0 46200.0
200 46170.0 37800.0
201 30970.0 32200.0
202 36290.0 26600.0
203 17670.0 26600.0
204 20900.0 26600.0
205 18620.0 23800.0
206 31160.0 26600.0
207 16340.0 23800.0
208 18810.0 29400.0
210 11970.0 23800.0
211 21850.0 26600.0
213 10260.0 23800.0
214 3800.0 26600.0
215 5510.0 26600.0
216 27170.0 29400.0
217 28690.0 35000.0
218 28500.0 37800.0
219 40850.0 18200.0
220 52630.0 18200.0
221 53960.0 15400.0
222 39520.0 18200.0
223 54150.0 18200.0
224 59660.0 29400.0
225 59660.0 35000.0
226 60990.0 35000.0
227 56240.0 32200.0
228 58900.0 32200.0
229 60230.0 32200.0
230 62700.0 35000.0
231 25270.0 26600.0
232 38190.0 37800.0
233 29830.0 37800.0
234 13870.0 37800.0
235 11400.0 37800.0
236 3420.0 37800.0
237 6270.0 40600.0
238 39140.0 40600.0
239 33820.0 18200.0
240 32300.0 18200.0
241 29260.0 21000.0
242 32680.0 21000.0
243 26790.0 15400.0
244 29640.0 15400.0
245 35340.0 18200.0
246 35530.0 21000.0
247 42370.0 18200.0
248 43700.0 21000.0
249 57950.0 18200.0
250 52820.0 21000.0
251 51490.0 21000.0
252 49590.0 21000.0
253 56430.0 12600.0
254 56430.0 15400.0
255 55480.0 18200.0
256 36860.0 12600.0
257 44270.0 12600.0
258 51680.0 18200.0
259 55290.0 21000.0
260 67070.0 23800.0
261 55100.0 35000.0
262 58330.0 35000.0
263 64220.0 35000.0
264 63270.0 21000.0
265 63270.0 23800.0
266 62320.0 26600.0
267 64030.0 37800.0
268 65170.0 37800.0
269 66310.0 40600.0
270 44080.0 35000.0
271 44840.0 37800.0
272 62130.0 29400.0
273 60990.0 29400.0
274 57000.0 37800.0
275 60420.0 40600.0
276 64030.0 40600.0
277 63270.0 43400.0
278 62700.0 37800.0
279 62700.0 40600.0
280 62130.0 43400.0
281 40090.0 43400.0
282 38950.0 43400.0
283 19190.0 40600.0
284 11400.0 40600.0
285 9880.0 40600.0
286 13870.0 43400.0
287 27740.0 40600.0
288 54720.0 23800.0
289 54340.0 26600.0
290 51870.0 29400.0
291 49400.0 32200.0
292 50350.0 32200.0
293 48450.0 26600.0
294 46740.0 23800.0
295 47310.0 26600.0
296 48830.0 35000.0
297 48830.0 40600.0
298 50540.0 37800.0
299 50160.0 35000.0
300 49970.0 40600.0
301 29450.0 40600.0
302 26410.0 40600.0
303 15390.0 43400.0
304 16340.0 46200.0
305 10640.0 43400.0
306 12350.0 43400.0
307 38760.0 46200.0
308 53390.0 37800.0
309 55860.0 37800.0
310 56430.0 35000.0
311 51490.0 23800.0
312 53200.0 23800.0
313 45790.0 15400.0
314 50730.0 18200.0
315 53010.0 26600.0
316 56240.0 26600.0
317 56430.0 29400.0
318 44840.0 43400.0
319 46360.0 43400.0
320 50160.0 43400.0
321 55100.0 37800.0
322 55100.0 40600.0
323 56430.0 40600.0
324 53960.0 40600.0
325 53770.0 43400.0
326 54150.0 46200.0
327 52440.0 43400.0
328 55290.0 43400.0
329 40090.0 46200.0
330 37430.0 46200.0
331 28690.0 49000.0
332 18240.0 51800.0
333 16720.0 51800.0
334 19950.0 49000.0
335 42180.0 49000.0
336 51680.0 37800.0
337 60230.0 37800.0
338 61750.0 37800.0
339 60040.0 46200.0
340 59280.0 37800.0
341 58330.0 37800.0
342 47690.0 40600.0
343 48260.0 43400.0
344 49210.0 43400.0
345 58330.0 43400.0
346 58900.0 46200.0
347 59280.0 43400.0
348 61940.0 46200.0
349 63270.0 49000.0
350 44650.0 49000.0
351 42370.0 51800.0
352 28690.0 51800.0
353 30020.0 51800.0
354 25080.0 51800.0
355 27550.0 51800.0
356 40660.0 49000.0
357 55290.0 46200.0
358 58520.0 40600.0
359 64600.0 43400.0
360 65930.0 43400.0
361 61370.0 40600.0
362 50540.0 46200.0
363 57000.0 43400.0
364 60990.0 43400.0
365 60800.0 46200.0
366 62130.0 49000.0
367 57570.0 49000.0
368 60800.0 49000.0
369 59090.0 49000.0
370 43510.0 49000.0
371 39330.0 49000.0
372 27170.0 49000.0
373 25840.0 49000.0
374 23940.0 49000.0
375 23370.0 51800.0
376 30780.0 21000.0
377 23940.0 21000.0
378 17100.0 21000.0
379 16720.0 15400.0
380 13110.0 18200.0
381 10260.0 18200.0
382 6080.0 21000.0
383 7410.0 21000.0
384 24320.0 18200.0
385 19760.0 15400.0
386 18240.0 15400.0
387 13110.0 15400.0
388 7980.0 15400.0
389 4180.0 15400.0
390 5890.0 15400.0
391 34200.0 15400.0
392 28500.0 12600.0
393 26600.0 12600.0
394 24890.0 12600.0
395 30020.0 7000.0
396 28500.0 7000.0
397 24510.0 7000.0
398 40280.0 15400.0
399 39900.0 12600.0
400 38000.0 12600.0
401 34010.0 9800.0
402 34580.0 7000.0
403 33060.0 7000.0
404 31350.0 4200.0
405 49590.0 18200.0
406 47120.0 15400.0
407 48260.0 18200.0
408 48830.0 15400.0
409 48260.0 12600.0
410 46740.0 12600.0
411 46170.0 9800.0
412 49400.0 4200.0
413 47120.0 7000.0
414 45790.0 7000.0
415 61560.0 18200.0
416 69920.0 18200.0
417 67260.0 12600.0
418 68210.0 9800.0
419 63080.0 4200.0
420 66120.0 7000.0
421 67450.0 7000.0
422 65930.0 21000.0
423 64600.0 21000.0
424 67070.0 21000.0
425 69160.0 15400.0
426 68780.0 12600.0
427 70110.0 12600.0
428 73720.0 15400.0
429 75620.0 15400.0
430 72390.0 15400.0
431 65170.0 26600.0
432 61180.0 26600.0
433 67450.0 26600.0
434 69920.0 23800.0
435 68780.0 26600.0
436 70110.0 26600.0
437 73720.0 23800.0
438 74100.0 29400.0
439 72770.0 29400.0
440 40660.0 35000.0
441 34010.0 21000.0
442 42750.0 21000.0
443 44080.0 23800.0
444 50160.0 23800.0
445 43890.0 15400.0
446 44650.0 18200.0
447 45030.0 21000.0
448 45600.0 23800.0
449 46360.0 29400.0
450 40470.0 29400.0
451 39330.0 29400.0
452 38190.0 29400.0
453 42560.0 23800.0
454 38760.0 21000.0
455 38570.0 26600.0
456 27550.0 32200.0
458 10830.0 21000.0
459 19190.0 21000.0
461 21470.0 21000.0
462 15390.0 37800.0
463 16720.0 37800.0
464 18430.0 37800.0
465 21090.0 40600.0
466 35910.0 54600.0
467 35340.0 37800.0
468 34010.0 43400.0
469 33250.0 37800.0
470 24510.0 54600.0
471 22610.0 4200.0
472 24320.0 46200.0
473 22610.0 46200.0
474 23750.0 43400.0
476 32490.0 54600.0
477 32680.0 49000.0
478 30970.0 49000.0
479 31730.0 43400.0
480 34010.0 54600.0
481 34200.0 51800.0
482 35910.0 51800.0
483 38190.0 51800.0
484 45410.0 54600.0
485 44650.0 51800.0
486 46550.0 49000.0
487 10830.0 15400.0
488 14630.0 15400.0
489 15390.0 18200.0
490 21090.0 4200.0
491 21660.0 9800.0
492 18430.0 9800.0
493 20330.0 12600.0
494 30210.0 4200.0
495 31540.0 7000.0
496 30210.0 9800.0
497 26410.0 7000.0
498 38950.0 4200.0
499 40660.0 7000.0
500 38950.0 7000.0
501 36670.0 7000.0
502 49210.0 7000.0
503 52440.0 7000.0
504 51110.0 9800.0
505 53390.0 9800.0
506 60230.0 4200.0
507 61560.0 4200.0
508 57570.0 4200.0
509 57190.0 7000.0
510 59090.0 4200.0
511 59660.0 9800.0
512 57950.0 9800.0
513 58710.0 12600.0
514 65550.0 35000.0
515 65360.0 32200.0
516 61370.0 32200.0
517 63270.0 32200.0
518 35530.0 35000.0
519 33820.0 32200.0
520 33630.0 29400.0
521 35910.0 29400.0
522 11210.0 26600.0
523 5890.0 32200.0
524 14250.0 35000.0
525 6270.0 23800.0
526 7410.0 37800.0
527 15390.0 40600.0
528 12350.0 46200.0
529 16150.0 49000.0
530 28690.0 54600.0
531 20710.0 54600.0
532 6270.0 18200.0
533 8170.0 12600.0
534 26410.0 4200.0
535 35150.0 4200.0
536 45410.0 4200.0
537 67070.0 4200.0
538 76190.0 18200.0
539 74290.0 26600.0
540 38570.0 23800.0
541 23370.0 23800.0
542 22610.0 37800.0
543 33250.0 40600.0
544 19190.0 43400.0
545 32490.0 46200.0
546 40090.0 54600.0
547 49590.0 51800.0
548 19950.0 18200.0
549 15770.0 12600.0
550 26030.0 9800.0
551 38190.0 9800.0
552 53390.0 4200.0
553 61750.0 7000.0
554 63270.0 12600.0
555 69350.0 32200.0
556 37810.0 32200.0
