Instance ID x_center y_center
0 5790.0 140.0
1 140.0 24780.0
2 140.0 37100.0
3 31550.0 59170.0
4 23710.0 59170.0
5 27070.0 59170.0
6 33790.0 59170.0
7 46110.0 59170.0
8 140.0 23660.0
9 140.0 19180.0
10 140.0 14700.0
11 25950.0 140.0
12 140.0 15820.0
13 33790.0 140.0
14 44990.0 140.0
15 73000.0 12460.0
16 73000.0 21420.0
17 73000.0 27020.0
18 31550.0 140.0
19 140.0 35980.0
20 140.0 41580.0
21 140.0 44940.0
22 13630.0 59170.0
23 21470.0 140.0
24 22590.0 59170.0
25 19230.0 59170.0
26 29310.0 140.0
27 34910.0 140.0
28 48350.0 140.0
29 53950.0 140.0
30 73000.0 19180.0
31 73000.0 30380.0
32 140.0 31500.0
33 140.0 25900.0
34 140.0 27020.0
35 140.0 30380.0
36 140.0 22540.0
37 39390.0 59170.0
38 41630.0 59170.0
39 60670.0 59170.0
40 43870.0 59170.0
41 56190.0 59170.0
42 50590.0 59170.0
43 140.0 20300.0
44 22590.0 140.0
45 30430.0 140.0
46 38270.0 140.0
47 46110.0 140.0
48 73000.0 16940.0
49 73000.0 22540.0
50 73000.0 28140.0
51 73000.0 29260.0
52 140.0 28140.0
53 140.0 29260.0
54 31160.0 37800.0
55 20520.0 40600.0
56 32870.0 32200.0
57 56810.0 32200.0
58 31350.0 29400.0
59 43320.0 54600.0
60 34770.0 49000.0
61 31540.0 46200.0
62 24130.0 46200.0
63 29830.0 49000.0
64 31730.0 9800.0
65 20330.0 9800.0
66 20710.0 18200.0
67 19190.0 23800.0
68 24890.0 18200.0
69 61370.0 15400.0
70 57950.0 15400.0
71 54150.0 9800.0
72 41420.0 9800.0
73 56430.0 15400.0
74 29450.0 29400.0
76 17860.0 29400.0
77 7980.0 29400.0
81 11970.0 26600.0
82 11590.0 29400.0
84 6270.0 29400.0
85 4560.0 29400.0
88 3800.0 23800.0
89 4180.0 26600.0
90 9690.0 32200.0
91 13300.0 29400.0
92 9500.0 29400.0
93 21660.0 21000.0
95 26410.0 18200.0
96 23370.0 21000.0
97 27550.0 18200.0
98 28880.0 18200.0
99 31350.0 12600.0
100 30400.0 7000.0
101 30590.0 9800.0
102 32870.0 12600.0
103 22230.0 15400.0
104 21280.0 9800.0
105 21470.0 12600.0
106 23750.0 15400.0
107 34770.0 15400.0
108 35150.0 18200.0
109 30210.0 12600.0
110 30780.0 15400.0
111 36860.0 15400.0
112 36670.0 18200.0
113 60420.0 21000.0
114 59090.0 21000.0
115 60230.0 23800.0
116 58330.0 23800.0
117 56050.0 12600.0
118 54720.0 12600.0
119 53390.0 12600.0
120 53390.0 15400.0
121 51870.0 21000.0
122 47690.0 9800.0
123 52060.0 4200.0
124 52250.0 9800.0
125 49590.0 12600.0
126 42370.0 9800.0
127 33820.0 9800.0
128 38570.0 9800.0
129 42750.0 12600.0
130 42750.0 15400.0
131 43130.0 23800.0
132 42750.0 26600.0
133 56810.0 26600.0
134 56430.0 23800.0
135 47120.0 29400.0
136 46740.0 12600.0
137 40470.0 9800.0
138 45030.0 12600.0
139 47880.0 29400.0
140 48450.0 26600.0
141 52630.0 26600.0
142 21660.0 49000.0
143 35530.0 46200.0
144 39140.0 49000.0
145 35910.0 49000.0
146 39330.0 46200.0
147 49590.0 43400.0
148 21660.0 43400.0
149 22610.0 46200.0
150 24130.0 43400.0
151 34770.0 43400.0
152 46550.0 40600.0
153 37430.0 49000.0
154 33820.0 49000.0
155 40090.0 51800.0
156 40470.0 49000.0
157 48450.0 49000.0
158 46740.0 51800.0
159 47310.0 49000.0
160 44270.0 43400.0
161 32110.0 37800.0
162 30400.0 43400.0
163 34390.0 40600.0
164 40090.0 40600.0
165 25650.0 37800.0
166 20520.0 35000.0
167 21470.0 37800.0
168 34010.0 37800.0
169 42370.0 37800.0
170 43320.0 32200.0
171 35150.0 32200.0
172 35340.0 29400.0
173 37810.0 29400.0
174 38570.0 32200.0
175 42370.0 32200.0
176 60230.0 29400.0
177 58900.0 29400.0
178 57950.0 32200.0
179 57570.0 29400.0
180 54530.0 29400.0
181 48830.0 32200.0
182 45410.0 32200.0
183 41230.0 29400.0
184 43890.0 29400.0
185 41230.0 32200.0
186 40090.0 32200.0
187 44080.0 32200.0
188 44270.0 35000.0
189 38380.0 40600.0
190 35340.0 37800.0
191 37240.0 40600.0
192 42750.0 35000.0
193 41610.0 35000.0
194 37620.0 46200.0
195 43510.0 46200.0
196 43510.0 49000.0
197 51300.0 49000.0
198 42180.0 49000.0
199 42370.0 46200.0
200 39710.0 35000.0
201 34770.0 35000.0
202 30210.0 26600.0
203 16910.0 26600.0
204 20140.0 26600.0
205 19760.0 21000.0
206 24320.0 26600.0
207 17860.0 23800.0
208 18810.0 29400.0
210 16150.0 23800.0
211 19190.0 26600.0
213 9120.0 23800.0
214 5700.0 23800.0
215 7030.0 23800.0
216 22990.0 29400.0
217 24130.0 32200.0
218 22800.0 37800.0
219 41230.0 15400.0
220 45410.0 18200.0
221 46360.0 18200.0
222 42560.0 18200.0
223 45410.0 21000.0
224 51680.0 32200.0
225 54340.0 35000.0
226 48070.0 35000.0
227 47120.0 32200.0
228 47500.0 37800.0
229 46930.0 35000.0
230 38380.0 37800.0
231 23750.0 23800.0
232 32490.0 35000.0
233 21470.0 35000.0
234 18810.0 35000.0
235 11400.0 35000.0
236 5320.0 35000.0
237 7790.0 35000.0
238 30020.0 37800.0
239 33060.0 18200.0
240 22800.0 18200.0
241 27360.0 21000.0
242 31160.0 21000.0
243 24130.0 12600.0
244 27740.0 15400.0
245 30400.0 18200.0
246 31730.0 18200.0
247 39710.0 18200.0
248 37620.0 21000.0
249 49590.0 18200.0
250 50160.0 23800.0
251 40470.0 21000.0
252 42370.0 21000.0
253 51110.0 12600.0
254 50730.0 15400.0
255 50920.0 23800.0
256 34200.0 12600.0
257 40470.0 12600.0
258 46740.0 21000.0
259 48830.0 21000.0
260 55290.0 21000.0
261 51300.0 37800.0
262 51110.0 35000.0
263 55100.0 37800.0
264 53390.0 23800.0
265 55290.0 26600.0
266 53960.0 32200.0
267 56050.0 35000.0
268 56050.0 37800.0
269 55670.0 40600.0
270 36100.0 35000.0
271 36480.0 37800.0
272 56050.0 29400.0
273 55290.0 32200.0
274 53960.0 37800.0
275 54340.0 40600.0
276 60990.0 40600.0
277 59470.0 40600.0
278 57000.0 40600.0
279 58140.0 40600.0
280 58710.0 43400.0
281 32490.0 43400.0
282 29450.0 43400.0
283 14630.0 40600.0
284 11020.0 40600.0
285 6080.0 43400.0
286 9690.0 40600.0
287 23180.0 40600.0
288 44840.0 23800.0
289 45220.0 26600.0
290 46170.0 29400.0
291 40660.0 35000.0
292 45790.0 35000.0
293 41230.0 26600.0
294 39140.0 26600.0
295 39710.0 29400.0
296 41990.0 40600.0
297 43130.0 40600.0
298 45220.0 40600.0
299 44840.0 37800.0
300 44270.0 40600.0
301 31350.0 43400.0
302 22610.0 43400.0
303 16910.0 46200.0
304 12540.0 40600.0
305 7600.0 43400.0
306 10070.0 46200.0
307 32680.0 49000.0
308 48830.0 40600.0
309 52820.0 37800.0
310 53010.0 35000.0
311 48830.0 23800.0
312 47120.0 23800.0
313 41230.0 18200.0
314 45030.0 15400.0
315 45790.0 23800.0
316 51680.0 29400.0
317 50350.0 32200.0
318 36860.0 43400.0
319 38000.0 43400.0
320 39520.0 43400.0
321 52060.0 37800.0
322 51680.0 40600.0
323 50350.0 40600.0
324 47500.0 40600.0
325 47310.0 43400.0
326 47310.0 46200.0
327 45980.0 43400.0
328 45790.0 46200.0
329 34010.0 46200.0
330 32490.0 46200.0
331 15770.0 46200.0
332 18240.0 49000.0
333 14440.0 51800.0
334 14630.0 46200.0
335 32680.0 51800.0
336 46360.0 37800.0
337 49590.0 35000.0
338 50350.0 37800.0
339 50540.0 49000.0
340 49400.0 37800.0
341 48450.0 37800.0
342 42750.0 43400.0
343 40660.0 43400.0
344 41610.0 43400.0
345 48450.0 43400.0
346 50920.0 46200.0
347 49780.0 46200.0
348 48640.0 46200.0
349 49590.0 49000.0
350 35530.0 54600.0
351 33250.0 54600.0
352 25650.0 51800.0
353 22040.0 51800.0
354 22420.0 54600.0
355 24510.0 51800.0
356 30020.0 51800.0
357 52250.0 46200.0
358 52820.0 43400.0
359 53200.0 40600.0
360 56430.0 43400.0
361 55290.0 43400.0
362 41040.0 46200.0
363 51300.0 43400.0
364 54150.0 43400.0
365 53960.0 46200.0
366 54910.0 46200.0
367 56050.0 49000.0
368 52820.0 49000.0
369 54530.0 49000.0
370 31350.0 51800.0
371 28690.0 51800.0
372 23370.0 51800.0
373 20520.0 51800.0
374 19000.0 51800.0
375 17670.0 51800.0
376 25840.0 21000.0
377 24320.0 21000.0
378 19380.0 18200.0
379 17860.0 18200.0
380 13870.0 18200.0
381 9120.0 15400.0
382 3420.0 15400.0
383 4750.0 15400.0
384 25840.0 15400.0
385 22800.0 12600.0
386 18240.0 12600.0
387 13870.0 12600.0
388 11400.0 9800.0
389 3800.0 12600.0
390 5130.0 12600.0
391 32680.0 15400.0
392 29260.0 15400.0
393 28880.0 12600.0
394 25650.0 12600.0
395 22420.0 9800.0
396 22420.0 4200.0
397 24510.0 7000.0
398 38380.0 15400.0
399 38380.0 12600.0
400 36860.0 12600.0
401 35530.0 12600.0
402 31920.0 7000.0
403 31540.0 4200.0
404 35150.0 4200.0
405 47310.0 15400.0
406 44080.0 15400.0
407 44080.0 18200.0
408 47310.0 18200.0
409 47880.0 12600.0
410 48640.0 15400.0
411 46170.0 15400.0
412 44080.0 7000.0
413 45600.0 7000.0
414 45790.0 9800.0
415 53200.0 18200.0
416 62700.0 15400.0
417 61940.0 9800.0
418 63270.0 9800.0
419 67260.0 15400.0
420 67260.0 9800.0
421 65170.0 9800.0
422 57950.0 26600.0
423 54720.0 23800.0
424 57570.0 21000.0
425 62700.0 23800.0
426 61940.0 21000.0
427 63650.0 21000.0
428 69540.0 21000.0
429 67260.0 21000.0
430 65550.0 21000.0
431 53010.0 32200.0
432 52060.0 23800.0
433 53010.0 29400.0
434 60040.0 26600.0
435 61560.0 26600.0
436 62890.0 26600.0
437 68780.0 26600.0
438 67260.0 26600.0
439 65550.0 26600.0
440 33060.0 29400.0
441 32490.0 21000.0
442 36670.0 21000.0
443 37240.0 23800.0
444 44080.0 26600.0
445 38190.0 18200.0
446 38570.0 21000.0
447 38570.0 23800.0
448 39900.0 23800.0
449 37620.0 26600.0
450 35530.0 26600.0
451 34390.0 29400.0
452 34390.0 26600.0
453 35720.0 23800.0
454 34200.0 23800.0
455 32870.0 26600.0
456 21090.0 32200.0
458 11590.0 23800.0
459 14250.0 23800.0
461 15770.0 18200.0
462 17670.0 35000.0
463 16340.0 40600.0
464 13490.0 37800.0
465 15390.0 35000.0
466 31350.0 54600.0
467 31160.0 40600.0
468 32870.0 40600.0
469 27930.0 37800.0
470 22610.0 49000.0
471 57570.0 49000.0
472 21660.0 40600.0
473 18430.0 46200.0
474 18810.0 40600.0
476 27170.0 51800.0
477 26600.0 49000.0
478 24890.0 49000.0
479 26410.0 43400.0
480 34390.0 54600.0
481 34200.0 51800.0
482 35910.0 51800.0
483 38190.0 51800.0
484 45410.0 49000.0
485 44650.0 51800.0
486 42370.0 51800.0
487 11210.0 15400.0
488 13490.0 15400.0
489 16150.0 12600.0
490 21090.0 4200.0
491 22420.0 7000.0
492 19570.0 7000.0
493 17290.0 7000.0
494 30210.0 4200.0
495 29260.0 7000.0
496 27170.0 12600.0
497 26790.0 7000.0
498 34010.0 4200.0
499 33440.0 7000.0
500 35150.0 7000.0
501 35910.0 9800.0
502 49210.0 4200.0
503 50540.0 4200.0
504 48070.0 7000.0
505 49970.0 9800.0
506 55290.0 4200.0
507 55480.0 9800.0
508 57190.0 9800.0
509 59470.0 9800.0
510 64410.0 15400.0
511 59660.0 15400.0
512 57570.0 18200.0
513 59850.0 18200.0
514 61750.0 29400.0
515 59660.0 32200.0
516 59470.0 35000.0
517 61370.0 35000.0
518 17290.0 32200.0
519 18620.0 32200.0
520 19950.0 29400.0
521 27170.0 29400.0
522 8170.0 26600.0
523 5890.0 32200.0
524 13490.0 32200.0
525 6270.0 21000.0
526 8930.0 37800.0
527 5890.0 40600.0
528 11590.0 43400.0
529 14250.0 49000.0
530 26410.0 54600.0
531 17670.0 54600.0
532 5890.0 18200.0
533 8930.0 12600.0
534 26410.0 4200.0
535 38950.0 4200.0
536 45410.0 4200.0
537 66690.0 12600.0
538 67450.0 23800.0
539 67070.0 29400.0
540 30210.0 23800.0
541 15770.0 21000.0
542 17670.0 37800.0
543 27170.0 40600.0
544 18050.0 43400.0
545 27930.0 46200.0
546 39330.0 54600.0
547 48070.0 54600.0
548 17670.0 15400.0
549 16530.0 9800.0
550 26790.0 9800.0
551 39330.0 7000.0
552 52250.0 7000.0
553 60230.0 12600.0
554 64410.0 18200.0
555 64410.0 32200.0
556 29070.0 32200.0
