Instance ID x_center y_center
0 5790.0 140.0
1 140.0 22540.0
2 140.0 39340.0
3 140.0 41580.0
4 24830.0 69690.0
5 32670.0 69690.0
6 23710.0 69690.0
7 41630.0 69690.0
8 140.0 23660.0
9 140.0 19180.0
10 19230.0 140.0
11 31550.0 140.0
12 140.0 16940.0
13 40510.0 140.0
14 61790.0 140.0
15 60670.0 140.0
16 77010.0 22540.0
17 77010.0 29260.0
18 36030.0 140.0
19 140.0 44940.0
20 140.0 46060.0
21 140.0 51660.0
22 14750.0 69690.0
23 24830.0 140.0
24 15870.0 69690.0
25 28190.0 69690.0
26 34910.0 140.0
27 38270.0 140.0
28 56190.0 140.0
29 77010.0 15820.0
30 77010.0 24780.0
31 77010.0 35980.0
32 37150.0 69690.0
33 140.0 28140.0
34 140.0 29260.0
35 140.0 32620.0
36 25950.0 140.0
37 52830.0 69690.0
38 40510.0 69690.0
39 61790.0 69690.0
40 46110.0 69690.0
41 53950.0 69690.0
42 47230.0 69690.0
43 28190.0 140.0
44 27070.0 140.0
45 37150.0 140.0
46 44990.0 140.0
47 48350.0 140.0
48 53950.0 140.0
49 77010.0 25900.0
50 77010.0 31500.0
51 39390.0 140.0
52 140.0 30380.0
53 140.0 31500.0
54 29260.0 43400.0
55 21280.0 37800.0
56 32870.0 37800.0
57 63270.0 37800.0
58 27930.0 37800.0
59 38000.0 60200.0
60 26410.0 57400.0
61 32300.0 54600.0
62 25650.0 49000.0
63 27170.0 54600.0
64 35530.0 9800.0
65 24130.0 4200.0
66 16910.0 18200.0
67 20710.0 23800.0
68 26790.0 18200.0
69 70870.0 23800.0
70 66690.0 15400.0
71 57950.0 9800.0
72 51300.0 7000.0
73 55670.0 12600.0
74 27170.0 32200.0
76 19000.0 32200.0
77 9880.0 32200.0
81 9690.0 29400.0
82 11210.0 35000.0
84 9310.0 35000.0
85 5320.0 29400.0
88 6840.0 26600.0
89 6840.0 29400.0
90 6270.0 35000.0
91 12540.0 35000.0
92 7600.0 35000.0
93 22800.0 21000.0
95 22990.0 15400.0
96 24510.0 21000.0
97 21850.0 15400.0
98 23940.0 18200.0
99 35150.0 12600.0
100 34580.0 7000.0
101 36670.0 9800.0
102 37430.0 12600.0
103 25650.0 12600.0
104 22040.0 9800.0
105 22990.0 9800.0
106 24130.0 12600.0
107 38570.0 15400.0
108 38570.0 18200.0
109 33250.0 12600.0
110 34580.0 15400.0
111 39900.0 15400.0
112 40090.0 18200.0
113 67260.0 23800.0
114 66310.0 26600.0
115 62890.0 26600.0
116 60610.0 26600.0
117 62890.0 15400.0
118 65740.0 15400.0
119 65930.0 18200.0
120 56810.0 18200.0
121 55670.0 23800.0
122 56430.0 9800.0
123 59660.0 7000.0
124 59470.0 9800.0
125 52630.0 15400.0
126 42750.0 9800.0
127 44460.0 7000.0
128 48070.0 9800.0
129 46550.0 9800.0
130 45790.0 15400.0
131 44650.0 26600.0
132 46550.0 29400.0
133 61370.0 29400.0
134 62890.0 29400.0
135 50920.0 29400.0
136 53580.0 12600.0
137 49210.0 9800.0
138 51870.0 12600.0
139 49780.0 32200.0
140 52630.0 32200.0
141 52630.0 35000.0
142 19760.0 57400.0
143 36290.0 51800.0
144 39140.0 51800.0
145 36290.0 54600.0
146 40470.0 54600.0
147 44270.0 51800.0
148 22800.0 54600.0
149 23750.0 51800.0
150 27170.0 49000.0
151 35530.0 49000.0
152 43890.0 49000.0
153 25650.0 60200.0
154 24320.0 60200.0
155 27930.0 57400.0
156 37430.0 57400.0
157 45790.0 57400.0
158 43700.0 60200.0
159 44650.0 57400.0
160 41230.0 49000.0
161 28310.0 43400.0
162 23940.0 43400.0
163 30210.0 43400.0
164 37810.0 43400.0
165 27170.0 40600.0
166 19000.0 40600.0
167 20330.0 40600.0
168 35530.0 40600.0
169 40850.0 43400.0
170 45220.0 40600.0
171 37050.0 35000.0
172 37620.0 32200.0
173 36290.0 32200.0
174 39710.0 35000.0
175 44270.0 35000.0
176 63270.0 35000.0
177 64600.0 35000.0
178 62130.0 37800.0
179 58710.0 35000.0
180 56810.0 35000.0
181 48450.0 35000.0
182 45790.0 37800.0
183 42750.0 37800.0
184 43130.0 32200.0
185 42370.0 35000.0
186 41230.0 35000.0
187 44460.0 37800.0
188 43890.0 40600.0
189 37620.0 46200.0
190 37240.0 40600.0
191 38760.0 46200.0
192 43130.0 43400.0
193 41230.0 40600.0
194 38000.0 51800.0
195 41610.0 51800.0
196 42750.0 57400.0
197 45220.0 60200.0
198 41420.0 57400.0
199 41990.0 54600.0
200 42370.0 40600.0
201 32490.0 40600.0
202 30210.0 32200.0
203 20330.0 29400.0
204 25840.0 29400.0
205 25840.0 21000.0
206 22800.0 32200.0
207 24700.0 23800.0
208 19190.0 29400.0
210 21850.0 23800.0
211 22990.0 29400.0
213 9120.0 23800.0
214 5320.0 23800.0
215 7790.0 23800.0
216 23750.0 35000.0
217 22990.0 37800.0
218 22040.0 40600.0
219 42750.0 21000.0
220 45030.0 21000.0
221 45980.0 18200.0
222 42940.0 18200.0
223 44650.0 18200.0
224 50160.0 35000.0
225 49400.0 40600.0
226 49970.0 37800.0
227 47880.0 37800.0
228 48260.0 40600.0
229 50350.0 40600.0
230 50920.0 43400.0
231 28690.0 29400.0
232 36290.0 43400.0
233 21850.0 43400.0
234 20710.0 43400.0
235 13300.0 40600.0
236 9120.0 43400.0
237 10450.0 43400.0
238 31540.0 46200.0
239 37240.0 18200.0
240 18620.0 18200.0
241 26980.0 21000.0
242 36480.0 21000.0
243 26790.0 12600.0
244 28500.0 18200.0
245 33440.0 21000.0
246 34770.0 21000.0
247 41230.0 15400.0
248 40280.0 21000.0
249 51870.0 21000.0
250 47500.0 23800.0
251 43510.0 23800.0
252 45410.0 23800.0
253 55670.0 15400.0
254 54530.0 18200.0
255 52060.0 23800.0
256 38760.0 12600.0
257 47310.0 12600.0
258 48640.0 21000.0
259 50350.0 23800.0
260 53770.0 26600.0
261 51300.0 40600.0
262 51490.0 37800.0
263 53960.0 40600.0
264 56430.0 29400.0
265 54910.0 29400.0
266 53960.0 37800.0
267 54530.0 43400.0
268 54530.0 46200.0
269 59090.0 46200.0
270 37620.0 37800.0
271 38380.0 40600.0
272 61370.0 35000.0
273 60230.0 35000.0
274 52820.0 43400.0
275 53580.0 46200.0
276 57570.0 46200.0
277 56430.0 46200.0
278 55480.0 46200.0
279 57380.0 49000.0
280 56050.0 49000.0
281 32110.0 49000.0
282 30970.0 49000.0
283 28690.0 49000.0
284 12160.0 46200.0
285 10640.0 46200.0
286 14250.0 49000.0
287 25460.0 51800.0
288 48260.0 29400.0
289 47880.0 32200.0
290 46550.0 35000.0
291 44080.0 43400.0
292 45410.0 43400.0
293 46550.0 32200.0
294 44840.0 29400.0
295 45410.0 32200.0
296 45790.0 46200.0
297 44650.0 46200.0
298 42180.0 46200.0
299 47120.0 46200.0
300 45790.0 49000.0
301 34010.0 51800.0
302 25270.0 54600.0
303 21470.0 49000.0
304 14440.0 51800.0
305 11780.0 51800.0
306 13110.0 51800.0
307 34580.0 54600.0
308 48830.0 46200.0
309 51300.0 46200.0
310 52630.0 40600.0
311 46550.0 26600.0
312 49400.0 26600.0
313 43890.0 21000.0
314 46550.0 21000.0
315 48070.0 26600.0
316 51300.0 26600.0
317 49590.0 29400.0
318 37620.0 49000.0
319 38760.0 49000.0
320 39900.0 49000.0
321 49400.0 43400.0
322 49780.0 49000.0
323 50350.0 46200.0
324 48260.0 49000.0
325 47310.0 49000.0
326 45410.0 51800.0
327 48640.0 51800.0
328 46550.0 54600.0
329 35530.0 57400.0
330 34390.0 57400.0
331 20710.0 60200.0
332 18620.0 57400.0
333 15960.0 60200.0
334 17290.0 60200.0
335 28500.0 60200.0
336 43320.0 46200.0
337 47310.0 40600.0
338 48450.0 43400.0
339 48640.0 54600.0
340 46360.0 43400.0
341 47310.0 43400.0
342 42750.0 49000.0
343 40660.0 51800.0
344 42750.0 51800.0
345 47310.0 51800.0
346 48640.0 57400.0
347 47880.0 54600.0
348 47120.0 57400.0
349 47690.0 60200.0
350 29830.0 60200.0
351 27170.0 60200.0
352 20330.0 63000.0
353 12160.0 63000.0
354 15200.0 63000.0
355 15010.0 65800.0
356 34960.0 60200.0
357 44650.0 54600.0
358 51300.0 49000.0
359 53960.0 49000.0
360 54530.0 51800.0
361 52630.0 49000.0
362 43320.0 54600.0
363 50540.0 51800.0
364 52250.0 51800.0
365 52060.0 54600.0
366 53390.0 57400.0
367 50350.0 57400.0
368 52060.0 57400.0
369 50350.0 60200.0
370 36290.0 60200.0
371 33630.0 60200.0
372 30970.0 60200.0
373 29260.0 63000.0
374 27740.0 65800.0
375 30970.0 63000.0
376 28880.0 21000.0
377 30400.0 21000.0
378 30020.0 18200.0
379 22420.0 18200.0
380 20330.0 18200.0
381 8740.0 18200.0
382 6080.0 18200.0
383 7410.0 18200.0
384 26220.0 15400.0
385 28120.0 15400.0
386 24320.0 15400.0
387 19950.0 15400.0
388 20900.0 9800.0
389 20520.0 12600.0
390 19190.0 12600.0
391 36480.0 15400.0
392 33060.0 15400.0
393 31540.0 15400.0
394 30210.0 15400.0
395 30400.0 4200.0
396 31920.0 4200.0
397 29070.0 4200.0
398 43700.0 15400.0
399 45220.0 12600.0
400 43700.0 12600.0
401 42370.0 12600.0
402 41800.0 4200.0
403 41040.0 9800.0
404 39710.0 9800.0
405 47690.0 21000.0
406 47120.0 18200.0
407 48260.0 18200.0
408 49590.0 18200.0
409 57000.0 15400.0
410 57380.0 12600.0
411 58710.0 12600.0
412 64600.0 4200.0
413 63080.0 4200.0
414 61750.0 4200.0
415 52820.0 18200.0
416 54340.0 15400.0
417 58520.0 15400.0
418 59850.0 15400.0
419 63080.0 9800.0
420 61180.0 9800.0
421 59850.0 12600.0
422 58710.0 26600.0
423 56240.0 26600.0
424 57570.0 26600.0
425 58900.0 23800.0
426 59280.0 21000.0
427 60610.0 21000.0
428 63840.0 21000.0
429 64600.0 26600.0
430 62130.0 21000.0
431 56430.0 32200.0
432 55100.0 35000.0
433 57570.0 29400.0
434 58900.0 29400.0
435 58520.0 32200.0
436 60230.0 29400.0
437 63840.0 32200.0
438 64600.0 29400.0
439 66310.0 29400.0
440 34580.0 32200.0
441 37810.0 21000.0
442 38950.0 23800.0
443 40280.0 23800.0
444 43320.0 26600.0
445 39330.0 21000.0
446 41610.0 21000.0
447 41990.0 23800.0
448 41420.0 26600.0
449 39900.0 29400.0
450 36670.0 29400.0
451 35530.0 29400.0
452 34390.0 29400.0
453 37240.0 26600.0
454 36480.0 23800.0
455 34770.0 23800.0
456 30590.0 37800.0
458 11590.0 23800.0
459 15010.0 26600.0
461 16910.0 23800.0
462 14630.0 40600.0
463 16340.0 40600.0
464 16150.0 43400.0
465 17670.0 37800.0
466 17670.0 40600.0
467 23560.0 40600.0
468 25270.0 40600.0
469 25650.0 43400.0
470 24510.0 65800.0
471 56050.0 57400.0
472 23940.0 54600.0
473 23370.0 46200.0
474 23370.0 49000.0
476 32490.0 63000.0
477 32300.0 57400.0
478 29830.0 57400.0
479 29830.0 54600.0
480 25650.0 65800.0
481 24700.0 57400.0
482 22610.0 57400.0
483 22610.0 60200.0
484 37810.0 63000.0
485 40090.0 63000.0
486 40850.0 60200.0
487 13490.0 12600.0
488 14250.0 15400.0
489 16530.0 15400.0
490 24130.0 9800.0
491 22800.0 4200.0
492 20710.0 4200.0
493 23370.0 7000.0
494 35150.0 4200.0
495 35720.0 7000.0
496 33250.0 7000.0
497 31350.0 12600.0
498 38570.0 4200.0
499 44840.0 4200.0
500 44650.0 9800.0
501 46550.0 7000.0
502 57570.0 4200.0
503 58900.0 4200.0
504 53390.0 4200.0
505 55670.0 4200.0
506 73910.0 15400.0
507 72580.0 15400.0
508 70870.0 15400.0
509 68590.0 15400.0
510 72010.0 23800.0
511 70300.0 29400.0
512 68590.0 29400.0
513 68970.0 23800.0
514 67450.0 35000.0
515 64980.0 37800.0
516 60990.0 37800.0
517 59090.0 37800.0
518 35910.0 63000.0
519 35720.0 37800.0
520 34010.0 37800.0
521 34010.0 35000.0
522 10830.0 26600.0
523 5890.0 32200.0
524 13870.0 32200.0
525 10450.0 21000.0
526 9310.0 40600.0
527 16150.0 46200.0
528 14630.0 54600.0
529 14630.0 57400.0
530 18810.0 65800.0
531 32870.0 65800.0
532 6270.0 15400.0
533 15390.0 9800.0
534 28310.0 7000.0
535 40850.0 7000.0
536 63650.0 7000.0
537 64030.0 12600.0
538 63650.0 23800.0
539 67830.0 32200.0
540 33250.0 26600.0
541 18430.0 21000.0
542 18050.0 35000.0
543 27550.0 46200.0
544 19570.0 51800.0
545 30210.0 51800.0
546 25270.0 63000.0
547 44650.0 63000.0
548 13110.0 18200.0
549 18810.0 7000.0
550 31730.0 9800.0
551 48830.0 4200.0
552 56050.0 7000.0
553 70110.0 18200.0
554 70490.0 26600.0
555 62130.0 40600.0
556 29450.0 35000.0
