Instance ID x_center y_center
0 80830.0 140.0
1 50590.0 140.0
2 74110.0 140.0
3 51710.0 140.0
4 48350.0 140.0
5 47230.0 140.0
6 68510.0 140.0
7 67390.0 140.0
8 69630.0 140.0
9 43870.0 140.0
10 42750.0 140.0
11 53950.0 140.0
12 75230.0 140.0
13 79710.0 140.0
14 55070.0 140.0
15 56190.0 140.0
16 38270.0 140.0
17 78590.0 140.0
18 36030.0 140.0
19 59550.0 140.0
20 34910.0 140.0
21 33790.0 140.0
22 70750.0 140.0
23 57310.0 140.0
24 52830.0 140.0
25 76350.0 140.0
26 32670.0 140.0
27 58430.0 140.0
28 44990.0 140.0
29 37150.0 140.0
30 46110.0 140.0
31 71870.0 140.0
32 60670.0 140.0
33 30430.0 140.0
34 31550.0 140.0
35 64030.0 140.0
36 49470.0 140.0
37 29310.0 140.0
38 28190.0 140.0
39 61790.0 140.0
40 24830.0 140.0
41 23710.0 140.0
42 39390.0 140.0
43 62910.0 140.0
44 72990.0 140.0
45 22590.0 140.0
46 27070.0 140.0
47 77470.0 140.0
48 66270.0 140.0
49 41630.0 140.0
50 25950.0 140.0
51 65150.0 140.0
52 21470.0 140.0
53 40510.0 140.0
54 30780.0 21000.0
55 34200.0 26600.0
56 43510.0 26600.0
57 56050.0 32200.0
58 40850.0 23800.0
59 24320.0 29400.0
60 14630.0 21000.0
61 18620.0 23800.0
62 17290.0 29400.0
63 17290.0 23800.0
64 84170.0 32200.0
65 85690.0 26600.0
66 91010.0 18200.0
67 95950.0 15400.0
68 81130.0 21000.0
69 59090.0 23800.0
70 63270.0 35000.0
71 68970.0 21000.0
72 72580.0 29400.0
73 61750.0 23800.0
74 42750.0 23800.0
76 44460.0 9800.0
77 42180.0 7000.0
81 37430.0 9800.0
82 38570.0 7000.0
84 40470.0 7000.0
85 37240.0 4200.0
88 34580.0 4200.0
89 35720.0 4200.0
90 35530.0 7000.0
91 38760.0 4200.0
92 36860.0 7000.0
93 82840.0 15400.0
95 77710.0 21000.0
96 80370.0 15400.0
97 82650.0 21000.0
98 79040.0 21000.0
99 78470.0 32200.0
100 77140.0 29400.0
101 75810.0 32200.0
102 78090.0 35000.0
103 79230.0 23800.0
104 81320.0 23800.0
105 83410.0 26600.0
106 79990.0 26600.0
107 80370.0 37800.0
108 81890.0 37800.0
109 79610.0 32200.0
110 77140.0 32200.0
111 79040.0 40600.0
112 78470.0 37800.0
113 58140.0 21000.0
114 57570.0 23800.0
115 56810.0 21000.0
116 57950.0 40600.0
117 62510.0 37800.0
118 62700.0 32200.0
119 61370.0 32200.0
120 61370.0 40600.0
121 57190.0 43400.0
122 63650.0 23800.0
123 64980.0 21000.0
124 65550.0 23800.0
125 66690.0 37800.0
126 71630.0 29400.0
127 73340.0 29400.0
128 74670.0 32200.0
129 72010.0 32200.0
130 68590.0 40600.0
131 54150.0 40600.0
132 51490.0 40600.0
133 56810.0 37800.0
134 56050.0 40600.0
135 42940.0 46200.0
136 69540.0 35000.0
137 73530.0 32200.0
138 67830.0 35000.0
139 47880.0 43400.0
140 46170.0 49000.0
141 50350.0 46200.0
142 16720.0 7000.0
143 16910.0 35000.0
144 21660.0 40600.0
145 15390.0 35000.0
146 18810.0 40600.0
147 20330.0 46200.0
148 17100.0 26600.0
149 17670.0 32200.0
150 15770.0 26600.0
151 16150.0 37800.0
152 29070.0 40600.0
153 16530.0 21000.0
154 19380.0 18200.0
155 18050.0 15400.0
156 19570.0 35000.0
157 24890.0 37800.0
158 25840.0 26600.0
159 27170.0 35000.0
160 29450.0 37800.0
161 33630.0 23800.0
162 31540.0 21000.0
163 34770.0 23800.0
164 31350.0 32200.0
165 38190.0 26600.0
166 39520.0 26600.0
167 35910.0 29400.0
168 35910.0 32200.0
169 33630.0 43400.0
170 41420.0 40600.0
171 41610.0 32200.0
172 44460.0 26600.0
173 46550.0 29400.0
174 45410.0 35000.0
175 45030.0 43400.0
176 54530.0 32200.0
177 55860.0 29400.0
178 57190.0 32200.0
179 52630.0 37800.0
180 53010.0 46200.0
181 44270.0 46200.0
182 44270.0 40600.0
183 46930.0 37800.0
184 49590.0 37800.0
185 46930.0 35000.0
186 48070.0 35000.0
187 43320.0 37800.0
188 41230.0 37800.0
189 32680.0 32200.0
190 38000.0 32200.0
191 31160.0 35000.0
192 37810.0 37800.0
193 38950.0 37800.0
194 18620.0 37800.0
195 26030.0 35000.0
196 27550.0 26600.0
197 22420.0 32200.0
198 23560.0 32200.0
199 24890.0 35000.0
200 38570.0 35000.0
201 41610.0 35000.0
202 50730.0 15400.0
203 46170.0 12600.0
204 52820.0 15400.0
205 76760.0 15400.0
206 48640.0 18200.0
207 79040.0 15400.0
208 45410.0 9800.0
210 79990.0 12600.0
211 48070.0 9800.0
213 79040.0 4200.0
214 77520.0 4200.0
215 76190.0 4200.0
216 47690.0 23800.0
217 44650.0 23800.0
218 33820.0 18200.0
219 74290.0 35000.0
220 74290.0 37800.0
221 75240.0 37800.0
222 76380.0 37800.0
223 72770.0 37800.0
224 45980.0 46200.0
225 34580.0 40600.0
226 35530.0 37800.0
227 42560.0 40600.0
228 36480.0 37800.0
229 34390.0 37800.0
230 33820.0 35000.0
231 46170.0 15400.0
232 32490.0 18200.0
233 35150.0 18200.0
234 33250.0 15400.0
235 37620.0 12600.0
236 36100.0 9800.0
237 33250.0 9800.0
238 29640.0 18200.0
239 79800.0 40600.0
240 93480.0 21000.0
241 83600.0 21000.0
242 80940.0 43400.0
243 80370.0 23800.0
244 81700.0 26600.0
245 82080.0 43400.0
246 79230.0 43400.0
247 77710.0 40600.0
248 75620.0 43400.0
249 65550.0 43400.0
250 69160.0 49000.0
251 75050.0 49000.0
252 74670.0 46200.0
253 64030.0 37800.0
254 66690.0 40600.0
255 66120.0 46200.0
256 74860.0 29400.0
257 72390.0 35000.0
258 69920.0 49000.0
259 64410.0 46200.0
260 58330.0 49000.0
261 39520.0 43400.0
262 39710.0 46200.0
263 41800.0 49000.0
264 58710.0 46200.0
265 54910.0 46200.0
266 41040.0 49000.0
267 39710.0 49000.0
268 38570.0 49000.0
269 32870.0 49000.0
270 37240.0 32200.0
271 36100.0 35000.0
272 54910.0 35000.0
273 54150.0 37800.0
274 37620.0 46200.0
275 31540.0 43400.0
276 34390.0 46200.0
277 33250.0 46200.0
278 35340.0 46200.0
279 31920.0 46200.0
280 30590.0 46200.0
281 28310.0 18200.0
282 30970.0 18200.0
283 28310.0 15400.0
284 30020.0 9800.0
285 31540.0 9800.0
286 27930.0 9800.0
287 19760.0 21000.0
288 47120.0 43400.0
289 47120.0 40600.0
290 45790.0 40600.0
291 39900.0 37800.0
292 40470.0 40600.0
293 49970.0 40600.0
294 52820.0 40600.0
295 48830.0 40600.0
296 37430.0 40600.0
297 38570.0 43400.0
298 35340.0 40600.0
299 38760.0 40600.0
300 36290.0 40600.0
301 24890.0 15400.0
302 19950.0 15400.0
303 22990.0 9800.0
304 20520.0 9800.0
305 19000.0 9800.0
306 19190.0 7000.0
307 23180.0 21000.0
308 36290.0 43400.0
309 36480.0 46200.0
310 41610.0 46200.0
311 67830.0 49000.0
312 67640.0 46200.0
313 74670.0 43400.0
314 68970.0 43400.0
315 68970.0 46200.0
316 61940.0 46200.0
317 61750.0 49000.0
318 18240.0 35000.0
319 21280.0 35000.0
320 19760.0 43400.0
321 28120.0 43400.0
322 26220.0 46200.0
323 26410.0 49000.0
324 25080.0 49000.0
325 23750.0 49000.0
326 22610.0 49000.0
327 21660.0 46200.0
328 23370.0 46200.0
329 22990.0 15400.0
330 21090.0 12600.0
331 21850.0 9800.0
332 20140.0 4200.0
333 18620.0 4200.0
334 21470.0 4200.0
335 20520.0 18200.0
336 31160.0 40600.0
337 32490.0 40600.0
338 33250.0 37800.0
339 26600.0 40600.0
340 30020.0 40600.0
341 33630.0 40600.0
342 30970.0 37800.0
343 25840.0 40600.0
344 27550.0 37800.0
345 26410.0 37800.0
346 23560.0 40600.0
347 24700.0 40600.0
348 23560.0 37800.0
349 22230.0 37800.0
350 22610.0 18200.0
351 21090.0 15400.0
352 16910.0 12600.0
353 19760.0 12600.0
354 18240.0 12600.0
355 15770.0 12600.0
356 25080.0 18200.0
357 22990.0 43400.0
358 26220.0 43400.0
359 28120.0 46200.0
360 29450.0 46200.0
361 24890.0 46200.0
362 20520.0 40600.0
363 21660.0 43400.0
364 24890.0 43400.0
365 27360.0 43400.0
366 29450.0 32200.0
367 24890.0 32200.0
368 28120.0 32200.0
369 26410.0 32200.0
370 26410.0 18200.0
371 23750.0 18200.0
372 22610.0 12600.0
373 27360.0 7000.0
374 25080.0 4200.0
375 23750.0 4200.0
376 75620.0 21000.0
377 74100.0 21000.0
378 77140.0 18200.0
379 81700.0 18200.0
380 78850.0 9800.0
381 79800.0 7000.0
382 78280.0 7000.0
383 79990.0 9800.0
384 76760.0 26600.0
385 78660.0 18200.0
386 80180.0 18200.0
387 78850.0 12600.0
388 77520.0 12600.0
389 77140.0 9800.0
390 76190.0 12600.0
391 75620.0 40600.0
392 75620.0 18200.0
393 74100.0 18200.0
394 74290.0 12600.0
395 76760.0 7000.0
396 68780.0 7000.0
397 71250.0 4200.0
398 65360.0 35000.0
399 68020.0 18200.0
400 71060.0 18200.0
401 68590.0 15400.0
402 70300.0 9800.0
403 71820.0 9800.0
404 68970.0 9800.0
405 71630.0 43400.0
406 68020.0 43400.0
407 70300.0 43400.0
408 72770.0 43400.0
409 72580.0 18200.0
410 69540.0 18200.0
411 67450.0 15400.0
412 65740.0 18200.0
413 60800.0 15400.0
414 61370.0 21000.0
415 64980.0 40600.0
416 64980.0 15400.0
417 63460.0 15400.0
418 62510.0 9800.0
419 59660.0 7000.0
420 58140.0 7000.0
421 61370.0 9800.0
422 59470.0 43400.0
423 57380.0 46200.0
424 59850.0 46200.0
425 53580.0 18200.0
426 56620.0 18200.0
427 53770.0 12600.0
428 57760.0 9800.0
429 49780.0 9800.0
430 52630.0 7000.0
431 51110.0 43400.0
432 47880.0 46200.0
433 51110.0 49000.0
434 53960.0 15400.0
435 55100.0 18200.0
436 57190.0 15400.0
437 64600.0 12600.0
438 66120.0 12600.0
439 56810.0 12600.0
440 43700.0 21000.0
441 77710.0 43400.0
442 78850.0 46200.0
443 76380.0 46200.0
444 60800.0 46200.0
445 77710.0 46200.0
446 73150.0 46200.0
447 72010.0 46200.0
448 70680.0 46200.0
449 61940.0 43400.0
450 45030.0 21000.0
451 43890.0 18200.0
452 46170.0 21000.0
453 41420.0 15400.0
454 38380.0 15400.0
455 38950.0 21000.0
456 51870.0 23800.0
458 87970.0 4200.0
459 88730.0 12600.0
461 87590.0 15400.0
462 55290.0 4200.0
463 38000.0 23800.0
464 36290.0 23800.0
465 35910.0 26600.0
466 49970.0 4200.0
467 34960.0 21000.0
468 33250.0 21000.0
469 31730.0 23800.0
470 48070.0 4200.0
471 83030.0 9800.0
472 20900.0 29400.0
473 19190.0 29400.0
474 15390.0 29400.0
476 46930.0 4200.0
477 17480.0 9800.0
478 14250.0 15400.0
479 15010.0 23800.0
480 53390.0 4200.0
481 18240.0 18200.0
482 16530.0 18200.0
483 14250.0 18200.0
484 29070.0 4200.0
485 21470.0 21000.0
486 20330.0 23800.0
487 83790.0 7000.0
488 84170.0 18200.0
489 86450.0 18200.0
490 59850.0 4200.0
491 82460.0 23800.0
492 84170.0 23800.0
493 86450.0 23800.0
494 57570.0 4200.0
495 78660.0 29400.0
496 80750.0 29400.0
497 82270.0 32200.0
498 60990.0 4200.0
499 66120.0 26600.0
500 64410.0 26600.0
501 63270.0 29400.0
502 65550.0 4200.0
503 67640.0 26600.0
504 67450.0 21000.0
505 67830.0 23800.0
506 58710.0 4200.0
507 59660.0 26600.0
508 57950.0 29400.0
509 60230.0 29400.0
510 52250.0 4200.0
511 55100.0 21000.0
512 53390.0 21000.0
513 54910.0 23800.0
514 69350.0 4200.0
515 54720.0 29400.0
516 51110.0 29400.0
517 49210.0 29400.0
518 51110.0 4200.0
519 48260.0 7000.0
520 48070.0 26600.0
521 41610.0 26600.0
522 42750.0 4200.0
523 31350.0 7000.0
524 41610.0 12600.0
525 83410.0 4200.0
526 33630.0 12600.0
527 26410.0 12600.0
528 11970.0 9800.0
529 12730.0 4200.0
530 11970.0 12600.0
531 23370.0 7000.0
532 89490.0 9800.0
533 84550.0 12600.0
534 72770.0 7000.0
535 70490.0 12600.0
536 61750.0 18200.0
537 63650.0 7000.0
538 53770.0 9800.0
539 60610.0 12600.0
540 39330.0 18200.0
541 92150.0 15400.0
542 31350.0 29400.0
543 27170.0 23800.0
544 10830.0 29400.0
545 10450.0 23800.0
546 9690.0 18200.0
547 21470.0 26600.0
548 89110.0 21000.0
549 91010.0 23800.0
550 84550.0 35000.0
551 67830.0 29400.0
552 72390.0 23800.0
553 59470.0 35000.0
554 55670.0 26600.0
555 50350.0 32200.0
556 42370.0 29400.0
