Instance ID x_center y_center
0 66270.0 140.0
1 36030.0 140.0
2 59550.0 140.0
3 37150.0 140.0
4 33790.0 140.0
5 32670.0 140.0
6 53950.0 140.0
7 52830.0 140.0
8 55070.0 140.0
9 29310.0 140.0
10 28190.0 140.0
11 39390.0 140.0
12 60670.0 140.0
13 65150.0 140.0
14 40510.0 140.0
15 41630.0 140.0
16 23710.0 140.0
17 64030.0 140.0
18 21470.0 140.0
19 44990.0 140.0
20 20350.0 140.0
21 19230.0 140.0
22 56190.0 140.0
23 42750.0 140.0
24 38270.0 140.0
25 61790.0 140.0
26 18110.0 140.0
27 43870.0 140.0
28 30430.0 140.0
29 22590.0 140.0
30 31550.0 140.0
31 57310.0 140.0
32 46110.0 140.0
33 15870.0 140.0
34 16990.0 140.0
35 49470.0 140.0
36 34910.0 140.0
37 14750.0 140.0
38 13630.0 140.0
39 47230.0 140.0
40 10270.0 140.0
41 9150.0 140.0
42 24830.0 140.0
43 48350.0 140.0
44 58430.0 140.0
45 8030.0 140.0
46 12510.0 140.0
47 62910.0 140.0
48 51710.0 140.0
49 27070.0 140.0
50 11390.0 140.0
51 50590.0 140.0
52 6910.0 140.0
53 25950.0 140.0
54 20900.0 29400.0
55 27740.0 29400.0
56 29450.0 29400.0
57 42370.0 32200.0
58 25650.0 29400.0
59 16720.0 37800.0
60 7030.0 29400.0
61 12160.0 32200.0
62 9310.0 35000.0
63 10450.0 29400.0
64 55670.0 40600.0
65 51870.0 26600.0
66 60230.0 26600.0
67 67830.0 18200.0
68 54150.0 23800.0
69 40090.0 37800.0
70 46170.0 40600.0
71 63270.0 40600.0
72 64220.0 40600.0
73 44650.0 23800.0
74 24510.0 26600.0
76 27740.0 9800.0
77 19760.0 7000.0
81 23750.0 9800.0
82 22610.0 4200.0
84 21470.0 7000.0
85 20520.0 4200.0
88 19000.0 4200.0
89 17860.0 4200.0
90 22610.0 9800.0
91 23940.0 4200.0
92 21280.0 9800.0
93 57380.0 21000.0
95 57950.0 29400.0
96 55670.0 23800.0
97 55670.0 26600.0
98 52820.0 29400.0
99 56810.0 40600.0
100 56620.0 37800.0
101 54530.0 40600.0
102 54910.0 43400.0
103 52630.0 32200.0
104 50160.0 23800.0
105 51490.0 32200.0
106 56810.0 32200.0
107 53770.0 46200.0
108 55290.0 46200.0
109 53390.0 40600.0
110 53200.0 43400.0
111 51300.0 49000.0
112 50730.0 46200.0
113 36860.0 40600.0
114 36670.0 35000.0
115 38950.0 35000.0
116 41610.0 43400.0
117 44650.0 40600.0
118 47120.0 35000.0
119 48450.0 37800.0
120 44650.0 43400.0
121 38950.0 57400.0
122 59850.0 40600.0
123 57380.0 37800.0
124 61750.0 40600.0
125 59470.0 49000.0
126 62890.0 43400.0
127 60040.0 43400.0
128 64790.0 46200.0
129 61370.0 43400.0
130 49970.0 49000.0
131 43130.0 51800.0
132 42750.0 49000.0
133 39330.0 40600.0
134 37810.0 43400.0
135 36100.0 49000.0
136 57380.0 46200.0
137 61750.0 49000.0
138 62890.0 46200.0
139 44080.0 49000.0
140 39710.0 51800.0
141 40090.0 49000.0
142 8740.0 12600.0
143 8170.0 43400.0
144 9120.0 46200.0
145 11590.0 43400.0
146 9690.0 49000.0
147 15390.0 51800.0
148 9500.0 37800.0
149 10070.0 40600.0
150 11970.0 40600.0
151 7030.0 46200.0
152 19190.0 49000.0
153 12350.0 29400.0
154 12160.0 26600.0
155 7410.0 23800.0
156 10450.0 46200.0
157 13870.0 43400.0
158 17100.0 32200.0
159 16150.0 49000.0
160 18810.0 46200.0
161 19950.0 23800.0
162 21660.0 29400.0
163 19950.0 29400.0
164 20710.0 40600.0
165 25650.0 32200.0
166 26980.0 29400.0
167 27170.0 32200.0
168 25650.0 37800.0
169 24130.0 54600.0
170 31920.0 51800.0
171 28310.0 35000.0
172 28500.0 29400.0
173 33630.0 29400.0
174 31730.0 43400.0
175 34770.0 54600.0
176 43890.0 29400.0
177 44460.0 26600.0
178 41230.0 32200.0
179 39710.0 43400.0
180 37430.0 49000.0
181 31730.0 54600.0
182 30590.0 51800.0
183 31350.0 46200.0
184 34010.0 46200.0
185 33250.0 43400.0
186 34390.0 43400.0
187 28500.0 46200.0
188 27550.0 49000.0
189 22040.0 40600.0
190 26980.0 37800.0
191 20900.0 37800.0
192 23750.0 46200.0
193 24890.0 46200.0
194 12160.0 46200.0
195 17290.0 46200.0
196 19190.0 35000.0
197 14440.0 40600.0
198 15580.0 40600.0
199 16910.0 43400.0
200 24890.0 43400.0
201 27930.0 40600.0
202 39710.0 21000.0
203 26030.0 18200.0
204 37240.0 18200.0
205 58520.0 23800.0
206 34580.0 21000.0
207 57760.0 18200.0
208 26790.0 9800.0
210 60230.0 18200.0
211 28690.0 9800.0
213 53960.0 7000.0
214 55100.0 4200.0
215 55670.0 9800.0
216 31730.0 23800.0
217 30590.0 26600.0
218 24320.0 23800.0
219 47310.0 46200.0
220 52250.0 46200.0
221 46360.0 46200.0
222 51300.0 43400.0
223 48830.0 46200.0
224 33440.0 54600.0
225 26220.0 49000.0
226 26410.0 46200.0
227 29640.0 46200.0
228 25460.0 49000.0
229 26030.0 43400.0
230 25080.0 40600.0
231 28310.0 21000.0
232 22990.0 21000.0
233 24130.0 21000.0
234 27170.0 18200.0
235 31540.0 12600.0
236 33060.0 12600.0
237 28310.0 12600.0
238 20140.0 21000.0
239 55100.0 49000.0
240 59660.0 29400.0
241 56620.0 26600.0
242 58520.0 51800.0
243 53010.0 26600.0
244 54340.0 29400.0
245 55100.0 54600.0
246 56810.0 51800.0
247 54910.0 51800.0
248 57000.0 54600.0
249 47310.0 57400.0
250 49400.0 57400.0
251 52630.0 57400.0
252 54530.0 57400.0
253 45410.0 46200.0
254 44270.0 46200.0
255 44460.0 60200.0
256 58140.0 46200.0
257 60230.0 46200.0
258 50160.0 57400.0
259 44270.0 57400.0
260 37050.0 60200.0
261 27740.0 54600.0
262 29450.0 57400.0
263 29260.0 54600.0
264 34390.0 57400.0
265 35910.0 57400.0
266 31540.0 60200.0
267 29830.0 60200.0
268 28310.0 60200.0
269 22610.0 60200.0
270 29260.0 40600.0
271 23180.0 40600.0
272 36290.0 43400.0
273 40470.0 40600.0
274 27360.0 57400.0
275 19000.0 57400.0
276 21090.0 60200.0
277 22610.0 57400.0
278 24700.0 57400.0
279 24320.0 60200.0
280 23750.0 57400.0
281 15010.0 21000.0
282 16150.0 21000.0
283 16530.0 18200.0
284 18240.0 12600.0
285 19760.0 12600.0
286 19570.0 15400.0
287 10640.0 21000.0
288 34960.0 51800.0
289 33440.0 49000.0
290 29070.0 51800.0
291 28880.0 49000.0
292 26410.0 51800.0
293 32870.0 51800.0
294 34580.0 49000.0
295 34010.0 51800.0
296 25270.0 51800.0
297 21470.0 51800.0
298 20520.0 51800.0
299 23940.0 51800.0
300 22610.0 51800.0
301 13490.0 21000.0
302 9310.0 21000.0
303 11210.0 18200.0
304 9500.0 15400.0
305 9880.0 12600.0
306 10830.0 15400.0
307 12160.0 21000.0
308 21470.0 54600.0
309 26220.0 57400.0
310 31350.0 57400.0
311 45790.0 54600.0
312 43700.0 54600.0
313 56050.0 54600.0
314 59850.0 54600.0
315 47310.0 54600.0
316 42180.0 57400.0
317 40850.0 54600.0
318 6840.0 43400.0
319 10260.0 43400.0
320 11400.0 51800.0
321 20140.0 54600.0
322 16340.0 54600.0
323 16150.0 57400.0
324 14820.0 57400.0
325 14630.0 54600.0
326 10070.0 54600.0
327 13300.0 54600.0
328 11590.0 54600.0
329 10070.0 18200.0
330 5890.0 21000.0
331 13490.0 18200.0
332 9880.0 9800.0
333 11400.0 9800.0
334 7790.0 12600.0
335 12540.0 23800.0
336 22420.0 49000.0
337 24510.0 49000.0
338 27550.0 46200.0
339 13300.0 46200.0
340 22800.0 43400.0
341 22610.0 46200.0
342 20330.0 46200.0
343 17100.0 49000.0
344 18050.0 49000.0
345 21470.0 46200.0
346 15960.0 46200.0
347 14820.0 43400.0
348 14440.0 46200.0
349 12730.0 43400.0
350 8170.0 21000.0
351 7030.0 21000.0
352 12350.0 18200.0
353 9880.0 7000.0
354 9120.0 4200.0
355 7410.0 4200.0
356 18620.0 21000.0
357 12350.0 51800.0
358 17860.0 54600.0
359 20140.0 57400.0
360 21470.0 57400.0
361 18050.0 57400.0
362 11780.0 49000.0
363 14060.0 51800.0
364 19190.0 54600.0
365 17100.0 51800.0
366 18050.0 43400.0
367 17670.0 37800.0
368 17100.0 40600.0
369 18810.0 40600.0
370 17290.0 21000.0
371 21470.0 21000.0
372 21090.0 18200.0
373 41800.0 7000.0
374 39520.0 4200.0
375 32870.0 4200.0
376 56240.0 29400.0
377 57380.0 26600.0
378 56240.0 18200.0
379 59280.0 21000.0
380 59090.0 18200.0
381 54340.0 9800.0
382 53580.0 4200.0
383 56430.0 4200.0
384 54720.0 32200.0
385 53960.0 18200.0
386 52820.0 21000.0
387 49210.0 18200.0
388 49020.0 4200.0
389 45220.0 7000.0
390 48070.0 9800.0
391 53200.0 49000.0
392 51300.0 18200.0
393 54340.0 21000.0
394 52630.0 18200.0
395 50920.0 9800.0
396 46740.0 12600.0
397 49590.0 15400.0
398 47880.0 49000.0
399 49780.0 21000.0
400 51300.0 21000.0
401 54530.0 12600.0
402 63080.0 9800.0
403 64980.0 7000.0
404 65930.0 12600.0
405 60990.0 54600.0
406 58520.0 57400.0
407 58520.0 54600.0
408 62130.0 54600.0
409 60800.0 21000.0
410 57000.0 23800.0
411 55670.0 15400.0
412 59280.0 12600.0
413 57380.0 12600.0
414 60610.0 12600.0
415 47500.0 43400.0
416 48260.0 21000.0
417 46740.0 21000.0
418 46170.0 18200.0
419 43700.0 18200.0
420 42940.0 12600.0
421 44270.0 12600.0
422 38570.0 54600.0
423 37240.0 54600.0
424 33250.0 57400.0
425 42180.0 21000.0
426 38380.0 18200.0
427 39710.0 12600.0
428 36860.0 12600.0
429 38380.0 12600.0
430 36290.0 18200.0
431 40850.0 46200.0
432 39520.0 46200.0
433 41990.0 46200.0
434 43700.0 21000.0
435 45220.0 21000.0
436 45030.0 18200.0
437 64600.0 12600.0
438 64220.0 18200.0
439 65550.0 18200.0
440 28500.0 23800.0
441 53390.0 51800.0
442 54150.0 54600.0
443 51680.0 54600.0
444 45220.0 60200.0
445 52250.0 51800.0
446 53010.0 54600.0
447 49970.0 54600.0
448 48640.0 54600.0
449 47120.0 51800.0
450 28310.0 18200.0
451 25270.0 21000.0
452 29450.0 12600.0
453 26980.0 12600.0
454 23560.0 12600.0
455 23750.0 18200.0
456 35910.0 23800.0
458 62510.0 7000.0
459 60610.0 23800.0
461 64790.0 23800.0
462 44650.0 4200.0
463 26220.0 26600.0
464 23750.0 29400.0
465 23370.0 32200.0
466 35530.0 4200.0
467 21280.0 23800.0
468 22610.0 26600.0
469 20330.0 26600.0
470 31730.0 4200.0
471 42750.0 9800.0
472 12540.0 37800.0
473 10830.0 37800.0
474 7790.0 37800.0
476 30590.0 4200.0
477 11400.0 12600.0
478 8550.0 29400.0
479 10450.0 32200.0
480 43510.0 4200.0
481 11020.0 23800.0
482 8930.0 23800.0
483 10450.0 26600.0
484 39710.0 7000.0
485 15390.0 29400.0
486 14630.0 32200.0
487 61370.0 4200.0
488 62510.0 23800.0
489 62130.0 26600.0
490 45790.0 4200.0
491 45980.0 26600.0
492 50350.0 26600.0
493 48070.0 26600.0
494 42370.0 4200.0
495 50160.0 35000.0
496 54530.0 35000.0
497 52250.0 35000.0
498 46930.0 4200.0
499 58520.0 37800.0
500 60230.0 37800.0
501 64030.0 35000.0
502 51110.0 4200.0
503 59660.0 35000.0
504 61370.0 35000.0
505 62510.0 37800.0
506 41230.0 4200.0
507 41420.0 35000.0
508 45790.0 35000.0
509 43510.0 35000.0
510 34010.0 4200.0
511 32300.0 35000.0
512 34010.0 35000.0
513 38190.0 37800.0
514 57570.0 4200.0
515 42180.0 26600.0
516 43510.0 26600.0
517 39710.0 26600.0
518 43890.0 9800.0
519 32680.0 9800.0
520 35150.0 29400.0
521 31350.0 29400.0
522 13870.0 4200.0
523 15770.0 7000.0
524 25650.0 7000.0
525 57950.0 7000.0
526 29830.0 15400.0
527 15770.0 15400.0
528 5890.0 18200.0
529 5890.0 9800.0
530 5890.0 7000.0
531 34390.0 7000.0
532 66310.0 4200.0
533 49210.0 7000.0
534 50730.0 12600.0
535 67070.0 9800.0
536 59470.0 15400.0
537 43510.0 15400.0
538 37050.0 15400.0
539 66690.0 15400.0
540 23370.0 15400.0
541 66690.0 21000.0
542 22990.0 35000.0
543 15770.0 26600.0
544 5890.0 40600.0
545 5890.0 32200.0
546 5890.0 26600.0
547 15390.0 35000.0
548 66690.0 26600.0
549 48070.0 29400.0
550 53010.0 37800.0
551 67070.0 43400.0
552 67070.0 37800.0
553 44270.0 37800.0
554 33630.0 37800.0
555 39710.0 29400.0
556 32110.0 32200.0
